1000
3
0
0.01
0.01
0.01
0.01
0.01
0.01
0.01
0.01
0.01
0.01
0.01
0.01
0.01
0.01
0.01
0.01
0.01
0.01
0.01
0.01
0.01
0.01
0.01
0.01
0.01
0.01
0.01
0.01
0.01
0.01
0.01
0.01
0.01
0.01
0.01
0.01
0.01
0.01
0.01
0.01
0.01
0.01
0.01
0.01
0.01
0.01
0.01
0.01
0.01
0.01
0.01
0.01
0.01
0.01
0.01
0.01
0.01
0.01
0.01
0.01
0.01
0.01
0.01
0.01
0.01
0.01
0.01
0.01
0.01
0.01
0.01
0.01
0.01
0.01
0.01
0.01
0.01
0.01
0.01
0.01
0.01
0.01
0.01
0.01
0.01
0.01
0.01
0.01
0.01
0.01
0.01
0.01
0.01
0.01
0.01
0.01
0.01
0.01
0.01
0.01
0.01
0.01
0.01
0.01
0.01
0.01
0.01
0.01
0.01
0.01
0.01
0.01
0.01
0.01
0.01
0.01
0.01
0.01
0.01
0.01
0.01
0.01
0.01
0.01
0.01
0.01
0.01
0.01
0.01
0.01
0.01
0.01
0.01
0.01
0.01
0.01
0.01
0.01
0.01
0.01
0.01
0.01
0.01
0.01
0.01
0.01
0.01
0.01
0.01
0.01
0.01
0.01
0.01
0.01
0.01
0.01
0.01
0.01
0.01
0.01
0.01
0.01
0.01
0.01
0.01
0.01
0.01
0.01
0.01
0.01
0.01
0.01
0.01
0.01
0.01
0.01
0.01
0.01
0.01
0.01
0.01
0.01
0.01
0.01
0.01
0.01
0.01
0.01
0.01
0.01
0.01
0.01
0.01
0.01
0.01
0.01
0.01
0.01
0.01
0.01
0.01
0.01
0.01
0.01
0.01
0.01
0.01
0.01
0.01
0.01
0.01
0.01
0.01
0.01
0.01
0.01
0.01
0.01
0.01
0.01
0.01
0.01
0.01
0.01
0.01
0.01
0.01
0.01
0.01
0.01
0.01
0.01
0.01
0.01
0.01
0.01
0.01
0.01
0.01
0.01
0.01
0.01
0.01
0.01
0.01
0.01
0.01
0.01
0.01
0.01
0.01
0.01
0.01
0.01
0.01
0.01
0.01
0.01
0.01
0.01
0.01
0.01
0.01
0.01
0.01
0.01
0.01
0.01
0.01
0.01
0.01
0.01
0.01
0.01
0.01
0.01
0.01
0.01
0.01
0.01
0.01
0.01
0.01
0.01
0.01
0.01
0.01
0.01
0.01
0.01
0.01
0.01
0.01
0.01
0.01
0.01
0.01
0.01
0.01
0.01
0.01
0.01
0.01
0.01
0.01
0.01
0.01
0.01
0.01
0.01
0.01
0.01
0.01
0.01
0.01
0.01
0.01
0.01
0.01
0.01
0.01
0.01
0.01
0.01
0.01
0.01
0.01
0.01
0.01
0.01
0.01
0.01
0.01
0.01
0.01
0.01
0.01
0.01
0.01
0.01
0.01
0.01
0.01
0.01
0.01
0.01
0.01
0.01
0.01
0.01
0.01
0.01
0.01
0.01
0.01
0.01
0.01
0.01
0.01
0.01
0.01
0.01
0.01
0.01
0.01
0.01
0.01
0.01
0.01
0.01
0.01
0.01
0.01
0.01
0.01
0.01
0.01
0.01
0.01
0.01
0.01
0.01
0.01
0.01
0.01
0.01
0.01
0.01
0.01
0.01
0.01
0.01
0.01
0.01
0.01
0.01
0.01
0.01
0.01
0.01
0.01
0.01
0.01
0.01
0.01
0.01
0.01
0.01
0.01
0.01
0.01
0.01
0.01
0.01
0.01
0.01
0.01
0.01
0.01
0.01
0.01
0.01
0.01
0.01
0.01
0.01
0.01
0.01
0.01
0.01
0.01
0.01
0.01
0.01
0.01
0.01
0.01
0.01
0.01
0.01
0.01
0.01
0.01
0.01
0.01
0.01
0.01
0.01
0.01
0.01
0.01
0.01
0.01
0.01
0.01
0.01
0.01
0.01
0.01
0.01
0.01
0.01
0.01
0.01
0.01
0.01
0.01
0.01
0.01
0.01
0.01
0.01
0.01
0.01
0.01
0.01
0.01
0.01
0.01
0.01
0.01
0.01
0.01
0.01
0.01
0.01
0.01
0.01
0.01
0.01
0.01
0.01
0.01
0.01
0.01
0.01
0.01
0.01
0.01
0.01
0.01
0.01
0.01
0.01
0.01
0.01
0.01
0.01
0.01
0.01
0.01
0.01
0.01
0.01
0.01
0.01
0.01
0.01
0.01
0.01
0.01
0.01
0.01
0.01
0.01
0.01
0.01
0.01
0.01
0.01
0.01
0.01
0.01
0.01
0.01
0.01
0.01
0.01
0.01
0.01
0.01
0.01
0.01
0.01
0.01
0.01
0.01
0.01
0.01
0.01
0.01
0.01
0.01
0.01
0.01
0.01
0.01
0.01
0.01
0.01
0.01
0.01
0.01
0.01
0.01
0.01
0.01
0.01
0.01
0.01
0.01
0.01
0.01
0.01
0.01
0.01
0.01
0.01
0.01
0.01
0.01
0.01
0.01
0.01
0.01
0.01
0.01
0.01
0.01
0.01
0.01
0.01
0.01
0.01
0.01
0.01
0.01
0.01
0.01
0.01
0.01
0.01
0.01
0.01
0.01
0.01
0.01
0.01
0.01
0.01
0.01
0.01
0.01
0.01
0.01
0.01
0.01
0.01
0.01
0.01
0.01
0.01
0.01
0.01
0.01
0.01
0.01
0.01
0.01
0.01
0.01
0.01
0.01
0.01
0.01
0.01
0.01
0.01
0.01
0.01
0.01
0.01
0.01
0.01
0.01
0.01
0.01
0.01
0.01
0.01
0.01
0.01
0.01
0.01
0.01
0.01
0.01
0.01
0.01
0.01
0.01
0.01
0.01
0.01
0.01
0.01
0.01
0.01
0.01
0.01
0.01
0.01
0.01
0.01
0.01
0.01
0.01
0.01
0.01
0.01
0.01
0.01
0.01
0.01
0.01
0.01
0.01
0.01
0.01
0.01
0.01
0.01
0.01
0.01
0.01
0.01
0.01
0.01
0.01
0.01
0.01
0.01
0.01
0.01
0.01
0.01
0.01
0.01
0.01
0.01
0.01
0.01
0.01
0.01
0.01
0.01
0.01
0.01
0.01
0.01
0.01
0.01
0.01
0.01
0.01
0.01
0.01
0.01
0.01
0.01
0.01
0.01
0.01
0.01
0.01
0.01
0.01
0.01
0.01
0.01
0.01
0.01
0.01
0.01
0.01
0.01
0.01
0.01
0.01
0.01
0.01
0.01
0.01
0.01
0.01
0.01
0.01
0.01
0.01
0.01
0.01
0.01
0.01
0.01
0.01
0.01
0.01
0.01
0.01
0.01
0.01
0.01
0.01
0.01
0.01
0.01
0.01
0.01
0.01
0.01
0.01
0.01
0.01
0.01
0.01
0.01
0.01
0.01
0.01
0.01
0.01
0.01
0.01
0.01
0.01
0.01
0.01
0.01
0.01
0.01
0.01
0.01
0.01
0.01
0.01
0.01
0.01
0.01
0.01
0.01
0.01
0.01
0.01
0.01
0.01
0.01
0.01
0.01
0.01
0.01
0.01
0.01
0.01
0.01
0.01
0.01
0.01
0.01
0.01
0.01
0.01
0.01
0.01
0.01
0.01
0.01
0.01
0.01
0.01
0.01
0.01
0.01
0.01
0.01
0.01
0.01
0.01
0.01
0.01
0.01
0.01
0.01
0.01
0.01
0.01
0.01
0.01
0.01
0.01
0.01
0.01
0.01
0.01
0.01
0.01
0.01
0.01
0.01
0.01
0.01
0.01
0.01
0.01
0.01
0.01
0.01
0.01
0.01
0.01
0.01
0.01
0.01
0.01
0.01
0.01
0.01
0.01
0.01
0.01
0.01
0.01
0.01
0.01
0.01
0.01
0.01
0.01
0.01
0.01
0.01
0.01
0.01
0.01
0.01
0.01
0.01
0.01
0.01
0.01
0.01
0.01
0.01
0.01
0.01
0.01
0.01
0.01
0.01
0.01
0.01
0.01
0.01
0.01
0.01
0.01
0.01
0.01
0.01
0.01
0.01
0.01
0.01
0.01
0.01
0.01
0.01
0.01
0.01
0.01
0.01
0.01
0.01
0.01
0.01
0.01
0.01
0.01
0.01
0.01
0.01
0.01
0.01
0.01
0.01
0.01
0.01
0.01
0.01
0.01
0.01
0.01
0.01
0.01
0.01
0.01
0.01
0.01
0.01
0.01
0.01
0.01
0.01
0.01
0.01
0.01
0.01
0.01
0.01
0.01
0.01
0.01
0.01
0.01
0.01
0.01
0.01
0.01
0.01
0.01
0.01
0.01
0.01
0.01
0.01
0.01
0.01
0.01
0.01
0.01
0.01
-0.023875222460532336 0.29618363104436624 -0.4097179274174076
-0.9151287739927189 -0.27230081323965466 -0.29647073141054214
-0.5138217730585823 -0.4753914614680363 0.09148788027958951
-0.12445395268369475 0.1095963869757279 -0.9535814288523694
-0.3379198828951399 -0.4715566842446814 0.46522488192378614
0.6559702399963553 -0.05309396001681709 0.46317990625384453
-0.7298642424619058 -0.367594330098516 0.169789219512161
0.15253024134870877 0.6714824669679447 0.6750677273048427
-0.4523354468639501 0.43289775064666025 0.32236228514516574
0.2553174933767714 0.8095194192119954 -0.2242591703385504
0.5233095181556293 0.5280189131784276 0.6267169267506568
-0.347539497737539 0.23664909095591763 -0.8483397237593508
0.1519035009130633 -0.7702029128032084 0.22641253536359168
-0.42667185387247614 0.504236470512944 0.05019531082779223
0.4164930981007612 0.39657422068137566 -0.1835513238128351
-0.6775991653684673 0.4681964853303939 0.10717556514530034
0.17496556725574194 -0.32540399469776193 -0.3796712530259095
-0.7313783303199431 -0.05598538059868822 -0.09255621205299351
-0.3649442527841353 0.08508248427672228 0.6845824010351328
0.6807649789839305 0.22821015304201533 0.25755248084935944
-0.20151798673594887 0.16131127856473684 -0.5579845499775864
-0.5082590998264269 -0.605578611947503 -0.24576009751411398
0.4483790007671238 -0.7032097937687105 -0.4490488987837535
0.2452492706419351 -0.18791385372824781 -0.5845417670350816
-0.5758430027898962 -0.10519066008578427 -0.5690718188424505
-0.010685981492284741 -0.15721820811392165 -0.37952951375233246
0.2060633909261152 0.5061799895436591 0.0646518829992795
0.016877577421716177 0.8972192523863008 -0.38394843544166174
-0.36428618913529287 0.5727236785748279 -0.349335849889883
-0.5724686630444045 -0.12448104088141893 0.2190007709392936
-0.8333140964808873 0.23976378264975193 -0.12699777335084428
0.38152821052492714 0.23494690768557766 0.1846457402659005
0.03475671808522479 0.4199116241820458 -0.3805404069337149
0.20619476441017154 0.40114208730734635 0.3202411018013363
0.05457482414134735 0.2788362659359731 -0.9141714454237183
0.340418714546996 0.19644676954676477 -0.7003329335155115
-0.6560971541152987 0.28111742380395127 -0.5834902905362606
-0.1218270506265682 -0.8693655786899733 -0.46586943013583065
0.4519527903989204 -0.14547590669704646 0.7704116921133243
-0.06595305580358225 0.3304874848328894 -0.5389194176406734
-0.44001892067516096 -0.7008769539220936 -0.05247429580446137
-0.6172060805826014 0.17851325318868125 -0.07688916485582925
0.3003472307819294 0.6814315646900415 -0.41181789897496557
-0.015776381942253122 0.5890128689442722 -0.47250711081634417
-0.40351963319706685 0.19245834488895322 -0.2687879136010398
-0.31803276456394786 -0.40967296629940547 -0.12340770762077721
0.2197380843838177 0.5685949216206125 0.19080547561737368
0.1789984594614428 -0.7137028629745902 -0.35701618976283955
-0.1135022001822694 -0.6419883669021179 0.026089162773927588
-0.022898801924828315 -0.602196187729303 0.6125861343732562
0.36681350934756995 -0.4979894714893135 -0.26129707045597056
0.2678986664689946 -0.11838178056732224 0.08985160296375672
-0.11939954821046014 -0.072931066704393 -0.17004438241625586
-0.08702315365794784 0.45972845798265893 0.8595279042959182
-0.6621356999360405 -0.2148673370060377 0.6314261527782611
-0.48672202400825293 -0.5669509718280152 -0.44101865571857085
0.337619751238456 0.25863800090465133 0.39471630881255304
-0.4878096893648879 0.019437170534230348 -0.6013852269913836
0.6890412632985482 -0.14054852262935047 -0.43954358703386825
-0.6870710700922081 -0.07565755083348547 0.4159864400267149
0.3780731616382272 -0.16181827526509468 -0.08986104201106823
-0.22761608538566463 0.7174545995648665 0.12249183697473986
0.23130754085953978 0.17630015741657037 -0.42935173073159766
-0.537588988498226 0.07111980331729342 0.2851769458441253
0.7641662978109802 -0.4952398509829609 -0.18720789401810997
-0.054105940379247874 0.03670500462632465 -0.5164137169349506
-0.5080923570594309 0.30554377028851776 -0.600654145604409
-0.20464545848363294 -0.5511527742151373 0.5084017660175122
-0.3126632992157432 -0.5232466054970758 0.5532068959320371
0.44062901236382684 0.1884000401317852 -0.3339134923531806
-0.10870493913224948 -0.8051356210021181 0.5756786860857569
0.4496602132185172 0.7950604523668874 0.010527826983084576
-0.6669542408228221 -0.004860056874858859 0.4482625700169862
0.23835007086476265 0.5423953829492074 -0.7009477838645578
0.03207479227704811 -0.8426009982402479 0.06169168493814334
0.4720104083029086 -0.6754580144753455 -0.33968970302795315
0.31510106230622675 -0.5863395980359868 0.36657557472990043
-0.5850570702630372 -0.42220711838044017 0.061140041030017835
0.8283981878546169 0.19104896329090176 0.10008838359927921
-0.0041275052942724025 0.9369728464471586 0.33811675032764166
-0.1786610982756999 0.7481587898520133 0.4897000528230814
0.24348896950203122 -0.04073659648340685 -0.7717025754722002
0.19771795589180632 0.8214382402752823 0.5273607468080561
0.602100807592996 -0.2547445523166953 -0.4638453251545697
0.2033532804110058 0.3865457102090113 -0.38403218343687284
0.04961394106492217 0.8220534515525098 0.27563499603284036
0.21203344809151692 0.7941037823522119 -0.2651890919207724
0.7177074797408391 -0.40966469986777504 0.1753935165445551
0.17291800620707048 -0.08671826551955185 0.2073739455000521
0.5668374177331619 -0.09287368603765883 0.23409601054832
0.19799311166891795 0.2607399470384285 -0.5613100271037581
0.43787307752908794 -0.2124944986517309 -0.677368895209548
-0.45836885169222513 0.6275531002817908 0.56204268176757
-0.21325253758182777 -0.2695238161428734 0.5532506681497259
0.11878560516239571 -0.2796741992793629 0.01866268739804807
-0.082485261310597 0.3816376966088658 0.7967806835515032
0.5139564216198355 -0.7240341655903683 0.2256077428972543
-0.29076167296552485 -0.4020936799777627 -0.7070836385334811
0.3818053275409423 0.4652903162934894 -0.3276013636242996
-0.5987970246102268 0.022033486152153017 0.48989020338047073
0.4986541804316894 -0.35630063501176173 -0.20359626863939193
-0.09950790836440045 0.5153597280428084 0.6513402035291852
-0.2879458467479786 0.47386180852257365 0.6081195781094847
0.940011683201368 0.2687586675063506 0.033193092330974824
-0.4487775697546324 0.8835014456936054 -0.030528178444986794
0.22657786184265297 0.7067939568923682 -0.6339883932287317
0.45468404111184235 0.36899844980361296 0.6604955963584298
0.1067883620776025 0.30769130477729895 -0.6704667870635495
0.3058649902050216 -0.4022361164712041 -0.09750353607015035
-0.6279816992806261 -0.10903525644930984 0.10840542276338413
0.19835667499488466 0.8475513340150708 0.018014156151810252
0.14260489788555353 -0.9018408451794488 -0.3593147382725994
-0.6255138611433095 -0.528452458245988 -0.4871191002885447
0.4671039022762648 0.7319961839569512 0.3879698153457932
0.20896100890135086 -0.7448629631684653 -0.5603032149176366
-0.019028402161817472 -0.5809384756579915 0.3326232837135048
-0.9393469296345464 0.22663492760010595 0.2274835753144319
-0.42003685317616485 0.3938311352865615 0.6151802148001586
-0.690186839879598 0.03276459798998994 0.5198025473419391
0.4070356148813597 0.8599621937395137 -0.2111735327362095
0.5981318570978452 0.6508256056908746 -0.13053896185010186
0.25325176754919015 0.2282325892356265 0.6570649781722568
0.020100012227862358 0.32767424825696273 0.324216755906877
-0.39326215998323943 0.6896420207066822 -0.5641160243375066
-0.311547813973299 0.5315910946964043 0.48078861747028484
-0.30616050436978726 0.3512528701765628 0.42629137587961047
-0.3564770656636956 -0.30476180499479893 0.5891345228814425
0.5335709600057758 0.12277803896769185 0.8255191662595933
-0.3842929293036448 0.01102635748072397 -0.15798523609381968
-0.5046064467698836 -0.39921541090802715 -0.07231094668623603
0.6623278609680733 -0.2799066177377881 0.45041411867471415
-0.5126868566397655 0.48600249122170736 -0.42704926691629946
-0.19421109218574178 0.33639334507632773 0.6080122373545791
0.4664046811843599 -0.6234103070966267 0.5736250389004577
-0.12939527290298922 0.4427362515692719 0.1478682651282335
-0.11747811468526174 -0.3096425835685388 0.14585591845383172
-0.4643154122186393 -0.16413220568283304 0.2939652031059639
0.5162947926352869 0.27928463732072134 0.5967107150209185
0.8341703645436545 0.03288937310699093 -0.4214256558657133
-0.9097297814961252 0.0213306475136325 0.1695562708961776
0.3927699495668109 -0.11725752547937573 -0.6644359974555833
0.05331634270082137 -0.6343408681397487 -0.7350534110245793
0.026616196608253106 -0.177493886622201 0.4364283588429458
-0.04781341742376086 0.8021266820116499 0.40390181013755894
0.5804799146631529 0.0699137964543531 -0.31487274588240766
-0.45119449618590934 0.051842034990961974 0.07891462491919736
-0.2436338429947181 0.4971226159987412 0.2530036740809984
-0.09989706350736155 -0.17298148766256713 -0.767755644482784
-0.20246382498442023 0.5152626728371481 -0.7054866049499691
-0.5874780098732275 0.023291753432856242 -0.2558202885093243
-0.5765868851146092 -0.06570475488833931 0.056619250815080874
0.08127334827000299 0.1632162800152801 0.8036193038162964
0.02128820927627793 -0.20897186745766613 0.19668821032663902
-0.2619266916753036 -0.009062445025058784 0.759235485916405
0.1375229167639768 -0.0471031488088157 0.597209616269245
0.3188865532021951 -0.11250569238221508 -0.7534571865676424
0.8444542051790759 -0.15157404818195097 -0.16901013190981876
0.5535554035897472 -0.40781000523221705 -0.5504383890888677
0.44502270577011005 -0.04232700835760214 -0.04267540272326063
-0.06270852155949573 -0.06393689591831975 -0.05128445803066872
-0.16843681318937878 -0.538123141370803 0.4890572535675052
0.6284947234636142 -0.2686529794050474 -0.6325977403461072
-0.10477835200900176 0.156541891310339 0.25623089235464325
0.7040557960944556 0.35194951978524447 -0.45857983620779486
-0.16818933737447464 -0.6684588308152064 0.5957044027677376
0.004461322348309918 -0.4667116051028555 0.5804978325609096
-0.1646720821250207 -0.0665400618017947 0.13298889193339375
-0.5630297334558395 0.1418090757836529 -0.306385379426899
0.17428701867361218 0.3503788654167016 -0.6107183627701073
-0.3231762976173346 -0.3945793146198041 -0.5284103997726605
-0.1626624370921503 0.07597077957140748 0.05152535029978474
0.4176528152566116 -0.5351288589603055 0.5131265124494073
-0.7366479783354954 -0.30526036583545124 -0.40874943056075175
0.16678888241428907 -0.6073956617296343 0.4189789205571741
-0.35886728056366934 0.1470012546879399 -0.03249527051745492
-0.042726825184379175 0.23090176846058383 0.8734563889957616
0.5430005349126764 0.5916189123168749 0.316289217578468
-0.9268489367413373 0.014986729788410121 -0.16380435960012873
0.8439179589595641 0.19542816060957932 0.4660926066158692
0.5650930428511529 -0.2674604065404544 0.7081176090112873
-0.023290969158815854 -0.5288561435444619 -0.26762364751152773
-0.02238469629673957 -0.23601648662319089 -0.38618580847744083
0.3185244897826695 -0.3680820741137018 0.7051650962543347
-0.33232171863070475 0.37886461095624585 -0.22938206504648143
-0.31556057752502564 -0.3208795460552037 -0.5003329559524426
-0.7864553560935341 0.15493770007655752 -0.5431474149526605
-0.7468352178133792 -0.14608355597724265 -0.31615092850573623
0.8487805382368884 0.12949283823383115 0.3370466476647242
-0.15803619111182815 0.8143321552561819 0.14807204586702602
0.514811833990584 -0.39105924615993626 0.4501880792123364
0.9433354473427091 0.04318243509421148 -0.27359236813004917
-0.8325268941974955 0.12547782338133348 -0.08502830258007792
0.2675269322912625 0.9377376578960198 -0.21750116581291493
0.04638041819569764 0.07524294528194418 -0.05948836730237661
-0.07933534500341098 0.39591351202693525 -0.019254879754773378
-0.48768331080696486 -0.40334939595696484 -0.6857128596361944
0.3300146168094953 -0.29919870348117017 -0.05165467934345234
-0.1719616582101578 0.8248342890764662 0.5139873547680772
-0.04576204217976039 -0.45040666829089204 -0.8330265470816576
0.6471300300792003 0.31204226765940934 -0.37753147585632635
0.8565118409070166 -0.09204910908822965 0.47528513089343194
-0.009575272672806567 -0.18438898773936066 -0.19530159558646423
-0.32645646420168384 -0.4035735198590897 0.7640559023964033
0.795698510350974 0.1745395434020701 0.2778144889733609
0.3151453964932404 -0.18075158528420296 -0.2073312279579967
-0.04787956273906961 -0.833872834697454 -0.32341471660244087
-0.012617660533150759 -0.0007104583192882083 -0.43693518730352976
-0.06802958746393487 -0.6150621213768181 -0.2521475911047561
0.19980004917123192 0.15871959930669452 0.779559140873072
0.02953600970537003 -0.09001034545395668 -0.10766219853944503
0.41697041882773456 -0.2869126937543359 0.6861225509944511
-0.16018695899983895 -0.06062182103345332 -0.0418751400111766
0.022043574084108297 0.8729333524604219 0.17384752316213317
-0.5087093794413886 -0.0017323014975890506 -0.3299887236654159
0.0656396099860028 0.0759426962005762 -0.12385366317747488
0.36600185876422137 0.27029867715734557 -0.06367294029480854
0.12300871171704145 0.8132469879883495 0.5085168513174847
0.18003009755445193 -0.42635764562844863 0.6442507843430733
0.8822019144045381 0.19864199475364827 0.1561946560109968
-0.17309370165880492 -0.8839840436186228 -0.3327347035956593
-0.24418078933437304 -0.05296033522020418 -0.41968493184235084
-0.4051025798433139 0.548736893149214 -0.05981183331303723
0.4419351818497885 -0.09982112534769401 -0.7239724049305281
0.18107255997068059 -0.596431233012933 0.052453473559459125
0.18703294594016728 0.08602825421326903 -0.7526301265238325
0.3051993223300714 -0.05290854644377491 -0.1348086802939675
0.70299049130156 -0.04417036024838188 0.3307869280167081
-0.7343358464074633 0.010293461057222494 0.522755058400066
0.18254361009576126 -0.3228650180933787 0.01725944731970623
-0.12939149588036225 0.9317327945082858 0.21573749226224156
-0.5920472009754333 -0.0065928428912349415 0.05791135285894052
0.5500494462627893 -0.43592198452428144 -0.5395922240435502
-0.8399385173095475 0.1805120905028201 -0.11458402565729912
-0.24258381854861372 -0.6223978367196074 -0.5967446004236314
0.21062799485041142 0.6270934295943166 -0.5664193348177714
-0.2341970420507839 0.4710575509309642 -0.40915106300793924
0.37640676046144517 0.5122029474367984 0.1630679130290918
-0.0741124822741137 -0.3903563445435007 -0.010691812805869621
-0.399208542728123 -0.529335380193975 0.6027514516966971
-0.5425256376620646 0.18509813181149504 -0.10500933609656055
-0.7442545675451949 -0.0045753322402602836 -0.41853220509836053
0.2036334299824888 0.43456816977129475 -0.8177998052505892
0.2855437013988758 0.37197308770544246 -0.7138199385093813
-0.019166474571720205 0.2688067020415005 0.8237921803695588
-0.7861418809431624 0.5724555295552861 0.09500567846826467
0.2349416543925318 0.7076559995508446 0.3501486959466195
-0.1077208666618357 0.631534950868457 -0.3059083080167406
0.9707220410748236 0.15399672773482492 -0.03518251652675389
0.22090576877117163 0.56961659102098 -0.6717019660431187
0.5807494142973089 -0.14300498290221922 -0.6614552611337426
0.03146489899157605 -0.24051456417424 -0.3151996536416051
-0.5510544652580445 -0.7923589532695661 0.008889972239026657
-0.15124602185976793 -0.5180302151537691 -0.6630027495848398
0.16044857099537535 0.6258755202572189 -0.029485502726169698
0.31928715709611577 0.2730182751209491 0.03188108751431699
0.539212634365873 0.5404348767423715 0.5631665098270979
-0.21531952087214226 0.6578070949200535 -0.10791820859950928
-0.5093296216455081 0.034165925039488655 0.8207960099703291
-0.42031216276203953 -0.17760947979284983 0.7114637598578755
-0.7783939161759583 0.5971423086098976 -0.11603167600135036
-0.266544984892049 -0.24122903280319097 -0.29921623228591043
0.08784683216606079 0.1299111302955138 0.5301486741164684
-0.0377478436445238 -0.7517093750908693 -0.1186503113091471
-0.30293004657615535 -0.6802818167695088 -0.20989994063031306
-0.3692959329658782 0.19398380198972429 0.6156249405256992
-0.4284308774204382 0.34094188402504294 -0.7256195677251508
-0.07814538460879593 0.5605931454446241 -0.003224094695766525
0.8419136055022699 -0.39394134095410055 -0.19300717750219046
-0.07145046988942536 0.38024443679399084 -0.2635056295408226
0.5078972470689317 0.6991687924476995 -0.2478877038593729
0.5304292118870635 -0.3742082773625825 0.22292107637770223
-0.5724647652597847 -0.6704813614861245 0.2949411255892893
-0.5523015605977092 -0.16766379119312103 0.5624527553412021
0.3720077799274547 0.4761083107048342 -0.057003819654332405
-0.540792215137774 -0.4812183332129395 -0.25005036449288387
0.888081148594094 -0.022064022697569553 0.1423039345542353
0.12300738095409454 -0.6859478129340062 0.22611031676233245
0.1401045766747786 0.3797681421276424 -0.9028388574654869
0.8376464518515182 -0.4509846051621072 -0.25277900695930994
0.05795933356920376 0.9044604020528713 -0.19144530409622174
0.45103785186325196 -0.36477943203261143 -0.1347957067168997
-0.1547949170579881 -0.08343532348836492 -0.04333294168184523
-0.7639098000941125 -0.3989717228897778 -0.045713078143362125
0.0600432537980533 0.619545433154083 0.7191083860679248
0.05245166408495346 0.5701363994795375 -0.8144122897220157
0.7053870454404328 0.5197538821358892 -0.011787616730870452
0.13796140722433767 0.6206383049764621 -0.15174302294089176
0.7948063679217776 -0.03481889193015598 0.49523384852172325
0.4270606213354185 -0.6051960771879674 0.2980111265091171
0.6376191736410898 0.46103501500921856 -0.09274692680418843
-0.8547409252665706 -0.14895285030282662 0.13693595496790137
0.8183517093476139 0.18479998491713667 0.20775617350532963
-0.352033277717411 0.5517969279150023 -0.6718497261126093
-0.11186073202367985 -0.6059984731163053 -0.39997953819272675
0.37767366861072993 0.6405108397932046 -0.4403887885242016
0.4599466937512556 0.2850295751374661 0.6108202081961533
-0.4504228354370939 -0.3104746073047292 0.40957989273751366
0.3889081641581618 0.14270737780958243 -0.7618578232412919
0.09962770746599357 -0.08111125544623546 0.5460668728088521
0.7259327579631071 -0.0482184730928935 0.22214883750283893
0.7741654264185451 -0.5557590626026199 0.001495653927613738
0.42809662743586085 -0.4650666231734131 -0.07891921316694524
0.6088496226370503 0.7547199912227543 0.18168074837540904
0.37741727410829745 -0.32306141129682525 0.31258709766612025
-0.11340765037121649 -0.46072300260233967 -0.7489102583670206
-0.11068284674355333 -0.08658691661302564 0.36657823147241
0.3360325291983413 -0.013745967096986524 0.2848733047442138
-0.22423795505342933 -0.31750217302849104 0.7720508875781673
-0.10087757415601886 -0.05814624950350944 0.951238834300593
0.06300939945782279 0.5385972962397845 -0.803101990752148
0.7954885557906923 0.3303517358766146 0.382626467863418
0.5829452953564068 0.2508755222913224 0.1582515019657712
-0.635316830250452 -0.5034765211178233 -0.006417102581315764
0.5670533354481448 0.43793503214360757 -0.5738266017871415
0.10905705287016784 -0.5870864642601066 -0.3804259812881545
0.18199164678370944 -0.22334246798486632 -0.02548706344079516
-0.7326259829430621 -0.6065464603603834 0.24263112410560703
0.4643459959690814 -0.0380650737231864 0.7147569468358685
0.32064047499857923 0.27111733847655406 -0.6170044119764665
0.050847469567738425 -0.301522142024047 0.8900122213379976
-0.5288433440528044 0.12412234703924685 -0.23464885587487086
-0.3860166072115153 0.4658012079278618 0.08762846295883196
-0.007788031143303614 -0.8527460498552542 0.18582009524359475
0.1463131361009422 -0.8749681374512323 -0.17313559262113867
0.009022505491568428 0.27261631901882727 0.7513816050378527
-0.6163004602331285 -0.012996751419700093 0.1483127061154313
0.7510556004948064 0.04952635491877 0.21396452905411978
0.5961708576159466 -0.42608466692417785 -0.10370406328145158
-0.23410828701675906 0.5264850850479245 -0.39189045002221046
-0.32294390475575063 0.011697675959840989 -0.6717934537823305
-0.47412572471482894 0.11213834150297101 -0.6266627334971039
0.10875877456018708 -0.11397193445401384 -0.8327320114785426
-0.8739224074004441 0.14320971121606602 -0.3599069722663298
0.587652244776848 0.5991730508877978 0.425862279352651
0.2342371442321521 -0.3109003469667353 0.8365952798257305
-0.33169002503603634 0.2852992351715183 0.5112589320146291
-0.0014656447501045075 -0.16141790486631247 0.9262088617241605
-0.10720313652980301 -0.4049275202500667 0.6249270895503598
-0.7120605191013961 -0.0917787694610557 0.2939874553499999
-0.1264506657227815 0.11620886095663897 -0.43905984500431866
-0.8906594369240791 -0.08539996571207524 0.2172272436315238
-0.7554996934706807 -0.1440803950194214 -0.009985420926290617
-0.1478978266369147 -0.6499031991160451 -0.04157230006291618
0.007589665588211839 0.32202055495929127 -0.08427667719980088
0.37451115636510823 -0.2536011043249165 -0.2872173648864105
-0.2743996628450901 0.16699485681775775 0.6069363426623856
-0.19385707354526407 0.6808510756229952 0.23815878591086856
0.40910272198494585 -0.523733828555319 0.5835474968895221
-0.4254637783859699 0.5856841579450235 0.27579535738232314
0.05074442981686043 -0.020675663390123163 -0.35776564317239595
-0.5603735873756078 -0.08563651184564042 -0.11310641927661393
0.7572247556830419 -0.07651789574047604 -0.1306293965754181
-0.13490770940201668 -0.1526898506696355 0.1438183611229587
0.1611913598859369 -0.5638595305662865 -0.7778533354229117
-0.24559357611595437 -0.48772731167157846 -0.5162142039300287
0.18869632287416585 0.2080687895025071 -0.21264770700202115
-0.8374019690121979 0.2410580640123695 0.19682813276767572
-0.14471040520932174 0.21381234478132527 -0.36087262815167453
-0.046330396998875895 -0.8728109621134559 -0.05492030792247222
-0.16202753488279262 0.3203570949045602 -0.3763983252332186
0.2512373848340096 0.6678031565158199 0.5488991157073282
-0.08943188841394513 -0.7330085538383497 0.18144273072639072
-0.6274565262228766 0.03780105426610472 0.3339495953450347
-0.02265704276775821 -0.39341200488643174 0.7802774996281182
-0.08226805634266797 -0.47622977370810804 0.054316908109221525
-0.029600319761981547 0.6200719115973584 -0.6269840479403831
-0.750502191616337 -0.25882200595233906 -0.5907238067648383
0.6611796010441835 0.47605978833796664 -0.5288965228965172
-0.6575255829244571 -0.23088844944500167 0.5722682933274233
0.376296183387589 -0.26131456261513697 -0.06062876564910968
0.13247832405002335 0.011020088491498145 -0.46459955831486655
-0.12944292185694461 0.5088516953866221 0.17289218607731396
0.6161503867625395 -0.3441211877198973 0.019735340679648473
-0.24059657167576526 0.026302759295419944 -0.9517218451418382
0.4716867976196511 -0.42172520323348667 0.6734628772624803
0.46805231603750097 -0.472343539197579 0.7220189290568328
0.29820715685833366 0.3720745763636516 -0.7744412915620951
-0.6848355042538169 -0.006673102091301758 0.28525370672833483
0.507466722798289 0.5755979652836971 -0.4671681457418239
-0.01918223951671281 0.028493318026161677 -0.6824621258865594
0.7413890353245808 0.07488604841682525 -0.3066954389594832
-0.43814411739627174 -0.0780924526065366 0.5529557561209928
0.25846654352857096 0.08249297498362336 -0.8293749587224534
-0.3351775500903675 -0.8101523569843 -0.019903485273183565
-0.4640324457276611 0.43863334087844447 0.6260331131174289
-0.33988933654982034 -0.799515779197145 -0.20621370561441368
-0.6834811493754563 0.33411915523467284 0.1500420327803677
0.03660535777048273 0.6391499057801472 0.7538974718951186
-0.800926652476597 0.3290759358510477 0.3428380932189478
0.24430413870105344 -0.6290970018095514 0.0857628418311579
-0.7796370537296454 -0.30420864270123493 0.5463614804294832
-0.039544239970496164 -0.6317394210712458 0.5761784897024601
-0.573417361983011 0.6075575904991479 0.4387591308965941
-0.6464158796050341 -0.3919092755282767 0.5401992649263127
0.7884644443714227 0.17797814264304074 0.238630132294798
0.5658281983552448 -0.1871503581101842 0.4874437611468668
-0.3314082206437716 0.6038681288990843 -0.62192646925225
0.85253850326093 0.360535336986105 -0.01972464090168554
-0.5208786966997311 0.685790870989537 0.23971693498051427
0.08878007994283615 -0.18220313152111803 -0.6680178882493477
-0.6773061137640772 0.4609548957005805 -0.21429152088568287
0.4971901009182181 -0.3865472029720671 0.3743332695105501
-0.6459772721686138 0.22953727512385697 0.5096150510107297
-0.4230951720718488 -0.5358590292719764 -0.34162810054037873
0.6146425129117136 -0.4012032644943733 0.29033955792376687
0.018337373735214515 -0.7931020004682978 -0.48333089986236144
-0.011599884226856576 -0.07606918542209698 -0.5090239284437005
-0.050766022055388896 0.8591215429747778 -0.13285112444863656
0.927717827281974 -0.05646977547226489 0.04655514188045541
-0.11120635907491537 -0.5367157342453142 -0.0725719392852427
0.17860443675153545 -0.13898938522626975 -0.6834372936446819
-0.373705189235335 -0.010438661588393345 0.21409957490972523
-0.5191778980304421 0.45086414196712105 -0.05983818097989378
0.7237925457542311 -0.5678617680245245 0.15120872391598714
0.4331296547209101 -0.6062733468342498 -0.1683622960914446
0.4115193508227671 -0.5073540475443271 -0.060231689439257045
0.26633741002640793 0.45064770786970937 0.2840462500781259
-0.7593653942648919 -0.3212064764997093 -0.5580562399984565
0.17297473905894234 -0.4674532381915437 0.19168708143541313
-0.17894910834270075 -0.3866552719030925 -0.27041637181943157
0.512263297956602 0.20343233455427173 0.7221464086230884
0.46427268018126056 -0.35118770032456925 -0.6060233801621392
0.9602144042059028 0.11845259532076863 0.005425754962838598
0.26930182229870725 -0.7874197615721683 0.5292200943299175
0.06863175962037693 -0.6557594079149166 -0.24171641328365454
0.1614748783235751 -0.8960883501323174 -0.030726771917348763
-0.0374735436171047 -0.9443448758073881 0.030762672156390836
0.11029219656065342 0.13689226189125972 -0.5141072012531702
0.0563301398560418 0.16121467434580028 -0.12370562397940506
0.7256049471949182 -0.3466551628141123 0.512394244904644
0.411351187047614 0.15455337680312725 -0.5626382753282759
-0.14029406582873752 0.20322236798324447 0.1742133621978017
0.8761347988676883 0.0932955466347956 0.36558839326344805
-0.04443128780963318 -0.9528392553016316 0.2932737803092481
-0.4346553326079474 0.5187781701501403 0.15168911032190982
0.5402960362861311 0.3525017364752473 0.12871048963023807
-0.5167696951025537 0.5770239429195325 0.1340124147445876
-0.37025803248530204 -0.17376458804114883 -0.7690126132759296
-0.49568012397749933 -0.4662634718042408 -0.029251242736012952
-0.2315234127623619 -0.06354399183529459 0.18933502522130888
0.06984610907161369 0.24452247146671005 0.42221704845143715
-0.5037940920428501 0.2841653609899731 0.5269143360696332
0.02400200802835495 0.26105648606600984 -0.040646239179003056
0.652414632314932 0.39460493861558527 -0.18949406319847004
0.009432450132687778 0.799442365911848 0.3047567343895922
0.05449419137161017 -0.6086773857916554 0.08784950871292502
-0.2311868016048068 -0.30376074994950913 0.011721422155975396
-0.15812183954005835 -0.3856525860571675 -0.06107272666282874
0.24575105215150775 0.1396652418070951 0.8444203799473519
-0.42774309467308547 0.07100383930752541 0.6381953942352641
0.3003483347579735 -0.30691983567944 0.5601405312116421
-0.2527915060138597 0.12953454704321785 0.5827531729896048
0.5759874291946652 -0.4350325833099934 0.06492179893208457
0.25931177408372563 -0.12507643355156314 -0.9097497470941944
0.27133125754801035 -0.6043720001110302 0.3706107454699663
0.4046947369436405 -0.21579223385299567 -0.17202659665356465
0.027960963116034743 0.16939824459784972 -0.3487686441977611
-0.5613932347753146 0.561342607190252 0.1665582508542289
-0.12706062978133198 -0.7706880327965128 -0.4366180034225272
-0.23827432241128485 -0.12263519807560772 -0.7391343580333354
0.5108807290798827 -0.0384736696850611 0.36334972980889546
-0.6144513605149611 0.4646041408494702 -0.2579830036769684
-0.34325999449510314 -0.5552134143443901 0.5255352443768868
0.32298320402712843 0.16880386285188026 0.910981846960679
-0.03997023852643727 -0.24517338580354342 0.7521681072222893
-0.21046848267401932 0.14395017299560994 -0.8966276197643142
0.40025889598874226 -0.6635994417642996 -0.3732822628139324
-0.5971913391734097 -0.1869290487545626 -0.4651131721548755
-0.1062822139669542 0.7660008652007618 0.5741105074075146
-0.32110284997288535 -0.06667800735818236 0.15588445098602413
-0.025408656994517203 0.31884062057651796 -0.8810361051431704
0.02318983779028631 -0.6881544154499969 0.3203604880602583
0.522065444028454 0.1750753129959093 0.06531410278174285
-0.3302586293558313 0.4641293212428856 0.5453314654068366
-0.9048688684375599 0.04069701712960965 0.22113481444008595
0.08457821836011407 -0.035460269115360446 0.37345909338760963
0.053882791273417996 0.12589531944856028 0.35434081255999056
-0.40326165709068357 0.27078969025874855 -0.446429454397811
0.180365954957709 0.21274370523725528 0.6360595214835144
-0.24446006642887333 0.056685107194154045 0.5791498749342797
0.5959589357426059 0.14559425803129167 0.7536094646511065
-0.2782665047453996 0.4153196397626212 -0.44771393966857603
-0.4475314006519626 0.6864226393735113 -0.12274163190879263
0.37330638539976324 -0.13932395643381784 0.6080611717083823
0.37843286669970283 0.6932984126820333 -0.5207656810446569
0.06842871214855391 0.25677620140667157 0.6521595293675622
-0.6423026689088898 -0.5281747875129473 0.3429196535111958
-0.36122273830826573 -0.35176988674006854 -0.15307642376254532
0.48428501474513536 -0.31371521036717154 0.4457649850782877
-0.325080661468116 0.7126556737832911 -0.6170440541414716
0.7293537038568282 0.4101996628843119 -0.3741310446380206
0.5227873125907135 0.7805575821118731 0.22056381136692482
-0.3559455581597811 0.401178516619924 -0.1035300064031209
-0.054697722472578994 0.6195210274035049 0.14594838783992237
0.1263414851697009 0.6783018523762678 0.6052323592195636
-0.05947389543701284 0.5355399948570086 0.27783803116178196
-0.20605426468777574 0.17543445307429412 -0.8411716140558284
0.33040601165473565 0.8279370330009517 -0.1012083871703358
-0.29250730488538773 0.014577873061866435 0.7104237019265602
-0.15435795383431192 -0.5413197616227515 0.4881262472116131
0.4508366190760415 0.6749500208094337 -0.06660268551188042
-0.3225264931220477 0.16194586689297372 -0.18357480491243333
0.3343355685927802 0.8002718821213957 0.33102789744054795
-0.8105005252639523 0.0840200317140675 -0.1488997768405839
-0.07295368188980698 -0.6163544671379886 0.7575304485262611
0.8737914158741129 0.031963627529634255 0.06559177703148655
-0.6999312092578833 0.2111705311641618 0.026000938166829142
0.45872657365500125 -0.12756546033104138 -0.1397644328793613
0.14289187930782635 -0.1305869026309474 0.020696442532304248
-0.24770636735490267 0.8863177665732577 -0.24176905745464505
0.4204084641329382 -0.765738159930477 0.47338935325023934
-0.6121972915938108 0.1656796499096346 -0.17296076762603288
-0.1937805433566358 -0.08688812409088216 -0.32084943941411487
0.6370998049562459 0.2389448889797116 0.7260250175754136
-0.47022711210874396 0.34569700165573597 0.0769094101957604
0.5427235010061033 -0.23040651106404308 0.6273869493299861
0.5878958883542367 0.3653762874240872 -0.5777232213042194
0.009148944389338535 -0.45396207630284224 -0.8750924799571524
-0.16565906849679896 -0.2715785238048907 -0.28352523365645493
0.2890083053704547 0.5866873959725382 -0.19282290298786803
0.0468428242048537 -0.8087675464290518 0.4096206014042322
-0.0325308567410514 -0.5330984900963246 -0.34613554548737857
0.031931417045555896 -0.16904853064363795 -0.3224200883369975
-0.0878091050978501 0.10910707813345528 0.675108192956264
-0.21043441631599788 0.3355053044031279 -0.6701429360799297
0.6085112500353939 -0.12932536415121915 -0.36176194024489144
-0.3375740703895371 -0.4040876373010984 0.13256892694712033
-0.19388395803547837 -0.042575460474889915 0.42309311548864803
-0.32730378137667293 -0.7379557812890684 0.21271426725654496
-0.5675742460592982 -0.6450342474905099 -0.37966364869715846
-0.46236286726994513 0.2959980808614984 -0.8133406639919494
0.7194982680536784 0.4679255941905941 -0.2682439753461448
-0.41673894852178905 0.3130455094639332 -0.6205020454840765
0.13886833575235663 0.8564815016204891 -0.27623446261100076
0.3003976958299419 0.02006224581794784 -0.9069472793116636
-0.10923502058986749 -0.5161870737751839 -0.2332231947895535
-0.12955195161236743 0.7812687302845893 -0.3183451255600836
0.23768333735992228 0.09875396788887628 -0.7936690017056103
-0.42941628761663664 -0.3169758912681028 -0.04590864657342783
-0.18880330785720556 -0.9619063037042925 0.13682335522221845
0.46430825574261714 0.5773901305890428 0.29339285160305995
-0.07092486243185697 0.7191415390852036 0.41949716869123316
-0.16398752015743254 0.7879190040911389 0.35827534103195297
-0.4368293743317273 0.5937479340828234 -0.1520697192684649
-0.8243558903831967 -0.1112304419890362 -0.14436440232066222
-0.8831452866257795 -0.06749783480669082 -0.0772044794319142
-0.020322172022027254 0.19191987330306381 0.3259472866033824
-0.5212296025532744 -0.382059451028056 0.6188769355625963
-0.2857800836166987 -0.17239587708040055 -0.2945083931200448
-0.6403132205438882 0.617605055949762 -0.035090960072864004
0.4697862797944023 0.294637779094414 -0.17241292288271298
0.8615383152960718 -0.28329345440232717 0.19921425490551348
-0.7388186202395858 0.14688397642058681 -0.39731752450498303
0.364505590292125 0.7255073075162884 0.14887572266578736
0.4320872870651014 0.22926135504574352 -0.2399216920921998
0.4062373273202607 -0.773511555997809 -0.42193557249135416
-0.6155416786166127 -0.20309891934630492 0.39791186561629366
-0.4665985626110361 0.8111135676076475 0.23339340916189874
0.50078809850081 0.03847749529699726 -0.45068888397003265
-0.10363054410328497 0.5808307437983038 0.28670936729709756
-0.03268461026227054 0.7969470495585842 -0.1706633863199997
-0.28707687118013814 0.10579019354527074 0.4542623698523593
-0.8341636666868704 -0.34379537113068137 -0.16635157293591912
-0.8106681145125356 -0.32977406632841927 -0.10201223788828469
-0.23265671020240056 -0.2161807090456342 -0.7303196198073014
0.26810147976495247 0.7499418482228613 0.1913804404767333
0.736831175336694 0.2882671853954356 -0.3639776881569315
-0.40160516857216655 0.2146387481511832 0.11900273692625547
0.2779722157433433 0.6976452735400633 -0.4201781209006982
0.24826165982524295 -0.32713971235853734 0.8300159773306929
0.5826324456496617 0.15229232558923025 -0.3606556402825781
0.4304659252043633 -0.06666531186816649 -0.24502484768592886
0.11033712624859784 -0.7089515268586998 -0.2571984456133495
0.14792329087616257 0.4415328036884494 0.539671603431122
0.7061579998150596 -0.39534653484027904 -0.2681463365056221
0.39910747094455534 -0.44651227720171127 0.49983408557514997
0.5895727248906478 0.48923241203268114 -0.032403288457770386
-0.12002057223914449 -0.9132907879611745 -0.07525277095289312
-0.19997287543142714 0.053902391198082884 0.18000054971259322
-0.7729368932609884 -0.4311907196675806 0.22481952964473698
0.19367090452278898 0.45278395163573554 0.8068796771691532
-0.41907334145860836 0.55810913348278 0.4648058175242969
-0.388475584514586 0.14003111817757988 -0.25553018755711127
-0.31145135721671346 -0.4274697134540843 0.6166194597939494
-0.791667832480597 -0.20917508463155746 -0.04142844598991818
0.5139516148261706 -0.265838436503087 -0.005848289910336288
0.4741558919132925 0.4774547225821136 -0.4432251317263709
-0.39462528602092367 0.002309906695240489 -0.01711847056353813
0.24152302054851638 -0.2537310764837931 0.2147464953406226
-0.6568471095407666 0.4825521459205727 0.4000762540211771
-0.12470327739549686 0.5076547027182371 0.4958793463461371
-0.10506815829083649 -0.18110338187364272 0.9711172297855711
-0.2661758265417969 0.3070436820587481 0.7536293513011388
0.6658027041603128 0.27253743576021766 0.5203915337566251
0.45180090222239877 -0.48740445903002916 0.6540531961535712
0.07156414884789192 0.3972688336138351 0.8832918488042293
-0.39093884369129084 -0.09219918918855559 -0.3537049346682598
0.308940813961465 -0.08243363394942156 0.49509314525999726
-0.02215557745194619 -0.3212080530980139 0.22170099554625133
-0.09059673401782295 0.49241525025197574 0.4159952991461687
0.46485347134475963 -0.28914904591582524 -0.025086327345708908
0.1202761939168136 0.32013339388803846 0.26073945495244943
0.7140443536070821 0.1627967693406406 0.5699885622088742
-0.1312786924601305 -0.18116536901466396 0.603590972897295
0.6664511524805962 0.056914091239914796 0.7330785457616995
-0.12883165248986092 -0.6680885311529714 -0.11702042341082201
-0.06651603257420342 0.48136290476017485 0.20706825061981865
0.2476574418720073 0.6207544585570899 0.21277076910157836
0.23515313741456448 0.19527368006466905 -0.34963355752991476
-0.11910400861337431 -0.09880615868618661 -0.8477714398469673
0.597885414938019 -0.4777507170789889 0.10969540279407684
0.34454086653215726 -0.030114144022578327 0.762339366086517
-0.10290903099894358 -0.8910044022013578 0.23722961600679
0.7513784577477037 -0.31499547266046696 0.2573379146660875
-0.539970304022929 -0.12027969658759075 -0.529506561395952
0.12732879202456293 0.08369689423792558 0.5973006200224725
0.42699669065897655 0.4632022526555012 0.6990853399847119
0.5192868193329336 0.6024607722070007 0.23398222681117586
-0.08213888050461807 0.21751592560745786 0.6875147449029547
-0.03894340784862398 -0.33765639973701755 -0.2576443958940566
0.5727727942620613 0.0996209606498083 0.04279152335331211
-0.45906462787218366 0.6338959727153416 -0.5388533448357196
-0.29879841316245814 0.033971230859273796 -0.8975787182452079
0.6760828382449735 -0.6259876239988945 -0.24179033114607662
-0.49904168325567094 0.006464327460277597 -0.218994628127654
0.5243717009329658 0.12879719134799722 0.70152360649465
-0.16308879745373822 0.575707990000788 -0.6383354598142887
-0.5766864802360296 -0.34061738527963353 -0.38298615843360706
-0.42156089899097976 0.6199647209963016 0.3583207632689544
0.5349361720736274 0.28770558922944267 -0.0609890999946631
0.12888104546438445 0.3939108021425183 -0.11441424654282374
-0.2717349694045321 0.3364634174558755 -0.00891165125720314
-0.5358100656074453 -0.11665698913394902 -0.6415950498483997
-0.6892016126668227 -0.43257108362129687 0.565677718621651
-0.123359652029155 -0.31839525268471774 0.7628655996942022
0.6173350088522586 -0.06079203546213318 0.15321075090497352
0.22104833014521985 0.4859639434289543 0.7305235448390336
-0.15330441530961267 -0.7489909417654804 -0.24285812509781968
0.11548265645929513 -0.3485195463502362 -0.5387573126588171
0.018778027351733236 0.7745451163068563 0.19221566617578137
-0.031177860463327704 0.28836208659773016 0.47695109820540504
0.35907645215119577 -0.319190483270774 -0.16236631714424252
0.6435020409289703 -0.16575817311391897 0.6504210354047207
-0.21541671810129712 0.7106365042633154 -0.2882718916834875
-0.9143686176876619 0.28414900399590487 -0.0001724396510071274
0.2720212052652963 0.3722070551566555 -0.6220334254523574
0.9013144334668408 0.11264266279458084 -0.19004054517504937
0.8303542562774096 0.18935172210674267 -0.1551503683028031
0.6980529552866221 0.451159498058414 0.5213110890955062
-0.3588254066662664 0.71858742438207 0.38117719429224545
-0.06364941882435037 -0.6875249164585521 -0.43133302720643807
-0.640541392348084 0.2169233310887948 -0.5882535179172574
-0.02496069319342927 0.4168068049062535 0.8133813747784743
-0.23123950695892692 -0.5110734065608227 0.3422747959965229
0.7636477577311531 -0.4601466036753929 -0.4278858793832882
-0.24465528898984037 -0.7318630924949732 0.370563734102352
0.8011735466118656 -0.3632642979351928 -0.008503971739111433
0.09848995997355914 -0.08389972668342868 -0.2583047240959733
0.03241742410068855 -0.3265370257495828 0.3694131216258997
0.6484335767900843 0.682834448440334 -0.08824263336247103
0.6991075631448128 0.603187414959123 -0.2627815529203265
-0.2893612533470026 0.7864863810723689 -0.14809184985327106
-0.3171061177516444 -0.4507220187604592 0.7663740484553784
-0.3844819291260185 0.10352749044632255 0.5650470556431105
0.5557119951839735 0.43166771306445956 0.5964057625897838
0.4769850175152003 0.8051315121697977 0.3120778881917604
-0.4544275341549913 0.5495356796241717 -0.10254765985510345
0.7680625127277666 -0.4279044801611467 -0.4354031823674403
-0.23608581276224802 -0.09557189401298649 0.27115725313844774
-0.5277186610596799 0.1469608215005453 0.5116948504527618
-0.4025758217766942 -0.057209176017364693 0.8116745605704506
0.6172712448097747 -0.12665515239019395 0.5624561488232137
0.38358010660907804 0.10041379745686219 0.8715018965833521
0.40769305709597 -0.8567255369759965 0.13910598871452723
-0.059689899432777534 0.14779655495047334 -0.7905736983809406
-0.24902387205105417 0.5376901571044884 -0.6820791124506458
-0.8736510307536876 0.17049534762475818 -0.3399154087956077
-0.3555283017462596 -0.6979308190135822 -0.37487863692050843
0.3065565646467574 -0.053103653505522326 0.7306802958463572
-0.8009766506130006 0.22323351246177836 0.5054422903028875
0.4662775521491831 0.5104259412608856 0.6207022200353783
-0.07588493851394408 0.37006307983622994 0.5278713921837649
-0.10458502827034066 -0.29744070383467386 -0.8814519080178027
-0.18546329652354676 0.3890831729054825 0.8569621852305649
-0.4133218721671591 0.178964469615118 0.14213491092790204
-0.006586067656378553 0.3007049931016092 0.7631297694917749
-0.4178538838767909 0.45584860469718447 -0.24323317641900719
0.16190955772028795 -0.4872129708370352 -0.021045480634019877
0.05716045363888995 -0.3740690085733449 -0.8713791993900702
0.967812085044947 -0.1728550961442811 -0.1330617016766121
0.3384776497824969 -0.5479158311466343 0.17835842239628424
-0.2297066649810277 -0.27303202544808725 -0.18125178729453945
-0.7134952926290767 -0.42773826652400243 -0.300351926147596
-0.4447289371057203 0.5934478802568115 -0.021458104529881922
0.6214645604825056 -0.14156787538546484 -0.17388227230488462
0.12864473969902504 0.1563566208265007 0.7642919924568112
-0.8193049754658286 -0.21360110686353403 0.38562194203402
-0.038647355677227956 -0.3712927061712892 -0.08494024849340148
0.09232335535489587 0.9200268433761138 0.0666713071615027
0.13015115318451295 0.057982514890360916 0.18554189296173987
0.4777877525133922 -0.45207591299875927 0.020625102971959696
0.5957759105742892 0.010751379053440988 0.7821668818573755
-0.3373022020290929 0.19277479563585936 -0.8617504270833318
0.869475780286289 -0.2409823554807046 -0.4032760552608959
0.6354426395054309 -0.5131756369531443 -0.004093329451407611
-0.4057374052243303 0.18958416274844847 -0.3351991786750138
-0.05873418002004744 0.141481550685642 0.8605037868534318
0.8494051875235533 0.10324115586623331 0.2722465192275566
-0.4727416814379089 -0.22726595433936975 0.4771342921748056
-0.29917961434805057 0.37065139320466756 -0.2803304430530113
0.21790106320481256 -0.1447030701576646 -0.7564082791194914
0.810738963417818 0.007959528169817135 -0.2673776249958408
-0.23348456439924983 0.5671672390498473 -0.48056016640023674
-0.17591721886997524 -0.031274297138342746 -0.9436448194374064
-0.17328568527825264 -0.06931136813660102 -0.4626920602189886
-0.03246103875762396 -0.644483122680595 0.09166841516556219
-0.6110631256980785 0.11149440154513132 0.6895274966287822
-0.11137037177017646 -0.039488496459372684 0.6135414558146296
0.9122346617426994 -0.16846617468714636 0.163444367658167
0.6345232149757896 -0.2131443923230941 -0.278481567255893
-0.009762129374309304 0.09760645648732388 0.3913255475157674
0.060120278377365666 0.08911395946904133 -0.8802916745868785
-0.13545781321144126 -0.31691447428432173 0.7345267411993812
-0.7085230841364143 0.025075270170958872 0.6032048205663395
0.4503586318340527 0.022244592554517988 -0.5077833364183895
-0.23473173474510664 0.7281805028177509 0.04191886621644849
-0.6272226022174546 0.6279229416420539 0.43495801694090924
-0.19466322970028668 -0.13210352638478634 -0.8879229613881284
-0.6513558577776397 -0.23922270031844312 -0.05732040108121141
-0.10668577508928681 -0.04232118481731899 -0.07234662690732735
-0.7301597184353998 0.3214497021981692 0.35731146693805993
0.06639357346786676 0.6313017960534837 -0.6168644543875007
-0.13996590848683124 0.6672494449125481 -0.3837618603506187
0.47736478866974946 0.29745281278935976 -0.5415297560724266
-0.6300310127989968 -0.47032455759039 -0.03282083287641694
0.3045436285846382 0.4628273071112133 -0.7243471949955997
0.07386882626547495 0.8307366626054312 0.4192143202301023
0.04955466527615068 0.21010743030964624 0.4166956775469659
0.6805049742025772 -0.01696865704828226 0.6618466181218499
-0.07763000641431918 -0.5896535564016027 0.3133776508684
0.5332560452178929 0.6746917629924422 -0.48437683721230895
-0.5471901788933108 -0.6247794547761919 -0.555115135326793
0.8334466601702066 0.46978402280181847 -0.02796337644294407
-0.3719105467605352 0.5163933904230567 0.19392257332819574
-0.46724421423399354 0.06139102839244532 -0.7503071502735056
0.42287619117469705 -0.2145836214884697 0.31195521849032326
-0.46511604388546096 -0.3744975102027344 0.3722038585713208
0.007752877583976126 0.43309737687860833 0.866860664501482
-0.3475036006513151 -0.4766169815599326 0.4685542007527461
0.11411184031295714 0.5529930775053301 0.18512074941911838
-0.0880615287357452 0.7897879541023173 0.1654971849657243
-0.08417659819369866 -0.3873537567455159 0.013419321186954047
0.6107331787799831 -0.6606295512489497 -0.2429473538336426
-0.17264013235528788 0.8857222455579997 0.3384211266868393
0.1316876688392143 -0.3180725764888871 -0.756677142808527
0.1846243360100731 0.7134260039367791 0.5652877562386572
-0.8305711027876443 0.17170555496729847 0.5132704553290001
0.6851573448686243 -0.4990188801663996 -0.28720613527775424
-0.7956025954908257 0.37111926958623437 -0.06236003334666077
-0.8688593925023287 0.13807172960373526 -0.12936306422225263
0.41014735344373154 0.17801586299880331 0.048129259301210474
0.25321210146578566 0.7044019758649588 0.28405431873150583
0.056398502150595234 0.4694877108775793 -0.8073127565673128
0.834036123473852 0.4176505420059944 0.29167091714952015
-0.8268450367200273 0.4594693352004057 0.028821814045059384
-0.8359860604678697 0.058731827840717905 0.2833615801754459
0.5750588473826778 -0.540747257131695 -0.25323300452229314
0.1282679664894922 -0.4108033182359509 -0.8867641215694758
-0.03973848240126844 0.464722934809306 -0.5647660622047268
-0.26490964090129676 -0.6931286969630641 -0.44444158119705846
0.18711486184722367 0.8804199439455936 -0.04711752655622778
0.16491598566152205 0.4193775158407329 0.2522732195273429
0.20507149660429275 0.5326497987331126 0.0031589976004672625
-0.4401731692698862 -0.08377725127441717 -0.19812538856826206
0.26396276468894003 0.3142395724292545 -0.3740141430158729
0.27285873546352035 0.6216220495396201 0.4120293114160551
-0.7482583527157076 0.15680094774228706 0.05004532334756263
-0.8481931433938009 -0.2771485261543392 0.17271368838003984
0.28889666494701866 -0.13748126777927333 -0.8776429322017966
-0.22741932854402222 0.08981906549993866 0.4015106827535242
-0.5512445678142557 0.3586771433231669 -0.2573964248888739
0.6838044444966909 0.297057142321179 0.3046259809282703
0.061413302755757404 0.10155760903901563 0.06771261363287155
-0.715843806137969 -0.4770310742290313 0.23932102522426943
-0.13162407970032913 -0.07394710316034586 0.4902553034817359
0.5815057836160601 0.33168911902059606 -0.6537565726647686
-0.6609168758670815 0.44259529764539685 0.22745944466494908
0.3373980165328708 -0.16460770674334863 0.8267632044454026
-0.4672286943327531 -0.4779840689755006 -0.376136014930814
-0.09004853791380985 0.3717228173357673 0.24613914976914913
0.31360000722828313 -0.007402786713238113 -0.43092185388609183
0.20256262153987195 0.17679065605606087 -0.5521403487894562
-0.6225840277450474 -0.533892451294312 0.016648227131589963
0.5473899899124013 0.2404371412430149 -0.3139638990033355
0.4167385009038751 -0.7278029775804727 0.02989283677458601
-0.13895240800321476 0.2696913358689952 -0.3831112253659027
-0.5242005396757478 0.3837353671986461 -0.7294111663510273
-0.1823028752513346 0.8893622717534638 0.12299310659383712
0.4341219206708277 0.03509383374232541 0.8384821128677329
0.5994106807303923 -0.010744306832653237 0.5686718193515604
0.39063292877862815 0.007281598968293313 0.16251489021463744
0.34103233851279957 0.44614781605850307 0.05905012206728939
-0.11024416503989566 0.006412026078450963 0.17734743957521135
0.15307407654291727 -0.26109627221828485 -0.4362177134241212
0.7293374300721841 -0.3571204871261746 -0.20003885961169296
-0.4959881080405286 0.036964736471811664 -0.1826834786301101
0.5646298899583418 0.46079857285821996 -0.08855905102471841
-0.04603587440084561 -0.47885567969344683 0.6340219689866152
-0.43461170658218906 -0.034143172353205346 0.36528916806344125
-0.22753938731308382 -0.03328916587977157 0.3985518013487406
0.021743446168688816 0.8078010147739638 0.40161293678716514
0.2716413625056627 0.7862090529777119 -0.1783758505650601
0.11151383390399675 -0.8348025985731016 0.3949599176532662
0.1670791402901423 -0.8801305514532215 0.32701742016047736
-0.29689688602419506 -0.014826257742142926 -0.8948361557466612
-0.12982421294821464 -0.8985738673638785 -0.25227118695704
-0.8918381479746837 0.3675979792559936 0.2358491593691215
0.7055115450892657 0.1299788027629617 0.30101464255774907
-0.020466312838448016 0.0032473568738637533 -0.08184110210552924
-0.6487232735093929 0.6464205642642472 -0.20874281290276986
-0.37632150703388334 0.016518051891622684 -0.7311814036691394
0.10778536199386761 -0.1978181256444556 -0.8367263560116154
-0.6304446816339156 0.36072378519624065 0.0656392547990166
-0.5762362337298176 0.37520256111955497 0.08209614336531028
-0.38922835064210026 0.6843879282138503 -0.19569879420950573
0.4636354879545473 0.7695367730070114 0.20566720178155515
0.5029847194983077 0.6143432625436243 -0.05030036617234949
-0.503570741090006 0.6993586126572303 0.4854890414631066
-0.05360620042250938 0.4343314948336119 0.4605567255531667
0.6230731615135975 0.7488973053234684 0.21979304201209052
0.8133943130907897 -0.49859774728969974 -0.12997487426774967
-0.3014246125831355 0.027747662458631223 -0.2882297374398103
-0.48886422544967156 0.17113991331683415 0.6973794899540667
-0.18443577271672404 0.36289342841575994 -0.8785684454627467
0.13234684955339673 0.9456401775268238 0.22853061532584204
0.0011978715288668514 -0.4293651991642059 0.38958487886868826
0.10365929631871813 -0.0007103636309530286 0.13002541484741967
-0.826311554242517 -0.20506717177642816 -0.17240998553524572
-0.9356029932849391 -0.21597138237565752 0.13723682051261363
0.03541192876421085 0.3991623923379514 -0.2699805298343158
0.1498129547410779 -0.83202385347369 0.08189636136204896
0.05055564530550496 0.7622106044569762 -0.23703919712175964
0.7278101149950317 -0.20134364900115082 -0.46752361768390166
0.28985614690192046 -0.1223433909336988 0.8395874996444641
0.03065655866173112 -0.8964293673701847 0.29941538196139084
0.7662664035992098 -0.04231852529599552 -0.564377236237919
0.19922839307580248 0.821336647662205 0.5042635294700578
0.252473033153328 0.6214983221565107 0.7072085910355459
-0.1557182402026631 0.25978629099253225 0.6897163444220797
0.21500783759474623 -0.3685370759810831 0.5557877419939333
0.722547504544553 -0.047406347141903844 -0.4864913037431903
0.40989366580089526 -0.858568051707304 -0.26416545758700144
-0.08059897985174576 0.4874511046630013 -0.31537367757256923
-0.7084933583744265 0.17024599340463448 -0.3593608856063539
0.23334827319401655 -0.86557506274206 -0.16733963872063304
-0.6308961933070355 -0.19349623968286314 0.3113268890841148
-0.30711394859819213 -0.49765789079436634 0.49536993528888174
0.3243838757563552 0.11895203754868204 -0.6438571503774065
0.22498307171638762 -0.3893515313902689 0.3994905101383803
0.687003919245621 0.1682295281808918 -0.5611643068181308
0.7994193176996347 0.4696405789868715 -0.05562121072126362
-0.25512948873235236 0.5011618563976097 -0.5405483275440285
-0.1825348822175839 -0.6096256724213739 0.33044120743042726
0.790474591438909 -0.28553773478405015 -0.20408257167955654
0.07263922390218454 0.30067905039495496 -0.2272644963038713
-0.34840812669982374 0.19886772205523656 -0.38367757691953036
0.23703470206031527 -0.4276644701836086 -0.4460310222391177
0.5050859393322724 -0.7438143138272496 0.296035784907703
0.491170017373307 0.343879301829811 -0.05035896214513996
0.16292616649470223 -0.2082393431819795 -0.820988950900161
-0.027045096009627942 0.45766206168675544 -0.23856360781069175
-0.30863942068344496 -0.7886469009278986 -0.30205168331321686
-0.1466837782398367 -0.5343047967642941 0.379055369674507
0.6827405450329141 -0.27889048258236104 0.4088245348116173
0.6406374394232666 0.20497995257035354 -0.1744602076081855
-0.2684914302144511 -0.45128961224598707 -0.8002805469440054
-0.14970097918537767 0.0622392256150313 -0.8707852181604472
0.8538153474983016 0.06354287891482423 0.2232949372969655
-0.28779004728151064 -0.02036773320385026 -0.2658630601774598
0.7726231400804365 -0.40754233472024237 -0.35510465911920086
-0.09011646132001917 -0.2243534034817198 0.06805408315616088
-0.809463412269328 -0.32783729249157095 -0.2900516050982456
-0.0678533716517495 -0.621577519090429 -0.39331355856571215
-0.02247206891125324 0.16244470516483445 -0.2603768750833318
-0.38043427644911837 0.1548894891830658 -0.7327497040129203
-0.40410628604258064 0.3490837523154272 -0.2602195287889058
-0.03561247156717024 0.06474034896409386 -0.13786247967456533
0.678558900854355 0.16506241468079585 0.6373996752225197
0.4242221019545299 0.2570095980478829 0.8092215215184883
-0.7615629635362167 0.1759055666444081 0.4166597092336281
0.6533085365434282 -0.7279133797314903 0.019873076357568936
0.33596368314175346 -0.513311144558659 -0.10357702911713978
-0.37918254022166065 -0.47853189915292965 0.704194416457574
-0.49664952830809983 0.4015181083077513 -0.32307300232598823
0.764733112665518 -0.2289872854089704 -0.22225394144546223
-0.6110744099437824 0.2904572820128869 -0.7091933771708884
-0.4201134629119477 -0.11771678085768465 0.6804760282848782
0.7305055614325922 -0.5108088907905002 -0.25179509698027364
0.6237843832165909 -0.013245216114197685 -0.13064802704272607
0.10755053201018588 0.6490600845138723 0.3527195851666707
-0.6575826017871307 -0.13617924375163992 -0.6143642813942424
-0.33066101726255775 -0.005336800180589113 -0.6916765552079798
-0.7675364292320029 -0.38578181058252603 0.5092813335864036
0.3874479347908808 -0.28176502513719387 0.2843393376086001
0.4571779904065605 0.84524518395383 0.24364805328150838
-0.3096071981591863 -0.18295755392488766 0.8280000831526763
-0.04802913762724722 0.29366787213987644 0.7856594185685638
0.7795089465145177 -0.043146998606062074 0.4867269170387412
0.19752901404239476 0.6543595060189844 0.5824440271644761
0.06522855799473151 -0.10868224422267057 -0.37605203180873176
-0.1581835431300068 -0.41889412356278116 -0.4886606549929791
-0.16602505992922673 -0.5317165243292302 0.8197303044689218
-0.10057481751412542 0.6748976737334814 -0.40815445016451346
-0.3932579581203104 0.6376671756067305 0.2948998932178653
-0.18367903915773726 0.21307379310771452 -0.1910264845458386
-0.04916380118277273 0.2022702302508458 -0.9053114480014023
0.5995598095609797 0.19543698054459746 0.6353156817513009
0.18939474033662623 0.745485669637221 0.14316330855445789
0.10902131020598835 -0.42683177899729696 -0.6986708582772799
0.03408466840462434 -0.635534689753615 -0.3789055575318635
-0.31830269970890895 -0.6729679232547695 0.18261060358460648
-0.07728881283483188 0.43549115035879954 0.5462231528868504
0.8151879105666904 0.06800510356665887 -0.4547686610004368
0.003071841963861896 0.9183154352119908 -0.09661558817574423
0.4023003958126292 -0.29311795287711023 0.2859049460283806
0.6294262488438266 -0.25070763057704337 0.4357456896206963
0.301374103582406 0.7002386408870706 -0.03094602490410098
0.05132212399068317 0.05354228733714379 -0.535978213619271
0.44489398391773416 0.4583553376076504 -0.22441927403689113
-0.5860705414330589 0.5766387248972514 -0.09502473301022885
-0.46495179563400535 0.2851121755016557 -0.7289008577596442
-0.1255979643980822 -0.2957871916914763 0.3159754588997594
-0.23310379347429036 -0.48619006696308814 0.0478371421072431
0.340966175042155 0.8303825021990147 0.14364841927908342
-0.5625861936175414 0.7650330945231434 -0.04063522494761808
0.6184473415721404 0.12630605304282558 0.2664336918506347
-0.25475354278217394 0.4415176176411727 -0.4676998225851439
0.20673184656640298 0.13982183792663666 0.5874629585525474
0.46108656767116407 -0.3138841508396962 0.2886088187129676
-0.008027830197407075 0.7007788986946525 -0.2744538256438098
-0.8353629895266749 0.014170275054508212 -0.37651131838445684
0.03177176630812578 -0.2948440720444907 -0.2787337244050395
-0.563380757695471 -0.3198406718334332 0.7299671157846098
0.6677378204607874 -0.10369044793490148 -0.24843631198643717
0.047583134569328195 0.75453346333916 -0.4353978291723915
-0.06790360339625738 0.16361670622615615 0.2547235219303314
-0.6083716189276611 0.5431692697946316 -0.04072373859354778
0.10452619147572499 -0.2998887738052435 0.3628673359863328
-0.06602582946099703 -0.41390694370441483 0.09350872620868633
-0.6014183333932139 0.21150926735289688 -0.04979961807671242
0.45674683375800296 -0.5867727284253498 0.304148926283435
-0.40259902625071026 0.16042773543503722 -0.232940219530821
-0.17165118678049454 0.0438219984570652 0.0789695898466345
-0.07145380353599688 0.6287056185583428 0.4110652759740319
0.03525018280555119 0.21678225387198136 -0.5971128173317783
-0.5126501046380176 0.479656057834291 0.5700149310060174
0.43105957562403346 -0.061458803959075464 -0.7873484816093422
-0.3959565952725248 -0.3451119203785508 0.4020359176249117
-0.49357354000555786 0.3020312016579239 0.2061694959760738
0.6269730256617498 0.1913345090809814 0.00564624753105042
-0.26771985179448676 0.3713580644772222 0.15485365088484157
-0.5206301091544444 -0.05737427032615312 0.05252827826415592
0.18250011520098036 0.6316434227344448 0.5788815367084188
0.15543913466503004 -0.1699529833189536 -0.6496668646612092
0.4460567151456403 0.7399673790316598 -0.2209899528739418
-0.4162102320512388 -0.19001969444401237 -0.7611078901198489
0.39081668272755055 -0.009651683653214903 0.2589456260845299
0.14085309992909514 0.6798247693604208 0.1407819083758205
-0.02672893483349827 -0.06395046508228723 -0.8678696784311601
-0.37353166524179693 0.6629401817038457 0.5535944921786156
-0.43647425269748447 0.18668906547767986 0.5248301369239523
-0.915582671274849 0.08909527580322692 0.1249387788475548
0.49743058981237903 0.06062469358681558 0.34147761656074077
0.878476796713119 -0.09033808770475432 0.013727854199031083
-0.916313759778355 -0.09382667897996937 -0.092993186900241
0.5628782484927876 -0.05955802339307864 -0.6673433096750278
0.14740344179430862 0.08886781015993125 0.964200723952589
0.30867139456351833 0.4912299630932072 -0.5667860065032359
0.4086234056845811 -0.34044542675843015 -0.6868075239722735
-0.24981597355778706 -0.5435453444672567 0.14332373012508104
-0.8430870880036522 0.24816311439963537 -0.19190582791942762
-0.6323182850903378 0.2556846590702131 0.48892198638677686
-0.4111219584824939 -0.8545433826044814 -0.21675351198632076
-0.1982987896868835 0.24800893323199535 -0.004961117824696
-0.934686296932206 0.0725604995600042 0.02192391312648034
0.40477563807031564 -0.19264934224165456 0.6851910046769533
-0.14761787977876256 0.4701061338235929 0.6622986330030198
0.14644761440524917 -0.32899910798885534 0.1554087987003129
-0.9794552711803104 0.008480907517826443 -0.18696795948100087
0.6566775652557632 0.03547088064205891 0.21425031251368357
0.849981358555219 -0.47162360902628797 -0.03799675349494018
-0.43592288063754014 0.31207258114133574 -0.47202654139320455
0.34592215576051344 -0.04517786819794077 -0.383637793104554
-0.8383653128711525 -0.36305465703114403 -0.1146840972355578
0.7681005115955993 0.17394162331098598 -0.2706113783431407
-0.6846459497969751 -0.5238007780695428 0.22936834850272642
-0.5715015714426896 -0.6918463514377564 0.4123232491571339
-0.3180114420041357 -0.10391582105406959 -0.881600037825874
0.028205956032762523 0.5221052572236131 -0.0429778377631699
-0.36231928999316887 0.07490453726626667 0.5123957167682621
0 0 0
0 0 0
0 0 0
0 0 0
0 0 0
0 0 0
0 0 0
0 0 0
0 0 0
0 0 0
0 0 0
0 0 0
0 0 0
0 0 0
0 0 0
0 0 0
0 0 0
0 0 0
0 0 0
0 0 0
0 0 0
0 0 0
0 0 0
0 0 0
0 0 0
0 0 0
0 0 0
0 0 0
0 0 0
0 0 0
0 0 0
0 0 0
0 0 0
0 0 0
0 0 0
0 0 0
0 0 0
0 0 0
0 0 0
0 0 0
0 0 0
0 0 0
0 0 0
0 0 0
0 0 0
0 0 0
0 0 0
0 0 0
0 0 0
0 0 0
0 0 0
0 0 0
0 0 0
0 0 0
0 0 0
0 0 0
0 0 0
0 0 0
0 0 0
0 0 0
0 0 0
0 0 0
0 0 0
0 0 0
0 0 0
0 0 0
0 0 0
0 0 0
0 0 0
0 0 0
0 0 0
0 0 0
0 0 0
0 0 0
0 0 0
0 0 0
0 0 0
0 0 0
0 0 0
0 0 0
0 0 0
0 0 0
0 0 0
0 0 0
0 0 0
0 0 0
0 0 0
0 0 0
0 0 0
0 0 0
0 0 0
0 0 0
0 0 0
0 0 0
0 0 0
0 0 0
0 0 0
0 0 0
0 0 0
0 0 0
0 0 0
0 0 0
0 0 0
0 0 0
0 0 0
0 0 0
0 0 0
0 0 0
0 0 0
0 0 0
0 0 0
0 0 0
0 0 0
0 0 0
0 0 0
0 0 0
0 0 0
0 0 0
0 0 0
0 0 0
0 0 0
0 0 0
0 0 0
0 0 0
0 0 0
0 0 0
0 0 0
0 0 0
0 0 0
0 0 0
0 0 0
0 0 0
0 0 0
0 0 0
0 0 0
0 0 0
0 0 0
0 0 0
0 0 0
0 0 0
0 0 0
0 0 0
0 0 0
0 0 0
0 0 0
0 0 0
0 0 0
0 0 0
0 0 0
0 0 0
0 0 0
0 0 0
0 0 0
0 0 0
0 0 0
0 0 0
0 0 0
0 0 0
0 0 0
0 0 0
0 0 0
0 0 0
0 0 0
0 0 0
0 0 0
0 0 0
0 0 0
0 0 0
0 0 0
0 0 0
0 0 0
0 0 0
0 0 0
0 0 0
0 0 0
0 0 0
0 0 0
0 0 0
0 0 0
0 0 0
0 0 0
0 0 0
0 0 0
0 0 0
0 0 0
0 0 0
0 0 0
0 0 0
0 0 0
0 0 0
0 0 0
0 0 0
0 0 0
0 0 0
0 0 0
0 0 0
0 0 0
0 0 0
0 0 0
0 0 0
0 0 0
0 0 0
0 0 0
0 0 0
0 0 0
0 0 0
0 0 0
0 0 0
0 0 0
0 0 0
0 0 0
0 0 0
0 0 0
0 0 0
0 0 0
0 0 0
0 0 0
0 0 0
0 0 0
0 0 0
0 0 0
0 0 0
0 0 0
0 0 0
0 0 0
0 0 0
0 0 0
0 0 0
0 0 0
0 0 0
0 0 0
0 0 0
0 0 0
0 0 0
0 0 0
0 0 0
0 0 0
0 0 0
0 0 0
0 0 0
0 0 0
0 0 0
0 0 0
0 0 0
0 0 0
0 0 0
0 0 0
0 0 0
0 0 0
0 0 0
0 0 0
0 0 0
0 0 0
0 0 0
0 0 0
0 0 0
0 0 0
0 0 0
0 0 0
0 0 0
0 0 0
0 0 0
0 0 0
0 0 0
0 0 0
0 0 0
0 0 0
0 0 0
0 0 0
0 0 0
0 0 0
0 0 0
0 0 0
0 0 0
0 0 0
0 0 0
0 0 0
0 0 0
0 0 0
0 0 0
0 0 0
0 0 0
0 0 0
0 0 0
0 0 0
0 0 0
0 0 0
0 0 0
0 0 0
0 0 0
0 0 0
0 0 0
0 0 0
0 0 0
0 0 0
0 0 0
0 0 0
0 0 0
0 0 0
0 0 0
0 0 0
0 0 0
0 0 0
0 0 0
0 0 0
0 0 0
0 0 0
0 0 0
0 0 0
0 0 0
0 0 0
0 0 0
0 0 0
0 0 0
0 0 0
0 0 0
0 0 0
0 0 0
0 0 0
0 0 0
0 0 0
0 0 0
0 0 0
0 0 0
0 0 0
0 0 0
0 0 0
0 0 0
0 0 0
0 0 0
0 0 0
0 0 0
0 0 0
0 0 0
0 0 0
0 0 0
0 0 0
0 0 0
0 0 0
0 0 0
0 0 0
0 0 0
0 0 0
0 0 0
0 0 0
0 0 0
0 0 0
0 0 0
0 0 0
0 0 0
0 0 0
0 0 0
0 0 0
0 0 0
0 0 0
0 0 0
0 0 0
0 0 0
0 0 0
0 0 0
0 0 0
0 0 0
0 0 0
0 0 0
0 0 0
0 0 0
0 0 0
0 0 0
0 0 0
0 0 0
0 0 0
0 0 0
0 0 0
0 0 0
0 0 0
0 0 0
0 0 0
0 0 0
0 0 0
0 0 0
0 0 0
0 0 0
0 0 0
0 0 0
0 0 0
0 0 0
0 0 0
0 0 0
0 0 0
0 0 0
0 0 0
0 0 0
0 0 0
0 0 0
0 0 0
0 0 0
0 0 0
0 0 0
0 0 0
0 0 0
0 0 0
0 0 0
0 0 0
0 0 0
0 0 0
0 0 0
0 0 0
0 0 0
0 0 0
0 0 0
0 0 0
0 0 0
0 0 0
0 0 0
0 0 0
0 0 0
0 0 0
0 0 0
0 0 0
0 0 0
0 0 0
0 0 0
0 0 0
0 0 0
0 0 0
0 0 0
0 0 0
0 0 0
0 0 0
0 0 0
0 0 0
0 0 0
0 0 0
0 0 0
0 0 0
0 0 0
0 0 0
0 0 0
0 0 0
0 0 0
0 0 0
0 0 0
0 0 0
0 0 0
0 0 0
0 0 0
0 0 0
0 0 0
0 0 0
0 0 0
0 0 0
0 0 0
0 0 0
0 0 0
0 0 0
0 0 0
0 0 0
0 0 0
0 0 0
0 0 0
0 0 0
0 0 0
0 0 0
0 0 0
0 0 0
0 0 0
0 0 0
0 0 0
0 0 0
0 0 0
0 0 0
0 0 0
0 0 0
0 0 0
0 0 0
0 0 0
0 0 0
0 0 0
0 0 0
0 0 0
0 0 0
0 0 0
0 0 0
0 0 0
0 0 0
0 0 0
0 0 0
0 0 0
0 0 0
0 0 0
0 0 0
0 0 0
0 0 0
0 0 0
0 0 0
0 0 0
0 0 0
0 0 0
0 0 0
0 0 0
0 0 0
0 0 0
0 0 0
0 0 0
0 0 0
0 0 0
0 0 0
0 0 0
0 0 0
0 0 0
0 0 0
0 0 0
0 0 0
0 0 0
0 0 0
0 0 0
0 0 0
0 0 0
0 0 0
0 0 0
0 0 0
0 0 0
0 0 0
0 0 0
0 0 0
0 0 0
0 0 0
0 0 0
0 0 0
0 0 0
0 0 0
0 0 0
0 0 0
0 0 0
0 0 0
0 0 0
0 0 0
0 0 0
0 0 0
0 0 0
0 0 0
0 0 0
0 0 0
0 0 0
0 0 0
0 0 0
0 0 0
0 0 0
0 0 0
0 0 0
0 0 0
0 0 0
0 0 0
0 0 0
0 0 0
0 0 0
0 0 0
0 0 0
0 0 0
0 0 0
0 0 0
0 0 0
0 0 0
0 0 0
0 0 0
0 0 0
0 0 0
0 0 0
0 0 0
0 0 0
0 0 0
0 0 0
0 0 0
0 0 0
0 0 0
0 0 0
0 0 0
0 0 0
0 0 0
0 0 0
0 0 0
0 0 0
0 0 0
0 0 0
0 0 0
0 0 0
0 0 0
0 0 0
0 0 0
0 0 0
0 0 0
0 0 0
0 0 0
0 0 0
0 0 0
0 0 0
0 0 0
0 0 0
0 0 0
0 0 0
0 0 0
0 0 0
0 0 0
0 0 0
0 0 0
0 0 0
0 0 0
0 0 0
0 0 0
0 0 0
0 0 0
0 0 0
0 0 0
0 0 0
0 0 0
0 0 0
0 0 0
0 0 0
0 0 0
0 0 0
0 0 0
0 0 0
0 0 0
0 0 0
0 0 0
0 0 0
0 0 0
0 0 0
0 0 0
0 0 0
0 0 0
0 0 0
0 0 0
0 0 0
0 0 0
0 0 0
0 0 0
0 0 0
0 0 0
0 0 0
0 0 0
0 0 0
0 0 0
0 0 0
0 0 0
0 0 0
0 0 0
0 0 0
0 0 0
0 0 0
0 0 0
0 0 0
0 0 0
0 0 0
0 0 0
0 0 0
0 0 0
0 0 0
0 0 0
0 0 0
0 0 0
0 0 0
0 0 0
0 0 0
0 0 0
0 0 0
0 0 0
0 0 0
0 0 0
0 0 0
0 0 0
0 0 0
0 0 0
0 0 0
0 0 0
0 0 0
0 0 0
0 0 0
0 0 0
0 0 0
0 0 0
0 0 0
0 0 0
0 0 0
0 0 0
0 0 0
0 0 0
0 0 0
0 0 0
0 0 0
0 0 0
0 0 0
0 0 0
0 0 0
0 0 0
0 0 0
0 0 0
0 0 0
0 0 0
0 0 0
0 0 0
0 0 0
0 0 0
0 0 0
0 0 0
0 0 0
0 0 0
0 0 0
0 0 0
0 0 0
0 0 0
0 0 0
0 0 0
0 0 0
0 0 0
0 0 0
0 0 0
0 0 0
0 0 0
0 0 0
0 0 0
0 0 0
0 0 0
0 0 0
0 0 0
0 0 0
0 0 0
0 0 0
0 0 0
0 0 0
0 0 0
0 0 0
0 0 0
0 0 0
0 0 0
0 0 0
0 0 0
0 0 0
0 0 0
0 0 0
0 0 0
0 0 0
0 0 0
0 0 0
0 0 0
0 0 0
0 0 0
0 0 0
0 0 0
0 0 0
0 0 0
0 0 0
0 0 0
0 0 0
0 0 0
0 0 0
0 0 0
0 0 0
0 0 0
0 0 0
0 0 0
0 0 0
0 0 0
0 0 0
0 0 0
0 0 0
0 0 0
0 0 0
0 0 0
0 0 0
0 0 0
0 0 0
0 0 0
0 0 0
0 0 0
0 0 0
0 0 0
0 0 0
0 0 0
0 0 0
0 0 0
0 0 0
0 0 0
0 0 0
0 0 0
0 0 0
0 0 0
0 0 0
0 0 0
0 0 0
0 0 0
0 0 0
0 0 0
0 0 0
0 0 0
0 0 0
0 0 0
0 0 0
0 0 0
0 0 0
0 0 0
0 0 0
0 0 0
0 0 0
0 0 0
0 0 0
0 0 0
0 0 0
0 0 0
0 0 0
0 0 0
0 0 0
0 0 0
0 0 0
0 0 0
0 0 0
0 0 0
0 0 0
0 0 0
0 0 0
0 0 0
0 0 0
0 0 0
0 0 0
0 0 0
0 0 0
0 0 0
0 0 0
0 0 0
0 0 0
0 0 0
0 0 0
0 0 0
0 0 0
0 0 0
0 0 0
0 0 0
0 0 0
0 0 0
0 0 0
0 0 0
0 0 0
0 0 0
0 0 0
0 0 0
0 0 0
0 0 0
0 0 0
0 0 0
0 0 0
0 0 0
0 0 0
0 0 0
0 0 0
0 0 0
0 0 0
0 0 0
0 0 0
0 0 0
0 0 0
0 0 0
0 0 0
0 0 0
0 0 0
0 0 0
0 0 0
0 0 0
0 0 0
0 0 0
0 0 0
0 0 0
0 0 0
0 0 0
0 0 0
0 0 0
0 0 0
0 0 0
0 0 0
0 0 0
0 0 0
0 0 0
0 0 0
0 0 0
0 0 0
0 0 0
0 0 0
0 0 0
0 0 0
0 0 0
0 0 0
0 0 0
0 0 0
0 0 0
0 0 0
0 0 0
0 0 0
0 0 0
0 0 0
0 0 0
0 0 0
0 0 0
0 0 0
0 0 0
0 0 0
0 0 0
0 0 0
0 0 0
0 0 0
0 0 0
0 0 0
0 0 0
0 0 0
0 0 0
0 0 0
0 0 0
0 0 0
0 0 0
0 0 0
0 0 0
0 0 0
0 0 0
0 0 0
0 0 0
0 0 0
0 0 0
0 0 0
0 0 0
0 0 0
0 0 0
0 0 0
0 0 0
0 0 0
0 0 0
0 0 0
0 0 0
0 0 0
0 0 0
0 0 0
0 0 0
0 0 0
0 0 0
0 0 0
0 0 0
0 0 0
0 0 0
0 0 0
0 0 0
0 0 0
0 0 0
0 0 0
0 0 0
0 0 0
0 0 0
0 0 0
0 0 0
0 0 0
0 0 0
0 0 0
0 0 0
0 0 0
0 0 0
0 0 0
0 0 0
0 0 0
0 0 0
0 0 0
0 0 0
0 0 0
0 0 0
0 0 0
0 0 0
0 0 0
0 0 0
0 0 0
0 0 0
0 0 0
0 0 0
0 0 0
0 0 0
0 0 0
0 0 0
0 0 0
0 0 0
0 0 0
0 0 0
0 0 0
0 0 0
0 0 0
0 0 0
0 0 0
0 0 0
0 0 0
0 0 0
0 0 0
0 0 0
0 0 0
0 0 0
0 0 0
0 0 0
0 0 0
