# values of the accuracy parameter


0.0001   
0.000325 
0.00055  
0.000775 
0.0001 
0.000325 
0.00055  
0.000775
0.001 
0.03778947 
0.07457895 
0.11136842 
0.14815789 
0.18494737
0.22173684 
0.25852632 
0.29531579 
0.33210526

# eccentricity of the orbit of the first object

0.2999991804935934
0.29999918310207485
0.2999991863661666
0.2999991822086054
0.29999921462474005
0.29999936742511113
0.29999942490610537
0.2999994806660915
0.29999942490610537
0.29999965144787344
0.29998184485429813
0.29979904274021146
0.2997977527309082
0.29963774838045637
0.2995116745217239
0.29919389632617
0.2986467410484064
0.29817216032857896