680
0
0.0014705882352941176 0.6410550070015836 -0.010000320276961603 0.25645960708275334 0 0 0
0.0014705882352941176 -0.5786215959088653 0.2843027013537731 -0.18648231472731555 0 0 0
0.0014705882352941176 -0.16246264829028104 -0.1146919163575815 0.16270340775972902 0 0 0
0.0014705882352941176 -0.15436777341986685 -0.12193993935054225 -0.5281549363312386 0 0 0
0.0014705882352941176 -0.3202179614686919 0.15498528637135625 -0.28283106803994074 0 0 0
0.0014705882352941176 -0.5288598159075127 0.13149073048105828 0.25087994827956644 0 0 0
0.0014705882352941176 -0.46509362632585455 -0.15330602922912218 0.38214787879828704 0 0 0
0.0014705882352941176 -0.5326179415776179 -0.001503670578295858 0.43602674861815444 0 0 0
0.0014705882352941176 0.47462564638713983 0.4741554041730948 0.06878565427802348 0 0 0
0.0014705882352941176 0.1317852847524554 -0.2757833016520911 -0.08167794295498479 0 0 0
0.0014705882352941176 0.5164847456403368 -0.3565903027154789 -0.02491914805368785 0 0 0
0.0014705882352941176 -0.0716693776007745 0.2129458020475632 -0.011066803257119525 0 0 0
0.0014705882352941176 -0.27776706114738087 -0.45068639252992615 0.24016266253465562 0 0 0
0.0014705882352941176 0.2147926012607763 0.421849444953473 -0.28732861013957056 0 0 0
0.0014705882352941176 -0.07602023324421088 -0.051636122290239 0.5114262699143614 0 0 0
0.0014705882352941176 -0.47419524512703315 0.38946129034606397 -0.1335019372801642 0 0 0
0.0014705882352941176 0.2686564462343293 0.3039660556685517 0.3908412842142136 0 0 0
0.0014705882352941176 0.15443732371991672 -0.1247781320591189 -0.032574336592095555 0 0 0
0.0014705882352941176 -0.1025197134256219 0.24918465681874638 0.12210890432367671 0 0 0
0.0014705882352941176 -0.6012774422562936 0.2297265010275178 0.1200712000696697 0 0 0
0.0014705882352941176 0.22525474680447516 -0.04628848205886805 -0.3502371877027243 0 0 0
0.0014705882352941176 0.25658474638151674 0.5330394586501911 0.33023832948388643 0 0 0
0.0014705882352941176 0.06566549196112627 -0.14272001393965192 -0.5219544189483468 0 0 0
0.0014705882352941176 0.38962285862319396 -0.4885427934141946 -0.28262057295814663 0 0 0
0.0014705882352941176 -0.14608973827007363 0.6495673432012294 0.11815623689949573 0 0 0
0.0014705882352941176 -0.06641127447046465 -0.18161704383717986 -0.09495029851238361 0 0 0
0.0014705882352941176 -0.3169939007798323 0.09287576054513076 0.5256340484286115 0 0 0
0.0014705882352941176 0.08896358246332399 0.1609811709402129 0.3772780685765204 0 0 0
0.0014705882352941176 0.270403816367502 0.08834169214291936 0.13643295096248284 0 0 0
0.0014705882352941176 -0.2714932622289725 0.30704159633011036 0.4220465239719091 0 0 0
0.0014705882352941176 0.3792923907769793 0.5000374765958464 -0.1837240761671132 0 0 0
0.0014705882352941176 -0.27904276603252737 -0.32882185924238155 -0.46668192137112263 0 0 0
0.0014705882352941176 0.28016928970234023 0.20445993072177543 0.4753996982337662 0 0 0
0.0014705882352941176 -0.044524833191345065 -0.23775949649010047 -0.6212281393034543 0 0 0
0.0014705882352941176 0.008138557477026442 -0.5618297397039147 0.05852213031053235 0 0 0
0.0014705882352941176 -0.4633177435882901 -0.04105880768966637 0.050901458869744204 0 0 0
0.0014705882352941176 0.04121686247709519 -0.4200753047801347 0.04248143195967823 0 0 0
0.0014705882352941176 0.04618932427917298 0.3485835815329409 -0.5247044942082515 0 0 0
0.0014705882352941176 -0.4423622579463656 0.4667260425809028 0.05508698854406272 0 0 0
0.0014705882352941176 0.011877258049420506 0.6049501267207348 -0.12937866249645621 0 0 0
0.0014705882352941176 0.021926690440691086 -0.3828629402575431 -0.22536893412445863 0 0 0
0.0014705882352941176 0.07019355134407758 0.16596513789802414 0.0946939999557342 0 0 0
0.0014705882352941176 0.2702147082619154 0.438735358350623 -0.28594455733662244 0 0 0
0.0014705882352941176 0.028105488175871322 -0.2898081349002945 0.43284576476042846 0 0 0
0.0014705882352941176 -0.011384191329742532 -0.09219999161790401 0.42025931164220615 0 0 0
0.0014705882352941176 -0.23779982866186414 -0.5387795586937985 -0.3247224438637827 0 0 0
0.0014705882352941176 -0.06454402501867253 -0.23549404114119935 -0.4669314132961897 0 0 0
0.0014705882352941176 -0.5673085762295547 0.05505863593994251 -0.09752386003040157 0 0 0
0.0014705882352941176 0.19163889632227604 -0.42706974141512616 0.2228967324375037 0 0 0
0.0014705882352941176 0.4674889269111082 -0.2509192297342059 -0.29732009310293256 0 0 0
0.0014705882352941176 -0.45602460808758877 -0.3740428081114786 0.3214730965889372 0 0 0
0.0014705882352941176 0.06976787322669176 -0.027569476911769718 -0.21674344819706973 0 0 0
0.0014705882352941176 0.42167551608728926 0.26143788066352147 0.3398784518828309 0 0 0
0.0014705882352941176 0.571650933887473 -0.11270569457164006 -0.14997618122257464 0 0 0
0.0014705882352941176 0.315346956196741 -0.02592494740834236 -0.12416429744281565 0 0 0
0.0014705882352941176 -0.4760326132034048 -0.06818012603990255 -0.15570453381834 0 0 0
0.0014705882352941176 -0.6448688332756962 -0.011545284037795792 -0.04035718531439091 0 0 0
0.0014705882352941176 -0.1314900343074554 -0.24183904086100722 0.04703820687413365 0 0 0
0.0014705882352941176 0.437547135092977 -0.0501455864744486 0.022695280819962155 0 0 0
0.0014705882352941176 0.26093098053981445 0.18270440052733997 0.03929917771250338 0 0 0
0.0014705882352941176 -0.23246985286368382 0.5917513989447658 -0.2755307527681226 0 0 0
0.0014705882352941176 0.556899501998013 0.18245992721540807 -0.06024212822290368 0 0 0
0.0014705882352941176 -0.04544983719063179 -0.5588492634431259 0.21830778069494977 0 0 0
0.0014705882352941176 -0.4429110372965316 0.2016082075671753 0.3625037722969943 0 0 0
0.0014705882352941176 -0.04516351024752534 -0.5250179775679482 0.3972015757385353 0 0 0
0.0014705882352941176 0.3921916292113982 -0.34748122385973995 0.32676459290445503 0 0 0
0.0014705882352941176 0.1516569788932128 -0.633974984126917 -0.009505711023567138 0 0 0
0.0014705882352941176 -0.3902148068701465 -0.12868156384344498 -0.17763703734145084 0 0 0
0.0014705882352941176 0.5183536718238563 -0.1602804567726888 0.02451610628138812 0 0 0
0.0014705882352941176 0.043594570785541194 -0.3634200057187525 0.25634227222289524 0 0 0
0.0014705882352941176 -0.5368478051287816 0.3953714417543471 0.17494300540186453 0 0 0
0.0014705882352941176 0.03191170775308523 0.08034731282512321 0.11550388950467862 0 0 0
0.0014705882352941176 0.6416450289574853 0.009860174796416347 -0.24010069329471173 0 0 0
0.0014705882352941176 -0.03513712708229474 0.23425185396548234 0.13036929170521339 0 0 0
0.0014705882352941176 -0.02267283227528908 -0.2412538058583202 -0.2348146911943498 0 0 0
0.0014705882352941176 0.3916395260853428 -0.2709347357518331 -0.015150232880722545 0 0 0
0.0014705882352941176 -0.16201333173248875 0.3524661579088639 0.13610832378135734 0 0 0
0.0014705882352941176 0.20668488407700675 -0.6049471690051121 -0.2065391408998058 0 0 0
0.0014705882352941176 0.6169931694433488 -0.08007324739103357 -0.05063480760537483 0 0 0
0.0014705882352941176 0.18383262772649092 0.15912343390616696 -0.30606119953811456 0 0 0
0.0014705882352941176 0.6047997891413306 -0.32659634407105687 -0.04663841832199749 0 0 0
0.0014705882352941176 0.5437811663913854 0.20473483981188034 -0.23679751170624622 0 0 0
0.0014705882352941176 0.474458995845696 0.29224205747200444 -0.39584251135817367 0 0 0
0.0014705882352941176 -0.49864311306079634 0.39366832284617903 0.06954772589785803 0 0 0
0.0014705882352941176 0.3334018628847671 0.47598772055022903 -0.050525592645680587 0 0 0
0.0014705882352941176 0.3163975671519078 -0.007584933758273114 0.12164288472841002 0 0 0
0.0014705882352941176 -0.24183955479473715 0.12502766114453218 -0.5644721263997249 0 0 0
0.0014705882352941176 -0.01959911558504845 -0.035815788396632985 0.5792152558955552 0 0 0
0.0014705882352941176 -0.14835819593624466 -0.15568090848321142 -0.526289148304332 0 0 0
0.0014705882352941176 -0.5606605643852349 0.13168049800585985 0.09235553749600714 0 0 0
0.0014705882352941176 0.1485330087802366 -0.15752703979091867 0.5793657034501868 0 0 0
0.0014705882352941176 -0.2906263252044891 -0.2887101016052308 -0.44277713835158555 0 0 0
0.0014705882352941176 -0.18190964931550768 -0.01871571875129958 -0.06118293754530403 0 0 0
0.0014705882352941176 -0.04189993640655006 0.03326480064387124 0.2729292972664908 0 0 0
0.0014705882352941176 -0.650488628450451 -0.14232485906611814 -0.03770029169812389 0 0 0
0.0014705882352941176 -0.08605861461038807 0.25110676037587387 0.09332824794900849 0 0 0
0.0014705882352941176 0.3874400336817343 -0.3497368223353499 0.350143970991616 0 0 0
0.0014705882352941176 -0.35908552944054795 0.10332627324461655 -0.1970358674471185 0 0 0
0.0014705882352941176 -0.47447378851802613 -0.3058827733497119 -0.3482768473445029 0 0 0
0.0014705882352941176 -0.10700196566595287 -0.23073852704007478 -0.5672750241308269 0 0 0
0.0014705882352941176 -0.27331363474427084 -0.31044108771701484 0.2429972983061853 0 0 0
0.0014705882352941176 -0.17094102353526858 -0.344669281207093 0.207522582285706 0 0 0
0.0014705882352941176 0.01001598592855447 0.05480104474734413 -0.622231795231904 0 0 0
0.0014705882352941176 0.540781370212541 -0.26072147028574344 -0.24380549999731088 0 0 0
0.0014705882352941176 -0.028673853698806803 -0.15438649759711567 0.5494004952740151 0 0 0
0.0014705882352941176 0.17992989343302865 -0.20809877870657015 -0.1780863456339844 0 0 0
0.0014705882352941176 -0.4849604220199749 -0.03495445485653219 0.2744885751580431 0 0 0
0.0014705882352941176 -0.21674548089732854 0.3628338777530986 -0.3351760158715766 0 0 0
0.0014705882352941176 -0.15323111409748655 -0.04783727931756741 0.3128425307500895 0 0 0
0.0014705882352941176 0.4692579996986987 0.4070359372403392 0.0006258108614281951 0 0 0
0.0014705882352941176 0.21721841513956755 -0.025624202850317843 0.5351000345905269 0 0 0
0.0014705882352941176 -0.11634049164584187 0.4781682859077116 0.18345808188973975 0 0 0
0.0014705882352941176 -0.399629134892428 -0.3609080241698154 -0.1993657906123447 0 0 0
0.0014705882352941176 -0.6113114436184681 0.1697362246852125 0.16407361707414866 0 0 0
0.0014705882352941176 -0.4803384156576114 0.26596013520040473 -0.30086328943177565 0 0 0
0.0014705882352941176 -0.02987274009909109 -0.4500735194220724 0.39354842176729904 0 0 0
0.0014705882352941176 -0.5519343436118821 -0.23012782188420183 0.20421648315181426 0 0 0
0.0014705882352941176 -0.09439488363861202 0.0721210650987202 0.6239863866535292 0 0 0
0.0014705882352941176 -0.5572497579819451 -0.23191666283325604 0.22404302269181348 0 0 0
0.0014705882352941176 0.15485141309412953 0.2612381520549802 0.100264517215272 0 0 0
0.0014705882352941176 0.3053216696384578 0.12017252643620166 0.3321014530992285 0 0 0
0.0014705882352941176 -0.38381610244111747 -0.544238082388383 -0.12075860080460463 0 0 0
0.0014705882352941176 -0.15887995098704644 0.5780989193565202 0.15884090017862787 0 0 0
0.0014705882352941176 0.08378000205075428 0.48654466305451904 -0.05689104189471953 0 0 0
0.0014705882352941176 0.15796890423019677 -0.11444940734299987 -0.3805594941308897 0 0 0
0.0014705882352941176 0.18244520881366114 0.31534019241013705 -0.4468331550050901 0 0 0
0.0014705882352941176 0.4660793988101747 0.2741012676416593 -0.17439523014051986 0 0 0
0.0014705882352941176 0.547903016274012 -0.1469633130727769 0.276983384056297 0 0 0
0.0014705882352941176 -0.09622035537106315 -0.4920735320185813 0.3792378348225836 0 0 0
0.0014705882352941176 -0.16598439517047228 0.13566121689601762 0.08090710577698806 0 0 0
0.0014705882352941176 -0.28474720234075357 0.36568586436470135 -0.4679503766317069 0 0 0
0.0014705882352941176 -0.12853850006583628 0.10663287715244861 -0.5234947697219839 0 0 0
0.0014705882352941176 -0.5810604782669484 0.2756012986876146 -0.24826170180800539 0 0 0
0.0014705882352941176 0.38991001634015054 0.08253386790449017 -0.23348351827998942 0 0 0
0.0014705882352941176 0.38044322016739446 -0.30639927798875627 0.44284135813464415 0 0 0
0.0014705882352941176 -0.3356232706573581 -0.40854756466518716 0.020604247618516983 0 0 0
0.0014705882352941176 -0.10021613002277253 -0.2597635593323561 -0.6044354962569142 0 0 0
0.0014705882352941176 -0.48277175719562726 0.03628741936875827 -0.17977214065328814 0 0 0
0.0014705882352941176 -0.28344696792679 0.5588892110767516 -0.2769785076026437 0 0 0
0.0014705882352941176 -0.08375952548635522 0.5715215308172664 0.1664658802479626 0 0 0
0.0014705882352941176 -0.3755878442706364 -0.29863388881067676 0.24559311525451796 0 0 0
0.0014705882352941176 -0.07653122874467988 0.5720112184979946 -0.2404599178275202 0 0 0
0.0014705882352941176 0.33075525055279437 0.13184306336470453 -0.10259690645105465 0 0 0
0.0014705882352941176 -0.15280016067265706 0.18161428236800545 0.36952926151874044 0 0 0
0.0014705882352941176 -0.18702874095129698 -0.48608614449307336 0.37598313284228374 0 0 0
0.0014705882352941176 -0.05374826915392359 0.026014977161428324 -0.48360074852045537 0 0 0
0.0014705882352941176 -0.03749422417718773 0.24547866735624077 -0.1418068354294844 0 0 0
0.0014705882352941176 0.3095159510699231 -0.3227837076377697 0.17509327566507524 0 0 0
0.0014705882352941176 0.3570059745020004 -0.2193364901416287 -0.09272015817093551 0 0 0
0.0014705882352941176 -0.06256548770156689 -0.3084800253434278 -0.299290323412945 0 0 0
0.0014705882352941176 -0.5584530078567205 -0.254703889536541 0.019321616692878785 0 0 0
0.0014705882352941176 0.1345199324400493 -0.2647728459074576 0.3587008013980567 0 0 0
0.0014705882352941176 0.3053966519302873 0.26545941335746853 0.28134315509067437 0 0 0
0.0014705882352941176 -0.4551364551765451 0.18008247410555142 0.24575990996859023 0 0 0
0.0014705882352941176 -0.3623204901348323 0.26932046203454574 0.5160515631644305 0 0 0
0.0014705882352941176 0.19953235997326052 -0.014445970367617524 -0.6537986269674464 0 0 0
0.0014705882352941176 -0.40222312707241153 -0.3497124486104785 -0.21361164488647746 0 0 0
0.0014705882352941176 0.10868703835413679 0.15413855332470713 0.6373215866302256 0 0 0
0.0014705882352941176 -0.08028278291834916 -0.04610608858715238 -0.590297662218013 0 0 0
0.0014705882352941176 -0.41289727694207456 -0.40492795184742775 0.042830623732385 0 0 0
0.0014705882352941176 -0.33703983215201705 0.09367210595649678 0.5338943642200814 0 0 0
0.0014705882352941176 -0.20339333381692964 -0.4157261688548717 -0.11198316934627187 0 0 0
0.0014705882352941176 0.6039759892149461 0.05801811705847729 0.2887555007605067 0 0 0
0.0014705882352941176 -0.42135304257475564 0.15734642733266851 -0.3931540169052362 0 0 0
0.0014705882352941176 -0.3292145853115255 0.2595208320456298 0.37713006078118144 0 0 0
0.0014705882352941176 0.1742553181318162 0.4414020535853804 -0.05822300111640225 0 0 0
0.0014705882352941176 -0.368139389364585 0.16002290577854802 -0.2792894996584313 0 0 0
0.0014705882352941176 -0.27082586496144534 -0.11415862047204701 -0.58566186139587 0 0 0
0.0014705882352941176 0.2100362192116445 -0.06287486968338309 0.40433147866579416 0 0 0
0.0014705882352941176 0.4410760797197854 0.09938567748668249 -0.27197793869771625 0 0 0
0.0014705882352941176 -0.10473165016530418 0.6517915682109524 -0.15308492945106067 0 0 0
0.0014705882352941176 0.02178140657400434 -0.6754895115417752 0.13223945889307387 0 0 0
0.0014705882352941176 -0.336640894846436 0.43514035189170536 -0.32392034502345557 0 0 0
0.0014705882352941176 -0.258282726300888 0.3568337781736408 -0.21148673117076094 0 0 0
0.0014705882352941176 0.13518434472285107 -0.11913332356912647 -0.658110490291962 0 0 0
0.0014705882352941176 -0.33499131443039176 0.42775974206931794 -0.24469524277332824 0 0 0
0.0014705882352941176 -0.31565106019037975 -0.002872596428619188 0.2315899435367076 0 0 0
0.0014705882352941176 -0.39509688066138227 0.3551694357188167 -0.1707632417682616 0 0 0
0.0014705882352941176 -0.2678628862505057 0.29609395400092575 -0.45514367701301955 0 0 0
0.0014705882352941176 0.11228965993476417 0.1763942157149638 0.023212230320194437 0 0 0
0.0014705882352941176 -0.3719790197073959 -0.4513570340643339 -0.0021718492632577264 0 0 0
0.0014705882352941176 -0.4964148126330446 0.4296046996874886 -0.18935834564694926 0 0 0
0.0014705882352941176 0.26478815986364634 0.5305347212275763 -0.053021188088381355 0 0 0
0.0014705882352941176 0.06284782678665865 0.020629580615303286 -0.18286862967845371 0 0 0
0.0014705882352941176 0.5136948325238226 0.02491663059284438 0.23009439658697017 0 0 0
0.0014705882352941176 -0.21278758369548975 -0.2329765338028855 -0.196061720187206 0 0 0
0.0014705882352941176 -0.24757446094469543 -0.572266296068818 0.018502930119901298 0 0 0
0.0014705882352941176 -0.19832926689044292 0.07652220274041925 -0.4752368693689766 0 0 0
0.0014705882352941176 0.047281469988577025 0.37470274489731686 -0.44981057352074977 0 0 0
0.0014705882352941176 0.16413849100806938 0.38812592377369814 0.1507467157162532 0 0 0
0.0014705882352941176 -0.09760294513455642 -0.276729006332084 -0.335408084256283 0 0 0
0.0014705882352941176 0.19794358146054625 0.4484780419106613 -0.37323520828987433 0 0 0
0.0014705882352941176 0.4867803286780722 0.4016893128460749 0.185820623541852 0 0 0
0.0014705882352941176 -0.10426329311959591 -0.3920503485545651 0.14199943214433283 0 0 0
0.0014705882352941176 0.2645695766078311 0.38344530679872496 0.47268753153422244 0 0 0
0.0014705882352941176 0.1450836751881353 -0.6413702615308617 -0.11364994451288711 0 0 0
0.0014705882352941176 -0.17815695442968643 0.1839873445693496 0.13822094987891673 0 0 0
0.0014705882352941176 -0.5004934344625382 -0.02882547890036007 -0.47657918012772055 0 0 0
0.0014705882352941176 0.47186624190457777 0.25220873020005025 -0.18341865038816993 0 0 0
0.0014705882352941176 0.5042929909310983 -0.2304391328174763 -0.31136682727604315 0 0 0
0.0014705882352941176 0.16189622201309842 0.3121502032591987 0.38535760691247456 0 0 0
0.0014705882352941176 -0.06952008607953512 0.038323619443764 0.20142380582002226 0 0 0
0.0014705882352941176 0.2951899016242679 0.3501009830443784 -0.4610825513963374 0 0 0
0.0014705882352941176 -0.17191538678298293 0.06910632656515472 -0.003639126689844365 0 0 0
0.0014705882352941176 -0.004911995851916429 -0.5748662684245225 0.10841117464279719 0 0 0
0.0014705882352941176 0.4328355281765767 0.3033050989020542 0.056644916740592514 0 0 0
0.0014705882352941176 -0.5601439879181254 0.132213855843299 0.11830017754792374 0 0 0
0.0014705882352941176 -0.08749746343482018 0.20858821725139395 -0.3757343261327305 0 0 0
0.0014705882352941176 -0.34240853001910604 0.22576130603006894 -0.2253308406008561 0 0 0
0.0014705882352941176 0.040099477596550116 0.2975917459093477 0.044002054110590015 0 0 0
0.0014705882352941176 -0.5651599761007678 0.3059414785905002 0.24427254295395964 0 0 0
0.0014705882352941176 0.2215916176571324 0.23463664747191443 0.3796728160704375 0 0 0
0.0014705882352941176 -0.47167418061250815 -0.2697422679194743 -0.31206067582227487 0 0 0
0.0014705882352941176 0.026372271952986956 0.6496975233809732 -0.1013681098630121 0 0 0
0.0014705882352941176 0.0896248484147885 0.055418163625542284 0.14154128357422835 0 0 0
0.0014705882352941176 0.014916126496725475 -0.20832829655717405 0.08145563107788692 0 0 0
0.0014705882352941176 -0.4950466612451303 0.33113490456634465 0.34149006261649867 0 0 0
0.0014705882352941176 0.06568874593893743 -0.0553642263072992 -0.5187600800905593 0 0 0
0.0014705882352941176 0.1392242078202064 -0.3303945745434232 0.5418615908804413 0 0 0
0.0014705882352941176 0.005241679082780194 -0.4422214840737015 0.4581994290344087 0 0 0
0.0014705882352941176 0.04584465084967028 -0.3600662895115956 0.03959334871382657 0 0 0
0.0014705882352941176 0.13977869578297644 -0.11231498677058434 0.45885589607505184 0 0 0
0.0014705882352941176 0.17466415943984312 -0.1933509586199291 0.01891454076700746 0 0 0
0.0014705882352941176 -0.2190992441432061 -0.6206357560625151 -0.21222084972994887 0 0 0
0.0014705882352941176 -0.07681108072206766 -0.40357396155200215 -0.37205089409319236 0 0 0
0.0014705882352941176 0.5354850361984964 -0.12911474086074312 0.1737115826036993 0 0 0
0.0014705882352941176 -0.4538726490140618 0.3626129718410889 -0.11177729791297542 0 0 0
0.0014705882352941176 0.04781262467304316 0.2938854044054752 -0.21560786949781785 0 0 0
0.0014705882352941176 0.367165620405216 -0.48531400893743093 0.2503318832640402 0 0 0
0.0014705882352941176 0.06918813217938237 -0.24244554679690816 0.49421903040429443 0 0 0
0.0014705882352941176 -0.16024843049595014 -0.5582619448141978 0.07502288635899446 0 0 0
0.0014705882352941176 -0.11836167802547334 0.008757464870034233 -0.2736182418378886 0 0 0
0.0014705882352941176 0.25037820124856 -0.29746250965024446 0.3086697400764937 0 0 0
0.0014705882352941176 -0.573552293060169 0.12497139499091296 0.18582777291020472 0 0 0
0.0014705882352941176 0.36353799803572273 -0.06673358246977136 -0.1553120906435865 0 0 0
0.0014705882352941176 0.19981613883335064 -0.3829028777728917 -0.4994734756185426 0 0 0
0.0014705882352941176 -0.4079050010139937 0.28609913636830303 0.23462204212835222 0 0 0
0.0014705882352941176 -0.0021135255715648902 0.10668012203269334 0.2030428757210588 0 0 0
0.0014705882352941176 -0.022343564455870803 -0.19310044883892102 -0.35866204425249887 0 0 0
0.0014705882352941176 -0.2552504301787658 -0.15800210465610157 -0.25889505546162184 0 0 0
0.0014705882352941176 0.061103592379890714 0.19173758342133554 -0.10087541289983996 0 0 0
0.0014705882352941176 0.03978427739690777 -0.34705931646074734 0.5216716665450213 0 0 0
0.0014705882352941176 0.5067943075929447 0.1719595120167183 -0.412658488246829 0 0 0
0.0014705882352941176 -0.34549709738756396 -0.05738333849894941 -0.5177713176532934 0 0 0
0.0014705882352941176 -0.10120945286631461 -0.3157326164555117 0.4630193679682569 0 0 0
0.0014705882352941176 0.07660114646761126 0.005407435572917973 -0.5696702222677971 0 0 0
0.0014705882352941176 -0.4129715195985451 -0.28201203636812133 -0.34175045917719366 0 0 0
0.0014705882352941176 -0.22244223464685348 -0.018347590399227086 0.4978800270953045 0 0 0
0.0014705882352941176 -0.6422768279578145 0.06436561010611098 -0.01536085996956525 0 0 0
0.0014705882352941176 -0.10632737998018585 -0.49471459500712106 -0.17190608847344502 0 0 0
0.0014705882352941176 0.4202089956753114 0.1364808146972462 -0.16789421402774274 0 0 0
0.0014705882352941176 0.12298517062662816 0.5940761236398877 -0.035973674479826925 0 0 0
0.0014705882352941176 -0.3447070987472094 -0.4260169975893071 0.28582022848696237 0 0 0
0.0014705882352941176 -0.33188824317223853 -0.001222921318016364 -0.226179998201238 0 0 0
0.0014705882352941176 -0.2361974931906864 -0.10792791944666758 -0.10115392663340766 0 0 0
0.0014705882352941176 -0.24315731824769374 0.17619314591164706 -0.38723363479879247 0 0 0
0.0014705882352941176 -0.42494399045441245 0.34968316390920023 0.3756843190510688 0 0 0
0.0014705882352941176 0.2848851341731102 -0.35775984985386955 -0.25210876272481736 0 0 0
0.0014705882352941176 -0.24824789221189886 0.2546822893212929 0.0628201682811528 0 0 0
0.0014705882352941176 0.4654971633154072 -0.4387784165349064 0.11392269136850201 0 0 0
0.0014705882352941176 -0.21559885512117283 0.10134985002177617 -0.4929072651983746 0 0 0
0.0014705882352941176 0.2671225696584252 -0.31616200974916425 -0.47268629039799004 0 0 0
0.0014705882352941176 0.4374716222104462 0.12682721463293514 -0.14920172798010595 0 0 0
0.0014705882352941176 0.2519463117574342 -0.204211731774669 0.5370376420537555 0 0 0
0.0014705882352941176 0.14032376053595289 0.09928451659685698 -0.4598174999034871 0 0 0
0.0014705882352941176 0.13750232506085383 -0.5336409823417109 0.1027893498550332 0 0 0
0.0014705882352941176 0.14239491000289195 0.5207004927568305 0.3908102816061854 0 0 0
0.0014705882352941176 -0.3854113732146119 0.17005385011575871 0.48605499995216017 0 0 0
0.0014705882352941176 -0.20080811969331538 0.39377392409487966 0.5100718697636838 0 0 0
0.0014705882352941176 0.5222782447954812 0.31317309351317774 -0.18315803250761076 0 0 0
0.0014705882352941176 0.564514443226825 -0.09486472775526009 -0.026890022120317998 0 0 0
0.0014705882352941176 -0.4657837734243863 0.3420543730941211 -0.16367166202507913 0 0 0
0.0014705882352941176 -0.2894034994979863 -0.48103759867966983 -0.038758901211609596 0 0 0
0.0014705882352941176 -0.5426967629452821 0.24849161380090576 0.09686231491369482 0 0 0
0.0014705882352941176 -0.04344658708153318 -0.5322077773971997 -0.0032204060651668085 0 0 0
0.0014705882352941176 0.008830226163181444 0.3148151662534442 -0.3822747264406053 0 0 0
0.0014705882352941176 0.4581214460280607 -0.401378050859479 -0.2359958399848071 0 0 0
0.0014705882352941176 0.06767264359744565 -0.22428042992890673 -0.09569758544626158 0 0 0
0.0014705882352941176 -0.38728348568897975 0.3809824851720601 -0.2532698863219858 0 0 0
0.0014705882352941176 -0.38848134482563507 -0.24045113727868614 0.1811018670440555 0 0 0
0.0014705882352941176 -0.3043108568161844 -0.433167829687248 0.3273822978768646 0 0 0
0.0014705882352941176 0.5815960877866944 -0.19020953693100842 -0.2607204146504914 0 0 0
0.0014705882352941176 0.2586483262806443 0.4855655018773638 0.38188349332288146 0 0 0
0.0014705882352941176 0.20764293686984583 -0.5509958919012476 -0.30475151366796704 0 0 0
0.0014705882352941176 -0.15028629451595205 0.16822110958693473 -0.4684967250942596 0 0 0
0.0014705882352941176 -0.06734332358028036 -0.16524177233749252 0.5428780763376143 0 0 0
0.0014705882352941176 0.047661871466456486 -0.3702651995197791 0.3061891230131922 0 0 0
0.0014705882352941176 0.22634587200335196 0.032391803582959226 -0.4988229832950921 0 0 0
0.0014705882352941176 0.3563725772400527 0.3774530856927551 0.04574171070133054 0 0 0
0.0014705882352941176 -0.49447433635130894 -0.04065895185165949 -0.39218055467102003 0 0 0
0.0014705882352941176 -0.3387705707617532 -0.32876161526000597 -0.4338741806573646 0 0 0
0.0014705882352941176 0.2834184165836874 -0.5783659640571136 0.10844299972803659 0 0 0
0.0014705882352941176 0.03583379589133996 -0.28665027563330897 0.018806777106009517 0 0 0
0.0014705882352941176 -0.07610146756568922 -0.4319765444426158 0.4901091133468131 0 0 0
0.0014705882352941176 0.4450103166938548 0.08262209921640633 0.5221470238631096 0 0 0
0.0014705882352941176 -0.2959621292480908 0.37457762642808756 -0.13668239689480444 0 0 0
0.0014705882352941176 0.3222435599879457 0.46565806013257544 -0.2621006805157333 0 0 0
0.0014705882352941176 0.048266972252963725 -0.13852244815322134 -0.4490017610336534 0 0 0
0.0014705882352941176 -0.14344497492887304 -0.31695069709653156 -0.5351987172205122 0 0 0
0.0014705882352941176 0.008281928699462045 -0.13490840750704933 -0.6085920371359813 0 0 0
0.0014705882352941176 0.07058717065725208 0.22846413332153886 -0.6028479460521367 0 0 0
0.0014705882352941176 -0.12797514051184716 0.40067284694742195 0.059496451616102494 0 0 0
0.0014705882352941176 0.42825619533522424 0.39356970354538595 0.18474547112347173 0 0 0
0.0014705882352941176 0.23321937037861065 0.24224664945388888 -0.18463610543707643 0 0 0
0.0014705882352941176 0.47617853402208277 -0.2749717185593877 -0.3304526879635062 0 0 0
0.0014705882352941176 0.10718489183414888 -0.3161128331354017 -0.16516607353418114 0 0 0
0.0014705882352941176 0.03303629767468 -0.07005051977600438 0.3444671416382068 0 0 0
0.0014705882352941176 0.11357026098347532 -0.19120035504788122 0.35737292006613963 0 0 0
0.0014705882352941176 -0.42170382149374835 0.18726823845050344 0.34800456750654774 0 0 0
0.0014705882352941176 -0.2635092258117437 0.21089032554410578 -0.6035986557754461 0 0 0
0.0014705882352941176 0.2834600414642646 0.623323285917549 -0.06788127123248523 0 0 0
0.0014705882352941176 -0.5925054026410107 -0.1490573420586538 0.16385444268508242 0 0 0
0.0014705882352941176 0.3469413610563121 -0.24557627393260437 0.04071269831161921 0 0 0
0.0014705882352941176 0.5472631359134263 0.32333722312106244 -0.18933088681246707 0 0 0
0.0014705882352941176 0.280480448847975 0.35381944767776335 0.31802597735248095 0 0 0
0.0014705882352941176 -0.21737746006408212 0.12596053900162862 -0.5650549164489928 0 0 0
0.0014705882352941176 0.33773996570835013 -0.2720750106840459 -0.2634992246685581 0 0 0
0.0014705882352941176 0.3206165587212149 -0.2349349240773982 -0.004303084177976512 0 0 0
0.0014705882352941176 -0.056826621529901186 0.11319326975843863 -0.3383028295573505 0 0 0
0.0014705882352941176 -0.21894110034220468 -0.21422360758684428 -0.5040602627874966 0 0 0
0.0014705882352941176 0.37355329102608764 -0.22957386879439384 -0.03664316906642548 0 0 0
0.0014705882352941176 0.4951040208691333 -0.3076484950232447 0.045226301764854974 0 0 0
0.0014705882352941176 -0.017050227134262155 0.14405013932834407 0.20356653619752166 0 0 0
0.0014705882352941176 0.04779166489846174 -0.27520926599305784 -0.5745108128032311 0 0 0
0.0014705882352941176 0.3365923063730559 -0.09760221688163798 -0.5437620221052736 0 0 0
0.0014705882352941176 0.2743913982896956 -0.36032445490953846 0.3576532607630357 0 0 0
0.0014705882352941176 0.08392617818856164 -0.059947409945677405 -0.6644481063454639 0 0 0
0.0014705882352941176 0.09885795458337136 0.14572531101342562 -0.20628174134639668 0 0 0
0.0014705882352941176 0.6381357057386807 -0.04033016016562573 0.11351227109734173 0 0 0
0.0014705882352941176 0.06286875808054915 -0.4655005126109381 0.3768629592147995 0 0 0
0.0014705882352941176 0.24777756527622902 0.2149325793207965 -0.08037718659632587 0 0 0
0.0014705882352941176 -0.32707640385661924 0.28612938246685266 -0.332755029149041 0 0 0
0.0014705882352941176 0.5675124098801805 -0.25690195245952013 -0.12884319302840821 0 0 0
0.0014705882352941176 0.05068422489805326 0.19504627193883953 -0.4397233138316015 0 0 0
0.0014705882352941176 0.2653721159170795 -0.338774184096862 -0.26003675751637156 0 0 0
0.0014705882352941176 0.17159196415553987 0.45463640618430373 0.12055590929239186 0 0 0
0.0014705882352941176 -0.46452129608218523 -0.2314158124290734 -0.44662390465430035 0 0 0
0.0014705882352941176 -0.4850052307279403 0.27521676756465696 -0.34773936959557566 0 0 0
0.0014705882352941176 -0.10368617518648669 -0.5635804109352018 0.25554574642715566 0 0 0
0.0014705882352941176 0.3184765422282142 -0.22058648827702085 -0.5231932115922562 0 0 0
0.0014705882352941176 -0.10689355979513536 0.29720680380892667 -0.25574466526914286 0 0 0
0.0014705882352941176 -0.46768810334222766 0.411174547950351 -0.08239289038570322 0 0 0
0.0014705882352941176 0.07172539143732494 0.299771495282215 0.24842284525921463 0 0 0
0.0014705882352941176 -0.09212043281734539 0.4520074055202197 -0.4807863691132588 0 0 0
0.0014705882352941176 -0.15176970984990976 -0.07308167866433199 -0.5136756907737521 0 0 0
0.0014705882352941176 -0.5406564186429426 0.34289610872288695 0.0623116583862077 0 0 0
0.0014705882352941176 0.38762221229267935 0.05686111481261561 0.009010010203960417 0 0 0
0.0014705882352941176 -0.10444638776599541 0.08013847289011895 -0.5162451833869349 0 0 0
0.0014705882352941176 -0.18849718130102158 0.02386003958173522 0.6616752674852876 0 0 0
0.0014705882352941176 0.6059793102765813 -0.32321411412490175 -0.08222422837542534 0 0 0
0.0014705882352941176 -0.41473939360852674 -0.47432750186981104 0.032079341780151295 0 0 0
0.0014705882352941176 -0.044899870538482115 -0.5071132999256428 0.46139043533516033 0 0 0
0.0014705882352941176 -0.33428818019633355 0.13908626034018676 0.1612180058984437 0 0 0
0.0014705882352941176 -0.230372270468802 -0.078046239049232 0.31895866560523084 0 0 0
0.0014705882352941176 -0.2952676539306483 -0.046385658493868664 0.00913523221946369 0 0 0
0.0014705882352941176 -0.11288780637776619 0.10633665127239479 0.6083156520345369 0 0 0
0.0014705882352941176 -0.18204711861796985 -0.22625207916434045 -0.37956799967647453 0 0 0
0.0014705882352941176 0.0960397219490048 0.6436874718962032 0.15007049057677738 0 0 0
0.0014705882352941176 -0.30479720700028445 0.49092271805495097 0.002545506799807768 0 0 0
0.0014705882352941176 0.20572526992756296 -0.32927219992620904 0.49995385796375363 0 0 0
0.0014705882352941176 -0.35698904480580024 -0.07785646023685232 0.1691851055382385 0 0 0
0.0014705882352941176 0.5023992911431994 -0.08139709595436866 0.1513192575084048 0 0 0
0.0014705882352941176 -0.24437136021679237 0.08698381244581718 0.6022047954672807 0 0 0
0.0014705882352941176 -0.40709176043678363 -0.3455839381290581 0.3397142742349831 0 0 0
0.0014705882352941176 -0.19548792356430525 0.12857599955181834 0.22492669233681242 0 0 0
0.0014705882352941176 0.11314400550795754 0.40332647529070637 -0.4771520797729703 0 0 0
0.0014705882352941176 -0.6118217809351849 0.27275981674553945 0.15519629018667924 0 0 0
0.0014705882352941176 -0.1525956047624577 -0.3980014446614691 -0.40023231806753223 0 0 0
0.0014705882352941176 -0.41832198675972826 0.4731476777850683 0.1892243983139812 0 0 0
0.0014705882352941176 0.25147566985544734 0.3370466919250283 0.0130929381668739 0 0 0
0.0014705882352941176 -0.31021859125153073 0.3645664352608409 -0.09795685599935255 0 0 0
0.0014705882352941176 0.08470281241025444 0.6651028199514918 0.14714008841196555 0 0 0
0.0014705882352941176 0.3530000594641677 0.2842708119869587 0.45076932024427857 0 0 0
0.0014705882352941176 -0.33589360487762493 -0.28998634012783553 0.5091846403819191 0 0 0
0.0014705882352941176 0.06258882926286775 0.08543812704730491 0.4621274286002363 0 0 0
0.0014705882352941176 0.46596308184487795 0.035327528435298676 0.4877354743618204 0 0 0
0.0014705882352941176 0.31316265326670745 0.23707979313770589 -0.456576068617533 0 0 0
0.0014705882352941176 0.0865624451144368 0.30110358965929496 0.30265624986961753 0 0 0
0.0014705882352941176 0.13758025173746563 0.28004849468883336 0.3148918376512981 0 0 0
0.0014705882352941176 0.03208812126617196 0.44673042227674387 -0.09258118591545074 0 0 0
0.0014705882352941176 -0.11483822218581426 -0.3864830116243308 0.05884267609624655 0 0 0
0.0014705882352941176 0.07683619656744962 0.4005760927614784 -0.1619036577114881 0 0 0
0.0014705882352941176 -0.042173298551735294 0.6531675482783865 -0.16355882193015556 0 0 0
0.0014705882352941176 0.09491525438250126 0.03323218886274929 0.5728002631576199 0 0 0
0.0014705882352941176 0.1723128024421534 -0.0315146769870606 0.2515998148170785 0 0 0
0.0014705882352941176 0.1407444544089831 -0.6182473925152127 0.15047246050254484 0 0 0
0.0014705882352941176 -0.15524076057636665 -0.06897918117627645 0.3145711616470436 0 0 0
0.0014705882352941176 -0.16776380191872986 -0.41281663265436636 -0.4894966467016012 0 0 0
0.0014705882352941176 -0.07207604690830594 -0.027096592294909766 0.2807369202904955 0 0 0
0.0014705882352941176 0.24217144064400417 -0.11031155986675267 -0.2356557299579639 0 0 0
0.0014705882352941176 -0.3070805537348432 -0.44083255857435527 0.1457406805094112 0 0 0
0.0014705882352941176 -0.4379201653572369 0.37408558844840495 -0.2950954096139673 0 0 0
0.0014705882352941176 0.11848248479674309 -0.004527539387909657 -0.027085738200695944 0 0 0
0.0014705882352941176 -0.5135506339839202 0.2894707932883361 -0.30590954907347173 0 0 0
0.0014705882352941176 -0.06494664715638362 -0.03524113441574099 0.03739416268912322 0 0 0
0.0014705882352941176 -0.22314657727881176 -0.49225322614559947 0.2089031113043312 0 0 0
0.0014705882352941176 -0.19319874529048844 0.15818637117703163 -0.2808614834001376 0 0 0
0.0014705882352941176 0.0922903729120434 0.19776659021038778 -0.4328197365419738 0 0 0
0.0014705882352941176 0.4426261522413614 -0.519343684246135 -0.047717627382837344 0 0 0
0.0014705882352941176 0.3607734706434462 0.018569677033929626 0.08179391186856376 0 0 0
0.0014705882352941176 -0.32108682904540026 0.435364246875009 -0.15986917133782283 0 0 0
0.0014705882352941176 0.21518866671981163 -0.0597979939259301 0.3633789469013631 0 0 0
0.0014705882352941176 0.11077694871377514 0.38479227436669766 0.42078690640128397 0 0 0
0.0014705882352941176 0.05263011092795964 -0.4655189167594057 -0.08087656084980303 0 0 0
0.0014705882352941176 -0.07695607595502238 0.42856217656214385 -0.0413589861052349 0 0 0
0.0014705882352941176 0.27083483622335125 0.47844886414702076 -0.20832933638200837 0 0 0
0.0014705882352941176 0.03635005137030547 -0.20124651456554993 0.5555307732804295 0 0 0
0.0014705882352941176 -0.39485260626397123 -0.36744509814268883 0.31074084566918586 0 0 0
0.0014705882352941176 0.5027233911692176 -0.2714681986680716 0.2566777912324954 0 0 0
0.0014705882352941176 -0.18451428889573832 -0.026065855428175515 0.43739208438347216 0 0 0
0.0014705882352941176 0.5414492997883233 0.19193498071403942 0.007613179554709853 0 0 0
0.0014705882352941176 -0.13085787711976393 -0.45311915360164656 -0.48373630427680664 0 0 0
0.0014705882352941176 0.05053990129284231 0.3846920848251168 -0.3548313196318007 0 0 0
0.0014705882352941176 -0.22623409496567576 -0.37527263746235656 0.09245769481904108 0 0 0
0.0014705882352941176 0.2705317246126568 -0.22782606870365804 -0.07506941909922717 0 0 0
0.0014705882352941176 -0.36330334543490816 -0.07388528465017413 -0.36507706227703746 0 0 0
0.0014705882352941176 -0.25019434298813387 0.2636357812552826 0.4790187336546797 0 0 0
0.0014705882352941176 -0.2832546171844024 -0.04181725116408134 0.6186113635778404 0 0 0
0.0014705882352941176 0.20074998491040477 0.13684503552095267 0.5953743476240968 0 0 0
0.0014705882352941176 0.10361204329255758 -0.01880114220754328 0.38101245018983376 0 0 0
0.0014705882352941176 -0.07628771753194515 0.16702783166807872 0.3047426492290087 0 0 0
0.0014705882352941176 -0.03127014590516468 -0.5215392018552755 -0.16647100153933114 0 0 0
0.0014705882352941176 0.2547134337554789 0.48876380409396525 0.20547475351462177 0 0 0
0.0014705882352941176 -0.3559625732060514 -0.13243118725998848 0.24129585583574004 0 0 0
0.0014705882352941176 0.3116830290178269 -0.014135912696344741 -0.42945088010913807 0 0 0
0.0014705882352941176 0.25354922273291264 0.2029370716021055 0.4892047045454094 0 0 0
0.0014705882352941176 0.28631032747181473 -0.46969640732507223 0.19950935532881717 0 0 0
0.0014705882352941176 -0.15721199204453276 -0.5295129211649477 0.2668963863919873 0 0 0
0.0014705882352941176 -0.06761906827891648 -0.49180890576974784 0.1892001739575004 0 0 0
0.0014705882352941176 -0.12525753257289016 0.34096022751044525 0.3169495520899586 0 0 0
0.0014705882352941176 0.31889902729968894 -0.2370000076601101 0.30570068559629043 0 0 0
0.0014705882352941176 -0.190591029942067 0.1157417452910142 0.617683576332347 0 0 0
0.0014705882352941176 -0.26299380360289304 0.4336293643464693 0.23776847534482737 0 0 0
0.0014705882352941176 -0.04263353420701028 -0.09971645392507776 0.5801602716895712 0 0 0
0.0014705882352941176 0.05851562571434583 -0.5415225521421958 0.01569960473746354 0 0 0
0.0014705882352941176 -0.25720233035137463 0.05686375781659545 -0.4936649694428085 0 0 0
0.0014705882352941176 -0.10467894340172029 0.23219427061956796 -0.3512426323448308 0 0 0
0.0014705882352941176 -0.09473521211732423 -0.3393511098797524 -0.5551105182310012 0 0 0
0.0014705882352941176 -0.4839975143348171 0.47329948167034214 -0.028105888784023057 0 0 0
0.0014705882352941176 -0.08306996271229103 0.32489333768647455 0.06229616046317381 0 0 0
0.0014705882352941176 0.10674829734685475 -0.020859192379264407 -0.1612884244253188 0 0 0
0.0014705882352941176 -0.25585784371191517 0.1312561191024223 0.46519093968439923 0 0 0
0.0014705882352941176 -0.12093532242949767 0.3620579910649464 -0.5644165442642478 0 0 0
0.0014705882352941176 0.18029015737300028 0.3742194024111092 0.2177872276272964 0 0 0
0.0014705882352941176 -0.1436094732819656 0.2614396246096813 -0.4323196599790107 0 0 0
0.0014705882352941176 0.13646610113342703 0.19177345495243633 0.006649859638793314 0 0 0
0.0014705882352941176 0.39212072509253504 -0.4486434869901025 -0.1257314070808434 0 0 0
0.0014705882352941176 0.16121131808640546 0.3361134818800327 -0.38200403458818893 0 0 0
0.0014705882352941176 -0.08563731690070941 -0.522411623943101 -0.2746961930202703 0 0 0
0.0014705882352941176 0.3750688042047148 -0.26277505173218674 -0.4042612126801419 0 0 0
0.0014705882352941176 0.46048452135607715 -0.09498650957811494 0.11485039834426863 0 0 0
0.0014705882352941176 -0.15488329314388377 0.49044039219362795 -0.3471033173768655 0 0 0
0.0014705882352941176 -0.040092838707431015 0.58432835548961 -0.16109775768954543 0 0 0
0.0014705882352941176 -0.041244541916098595 -0.4753434953143542 0.3178138744817188 0 0 0
0.0014705882352941176 -0.18120547186594332 -0.12250826729451741 -0.6517461462748085 0 0 0
0.0014705882352941176 0.228675580291122 0.5539677277514434 0.1691674548870966 0 0 0
0.0014705882352941176 0.3062213880393672 -0.151664766926377 -0.5315361324064052 0 0 0
0.0014705882352941176 0.09697627604765886 -0.30948180109579654 -0.06178861699720165 0 0 0
0.0014705882352941176 -0.5655672437307123 -0.045366084287173356 0.1958190865777282 0 0 0
0.0014705882352941176 -0.10841717533334176 -0.006039164855518147 -0.4934839648904646 0 0 0
0.0014705882352941176 -0.25811145561592924 -0.2356887904043524 0.5426472726007088 0 0 0
0.0014705882352941176 0.5416812143453744 -0.16204293836435266 0.07744894874640644 0 0 0
0.0014705882352941176 0.40330206732528406 0.20145492025115144 0.3902546611627258 0 0 0
0.0014705882352941176 0.5723866134586355 0.011820482105176685 0.09269493023878228 0 0 0
0.0014705882352941176 -0.06403280640042021 -0.12622742116951766 -0.47910945993683557 0 0 0
0.0014705882352941176 -0.1965599231596559 -0.2548477951217306 0.4745235319278662 0 0 0
0.0014705882352941176 0.1491632112053542 0.362901304231295 0.13688873257113382 0 0 0
0.0014705882352941176 0.27779588566991914 0.538580976796141 0.30989732290957533 0 0 0
0.0014705882352941176 -0.3575609766757094 -0.16726593729477499 -0.13482203413902324 0 0 0
0.0014705882352941176 -0.4347812951418014 0.04194704994274396 -0.3823647750214417 0 0 0
0.0014705882352941176 -0.33404690641568074 0.34939586495573943 -0.2009372675846746 0 0 0
0.0014705882352941176 -0.11286162691227505 -0.07385727502996349 0.5309649715995213 0 0 0
0.0014705882352941176 0.3847613334212663 0.09360866908262318 -0.046678256216616115 0 0 0
0.0014705882352941176 0.3409716602818938 -0.0652954389955176 -0.4200312197253322 0 0 0
0.0014705882352941176 -0.038964242370382596 -0.2762676395655457 0.30424832381638095 0 0 0
0.0014705882352941176 0.48149030277521127 -0.08509684577660814 -0.19906249676931878 0 0 0
0.0014705882352941176 -0.21837072571268348 -0.1118357944742425 -0.5341370756529558 0 0 0
0.0014705882352941176 -0.3633909667167771 0.3233799566585913 0.4359468253072776 0 0 0
0.0014705882352941176 -0.05687046519251616 -0.573876957104869 -0.30203007929846754 0 0 0
0.0014705882352941176 0.34162620774668 -0.13429761423775338 -0.5193749048216864 0 0 0
0.0014705882352941176 0.2799488905988041 -0.4506335597470568 0.3383634178084125 0 0 0
0.0014705882352941176 0.29164447634994406 0.04440664908749818 -0.33138956392517027 0 0 0
0.0014705882352941176 -0.025279324095756357 -0.506025238076776 0.28459315458150075 0 0 0
0.0014705882352941176 0.20041834223905935 -0.12165295380678179 0.020408389886917115 0 0 0
0.0014705882352941176 0.25596623164481425 -0.4950718795637919 0.16973445433937764 0 0 0
0.0014705882352941176 -0.1840805982333965 0.31653227753553714 -0.20735607171527265 0 0 0
0.0014705882352941176 -0.14600955838348229 -0.17618979767515236 -0.10768801101429845 0 0 0
0.0014705882352941176 0.5251640545117536 0.1728205431188407 0.4071337197914088 0 0 0
0.0014705882352941176 -0.2380350876428101 0.5253525646106745 -0.01859852818066573 0 0 0
0.0014705882352941176 -0.24468492582221918 0.15643485281284475 0.4974921049307787 0 0 0
0.0014705882352941176 0.6475129720411592 -0.2118730296365617 0.12580835204538016 0 0 0
0.0014705882352941176 0.3452142574039847 -0.42036615379448755 -0.33042941752032295 0 0 0
0.0014705882352941176 -0.2545530243359168 0.10361570758238782 -0.5292665704606032 0 0 0
0.0014705882352941176 0.4588747620923133 0.3692139610687993 0.1121169132707311 0 0 0
0.0014705882352941176 0.09119886766307893 0.21376473639446783 0.20940815746511662 0 0 0
0.0014705882352941176 -0.3716082780961313 0.27089867523411965 0.05003486193624725 0 0 0
0.0014705882352941176 -0.055393895415822424 0.25699195250584805 -0.010130322993369113 0 0 0
0.0014705882352941176 0.19854037605880823 0.22018629251150748 -0.43752016542731686 0 0 0
0.0014705882352941176 -0.25201502304060136 -0.43948373226498805 0.11894601778858982 0 0 0
0.0014705882352941176 0.2853446481641863 0.551952266055027 -0.1990106179715079 0 0 0
0.0014705882352941176 0.46541514583871074 -0.01033139493306461 0.01862678862463868 0 0 0
0.0014705882352941176 0.4022894409869083 -0.4283163024639034 0.3168376610766975 0 0 0
0.0014705882352941176 -0.6465285023909568 -0.13347989731181747 0.1543742353352811 0 0 0
0.0014705882352941176 -0.21320117789738743 0.15803303413294764 0.6244270077983082 0 0 0
0.0014705882352941176 0.033695015765845146 0.6366247453496713 -0.19210538202738162 0 0 0
0.0014705882352941176 0.18427553491807516 0.47199842788075963 0.44806646820392393 0 0 0
0.0014705882352941176 -0.5012091682530861 0.10953087025813062 0.23431245331864756 0 0 0
0.0014705882352941176 0.1292274985399598 0.2459470859638278 -0.3575410671345564 0 0 0
0.0014705882352941176 0.6202031395112115 0.26928815698046965 -0.08960303628918587 0 0 0
0.0014705882352941176 0.2563538509516815 -0.3083627582756914 0.42897107129710804 0 0 0
0.0014705882352941176 -0.021267169560338427 0.2419667976295772 -0.1639319241695517 0 0 0
0.0014705882352941176 -0.12747224145741876 0.15943151505865955 -0.05686118078373894 0 0 0
0.0014705882352941176 0.3172454649999199 0.41516745750372186 0.049761575908896065 0 0 0
0.0014705882352941176 0.11075166736391913 -0.539692395140265 0.39477834963803654 0 0 0
0.0014705882352941176 0.0993946345250534 -0.32019771041456013 -0.17103041488256193 0 0 0
0.0014705882352941176 0.3403692099669346 0.0065931428242779295 -0.36691725317722185 0 0 0
0.0014705882352941176 -0.6538753584290288 0.18862730302474098 0.00926725696211817 0 0 0
0.0014705882352941176 0.15511488958736336 0.0002117718746369999 -0.553749342698337 0 0 0
0.0014705882352941176 0.11102842524568744 -0.005614978652311598 -0.09101165685759069 0 0 0
0.0014705882352941176 -0.38530592581802764 -0.5452908054282165 -0.017825858760375558 0 0 0
0.0014705882352941176 -0.2696270772250854 0.26463665111727885 -0.370947972869477 0 0 0
0.0014705882352941176 0.2667165343251223 0.6067935837442807 -0.04434709864950439 0 0 0
0.0014705882352941176 -0.21784640181193998 -0.2287411409469181 -0.29975982179305666 0 0 0
0.0014705882352941176 -0.4125061221259836 0.22851509547462198 -0.3323667447406975 0 0 0
0.0014705882352941176 0.04071023339601745 0.24256698416667546 0.5731543081437227 0 0 0
0.0014705882352941176 0.17743324099128796 0.3615953915646152 -0.20739652764569927 0 0 0
0.0014705882352941176 0.08092231664046368 -0.29157411864618543 0.17110807517917503 0 0 0
0.0014705882352941176 0.38731957512829696 -0.13218424079048782 -0.1287287987202687 0 0 0
0.0014705882352941176 0.28602130687597344 0.08156842228960302 -0.26709374448339196 0 0 0
0.0014705882352941176 0.5066747392537388 -0.25502990876954146 -0.29207546531112705 0 0 0
0.0014705882352941176 0.3315460032440638 -0.4370417759452539 -0.3178653926182858 0 0 0
0.0014705882352941176 0.06325425697262467 0.3777977887357036 0.44877079301416267 0 0 0
0.0014705882352941176 -0.10733366569366956 -0.306937290003758 0.30775034165628185 0 0 0
0.0014705882352941176 -0.285604672382175 -0.002427733028665526 -0.11491570051539182 0 0 0
0.0014705882352941176 -0.40684142402940804 -0.42252875258785794 0.2987143034761582 0 0 0
0.0014705882352941176 0.5639362097363965 0.34413705685938323 -0.013454713884282031 0 0 0
0.0014705882352941176 0.4910601738058825 -0.04334928488511262 -0.17916169418407576 0 0 0
0.0014705882352941176 -0.21544861172895186 0.125404600773898 0.46468239321239974 0 0 0
0.0014705882352941176 -0.12832052786973783 0.4564917418937879 0.2877196860073135 0 0 0
0.0014705882352941176 0.007062772053117743 0.028630167059937494 -0.5134609780977155 0 0 0
0.0014705882352941176 0.11812908054221682 -0.49189642981265985 0.17702591590934394 0 0 0
0.0014705882352941176 0.20634795939461592 0.5684676130355876 0.30740067440806323 0 0 0
0.0014705882352941176 0.1448625794706317 -0.26145352589109705 -0.07862568163069787 0 0 0
0.0014705882352941176 -0.22912358356067292 0.1813391554532481 -0.41962860207770075 0 0 0
0.0014705882352941176 -0.302790290184837 0.03789468935489121 0.13376285324015877 0 0 0
0.0014705882352941176 -0.2443559195061501 -0.44220998025247826 -0.22339362160395115 0 0 0
0.0014705882352941176 -0.4520009410704213 0.22205843528150004 -0.3804692006853423 0 0 0
0.0014705882352941176 0.398076454542978 -0.045123669511722274 -0.3528038803872041 0 0 0
0.0014705882352941176 -0.0329229965651641 -0.27454904405463637 -0.5437834188137436 0 0 0
0.0014705882352941176 -0.18356356985051644 -0.22596817485592283 0.35924781141434464 0 0 0
0.0014705882352941176 -0.33967598694239914 -0.03219144219627228 0.06520824841386397 0 0 0
0.0014705882352941176 0.5433733846980301 -0.056061375963508284 0.2984602420823383 0 0 0
0.0014705882352941176 0.3491047758245737 -0.5275069250623047 0.24504007726405297 0 0 0
0.0014705882352941176 -0.21106483124400371 0.2611041680960405 -0.1199302007561451 0 0 0
0.0014705882352941176 0.0725924632170509 0.5687948761043476 0.03822157243816165 0 0 0
0.0014705882352941176 0.16296383383263177 -0.47669094911263427 -0.3414122255561108 0 0 0
0.0014705882352941176 -0.1549483296840281 0.034721573186828225 0.4141539588255053 0 0 0
0.0014705882352941176 -0.5525728138349352 0.27323755049747867 -0.2777200211362205 0 0 0
0.0014705882352941176 -0.4253860780772875 0.23852147133157459 0.40154037725324054 0 0 0
0.0014705882352941176 0.4951043055784191 -0.05076031212718223 0.3687813055419908 0 0 0
0.0014705882352941176 0.2115706994531805 -0.3643639270047923 -0.3857269600510324 0 0 0
0.0014705882352941176 -0.2822649746871704 0.024659450679167395 0.348419258069179 0 0 0
0.0014705882352941176 0.5976563286208693 -0.07726305709267824 -0.048316651915375174 0 0 0
0.0014705882352941176 -0.15142269083397747 0.03985744210446403 0.670908468470932 0 0 0
0.0014705882352941176 0.050745998446741096 -0.008461870414606849 -0.20050013356456964 0 0 0
0.0014705882352941176 -0.11202718676666508 -0.14918822410732527 0.3009902235289085 0 0 0
0.0014705882352941176 0.05450997713609967 0.36076812199311564 0.12006664013780974 0 0 0
0.0014705882352941176 -0.6309556487668064 -0.18131803981703448 0.19124277792478558 0 0 0
0.0014705882352941176 0.11573212371370811 0.034886540556026045 -0.013567204896370701 0 0 0
0.0014705882352941176 0.0894199452878366 -0.33246450017191914 -0.17876963174302907 0 0 0
0.0014705882352941176 -0.03663987147286112 -0.6141134059773979 0.10035350126786002 0 0 0
0.0014705882352941176 -0.2773601579354546 0.5197753677087233 0.01055297362602598 0 0 0
0.0014705882352941176 -0.04827777013809085 -0.13424129971033996 0.31488295645689696 0 0 0
0.0014705882352941176 0.10289712021778202 0.17646099489317538 0.12261784298157571 0 0 0
0.0014705882352941176 0.03865920551552469 0.0004963259401458013 -0.485226061512376 0 0 0
0.0014705882352941176 -0.2233630239955531 -0.305820061670508 -0.18773005167236145 0 0 0
0.0014705882352941176 0.4514072919709667 -0.12329872804116371 0.43653704750442174 0 0 0
0.0014705882352941176 -0.03571469778136369 0.651597746190364 0.10087985600429743 0 0 0
0.0014705882352941176 -0.550020702694865 0.32630467720311435 -0.13150789032385896 0 0 0
0.0014705882352941176 -0.1974781484832423 -0.34666754902068386 0.3328388283839154 0 0 0
0.0014705882352941176 0.09089325901601608 -0.2637799190986145 -0.03988356543287963 0 0 0
0.0014705882352941176 0.43400132777925504 0.480277366895763 -0.20331886503822316 0 0 0
0.0014705882352941176 0.026092669874647142 -0.10079478148062676 -0.006250700717420314 0 0 0
0.0014705882352941176 -0.3064214807586823 -0.10614829451426368 0.40164363253264035 0 0 0
0.0014705882352941176 0.12463088750454329 -0.10597692582033819 -0.48397433826887476 0 0 0
0.0014705882352941176 -0.3205330913222127 -0.007740827152198729 0.12267989977163467 0 0 0
0.0014705882352941176 0.3190118777093663 0.6026270242773547 -0.05892653799899428 0 0 0
0.0014705882352941176 0.3187934616208119 -0.2473849611691672 0.1880210575703808 0 0 0
0.0014705882352941176 0.31694147308675297 -0.5839625224618378 0.07057147123533526 0 0 0
0.0014705882352941176 0.3679233163759716 0.33384277801287093 0.2430983941267935 0 0 0
0.0014705882352941176 -0.09132049148828786 -0.2510231918973681 0.36530730615531093 0 0 0
0.0014705882352941176 0.03648872994903608 0.4590666566780667 -0.20881474923945595 0 0 0
0.0014705882352941176 0.30444650801069795 0.5608838868900649 -0.26135422112468354 0 0 0
0.0014705882352941176 0.16393950482566388 -0.21729360851968113 -0.3828935701934058 0 0 0
0.0014705882352941176 -0.3806189963954463 0.009420347809151729 -0.14816920903954955 0 0 0
0.0014705882352941176 -0.16755964462069547 0.3563286260519285 -0.30751210661625844 0 0 0
0.0014705882352941176 0.2680911831000125 0.30159231588812585 0.1441180912889968 0 0 0
0.0014705882352941176 -0.6648431922672656 0.1169951928247329 0.12495071103431478 0 0 0
0.0014705882352941176 0.029103801427263074 0.2419232360120778 0.42078878654874163 0 0 0
0.0014705882352941176 0.4449320769690467 0.02779488793861675 0.2608935608420402 0 0 0
0.0014705882352941176 0.3364706216207357 -0.06495958039179574 -0.3095418958170621 0 0 0
0.0014705882352941176 -0.1568014966359621 0.1885949259825911 -0.24175480630090107 0 0 0
0.0014705882352941176 -0.6126709826346853 0.06096547268675064 -0.11805257172150728 0 0 0
0.0014705882352941176 0.13034500004978317 0.26609411582870013 0.0985408779415735 0 0 0
0.0014705882352941176 -0.3312617979968284 0.09332516559627231 -0.023616489966182944 0 0 0
0.0014705882352941176 0.24775174394048916 -0.37526509547187675 0.10105895193612408 0 0 0
0.0014705882352941176 0.06496225426277007 -0.41181904468535674 0.09300664790914186 0 0 0
0.0014705882352941176 -0.3340212005671162 0.019296096843754468 -0.5512186784536401 0 0 0
0.0014705882352941176 0.07998939602034413 0.2491464462285689 0.20189467313120094 0 0 0
0.0014705882352941176 0.01808860323737834 0.06966532249114722 0.03883816259651298 0 0 0
0.0014705882352941176 0.4610186915326435 0.21842931010184086 0.43062984839511237 0 0 0
0.0014705882352941176 0.04258947252330568 0.13983713577132817 -0.6154316565045682 0 0 0
0.0014705882352941176 -0.23864806948195214 -0.5597494928322801 -0.06136261744724443 0 0 0
0.0014705882352941176 0.4144565723782223 -0.10754971289676048 0.42567772226383305 0 0 0
0.0014705882352941176 0.3245515542164367 0.03937211874184081 -0.1691432858734078 0 0 0
0.0014705882352941176 0.42233966235828563 0.4186999305674935 -0.050260623070777354 0 0 0
0.0014705882352941176 0.5892131521229338 -0.018209177582291205 -0.3107816818067892 0 0 0
0.0014705882352941176 -0.3313528808377974 0.1274449185304571 0.19240393152700594 0 0 0
0.0014705882352941176 -0.02576417733307792 0.5448431202573891 -0.4099880140412816 0 0 0
0.0014705882352941176 -0.28015003683411205 -0.3177998328262897 0.475969058529333 0 0 0
0.0014705882352941176 0.08639575719774768 -0.5480643461046739 0.13711972312591353 0 0 0
0.0014705882352941176 0.054405869925925096 -0.059315072133178486 -0.5919998851436874 0 0 0
0.0014705882352941176 -0.3902380921639315 0.06996065465050585 0.47269474748517404 0 0 0
0.0014705882352941176 0.3238340239039293 0.2194246960512339 0.5102087425011494 0 0 0
0.0014705882352941176 0.17020121099533764 -0.06748946432625531 0.20007141064473916 0 0 0
0.0014705882352941176 0.34106331900460124 0.2802568037880671 -0.4123879092205712 0 0 0
0.0014705882352941176 -0.5682434830166146 -0.20219152615939495 -0.04934774015526908 0 0 0
0.0014705882352941176 0.10614729579229355 -0.2865792801139765 0.43967737723328715 0 0 0
0.0014705882352941176 -0.12050411343346955 0.07390391344846142 -0.6562937077070405 0 0 0
0.0014705882352941176 0.15284086797031698 -0.5138601306792688 0.1451169701183337 0 0 0
0.0014705882352941176 0.10677724440070867 -0.6082889379856653 -0.036158134411873114 0 0 0
0.0014705882352941176 0.11262379078063965 -0.11800344185260819 -0.35337533922734593 0 0 0
0.0014705882352941176 -0.22267323168650813 0.07533076917911292 0.4452122702990357 0 0 0
0.0014705882352941176 -0.033571967624099606 0.6142379165895264 0.02121639006668034 0 0 0
0.0014705882352941176 0.2905391922697266 0.07799546573307006 0.5567565014008443 0 0 0
0.0014705882352941176 0.1906120925511756 -0.05978941810940815 0.1011010665320085 0 0 0
0.0014705882352941176 0.007501559867850562 -0.5860914637799092 -0.05513966561123409 0 0 0
0.0014705882352941176 -0.20070613206499555 -0.2900585221517163 0.5863646600171534 0 0 0
0.0014705882352941176 -0.07790310000014891 0.28352278446651663 -0.5974143597494087 0 0 0
0.0014705882352941176 0.3676814649674216 0.01839528345199201 -0.49206381254337156 0 0 0
0.0014705882352941176 -0.17211538507779967 0.34451611554278105 0.46791266634537865 0 0 0
0.0014705882352941176 0.5347616510280426 0.20084062837454797 0.15248465214208917 0 0 0
0.0014705882352941176 0.03788671598197489 -0.5044332305214113 0.44701696860716794 0 0 0
0.0014705882352941176 0.042379231094584184 -0.008912875972224395 -0.08483941279082605 0 0 0
0.0014705882352941176 0.4509543219365032 0.2818576556519462 0.38728280453899133 0 0 0
0.0014705882352941176 -0.1944481996349406 0.15027660406646928 -0.21979685053401585 0 0 0
0.0014705882352941176 0.2616511865300701 0.40588034317506017 0.20110521277400586 0 0 0
0.0014705882352941176 -0.4060557892078703 0.23104352064028158 0.1066583546861333 0 0 0
0.0014705882352941176 0.2128261279092222 0.35205897804662156 -0.3347723217685661 0 0 0
0.0014705882352941176 0.11287847364593713 0.5196178683150257 0.08361049185288762 0 0 0
0.0014705882352941176 0.07884378635136176 0.3903281439383302 -0.45330278285663894 0 0 0
0.0014705882352941176 0.2132510239270852 0.41826066001068163 0.03709620371363313 0 0 0
0.0014705882352941176 0.46844684435514783 -0.01850122512094025 0.13755000205592094 0 0 0
0.0014705882352941176 -0.43142590250240825 -0.3304651097594743 0.19812043416453803 0 0 0
0.0014705882352941176 0.08506998174182846 -0.42370011138029 0.042136189746371434 0 0 0
0.0014705882352941176 -0.2509281273816073 0.29242121073852784 0.10586612656909866 0 0 0
0.0014705882352941176 -0.27095898221462456 -0.13933565833899894 -0.18605162578765452 0 0 0
0.0014705882352941176 -0.2747246500400735 0.6210128332426965 0.085762494571204 0 0 0
0.0014705882352941176 -0.021265164476744727 -0.30349979718093323 0.526611291691248 0 0 0
0.0014705882352941176 0.15232179616054853 0.28808320163629814 -0.607076102476426 0 0 0
0.0014705882352941176 -0.27896299616569115 -0.2429617669189387 -0.14113376250268414 0 0 0
0.0014705882352941176 -0.5191076813065464 -0.38695061413342696 0.06737594723244879 0 0 0
0.0014705882352941176 -0.3865707248973995 -0.48491525684165115 0.03043659321492425 0 0 0
0.0014705882352941176 -0.2899118767898157 0.4040860293558749 0.35072309496466686 0 0 0
0.0014705882352941176 0.30937635023397486 0.17110938643102006 -0.2996105580256762 0 0 0
0.0014705882352941176 0.290234968673121 -0.38190373500395736 -0.006395694395994975 0 0 0
0.0014705882352941176 -0.09247845810433901 -0.31615974907792915 0.1020961171153362 0 0 0
0.0014705882352941176 0.37877843294981933 0.10926013003013138 -0.050559529507871445 0 0 0
0.0014705882352941176 -0.05267130508376734 0.12322608060639208 0.6463738041466723 0 0 0
0.0014705882352941176 0.5578545162931532 -0.11238281818380204 -0.3617864924381655 0 0 0
0.0014705882352941176 -0.2162515749406294 0.06883122705001908 -0.21788953858586482 0 0 0
0.0014705882352941176 0.45144864597080153 -0.3998014144556695 -0.1446710811273702 0 0 0
0.0014705882352941176 0.3313139972809183 -0.5735550926716373 0.03574113240856196 0 0 0
0.0014705882352941176 0.19541485051852514 0.417354984886182 0.228039385785106 0 0 0
0.0014705882352941176 0.044260044417707346 -0.1700727511262771 -0.4643181844419406 0 0 0
0.0014705882352941176 0.3458872957092541 -0.03257877748963595 -0.4878421942675358 0 0 0
0.0014705882352941176 0.2340269554856672 0.18910003470834405 0.5363492264046695 0 0 0
0.0014705882352941176 0.5100046378299837 -0.3928682899979219 0.1055626846000568 0 0 0
0.0014705882352941176 0.2498508307459366 -0.17823819684315356 0.6158391232307318 0 0 0
0.0014705882352941176 -0.5486322809314151 0.04584771481041582 -0.05849132671429994 0 0 0
