270
0
0.003703703703703704 -0.2964643955621925 0.1756644649285926 -0.13048970202279822 0 0 0
0.003703703703703704 -0.015302037352240484 0.32980694819285905 0.027367542231415933 0 0 0
0.003703703703703704 -0.6261953736125805 0.1277186336323915 -0.22020402048592705 0 0 0
0.003703703703703704 -0.0035697937878086746 0.017182860873339402 0.6100179268315258 0 0 0
0.003703703703703704 -0.3145860034065234 0.14723380327826327 -0.42500534497525416 0 0 0
0.003703703703703704 0.584711936814954 -0.2645406674158662 -0.07424924916129705 0 0 0
0.003703703703703704 0.11577837203798283 -0.28785468361108774 0.0016669806785740131 0 0 0
0.003703703703703704 -0.5750548186331114 -0.3440031244777953 -0.13766358709238566 0 0 0
0.003703703703703704 -0.43827137982419384 0.16610446349579994 -0.11719913660504835 0 0 0
0.003703703703703704 0.15757395898900978 -0.5364153390602211 -0.39136738633043366 0 0 0
0.003703703703703704 0.1759243696316053 0.4987739010356555 0.2240973354820618 0 0 0
0.003703703703703704 0.35506951081711624 -0.1273735626475801 0.5309998666119708 0 0 0
0.003703703703703704 -0.22814041079067865 0.021478365362146635 -0.6122438528567851 0 0 0
0.003703703703703704 -0.3163335646702896 -0.4746928547194715 0.3358902237357528 0 0 0
0.003703703703703704 0.4504593787648881 -0.13011869603089463 0.384352646319357 0 0 0
0.003703703703703704 -0.026936692918514728 -0.6172801970389157 -0.19315844759159886 0 0 0
0.003703703703703704 -0.015367237074313957 0.359068441861696 -0.49844410109372467 0 0 0
0.003703703703703704 0.4897323347061246 0.05109675822010291 0.352815929385754 0 0 0
0.003703703703703704 -0.4956885600510738 0.24270547238762635 0.23541523424063898 0 0 0
0.003703703703703704 -0.3432145252694328 0.05646462525084218 -0.08511890664822962 0 0 0
0.003703703703703704 -0.02589872374797743 0.0906806599049804 -0.11627165751219048 0 0 0
0.003703703703703704 0.5212382116132445 -0.11977466389822668 -0.43790061548622666 0 0 0
0.003703703703703704 -0.33831252564925557 -0.4104454832212646 0.17612312287903248 0 0 0
0.003703703703703704 0.36658154322463965 -0.06561519400602349 0.49423788282579906 0 0 0
0.003703703703703704 0.11231864778145614 0.1471600428705383 0.38332872763575815 0 0 0
0.003703703703703704 0.42737528970893107 0.17777005865921114 -0.39769776496988635 0 0 0
0.003703703703703704 -0.2086720205070087 0.19718384966755326 0.41175988987626133 0 0 0
0.003703703703703704 0.3766898102401151 -0.34425932423891314 0.26676164073657427 0 0 0
0.003703703703703704 0.07621964029858924 -0.03781254838729773 0.6001659172301275 0 0 0
0.003703703703703704 0.02238597502750096 0.07394081714225048 -0.45003572987975843 0 0 0
0.003703703703703704 -0.43627602202536897 0.10345426218345351 0.05085477531158285 0 0 0
0.003703703703703704 0.1481207293663341 -0.42038134922447656 -0.11963751755931598 0 0 0
0.003703703703703704 -0.49196428357918603 0.1513537123509577 0.019855712926874703 0 0 0
0.003703703703703704 0.34250051323194103 -0.0872075950687435 -0.10622139755815223 0 0 0
0.003703703703703704 0.1552767077194731 0.5403718265827124 -0.09180083182613068 0 0 0
0.003703703703703704 0.05804061424993685 0.5333586072605184 -0.2763944351802446 0 0 0
0.003703703703703704 -0.00992269605225381 -0.6723067987609516 0.12058603070600876 0 0 0
0.003703703703703704 0.15445748910807658 -0.2030408108405003 0.02249747716314822 0 0 0
0.003703703703703704 0.23980168470250746 0.5405680139187788 0.2213591000835767 0 0 0
0.003703703703703704 0.3234465719737471 0.5060536894326138 -0.34022696951521647 0 0 0
0.003703703703703704 0.4682172455419009 -0.04302327018279635 0.47711377835308244 0 0 0
0.003703703703703704 -0.23513076613284137 0.35641244528255606 0.051922318067442574 0 0 0
0.003703703703703704 -0.35124971764654844 -0.2923245594751641 -0.22966071050957496 0 0 0
0.003703703703703704 -0.27404695091392745 -0.2735022406778873 0.42985015965612067 0 0 0
0.003703703703703704 0.46453876983166226 -0.390152306208753 -0.16731272189533145 0 0 0
0.003703703703703704 -0.28750069687478985 -0.17445849558462706 -0.504611704973245 0 0 0
0.003703703703703704 -0.487447091572986 -0.19297938850080446 -0.3696561535352762 0 0 0
0.003703703703703704 0.05736801365548673 0.423263445313749 0.16515347508611553 0 0 0
0.003703703703703704 -0.2557435672184694 -0.43493494141195865 -0.05503392581352741 0 0 0
0.003703703703703704 -0.6416544709265168 0.2460268534044211 0.060624594888912094 0 0 0
0.003703703703703704 -0.2734591094806672 0.2822028014122911 0.0032031947408803162 0 0 0
0.003703703703703704 -0.17438573598426138 -0.0981319697256957 0.043435105305633756 0 0 0
0.003703703703703704 0.4814052161168409 0.2666537070684956 0.14869155624674898 0 0 0
0.003703703703703704 -0.08492591124135994 -0.08859663225759808 0.2618112878568338 0 0 0
0.003703703703703704 -0.42460124258037724 -0.4337827886165902 -0.11849975434354593 0 0 0
0.003703703703703704 -0.37309705382126124 -0.2922166191820492 0.43716943639898015 0 0 0
0.003703703703703704 0.24422483761830768 0.2068344362402062 0.2952393364649204 0 0 0
0.003703703703703704 0.3475324902445988 0.1392865256889506 -0.10156447742446592 0 0 0
0.003703703703703704 0.24728222583502696 -0.4187527878177766 0.2924026465995428 0 0 0
0.003703703703703704 -0.19260473333881803 0.2014672977650714 0.3425681235870236 0 0 0
0.003703703703703704 0.2583801503609043 -0.03553686021986905 -0.5902544154122045 0 0 0
0.003703703703703704 -0.6061128576933306 -0.013462462044809512 -0.1979444824902629 0 0 0
0.003703703703703704 0.20160695357553993 -0.0776129399308345 -0.321627943711371 0 0 0
0.003703703703703704 0.1554464253843398 0.17172057472713448 0.5964771467580785 0 0 0
0.003703703703703704 0.1668044982866708 -0.1748436150446776 -0.27306196544704614 0 0 0
0.003703703703703704 0.46794428633873425 0.14742161283358343 0.018859028804751463 0 0 0
0.003703703703703704 -0.4522824092910675 0.4099775391562974 -0.2521760360940958 0 0 0
0.003703703703703704 0.2222761654810237 -0.2657889700617553 -0.3680781585469228 0 0 0
0.003703703703703704 0.11822804231932957 -0.2243154451981673 -0.08045453367507142 0 0 0
0.003703703703703704 -0.07619801342006059 -0.11536324679902236 -0.08224352735540066 0 0 0
0.003703703703703704 -0.3830202217710285 0.07565406523200147 0.4481929510367223 0 0 0
0.003703703703703704 -0.38328439004343295 0.5721689864608087 0.0035581547459565526 0 0 0
0.003703703703703704 0.08080925924189192 0.06044079594204578 0.09719946089038085 0 0 0
0.003703703703703704 0.37886256400126833 0.177362500697592 0.026287440651476427 0 0 0
0.003703703703703704 -0.2727732481748018 -0.38348395410052116 -0.34848875122758294 0 0 0
0.003703703703703704 -0.12659679541109428 0.21246882134680675 0.4694117974961554 0 0 0
0.003703703703703704 -0.08549181968146323 0.3737451390812768 -0.00525160129360857 0 0 0
0.003703703703703704 -0.324159665295909 -0.36032405952476065 0.4202332970118799 0 0 0
0.003703703703703704 -0.17530601225989914 -0.1170295478435896 -0.03542277988147742 0 0 0
0.003703703703703704 -0.6024962278346525 -0.2615433469856615 0.1512930737227854 0 0 0
0.003703703703703704 0.2124999690943428 0.040560227766091445 0.4932498275858421 0 0 0
0.003703703703703704 0.33054318454848414 0.39113739042468826 0.07240884260463602 0 0 0
0.003703703703703704 0.23967123070232024 0.08068873762698317 0.08249998872101716 0 0 0
0.003703703703703704 -0.5050577583964266 -0.23422125879429292 -0.008891115787842331 0 0 0
0.003703703703703704 -0.1791264196764944 -0.1968690234238543 -0.37592185114451543 0 0 0
0.003703703703703704 -0.06870181657321317 0.41434518549044264 0.49962744549250965 0 0 0
0.003703703703703704 0.04066254801514878 -0.11881309933485176 0.4705237941200729 0 0 0
0.003703703703703704 0.11454793642440947 -0.104558080591148 0.13747557113071912 0 0 0
0.003703703703703704 0.2677709813380312 -0.3667311197518622 -0.2237085691807165 0 0 0
0.003703703703703704 -0.28649052319917934 0.009773084280920993 -0.6112200419150007 0 0 0
0.003703703703703704 0.3595579064722913 -0.37925096905101957 0.18234097015797052 0 0 0
0.003703703703703704 0.11616313664664382 -0.45738423366049075 -0.18703680007953113 0 0 0
0.003703703703703704 0.09832726612163574 -0.22276063505300708 0.2129443878436409 0 0 0
0.003703703703703704 -0.44531128368534106 0.04484880451251335 -0.3079793680457211 0 0 0
0.003703703703703704 -0.17396108966733168 -0.17300755341595503 0.5701006318482518 0 0 0
0.003703703703703704 -0.3628561824867317 -0.26481755760401965 0.4380290309119434 0 0 0
0.003703703703703704 -0.0694539891802738 0.6705517379198741 0.01077327126305628 0 0 0
0.003703703703703704 -0.42773405165728773 0.23184671363372286 -0.2684359450459535 0 0 0
0.003703703703703704 0.4421085223647263 0.28360188327224645 0.16313808978897054 0 0 0
0.003703703703703704 0.017583951142395714 -0.5113713095902832 0.4415001361420949 0 0 0
0.003703703703703704 0.5020751476972846 -0.27879551369064304 0.28451476914513263 0 0 0
0.003703703703703704 0.33836407160007503 0.3494462692365798 -0.029571483741805286 0 0 0
0.003703703703703704 -0.37957126583576917 -0.35743946086270867 -0.10467918990998182 0 0 0
0.003703703703703704 -0.2753716557460965 -0.4582716874472268 -0.34910365178598224 0 0 0
0.003703703703703704 -0.10865762558786955 0.45758259552067304 -0.5031952582054919 0 0 0
0.003703703703703704 -0.2260528183059139 -0.5298084714946697 -0.23961311807840863 0 0 0
0.003703703703703704 0.3957005102314432 -0.11744827388694672 -0.2641839066542652 0 0 0
0.003703703703703704 -0.5196909862897126 -0.1451230060501688 0.10191558188413033 0 0 0
0.003703703703703704 -0.1519299443124107 -0.41100004860736655 0.34108120351849713 0 0 0
0.003703703703703704 0.020677702943579016 -0.43574180725045125 0.5196705869442344 0 0 0
0.003703703703703704 0.489377310853937 0.23291355743387443 -0.16218720079526466 0 0 0
0.003703703703703704 -0.030406612093504523 -0.08236989004441024 -0.2686867714710082 0 0 0
0.003703703703703704 0.12403714683925278 0.24775070333500906 0.5220450163455596 0 0 0
0.003703703703703704 0.6275498057457719 0.15675313213780684 -0.22727930442898167 0 0 0
0.003703703703703704 -0.31217504121105505 -0.37896124461727393 -0.2866876468597797 0 0 0
0.003703703703703704 0.2641834461186758 0.06992741267031728 0.43480962100574627 0 0 0
0.003703703703703704 0.2739961159178211 0.5378523546158265 0.2209584992999926 0 0 0
0.003703703703703704 -0.26552833949992855 -0.06348490601132754 0.16624886338798173 0 0 0
0.003703703703703704 0.3417001982110152 -0.28615655205130874 0.1601013968729451 0 0 0
0.003703703703703704 -0.38583396139043524 0.17175446904087988 0.0003189959524838153 0 0 0
0.003703703703703704 -0.11898030062057582 -0.39642952350357474 -0.05431605281541991 0 0 0
0.003703703703703704 -0.21370869762939476 -0.130990456449607 -0.2521757411766583 0 0 0
0.003703703703703704 0.46677751819512486 -0.2413737482011054 0.18326541154748358 0 0 0
0.003703703703703704 -0.3158480435025497 -0.27656299309260934 0.09167316105066811 0 0 0
0.003703703703703704 -0.2494741607081019 0.5665045325064381 0.03537286237899071 0 0 0
0.003703703703703704 0.23647882209744725 0.11982601768565161 -0.2696828208202872 0 0 0
0.003703703703703704 0.4650180090427726 -0.06435525911531369 -0.5075949830473131 0 0 0
0.003703703703703704 0.03148216757124278 -0.10328979928066397 -0.24528139282510156 0 0 0
0.003703703703703704 -0.5777613785793243 0.3178089397136401 0.02476084274596907 0 0 0
0.003703703703703704 -0.14565677551983838 -0.3030017014789706 -0.5640708408480796 0 0 0
0.003703703703703704 0.2929395119789456 -0.37733993729973586 -0.3697474399592501 0 0 0
0.003703703703703704 -0.1077692316873205 0.2259396776397339 -0.36547213990653715 0 0 0
0.003703703703703704 -0.1585931817214598 -0.14945882565109395 -0.10584704570304888 0 0 0
0.003703703703703704 0.5682257225072753 0.06731338701152506 0.006721812421566637 0 0 0
0.003703703703703704 0.620751223558649 -0.017709025468776337 -0.06122749935838837 0 0 0
0.003703703703703704 0.21979839926368414 0.3362653219247438 0.49601909657764665 0 0 0
0.003703703703703704 0.5874782535268875 0.003204317219310954 -0.3568817042402732 0 0 0
0.003703703703703704 -0.2525585818537773 0.20740199690954922 -0.4499273400464774 0 0 0
0.003703703703703704 0.08274846264368245 0.3354725637487347 0.45202868934343654 0 0 0
0.003703703703703704 0.4904287360364645 0.03793501329287336 0.4683727211839682 0 0 0
0.003703703703703704 -4.9454298378140146e-05 -0.39638029322932367 0.1444242176594307 0 0 0
0.003703703703703704 -0.46207546973723385 0.23798123904344592 -0.10589100841978817 0 0 0
0.003703703703703704 0.47394751477933145 -0.09495461872299855 0.05052992151923623 0 0 0
0.003703703703703704 -0.010920889453878991 -0.23232181540372188 0.23645380883043554 0 0 0
0.003703703703703704 -0.027505742297815598 -0.05104775571077587 -0.4350213266919328 0 0 0
0.003703703703703704 0.5096278814748331 -0.049910602034761435 -0.10184021833255252 0 0 0
0.003703703703703704 0.04607343137366452 -0.25666438965362265 0.511090124590035 0 0 0
0.003703703703703704 0.4575382847199075 0.2493469094118506 0.27655618619668265 0 0 0
0.003703703703703704 -0.11162175926211768 -0.4047467519413966 -0.21664344070096042 0 0 0
0.003703703703703704 -0.05770720952334436 -0.48740159242806147 -0.2222803582446108 0 0 0
0.003703703703703704 -0.08550371664704072 -0.2518385217075468 -0.11814951170863869 0 0 0
0.003703703703703704 0.0845218699976784 -0.39003329424074956 0.05563810601706794 0 0 0
0.003703703703703704 -0.30048012563483656 -0.48371179212234416 0.10108137958398888 0 0 0
0.003703703703703704 -0.22369717586561216 0.22285884852490484 0.4963851692540599 0 0 0
0.003703703703703704 -0.03006546769544266 0.6239995404997883 0.002032121270312886 0 0 0
0.003703703703703704 0.3330968805313216 -0.5702877401071028 0.0039748258767301784 0 0 0
0.003703703703703704 -0.04525579740893819 -0.03802255496241407 0.10573376490661876 0 0 0
0.003703703703703704 0.48428882791314154 -0.40792778140877006 -0.1419379509241517 0 0 0
0.003703703703703704 -0.6337442071976571 0.11613800721209036 0.013304217682428787 0 0 0
0.003703703703703704 -0.29179277626756644 -0.19001864975253907 -0.21240872022000354 0 0 0
0.003703703703703704 -0.01392303072392694 -0.3802015847381475 0.002202477184935744 0 0 0
0.003703703703703704 -0.45695306164110333 -0.35260599775957674 -0.2665554425732853 0 0 0
0.003703703703703704 0.34089994494845177 -0.2530288784901136 -0.3552359450232165 0 0 0
0.003703703703703704 0.0894122655467956 -0.3672050818749249 -0.04312163997013819 0 0 0
0.003703703703703704 -0.02322850583688648 -0.30098111944986244 -0.5830922141824152 0 0 0
0.003703703703703704 -0.3115632937413241 0.10987384410260553 -0.14788374057524933 0 0 0
0.003703703703703704 -0.11650852595032626 -0.14145918933089585 0.506360971117035 0 0 0
0.003703703703703704 0.041722492153733595 0.247142201147929 0.05106841145652939 0 0 0
0.003703703703703704 -0.4947484258024004 0.2777292340697125 0.14526869189486616 0 0 0
0.003703703703703704 0.48891299477434785 -0.2805817691558395 0.007687655233991009 0 0 0
0.003703703703703704 -0.3016625858401264 0.1948549003451169 -0.5680117317938103 0 0 0
0.003703703703703704 0.2395734766023919 0.6132631886557287 0.17929410775011884 0 0 0
0.003703703703703704 -0.20704475398661162 -0.34087529523132676 0.2027117721531156 0 0 0
0.003703703703703704 0.44471013711722185 0.35872526056606907 0.3311736247129775 0 0 0
0.003703703703703704 -0.17397447323586224 -0.438561110644076 0.27639000185534857 0 0 0
0.003703703703703704 -0.13332653697655333 -0.14125024520878823 0.013858037485174042 0 0 0
0.003703703703703704 0.619677081657455 0.005603107094788834 0.07509279663906139 0 0 0
0.003703703703703704 -0.17015234197583176 -0.43510354589930683 -0.45918497740702774 0 0 0
0.003703703703703704 0.2515460041437865 0.06117205577994329 0.21802684513869208 0 0 0
0.003703703703703704 0.2586619766117812 0.5582343745346366 -0.015624646377248844 0 0 0
0.003703703703703704 -0.12832405670375802 0.05204120225901941 -0.25416575677761566 0 0 0
0.003703703703703704 -0.036645684312855094 -0.3257426620805062 -0.08790611787654616 0 0 0
0.003703703703703704 -0.39107084523833546 -0.017806673686951897 0.1320974677885211 0 0 0
0.003703703703703704 -0.07972616923905691 -0.5403512709433047 -0.12273308244596955 0 0 0
0.003703703703703704 0.4628890885626319 0.09043551618790323 -0.10553387148722819 0 0 0
0.003703703703703704 0.09662589825433328 0.6492400362248025 0.21496037531498605 0 0 0
0.003703703703703704 0.6288795773712597 -0.14925751463018416 -0.16615773329524483 0 0 0
0.003703703703703704 0.29014490679785243 0.35947307641708603 0.11713017877017969 0 0 0
0.003703703703703704 0.36832199290546674 -0.10151201666044543 0.15448322927053082 0 0 0
0.003703703703703704 -0.49471078739269125 0.2094113379859782 -0.2829022355817089 0 0 0
0.003703703703703704 -0.17446802658375074 0.30388566272899264 -0.3808966381667317 0 0 0
0.003703703703703704 0.03645150882251966 -0.2847248463126551 -0.3129412072753194 0 0 0
0.003703703703703704 0.31167628617153337 -0.3700485068718811 0.34065412019685026 0 0 0
0.003703703703703704 0.07871091121249536 0.18984686955476235 -0.4001321682822179 0 0 0
0.003703703703703704 0.2594297878817105 -0.5092640759938175 0.17909764481809637 0 0 0
0.003703703703703704 -0.37481966457907095 0.0295188736255235 -0.09132299658596427 0 0 0
0.003703703703703704 0.5288251021020757 0.3253838086153177 0.040701484535358275 0 0 0
0.003703703703703704 0.09924145189720456 -0.4352228177656113 -0.3690103463655333 0 0 0
0.003703703703703704 -0.2570405548622019 -0.5891012576947866 -0.13710314484093775 0 0 0
0.003703703703703704 0.45112748460015945 0.3545772229809052 0.323126130219072 0 0 0
0.003703703703703704 -0.16865509992107314 -0.30724442356345294 -0.21633932291253802 0 0 0
0.003703703703703704 0.07714826800494773 -0.2398633465600706 0.19764887708280582 0 0 0
0.003703703703703704 0.1459079388844227 0.4680361355203046 -0.4490342956045524 0 0 0
0.003703703703703704 -0.47712098424172816 0.09206028941484405 -0.08076120846707988 0 0 0
0.003703703703703704 -0.0030048213167671624 -0.5386586669386416 0.19916372972490837 0 0 0
0.003703703703703704 0.1398179951229723 0.21177673452240509 0.5620989294762784 0 0 0
0.003703703703703704 0.12060397289718046 0.08492555781638345 0.2755508271998861 0 0 0
0.003703703703703704 0.14371494980761318 -0.12332669218425822 -0.07028253486924592 0 0 0
0.003703703703703704 0.4059951885364771 -0.14157814199819327 0.4647267993344817 0 0 0
0.003703703703703704 -0.11253953063750465 -0.3844447210195057 -0.22107146833609645 0 0 0
0.003703703703703704 0.1913508372333604 0.3986389072396353 0.08541354745803688 0 0 0
0.003703703703703704 0.12477461259025857 0.3749320332610794 0.10782771025861047 0 0 0
0.003703703703703704 0.03455947019248621 -0.5554182834642426 0.3854401290898038 0 0 0
0.003703703703703704 0.31463950974390353 -0.03898259670470047 0.3205891964098666 0 0 0
0.003703703703703704 -0.07770872420089893 0.3509990784657703 -0.216020479077321 0 0 0
0.003703703703703704 -0.1221658549028256 -0.3129587042858233 -0.05842471328996472 0 0 0
0.003703703703703704 0.3627954639873477 -0.16767729741875786 0.4453820575433695 0 0 0
0.003703703703703704 0.23251597359850962 0.5739121580034025 0.1373361258985605 0 0 0
0.003703703703703704 -0.12235026881231129 -0.27613086359272804 -0.24651187162532998 0 0 0
0.003703703703703704 -0.21278788971142368 0.11650486101960121 -0.4358026219254745 0 0 0
0.003703703703703704 -0.3032571075184825 -0.14369056741902486 0.117137661665375 0 0 0
0.003703703703703704 0.5032622745670757 -0.3723690220970792 -0.20701757801176454 0 0 0
0.003703703703703704 0.5535362530417355 -0.02327050289269288 -0.30388039961366614 0 0 0
0.003703703703703704 -0.14285880669062934 -0.3572454205405411 0.2641249003775153 0 0 0
0.003703703703703704 -0.046212981189743006 -0.32728534480320626 0.37758714662841214 0 0 0
0.003703703703703704 -0.19522340987519157 -0.45887595170693674 0.2856252173209877 0 0 0
0.003703703703703704 0.5816437219265086 -0.22966688334096905 -0.035418690431592945 0 0 0
0.003703703703703704 0.4423847392392266 0.35400449071676804 -0.13196303615957128 0 0 0
0.003703703703703704 0.6750141335039996 0.024720877059440816 -0.13878208374967613 0 0 0
0.003703703703703704 0.424131333041697 -0.2548802763180433 -0.4433913252447506 0 0 0
0.003703703703703704 0.13092741797039772 -0.22890553938507474 0.08476036240345636 0 0 0
0.003703703703703704 -0.06190552312619441 -0.41862440663258593 0.14760285919116453 0 0 0
0.003703703703703704 -0.3711300261813552 -0.2994392952088237 0.3705641446714709 0 0 0
0.003703703703703704 0.0031883144700753786 0.31864887910155687 -0.5401636498710914 0 0 0
0.003703703703703704 0.09153264155984671 -0.0579637254859324 -0.4723246404660166 0 0 0
0.003703703703703704 -0.014476952334836219 0.5419859931448354 0.34390705132889055 0 0 0
0.003703703703703704 -0.5023990647579952 -0.418543752168607 -0.02495162711146232 0 0 0
0.003703703703703704 -0.368068136030461 -0.09467011407605247 0.061659443750941484 0 0 0
0.003703703703703704 0.13500916451325312 0.5524590106786305 -0.26820277065470627 0 0 0
0.003703703703703704 0.34728772727953455 0.23007735944857205 -0.4051242191764382 0 0 0
0.003703703703703704 0.18504052560920747 -0.28707660188860634 0.04939007340976081 0 0 0
0.003703703703703704 0.6178030675758939 -0.08596893167501486 -0.27941655883291505 0 0 0
0.003703703703703704 -0.22768251280614119 -0.11102713476005803 -0.643855412123502 0 0 0
0.003703703703703704 -0.14600306505389565 0.08118406825108389 0.12053713884069577 0 0 0
0.003703703703703704 0.2821149703823332 -0.1128981676854019 -0.47639327509335605 0 0 0
0.003703703703703704 -0.42162069832984955 -0.4659700199460862 0.24979205462162427 0 0 0
0.003703703703703704 -0.15480361059201656 -0.3503842892672219 -0.16345118808641665 0 0 0
0.003703703703703704 0.2122270074573021 0.0021396368291321096 0.13018685587031437 0 0 0
0.003703703703703704 -0.19744493229780116 0.05692571758191333 0.03762524891667085 0 0 0
0.003703703703703704 -0.5056709115001002 0.05378259167925211 0.21436234419676323 0 0 0
0.003703703703703704 -0.0356554173885649 0.38685712660803895 -0.2570881914885066 0 0 0
0.003703703703703704 0.0041746474951054515 -0.2808913869266812 0.5952527830849589 0 0 0
0.003703703703703704 -0.06121688732768558 0.029987489942464078 0.5861207444297083 0 0 0
0.003703703703703704 0.24452760387079037 0.09960948576387306 -0.17413145304914454 0 0 0
0.003703703703703704 0.12299620035197499 -0.3447032153714309 -0.30170087301572873 0 0 0
0.003703703703703704 -0.6076365173983059 -0.13641819428596047 -0.11268055490093391 0 0 0
0.003703703703703704 0.09148144896557359 -0.1963497101997909 0.04935398377144163 0 0 0
0.003703703703703704 0.37247220381746265 -0.24151032984130286 0.1938967645994109 0 0 0
0.003703703703703704 0.1249030579673318 0.4653530938721744 0.24989594640923612 0 0 0
0.003703703703703704 0.2837822555845483 -0.3552852150620829 -0.5135482290475645 0 0 0
0.003703703703703704 -0.08532000446287745 -0.4192956582735917 0.1708849716742228 0 0 0
0.003703703703703704 0.4638891060163439 -0.4444100289369231 0.06521473886692374 0 0 0
0.003703703703703704 0.030370864302180903 0.19801851255766717 -0.40470230813683256 0 0 0
0.003703703703703704 -0.24863207144677796 -0.4840265567188898 0.3637948605034118 0 0 0
0.003703703703703704 -0.24976822552821476 -0.017244046328552008 -0.15907477253436758 0 0 0
0.003703703703703704 -0.061403667953423065 -0.3025127014546238 0.36900685831535424 0 0 0
0.003703703703703704 0.01959646086631476 0.05541251590969427 -0.3662834023974113 0 0 0
0.003703703703703704 -0.13903175704651405 -0.27514427589559837 0.18552226990262613 0 0 0
0.003703703703703704 -0.2687794760255124 0.26245292051603825 0.11862503955470445 0 0 0
0.003703703703703704 -0.2400368301626212 0.01723725735139585 -0.539793218979394 0 0 0
