800
0
0.00125 -0.09750185988146864 -0.6340438556487499 0.21566209000725498 0 0 0
0.00125 0.3534067273427449 -0.06502374378540142 0.2832625652609946 0 0 0
0.00125 0.33565595325929815 0.007954219905675282 -0.3039407448720168 0 0 0
0.00125 -0.48090823696823254 -0.14376336976673668 0.17447157451989864 0 0 0
0.00125 0.2728457853994733 -0.1891849397987149 -0.5938023378430053 0 0 0
0.00125 0.2020422679720373 -0.38425468836724486 0.4614375148933825 0 0 0
0.00125 -0.24316598403346465 0.09980443441288993 0.32510143427456234 0 0 0
0.00125 0.6105032951623927 -0.2424737549815369 0.13223657828857915 0 0 0
0.00125 0.0963559408922793 -0.3189409566732001 0.5887601636063468 0 0 0
0.00125 -0.03016244968993251 0.49359455104144867 0.361248565136436 0 0 0
0.00125 0.5220786967843117 -0.08287302966942658 -0.11949543833400025 0 0 0
0.00125 -0.31652941505375093 0.0860540812086414 0.4392916737487051 0 0 0
0.00125 -0.5223916519431254 0.08810294478802719 0.26569229034016417 0 0 0
0.00125 -0.5586341852877966 0.13727636198536505 -0.3055517014930506 0 0 0
0.00125 -0.08491987550755066 -0.5378062593584186 0.2680736951263039 0 0 0
0.00125 0.420609449729321 -0.10068215818626315 -0.0529939641878701 0 0 0
0.00125 -0.2640433206379206 0.25746212044811745 -0.07523343471123238 0 0 0
0.00125 -0.19273513560792105 0.02705674779499279 0.577640931081604 0 0 0
0.00125 -0.21809497284273618 0.0157879175568217 -0.3510348287697437 0 0 0
0.00125 -0.48012504182155286 -0.4703879922816116 0.1153351936776272 0 0 0
0.00125 0.17259134193540668 -0.04301228223460788 -0.34480554272960257 0 0 0
0.00125 -0.13117799560618942 -0.2646716727524413 -0.09018026155672657 0 0 0
0.00125 0.5941427330613834 0.23350261012957615 0.18514869770548503 0 0 0
0.00125 -0.37909400102264 -0.42377057423126385 0.22279245838093115 0 0 0
0.00125 -0.04918721134036087 -0.509801540221495 0.3400326127140658 0 0 0
0.00125 -0.21746894323096067 -0.29689714416382607 -0.14252582149223866 0 0 0
0.00125 -0.09147732168690277 -0.38800156362072347 -0.5523076280163589 0 0 0
0.00125 0.19959190783672232 0.6111451459130861 0.19088740026144113 0 0 0
0.00125 -0.006806911933995065 0.16482992803183494 -0.3898884498462168 0 0 0
0.00125 -0.16425440992106036 0.5429462550601084 -0.031067451183257808 0 0 0
0.00125 0.03570330250718327 0.16262463746405095 0.20357645735929117 0 0 0
0.00125 -0.42597350908759196 -0.05840790846278832 -0.22634748646688863 0 0 0
0.00125 -0.39616356875370345 0.3315633306448369 -0.10834025633932393 0 0 0
0.00125 0.5405172571446522 0.007921932279515194 0.4088244583523292 0 0 0
0.00125 -0.5015537425278346 -0.20409335714129043 0.27626465920182247 0 0 0
0.00125 0.060011644065433196 -0.053013056166424016 0.03259491418487701 0 0 0
0.00125 -0.16036467951034852 0.025427872048687142 0.007401851256949125 0 0 0
0.00125 -0.3766851386732643 0.28312849377666655 -0.08999735968799617 0 0 0
0.00125 0.07491500411364126 -0.04726684957062589 0.013235049076863504 0 0 0
0.00125 0.20902789900443533 -0.04353187911695725 0.41213712462121865 0 0 0
0.00125 -0.1636799356828531 -0.4500370225357648 0.26260508380335434 0 0 0
0.00125 0.3134226157782854 0.16164187306812464 0.09471756152418832 0 0 0
0.00125 -0.4079974901722933 0.34715526123068274 -0.15032976705696557 0 0 0
0.00125 -0.23089271110418946 0.27766816545339235 -0.31321511441571565 0 0 0
0.00125 0.18416343368943439 -0.3038953991754207 -0.03103808522499333 0 0 0
0.00125 0.2988947674204727 0.2243043896230196 -0.3225078926559265 0 0 0
0.00125 -0.22926485242607977 -0.4454656344995022 0.10011588266237341 0 0 0
0.00125 -0.288930625064641 0.44267183722121817 -0.16125104398462053 0 0 0
0.00125 -0.12818020079450348 -0.4332304098254389 -0.056269695242439556 0 0 0
0.00125 -0.09148049872266609 -0.36567765029803345 0.0028438496758056474 0 0 0
0.00125 -0.24999413902015563 0.12071259120726087 0.3282967541648853 0 0 0
0.00125 0.513570506865768 -0.17664581958376627 0.32203698662626473 0 0 0
0.00125 -0.13080547582749785 -0.11050519047982547 -0.15240242893239384 0 0 0
0.00125 -0.10308318288617414 -0.2670801559048663 -0.07510409383833175 0 0 0
0.00125 -0.6264154807120301 0.15955752450509242 0.059376794423567344 0 0 0
0.00125 -0.16892144540046905 -0.21556210193985817 0.34521625478157936 0 0 0
0.00125 0.4200480772657178 0.030229384276380996 -0.4478985139496918 0 0 0
0.00125 0.15238791681260933 -0.36597898928175027 -0.07464338389077498 0 0 0
0.00125 -0.015147206581641835 -0.319092410957298 -0.49561471037196414 0 0 0
0.00125 0.042684594244898816 0.10805413831290982 -0.48908925315178226 0 0 0
0.00125 -0.05822539375738359 -0.5482788384770804 0.3853114669165838 0 0 0
0.00125 0.3429816585439313 0.3456244090844912 0.447810708042435 0 0 0
0.00125 -0.23499076403472519 -0.35721447582785765 -0.11585501799362566 0 0 0
0.00125 0.12179642426431263 -0.06442407403294922 -0.21506811659826056 0 0 0
0.00125 0.1360535796018152 -0.010004989515536928 -0.020229898878098024 0 0 0
0.00125 0.1936868943026516 0.19442765059661082 -0.6345307184226997 0 0 0
0.00125 0.16933674780755117 0.28166846944617496 -0.053073055115496454 0 0 0
0.00125 -0.322884898826609 -0.31451512003903687 0.09108534570260929 0 0 0
0.00125 0.015270657338436897 0.5782300808976518 0.2541567442811158 0 0 0
0.00125 0.10761048357361945 0.3620662021201765 -0.08127832357872897 0 0 0
0.00125 0.6031765476391272 0.045579901601897455 0.11956893231570044 0 0 0
0.00125 -0.37884224385262905 -0.01696908928626752 0.28072843232167 0 0 0
0.00125 -0.28011180772348016 0.0984855608702599 -0.01600257526090638 0 0 0
0.00125 0.5003677452166632 -0.22738525762651576 -0.03239558761732923 0 0 0
0.00125 0.10933462587875022 -0.09053056131497991 -0.020848437665891176 0 0 0
0.00125 -0.06747573198469188 -0.2139527168441245 -0.11783789598144202 0 0 0
0.00125 -0.32031368440716523 -0.04472084494451507 0.39969286921244995 0 0 0
0.00125 0.26877787253542085 -0.48501519599678816 -0.39155848140471555 0 0 0
0.00125 0.10407912863548562 -0.46973781403791987 0.3341918035042629 0 0 0
0.00125 0.18707534669777295 -0.6489713469862941 -0.09735089463257025 0 0 0
0.00125 -0.35940969650555454 0.031253963499505814 0.06481243043923764 0 0 0
0.00125 0.13551955097835924 -0.27248889986608765 -0.43797996425008107 0 0 0
0.00125 0.5764361945612015 0.11062093211819927 0.18152161135953473 0 0 0
0.00125 -0.011760758162898576 -0.37463566518594205 -0.10629701038803989 0 0 0
0.00125 -0.019230552722915146 -0.24299730287807028 0.08840323592888068 0 0 0
0.00125 0.5390794534517842 -0.0667536132568518 0.21099405808381852 0 0 0
0.00125 -0.37811354230017813 -0.3576742872456815 0.41132977216941463 0 0 0
0.00125 0.4743857799612785 -0.39409165507604393 0.12139910053288594 0 0 0
0.00125 -0.32220724261330974 -0.22536144075141096 -0.38450907444779003 0 0 0
0.00125 0.1881475959931395 -0.4859336773688173 0.06906380076275559 0 0 0
0.00125 -0.44239274416393753 -0.10777297634001828 -0.20437205917971588 0 0 0
0.00125 -0.03477050974046206 0.4510505912277768 0.3796529570890833 0 0 0
0.00125 0.2888222822561054 -0.4243431230842573 0.274390345557597 0 0 0
0.00125 -0.15693991485944545 -0.4113792366726295 -0.448351397997668 0 0 0
0.00125 0.3511502483525425 0.2049089820563186 0.24448988729924664 0 0 0
0.00125 -0.2683148799665662 -0.5250807352419109 -0.32079684839887784 0 0 0
0.00125 -0.12591267622501262 0.47215422833106946 0.39071325208564905 0 0 0
0.00125 0.011225317682578059 0.3400221147124344 0.115547215816752 0 0 0
0.00125 -0.39216860802852516 -0.23840925957753056 0.14903164876113978 0 0 0
0.00125 -0.24177356317630455 -0.554408959436945 -0.10275716065238752 0 0 0
0.00125 0.12186878805782812 -0.172888105920345 -0.5330455443308941 0 0 0
0.00125 -0.26084221025741283 0.4158774238098545 0.29453580545574304 0 0 0
0.00125 -0.34761012071684694 0.09760223088758414 -0.032539907942292806 0 0 0
0.00125 0.3503619645399611 -0.4972649121090819 -0.24586945635656932 0 0 0
0.00125 -0.4793145248798138 0.16325564167202783 -0.39289086429871145 0 0 0
0.00125 -0.47333729020057363 0.26375079253612127 0.1301952997425737 0 0 0
0.00125 -0.30345308079364 -0.5449668196471189 0.22790053477100755 0 0 0
0.00125 -0.48327159692610044 0.457287871153237 -0.18348397000898484 0 0 0
0.00125 -0.16548118628791195 -0.34990838648211986 0.5072257820365766 0 0 0
0.00125 -0.5102854139930685 -0.24124119297622434 0.27177320180263137 0 0 0
0.00125 -0.3011057621954144 -0.48079053909233505 -0.15761579901537204 0 0 0
0.00125 -0.17507805648782754 -0.09023038921743227 -0.15987606812045155 0 0 0
0.00125 0.28986312946186715 0.3282415620625241 -0.17779789977393345 0 0 0
0.00125 0.103691368789818 -0.023744536182609906 -0.16803581386032115 0 0 0
0.00125 -0.16429595343249126 0.045972681777429636 -0.2167889438310484 0 0 0
0.00125 0.33286724483997826 -0.030218913461734772 0.4962391590632495 0 0 0
0.00125 -0.265706882544104 -0.2804261782427057 -0.3198705960184188 0 0 0
0.00125 0.5623966758826342 -0.1021101650668839 -0.31917891709070906 0 0 0
0.00125 0.25559804541531456 -0.35674699381637803 0.16835044236367105 0 0 0
0.00125 -0.254408342459282 0.45325206567615733 0.08978781817913735 0 0 0
0.00125 -0.369715417721853 -0.08960700414098657 -0.154035632636841 0 0 0
0.00125 -0.1467712628431842 0.19534106338472473 -0.10330516228301252 0 0 0
0.00125 -0.07542703310767986 0.2554116775704816 -0.4264816372669152 0 0 0
0.00125 0.23908503612356544 -0.026325861580251277 -0.3538846973854936 0 0 0
0.00125 -0.2733896711644891 -0.5684736729446304 -0.2844583785809579 0 0 0
0.00125 0.5846609469623044 0.22354669687033374 -0.204828467648957 0 0 0
0.00125 -0.18917455540200537 -0.39259464752918327 0.3232260323269179 0 0 0
0.00125 0.29500637331186147 0.38471330708080814 0.3226217317166566 0 0 0
0.00125 -0.279888907933485 -0.2676026122155494 0.3130027282674874 0 0 0
0.00125 -0.35712757939980033 0.18975465082955315 0.0051343477496941445 0 0 0
0.00125 -0.29293051565699224 0.18402206485686107 0.16098765444643792 0 0 0
0.00125 0.3602572645903453 0.21940956911640647 -0.19108505060621858 0 0 0
0.00125 0.1797805697337731 0.25317068539231935 0.28630123029133386 0 0 0
0.00125 0.41575615399647825 0.45624339802897185 -0.07514812999409388 0 0 0
0.00125 -0.4877270559377915 -0.08295425729726953 -0.050792155251229924 0 0 0
0.00125 0.23914301531003515 -0.4492897420233104 -0.05161301558009637 0 0 0
0.00125 -0.18673925233600225 -0.3813282066739246 0.22257657286229682 0 0 0
0.00125 0.36416349641740653 -0.034809540235736645 -0.5602227977007802 0 0 0
0.00125 -0.14473981804803732 -0.4622670502599163 -0.18297308379454272 0 0 0
0.00125 -0.3477130824242271 0.28703514737705293 0.03945455546633136 0 0 0
0.00125 -0.04565566537201666 0.1550138487368044 -0.16990474774836986 0 0 0
0.00125 -0.5632987547913377 -0.08759618823705596 -0.31471648077517317 0 0 0
0.00125 0.30926907719863606 0.13010348747019093 0.47490925945778767 0 0 0
0.00125 -0.07994823965529607 0.37182635791199165 -0.5428519801867621 0 0 0
0.00125 -0.09813144014845798 0.4313620284958512 0.3101802038536283 0 0 0
0.00125 -0.3718660764587859 -0.5587179703880258 -0.16629439464571852 0 0 0
0.00125 0.2830803656941633 -0.5900065669826172 -0.18149128847915963 0 0 0
0.00125 0.3205676923942774 0.25718752016659 -0.45285163011717217 0 0 0
0.00125 0.5923524804553306 -0.19029970301647667 -0.24318482810160197 0 0 0
0.00125 0.30362998253872686 0.15185931533648495 0.21745181802548658 0 0 0
0.00125 -0.2480398963649425 -0.09315643037390756 -0.4404346316947227 0 0 0
0.00125 -0.2340465163049024 -0.02616210597025505 0.07406719270048699 0 0 0
0.00125 0.09201126148891917 0.15013858675134564 -0.3393680800226198 0 0 0
0.00125 0.20644659423117687 -0.11511738050075275 0.09916446636812891 0 0 0
0.00125 0.13046462725289096 0.37071361664776026 0.22067829386568902 0 0 0
0.00125 0.28701235133380626 0.04199939547363657 -0.4317487623999967 0 0 0
0.00125 -0.23342290387399336 0.12028358047031215 -0.531775183264077 0 0 0
0.00125 0.11251340934084027 -0.5508057196433116 -0.2531087054503841 0 0 0
0.00125 -0.1542551621246593 -0.04368928585160258 0.4790472533875171 0 0 0
0.00125 -0.21056661978817262 -0.18679338746263943 -0.4133470134125454 0 0 0
0.00125 -0.4001498463849204 0.4514013288315076 -0.11755803742880859 0 0 0
0.00125 -0.37403047649845095 0.06617613566907461 0.5474180202002045 0 0 0
0.00125 0.143632755957626 -0.22162473728571788 0.6353649928425524 0 0 0
0.00125 0.004942423782033484 0.03435508619939189 -0.16080377328436918 0 0 0
0.00125 -0.36572285424763445 -0.26363939440885764 0.501097864606849 0 0 0
0.00125 -0.2455431577510687 0.0062318517436758996 0.17349615400576174 0 0 0
0.00125 -0.1835546324502458 -0.231720675149557 -0.39633251165411254 0 0 0
0.00125 -0.3524645803742811 0.1563437738346743 -0.1758147355979341 0 0 0
0.00125 0.047843318957628486 0.003203053589074407 -0.41703732297737106 0 0 0
0.00125 0.42332360544894787 -0.022947049055943122 0.3276396724676398 0 0 0
0.00125 -0.41706664849561365 -0.4876528510661972 0.022163723320851866 0 0 0
0.00125 0.40557551267704633 -0.3576237235667188 -0.3433854153713302 0 0 0
0.00125 -0.045436451779213585 -0.007988363958319568 -0.5570818853736258 0 0 0
0.00125 -0.3438287462083889 -0.45434716520052615 -0.337098418262456 0 0 0
0.00125 0.08418352686887876 0.4311915495483311 -0.4152891004612261 0 0 0
0.00125 0.42032522659629956 -0.034495725404746505 0.3345347539229658 0 0 0
0.00125 -0.12594363788838103 -0.03342016606136214 0.2617122902526416 0 0 0
0.00125 -0.05807410466875625 -0.06950634956247846 -0.6779999394030578 0 0 0
0.00125 -0.15891474217044257 0.07826582954686573 0.21401318862536997 0 0 0
0.00125 -0.055961723718731135 -0.06421404130101747 -0.11071037476443647 0 0 0
0.00125 0.28353809105178684 0.4001580259363104 0.019710841319529174 0 0 0
0.00125 0.5491566323018273 -0.2536065987736882 0.284950728032729 0 0 0
0.00125 0.1287430094658957 -0.28052323419543973 -0.47549174722977594 0 0 0
0.00125 -0.3505425399727354 0.014351700591306218 0.5229195515230205 0 0 0
0.00125 0.18225837917823118 -0.34522381456591705 -0.08084694643931134 0 0 0
0.00125 0.041580316720749216 0.03359032348787861 -0.654730631922748 0 0 0
0.00125 0.2552272009576916 -0.17672213206064297 0.4164839009077893 0 0 0
0.00125 -0.5886015719903602 0.09097533091440341 -0.251243588104884 0 0 0
0.00125 0.16602563640223938 -0.3051348149946788 0.36505816122583234 0 0 0
0.00125 -0.42257024666340787 -0.21611530632638093 0.18483151669064396 0 0 0
0.00125 -0.05234116856759837 0.19389417601630227 0.07069397955895826 0 0 0
0.00125 0.252977726269658 0.2899777691644534 -0.06272621956376652 0 0 0
0.00125 0.19250998834654942 0.3101812908622864 0.18375112276054417 0 0 0
0.00125 -0.4618265669962899 0.1364139999741398 -0.4796648590047515 0 0 0
0.00125 -0.20011193948214087 -0.16119869259589872 -0.3145139406606107 0 0 0
0.00125 -0.1850541383455298 0.3612452717059164 0.13688709857112136 0 0 0
0.00125 -0.23923744068763259 -0.4085353509336762 0.2158286249998007 0 0 0
0.00125 0.3735540131168954 0.15761447245759552 -0.1933553607212495 0 0 0
0.00125 0.314556073845419 0.22015992720301897 0.33940877687645404 0 0 0
0.00125 0.2913079164121395 0.546747797773194 0.240054776211616 0 0 0
0.00125 0.125673941429661 0.07683553951964481 -0.5078218229913029 0 0 0
0.00125 -0.09442689207801362 0.2696531772907808 -0.11972113783333233 0 0 0
0.00125 0.46089474211237313 0.4505817247974511 0.24934351875956712 0 0 0
0.00125 0.27797646610525173 0.4370034462331916 0.38953814633881867 0 0 0
0.00125 -0.21066553089773501 0.48014434546306206 0.22142788152788204 0 0 0
0.00125 0.08221203782159553 0.31683680941948045 0.15354165692257715 0 0 0
0.00125 -0.19787418553133523 0.1744433345092188 0.16857683447214125 0 0 0
0.00125 -0.20147518519298116 0.1836246456138683 0.5647862319837066 0 0 0
0.00125 -0.023545444624387856 -0.2918621214971182 -0.0016459339738016275 0 0 0
0.00125 0.01535947785415784 -0.47791622806099 0.05713008577400293 0 0 0
0.00125 0.047915847365822786 0.2787194633288711 0.6112509928302179 0 0 0
0.00125 0.3308133962774215 0.010979833218482353 0.47134804739232933 0 0 0
0.00125 -0.20433241095374877 0.4845290282771143 0.048544577969833455 0 0 0
0.00125 0.04708555268094359 -0.4629672581543873 0.28166470014430167 0 0 0
0.00125 -0.059555897132342245 0.19943663109592094 0.036024785460468056 0 0 0
0.00125 -0.008589857411021274 -0.2509083215624579 0.5057422675767572 0 0 0
0.00125 -0.16684682315484797 0.3843391303998852 -0.18154684970138776 0 0 0
0.00125 -0.0360434580047341 -0.07942199469403113 -0.10114500406078486 0 0 0
0.00125 0.0834615085424155 0.17538456698083676 0.3052021047877554 0 0 0
0.00125 -0.17468833470786158 0.3290325072806187 -0.21945856281845452 0 0 0
0.00125 0.4717875171456602 0.46976128656703164 -0.08282410529803987 0 0 0
0.00125 -0.26756317286067133 -0.03689817079598387 0.11551729311063608 0 0 0
0.00125 0.19034337150226607 -0.09924816236573354 -0.3707849015265456 0 0 0
0.00125 -0.5313741539604874 -0.2164143195064332 -0.19910340347808653 0 0 0
0.00125 0.07577918477416626 -0.1618517234611546 -0.3220195775682093 0 0 0
0.00125 0.22794691466957823 -0.09922129492552943 0.2693016725314843 0 0 0
0.00125 -0.011604811876437544 -0.21254937958218764 -0.4348017757148187 0 0 0
0.00125 0.04037197497899367 0.544991185454976 0.4015969213118931 0 0 0
0.00125 0.3562670823198644 -0.12357599496877725 -0.33893902399298415 0 0 0
0.00125 0.5243719222320334 0.3371767104856383 -0.02829117871091916 0 0 0
0.00125 0.4440790989432234 0.3432393515114414 0.2783171412357449 0 0 0
0.00125 -0.28550685175710533 -0.5580480294174859 -0.20180990912361996 0 0 0
0.00125 -0.21770191739607528 -0.06995979510728947 -0.19440124828032382 0 0 0
0.00125 -0.5097628645966849 -0.21522867263532508 0.06812688509504657 0 0 0
0.00125 -0.5324987685544328 -0.13448444356506187 -0.0742319541224331 0 0 0
0.00125 -0.2210301207960297 -0.17836765694987053 -0.38559991833422014 0 0 0
0.00125 -0.4115986794591858 -0.2833331626290582 0.03484695106669399 0 0 0
0.00125 -0.11895098349377603 -0.41105337942994585 -0.4867141852831722 0 0 0
0.00125 -0.3585551748070397 -0.028795029509648042 0.21067415385242497 0 0 0
0.00125 -0.5653902661081548 -0.13943016134450442 0.3421275085867737 0 0 0
0.00125 -0.2997878337095562 -0.255782218461653 0.18587267716355851 0 0 0
0.00125 0.054308523086394514 0.13124984907725623 0.24212900213930644 0 0 0
0.00125 -0.4386001667681216 -0.0677589627422372 -0.29684881510457634 0 0 0
0.00125 0.45720261366112225 -0.06342054549542547 -0.4086220834550885 0 0 0
0.00125 -0.04282812342581523 -0.32124829600681526 0.364623192424623 0 0 0
0.00125 -0.43765589978568276 0.32176972895688943 0.01656594733826248 0 0 0
0.00125 -0.04271971456861405 0.4245738689152979 0.2773593954153682 0 0 0
0.00125 -0.24330301141219293 -0.505446832330309 -0.16545997096492512 0 0 0
0.00125 0.14542981351957282 0.3590111427041298 0.5608246225717395 0 0 0
0.00125 -0.165938790844485 0.33946800628627755 0.0022033535169967704 0 0 0
0.00125 0.09134855953628912 -0.24187692839166056 -0.417525875784348 0 0 0
0.00125 0.01802600852878586 0.4018428470334957 -0.2214113878974547 0 0 0
0.00125 0.08841279666979115 0.27509490630997263 0.2504707843767862 0 0 0
0.00125 0.15020147436915418 0.31996025929968275 0.5872005664702759 0 0 0
0.00125 0.23350410115767242 -0.4561297997268375 0.4308093913652132 0 0 0
0.00125 -0.15361787576528652 0.062414409552959134 -0.4151663917579071 0 0 0
0.00125 -0.20281411004300456 -0.26236242102279644 0.14222373172678193 0 0 0
0.00125 0.43040787881566106 0.33153887065143584 -0.4135133741694556 0 0 0
0.00125 0.2177021096390817 -0.49413472588717244 0.1224476246705948 0 0 0
0.00125 0.6239264849632398 -0.08712053127034525 0.17091304545089298 0 0 0
0.00125 -0.29607934336342046 -0.3289080469399542 -0.44855600614139285 0 0 0
0.00125 -0.0985309604811377 0.28513831996927735 -0.12236548380106682 0 0 0
0.00125 0.29664034631084607 0.14269490717984568 0.32436360377345874 0 0 0
0.00125 0.10992984539211752 0.09086318602979523 -0.4391428560563015 0 0 0
0.00125 -0.4725295612228224 -0.14119374759873163 0.47122340312244043 0 0 0
0.00125 0.07419039241060366 -0.22743261584213406 -0.5419904410673124 0 0 0
0.00125 -0.5191530070642212 0.029201152011844835 0.4017002312711773 0 0 0
0.00125 -0.42984341293580103 0.5255683100461603 0.05250989223323134 0 0 0
0.00125 -0.18782231903800578 0.2183082135123452 0.4523290480963098 0 0 0
0.00125 0.28906760565816686 0.02251375071655116 0.12974258723967028 0 0 0
0.00125 0.6738379294767567 0.11914686079227386 0.009591995060723349 0 0 0
0.00125 -0.04682557226306229 -0.5112991361759791 0.31773562474313005 0 0 0
0.00125 -0.29405560829189953 0.13829301936311278 -0.13529813287524017 0 0 0
0.00125 0.09896838375207039 -0.118444449422947 -0.6734669106427368 0 0 0
0.00125 -0.018168741589716316 0.24122713265840323 -0.34834450112608895 0 0 0
0.00125 0.47966536392993003 -0.010839214375240597 -0.1385207928662814 0 0 0
0.00125 0.003349991845293674 -0.40214559708797065 -0.018989073778417423 0 0 0
0.00125 -0.19048992539685042 0.28976851061983167 0.0705729076514745 0 0 0
0.00125 0.40484833746070276 -0.48095151603604985 -0.22046256171145495 0 0 0
0.00125 0.5553342173951741 0.0361514406167456 0.352347718489566 0 0 0
0.00125 -0.35645445276574156 0.4426100002598225 -0.388985767735797 0 0 0
0.00125 -0.42983619635257236 0.11378810409907206 -0.005454139276860585 0 0 0
0.00125 -0.3560454069721499 0.2787099166714841 -0.23130612628869796 0 0 0
0.00125 0.29813436163239876 0.22025960448899454 -0.37772318442593394 0 0 0
0.00125 0.06474745648028939 0.024201795787832384 -0.5219783350990069 0 0 0
0.00125 0.026775119172248417 0.185679577023613 -0.2306107819793649 0 0 0
0.00125 0.33993035886016776 -0.09447504523369724 0.03643346894889521 0 0 0
0.00125 0.1967658236669674 -0.3835170226393085 0.539951358125923 0 0 0
0.00125 0.12211071251197785 0.04933425819542388 0.2070608092838673 0 0 0
0.00125 -0.07701259259968347 -0.37747607098172414 0.20119837010155953 0 0 0
0.00125 0.35446004833043726 0.2750062508896035 -0.13978050879478107 0 0 0
0.00125 -0.3532800789107299 0.34974359006679606 -0.021265807386362606 0 0 0
0.00125 -0.09982612515991336 -0.0651078111995579 0.07633133492677807 0 0 0
0.00125 0.35573194131554675 -0.407872873914922 0.28516688888720104 0 0 0
0.00125 0.15168602118645028 0.2172239523829626 -0.21509960284290783 0 0 0
0.00125 0.022203624277307762 -0.5424689859924493 -0.20611881939975926 0 0 0
0.00125 -0.6260767898676136 -0.15168960440563234 -0.11556860457205215 0 0 0
0.00125 -0.19500932196668466 0.27261185978073954 0.42750623282427025 0 0 0
0.00125 -0.33848984926878695 0.440628326179536 -0.38796088597485623 0 0 0
0.00125 -0.11604497275962847 -0.5061118922675838 -0.048027759978383246 0 0 0
0.00125 0.22566288983575772 -0.5461013254836506 0.08312164179966534 0 0 0
0.00125 0.03334851735054752 0.5534416828750889 0.33871380297854736 0 0 0
0.00125 0.48722698860900826 -0.1408202429539328 0.1073819554264411 0 0 0
0.00125 -0.018258048753987944 0.009619787148572485 0.29821364055255567 0 0 0
0.00125 0.4537129763650487 -0.18431228844927444 -0.18906753001065577 0 0 0
0.00125 0.33275522956069287 -0.5174363827409146 -0.09960441004612268 0 0 0
0.00125 0.02241954528956353 0.28906167885927614 0.508725311518712 0 0 0
0.00125 -0.3246091907888565 0.2059628324791918 -0.20116587865072783 0 0 0
0.00125 0.4754813640531751 0.30497219667390113 0.27824541939306724 0 0 0
0.00125 -0.04026905199892176 0.2189960870603325 0.1053265804331244 0 0 0
0.00125 -0.2896568689547618 0.0792405569267418 0.21379536556832107 0 0 0
0.00125 0.12750932743734192 -0.10199764275571616 0.6515571314792956 0 0 0
0.00125 0.23585226290336483 0.1911464217705069 -0.37611438854248475 0 0 0
0.00125 -0.4786952475072031 0.1621499393337171 -0.0705262588783202 0 0 0
0.00125 0.01187614587050294 0.30838006977553833 0.267540470262622 0 0 0
0.00125 -0.14989609221009606 -0.17731978364606008 -0.5621787734990867 0 0 0
0.00125 -0.07247619801932167 0.32895000350940246 0.5967366184610758 0 0 0
0.00125 0.14628420171380888 -0.417415211294271 0.48504602963590365 0 0 0
0.00125 -0.5910805450292443 -0.09739576031125104 -0.11822328728144979 0 0 0
0.00125 0.11458607688645042 -0.3359825426275452 0.14369038783968674 0 0 0
0.00125 -0.277102879798564 -0.2850238001877576 -0.42809125441079565 0 0 0
0.00125 0.42162675813609335 -0.3897784342719939 0.2040912565038005 0 0 0
0.00125 0.2907847751685298 0.1500912309578153 -0.15186724201039645 0 0 0
0.00125 -0.4142379750457106 -0.19660753107928164 0.23019395661635197 0 0 0
0.00125 0.30950235118671826 -0.3478274907562344 -0.3493514656144226 0 0 0
0.00125 0.35439626834457577 -0.5316870906876517 -0.23919045346567294 0 0 0
0.00125 0.21131210474841233 0.32753522938840757 0.3105671806801301 0 0 0
0.00125 0.14144959713142444 -0.2586020087829381 -0.5499571585892598 0 0 0
0.00125 -0.019289927265069496 -0.046864146765456714 0.585864296881557 0 0 0
0.00125 -0.4074059607896908 -0.02124236488928765 0.17973822589027263 0 0 0
0.00125 -0.18105095310744712 0.15328513276105532 0.22951856925647626 0 0 0
0.00125 0.02331943406399461 0.3114636730373339 0.0456357757355177 0 0 0
0.00125 -0.11199447220200187 0.49674878434234726 -0.0003159761667203748 0 0 0
0.00125 -0.005019969192382613 0.6104059309231451 0.23145390059948073 0 0 0
0.00125 0.2619544192459123 -0.35884220421955176 0.4826461567223558 0 0 0
0.00125 -0.46991657132950954 0.1855310483057347 -0.1585262180554461 0 0 0
0.00125 -0.22445624349833906 0.03261053164124363 -0.623051540676807 0 0 0
0.00125 0.18895396821353158 0.4159310834549126 -0.32121691645554845 0 0 0
0.00125 -0.3870217157321036 0.1496889193457699 -0.4165951919742671 0 0 0
0.00125 -0.05799240307760896 0.6482094128425694 0.03675003788335353 0 0 0
0.00125 -0.23385791220181942 0.1200376772432125 0.4413973297312087 0 0 0
0.00125 0.5244557069824826 0.16492417910472779 0.38630666537668656 0 0 0
0.00125 0.161787018483759 0.19146157507904846 0.12249659916311792 0 0 0
0.00125 -0.5834082217680981 -0.14900840066485277 0.20652050863818808 0 0 0
0.00125 -0.2523037457726844 0.23599554269161946 0.5068822389157057 0 0 0
0.00125 0.5693405161712781 0.242125207677749 -0.11371772691699253 0 0 0
0.00125 -0.15774829278823185 -0.3155058090193084 -0.15634100180575655 0 0 0
0.00125 -0.1171574943386673 -0.25295949744220536 0.3667413807455947 0 0 0
0.00125 0.20990106905017306 0.1387755272310121 -0.2610848759353499 0 0 0
0.00125 0.19795828322098952 -0.29727950269754033 0.5786787330851161 0 0 0
0.00125 0.12865355750408053 0.3233049828138563 0.3925517874741078 0 0 0
0.00125 -0.34753467869257687 -0.11432738667451292 -0.13828859321811762 0 0 0
0.00125 -0.4709064454625862 0.23070729901464912 0.19743993315183195 0 0 0
0.00125 0.35885187750046876 -0.05439079640779446 0.46166589931518454 0 0 0
0.00125 0.35368399767545844 -0.03536434254999566 0.36356583242855706 0 0 0
0.00125 0.6090821885803639 0.002034231855783797 0.26904919599434224 0 0 0
0.00125 0.22957132513303974 -0.2795762301753029 0.5416781868677414 0 0 0
0.00125 -0.2425740846485268 -0.057599005614955893 -0.6336206107998197 0 0 0
0.00125 0.18662759305666524 0.40256866988818724 -0.37195823648201726 0 0 0
0.00125 -0.3894849273084409 0.03984332376655326 0.41724529604053834 0 0 0
0.00125 -0.3857751964307699 -0.2251155679247548 0.3109232837941621 0 0 0
0.00125 0.26909118158102774 -0.11200363597775002 0.5573389774592732 0 0 0
0.00125 0.1891334345261832 0.3106890706212821 -0.17296553177978483 0 0 0
0.00125 0.16281367252403883 0.4398530501074699 0.21095389760188982 0 0 0
0.00125 -0.4029991582373916 0.34953824973408837 -0.05340102860775846 0 0 0
0.00125 0.30269510784636333 0.22032763923464205 0.4467474231825413 0 0 0
0.00125 0.012406560885861857 -0.11011219807793786 0.015408861279053405 0 0 0
0.00125 -0.08826201887130981 -0.25851007416890137 -0.4190738267156761 0 0 0
0.00125 -0.520706940559064 0.26580841091530305 -0.11104365749813293 0 0 0
0.00125 0.2229391129551406 0.13417864349709577 0.59148255768202 0 0 0
0.00125 0.020278864332882965 -0.46625337834734115 -0.49492396581328435 0 0 0
0.00125 0.32358121536447143 -0.22902140254423495 -0.25206523480707105 0 0 0
0.00125 0.20434021929460416 -0.44519812412818804 -0.19452281764933274 0 0 0
0.00125 0.06500989253874594 -0.45096016602586536 0.2559115903940591 0 0 0
0.00125 0.46198032705622066 0.09227618582958498 -0.48224324772605087 0 0 0
0.00125 0.3853800120194319 -0.4852890905114595 0.25467053814137686 0 0 0
0.00125 0.056451109796846755 -0.43320098761959036 -0.41266371488059533 0 0 0
0.00125 -0.09976247784381483 -0.47643745086692263 0.07557023215713501 0 0 0
0.00125 0.5873745304250806 0.1242000549151148 0.21956438254589433 0 0 0
0.00125 0.1952741523101247 0.08778017053525737 -0.07265854156314237 0 0 0
0.00125 0.3773105684687272 0.033257344498197276 0.5080641550012602 0 0 0
0.00125 -0.5525852332023146 0.08463171255011999 -0.15407770438723006 0 0 0
0.00125 0.12481846492006285 -0.019137525320501735 0.6093218451102601 0 0 0
0.00125 -0.041091206458316654 -0.49741977508756097 -0.07814244848306695 0 0 0
0.00125 -0.24773867532962873 0.13832990292493774 -0.5922489892541094 0 0 0
0.00125 -0.03567592446665985 0.36540387109575445 -0.5194253083570487 0 0 0
0.00125 0.508299239200764 -0.24012524021180998 0.08413833167711024 0 0 0
0.00125 -0.16241653520364335 -0.39275780225208495 -0.15212795261348605 0 0 0
0.00125 -0.03002030824686463 0.46291600953224116 -0.46553193578510044 0 0 0
0.00125 -0.29723353679336356 0.2631626386969297 -0.2993393307237175 0 0 0
0.00125 -0.5598465267176097 -0.02668730777763608 -0.3917274639301107 0 0 0
0.00125 0.15154281634014807 0.016078309476361772 0.38443239845001403 0 0 0
0.00125 -0.0694982656649384 0.5763238792902733 0.01307824393585827 0 0 0
0.00125 -0.15521233538418627 -0.3432228145050474 0.17648448667383812 0 0 0
0.00125 -0.20352281374686676 0.048830222979448897 0.06856237924695122 0 0 0
0.00125 -0.08374015313923897 0.6001549666932261 0.19305919719594067 0 0 0
0.00125 -0.07760781112153158 0.24057390229163444 0.139158469032605 0 0 0
0.00125 -0.5226355990910945 -0.21847430105738957 -0.3977486239905238 0 0 0
0.00125 0.14182811979911045 0.12875344585689122 0.22135990378930573 0 0 0
0.00125 -0.32461894714693346 0.3641057392843664 -0.30347144482696753 0 0 0
0.00125 0.15516289275619682 -0.01663171118831527 0.5767629294834202 0 0 0
0.00125 -0.1435154492640349 -0.5158069959406981 -0.43478235824190065 0 0 0
0.00125 0.4266305715438609 0.2698783281803277 0.1873726936264404 0 0 0
0.00125 -0.13417020374313748 0.536089634518921 0.2200236364759387 0 0 0
0.00125 0.122601733424807 0.18709875542923216 -0.10368265797882517 0 0 0
0.00125 0.5335672165131029 -0.30061019051822885 -0.06476207978072374 0 0 0
0.00125 -0.00689928452511775 0.02026950959506271 -0.12494516189415715 0 0 0
0.00125 -0.6041612456244214 0.05311723887167171 0.005775091715920683 0 0 0
0.00125 0.3050028542084451 0.06920035324017264 -0.2989362556491128 0 0 0
0.00125 -0.41237613358543906 -0.22934832766401386 -0.12159245263457331 0 0 0
0.00125 -0.2875982868815271 0.16326049112262797 0.49472343342959313 0 0 0
0.00125 -0.28741768201580115 0.3268768969133587 0.009700235955066756 0 0 0
0.00125 0.20797938011560854 -0.2609022617690438 -0.10092805291651 0 0 0
0.00125 0.5785270212637542 0.143996615608812 -0.28188866371636917 0 0 0
0.00125 0.0036757327568034057 0.4786136230118876 -0.31328248360766153 0 0 0
0.00125 -0.22459917124444 -0.26646826710392 0.1616529640567696 0 0 0
0.00125 -0.30359614699777077 0.5443675929006615 -0.1483942542801992 0 0 0
0.00125 0.14379462126106476 -0.5152496919780928 -0.15691783574219065 0 0 0
0.00125 0.2966805593937707 -0.3563312527142421 0.1833748522998919 0 0 0
0.00125 0.5747819050016728 -0.11516449150136626 -0.3048084126522924 0 0 0
0.00125 -0.0626776607157941 -0.44486057299199283 -0.5215168533125628 0 0 0
0.00125 -0.3369461645314577 0.298310627342199 -0.059873552922369844 0 0 0
0.00125 -0.5891031330193343 0.340745963760224 0.027733880625146864 0 0 0
0.00125 -0.02166239251315888 0.028724347042462094 -0.26812820155043676 0 0 0
0.00125 0.20012900924787222 -0.4568081114618169 -0.07520676702820113 0 0 0
0.00125 -0.5092778118153185 -0.18027371673959855 -0.3192562283056598 0 0 0
0.00125 -0.5857385657872712 -0.05784938593371013 -0.17521211657325866 0 0 0
0.00125 0.13481248056612594 -0.6413279551217274 -0.03462455312457792 0 0 0
0.00125 -0.16141864384493007 0.021718131624608276 0.03166681451077334 0 0 0
0.00125 -0.6219992008386107 -0.2411902102225059 -0.11148154638240022 0 0 0
0.00125 -0.25144863875891194 0.05289107355003978 0.25943211905106134 0 0 0
0.00125 -0.03607771477715138 -0.4618599793977189 0.20300811965570098 0 0 0
0.00125 -0.4399059218648471 0.30630077163002417 0.29509053302429894 0 0 0
0.00125 0.41671623742978703 -0.35145083225401197 0.15607650876221527 0 0 0
0.00125 0.061030906785768176 0.1008297341382312 -0.2498045227095079 0 0 0
0.00125 -0.19004331342506256 0.21136249546719932 -0.1844851676001013 0 0 0
0.00125 -0.013325877338456542 0.2624531374412727 0.2614790026273041 0 0 0
0.00125 0.35379414559338135 0.5467368167395461 0.12238954296594738 0 0 0
0.00125 -0.035462673921917584 -0.473910440691719 0.4217675463857192 0 0 0
0.00125 0.0949172863839394 0.13022282115653766 -0.1396142269316473 0 0 0
0.00125 -0.08327094234811776 -0.36244664770318835 -0.10734358894436485 0 0 0
0.00125 -0.47292190633394876 0.20376873556544875 -0.2246650769704947 0 0 0
0.00125 -0.08306471164633082 0.47305697752319104 0.25480310538115447 0 0 0
0.00125 -0.5368134688690355 0.24427097642450166 -0.07282305517202999 0 0 0
0.00125 0.1544819961912419 0.3753626268471357 -0.13291595772351072 0 0 0
0.00125 0.16225235390647222 -0.21062148472764744 0.3180389345804261 0 0 0
0.00125 0.00430765941456307 -0.2623893820711548 -0.2912256686044222 0 0 0
0.00125 -0.2797218317716273 0.28998432093691645 0.012811954661207315 0 0 0
0.00125 -0.11654438005107388 -0.36308220583328255 0.5081427538896559 0 0 0
0.00125 0.5216796200861843 -0.10070623819729904 -0.07567584559032244 0 0 0
0.00125 -0.4903984538060705 -0.12875007007866243 -0.20442122972446553 0 0 0
0.00125 -0.05458031801733014 -0.08752875279924405 -0.30744710650313406 0 0 0
0.00125 0.0004626309264474129 -0.016768198941807057 0.48842740742951585 0 0 0
0.00125 -0.465443897105116 0.05089603565470662 0.28000111588481225 0 0 0
0.00125 0.2531100526854754 0.13975558847936448 0.08759820564415151 0 0 0
0.00125 -0.23064601365396328 -0.15463989151408677 -0.586727115572384 0 0 0
0.00125 -0.17108486514727764 0.16778136041929173 0.09836285118187879 0 0 0
0.00125 -0.18623932553887046 -0.2397498114117231 -0.5814096269967309 0 0 0
0.00125 0.19582733781091652 0.2962428350001559 0.4099070800618163 0 0 0
0.00125 -0.44240047370266306 0.012993200619454151 0.4151878961001247 0 0 0
0.00125 -0.32633463943505964 0.543825299970893 -0.20995404909444568 0 0 0
0.00125 -0.5785675888527831 0.16402729924636356 0.05432481515302695 0 0 0
0.00125 -0.07393659588762483 -0.09904358501359627 0.0964824120723484 0 0 0
0.00125 0.5475892528125591 -0.1898204518119267 -0.24821620277370376 0 0 0
0.00125 -0.2728678752873554 -0.0035594853673079 -0.36477197103239717 0 0 0
0.00125 0.10634816592057218 0.28833268116596955 0.24958576360272675 0 0 0
0.00125 0.2947059557549493 0.262969600436633 -0.21194948566935126 0 0 0
0.00125 0.3030862700110319 -0.012219955827932703 0.5849833274860924 0 0 0
0.00125 0.4110415672795338 0.5149858791276704 0.1881154429051628 0 0 0
0.00125 0.19014960019075997 0.5655195769345926 -0.17913859073200877 0 0 0
0.00125 0.18337735885045747 -0.3230917407197058 -0.07678320172563594 0 0 0
0.00125 -0.02391323606343739 -0.41101941184992435 0.1522806123858872 0 0 0
0.00125 -0.4437375629215019 -0.39898866745924494 -0.21275636180528087 0 0 0
0.00125 -0.18523416002515414 -0.33893141721334286 -0.28052716859844423 0 0 0
0.00125 0.08383339840689427 0.31967951203499323 -0.28335224665544567 0 0 0
0.00125 -0.37144399785362586 -0.27648975643517826 0.02499745704666652 0 0 0
0.00125 0.08399743862627275 -0.3502503897834274 0.5666368964108747 0 0 0
0.00125 0.45489891872271965 0.44493806345469106 0.2301078545549937 0 0 0
0.00125 0.0962043647503783 0.46152472514042414 -0.08168694649559412 0 0 0
0.00125 0.20544240504050726 -0.14634588999346218 -0.011161133574080105 0 0 0
0.00125 -0.403943946553626 -0.07638825165049527 0.21375979959369446 0 0 0
0.00125 -0.4256542678200509 0.21532564293848613 -0.12721419032203884 0 0 0
0.00125 0.30012224749886063 -0.3263740502688884 0.3914640966039699 0 0 0
0.00125 -0.3979491995897599 0.1203530460891495 -0.1635459383330636 0 0 0
0.00125 -0.4309307945243905 -0.195907905831169 -0.4570948491132451 0 0 0
0.00125 -0.07675969184004398 0.33445083995615726 0.21618678533251998 0 0 0
0.00125 -0.05070581398220218 0.09479916315518476 -0.1514993816940178 0 0 0
0.00125 -0.04193846319775952 -0.18522984616595714 -0.28179312195571693 0 0 0
0.00125 -0.06488102480779288 -0.3969444990524417 -0.49380416823717455 0 0 0
0.00125 0.2859101504637696 0.013433090182730882 0.43992593297061017 0 0 0
0.00125 -0.2336139433789543 0.22075184435261996 0.199291432680314 0 0 0
0.00125 -0.08534003662653032 -0.4735740903450866 0.4703666558202795 0 0 0
0.00125 -0.36206245603518056 0.3536207136356722 -0.41606242396689136 0 0 0
0.00125 0.08757952750742717 -0.6092257728476617 -0.2919181811539038 0 0 0
0.00125 -0.37075529420463815 0.5239354923042367 -0.07735563087961556 0 0 0
0.00125 0.22280812009181372 -0.10408214594096414 -0.27347314158069075 0 0 0
0.00125 -0.4590094907845969 0.04651905652317715 0.06021081834492996 0 0 0
0.00125 -0.04527474004602224 0.006242918191644525 -0.5340570208903226 0 0 0
0.00125 0.4558516124146063 -0.11442206044350094 -0.1877167322991079 0 0 0
0.00125 0.5104722295880693 0.3395512297462811 -0.2915737282422673 0 0 0
0.00125 -0.11970301803579844 -0.38027674423205815 -0.26271155014040404 0 0 0
0.00125 -0.34367342024988784 0.2614427938925956 -0.3211952438637616 0 0 0
0.00125 0.2355559369837738 -0.26525863580617415 0.2610593404176835 0 0 0
0.00125 0.3642878026863574 0.27942120298301215 0.34471630305036116 0 0 0
0.00125 0.22869417624295169 -0.1709765951207665 -0.5092305916105329 0 0 0
0.00125 -0.21746521717161238 0.41710726717199537 -0.1156247118350018 0 0 0
0.00125 -0.4409978547251124 0.3180048266021646 0.27763483786763526 0 0 0
0.00125 -0.15103911952554303 0.5774518028480927 0.061966004482449856 0 0 0
0.00125 -0.083062968583553 -0.3475309816429268 0.2743401999827378 0 0 0
0.00125 0.1259191325656457 -0.2527415766785773 0.5004411590769205 0 0 0
0.00125 0.011566853141557568 0.03286522640432882 0.11758204979379967 0 0 0
0.00125 0.09954051616005778 0.02663410130981714 0.5074628032499778 0 0 0
0.00125 0.10773895777234054 0.14842809044924568 -0.35097483879251135 0 0 0
0.00125 -0.6515649813587755 0.13629883926083555 0.013540757177244369 0 0 0
0.00125 0.11903309603329883 -0.04079403934076889 -0.5528008644314251 0 0 0
0.00125 0.3547894352594976 -0.1368306045104234 0.34010248855575825 0 0 0
0.00125 -0.3871550325711179 0.20846046769432788 -0.32399499607164495 0 0 0
0.00125 -0.17384885297561156 0.20055300864913736 -0.2888655594070113 0 0 0
0.00125 0.39002260942309674 0.08818502909089025 0.31118617933408665 0 0 0
0.00125 -0.2909188238447147 0.07111040752577188 -0.4068230034190978 0 0 0
0.00125 -0.42273008749650653 0.09124312466069909 0.43973870341362387 0 0 0
0.00125 0.2745779277477504 -0.5394556796897704 0.2632654568607271 0 0 0
0.00125 -0.3534889626839214 -0.5251775212152389 -0.12689261287776613 0 0 0
0.00125 -0.3800220735363526 0.07520473900025865 -0.49317570775026154 0 0 0
0.00125 -0.17954383924000084 0.022304045686476204 0.6286690743428448 0 0 0
0.00125 -0.2010182540167698 -0.33902336409433104 -0.5175311579213914 0 0 0
0.00125 -0.17160829757131213 0.3904300108198133 -0.057410642844569044 0 0 0
0.00125 -0.22735882462098583 -0.10671720384131157 -0.2478979006981101 0 0 0
0.00125 0.44229360035303145 -0.18787833462595419 0.2771904394085767 0 0 0
0.00125 0.07314557298627301 0.10261229740323022 -0.3084503335928936 0 0 0
0.00125 0.08051042683535357 0.5332906294731858 -0.42396056849975033 0 0 0
0.00125 0.6005423071463264 0.06623618406262084 0.02093430078995194 0 0 0
0.00125 -0.4599019828083151 0.10164951022362716 -0.00028756219951188954 0 0 0
0.00125 0.1455405882624701 -0.25390713494417705 0.23370824842314394 0 0 0
0.00125 -0.4168644541995833 0.544549018217177 0.07509085491788227 0 0 0
0.00125 0.21630208166747508 0.22426353148990252 0.4636929096271675 0 0 0
0.00125 0.22794007976630648 0.20164058055642858 0.017437828650340336 0 0 0
0.00125 0.4920159160815889 0.3842939448540208 -0.022533396838017326 0 0 0
0.00125 -0.048569135161308785 0.23215894356469774 0.5346664693571546 0 0 0
0.00125 -0.2609020681738216 0.3012952204418115 -0.43407263968876086 0 0 0
0.00125 0.030044815570701596 -0.3240082603490058 -0.19447042855194685 0 0 0
0.00125 -0.03391284767375291 -0.26915646512334124 -0.2466871615973165 0 0 0
0.00125 -0.20508970563142906 -0.4706540620832409 0.07104048688542489 0 0 0
0.00125 0.2342184164731873 0.11348887553396342 -0.2954675322936478 0 0 0
0.00125 0.04301940842637684 0.11470514227575716 -0.1262338592696753 0 0 0
0.00125 0.44481679505751237 0.17784009181281482 0.014083246603865219 0 0 0
0.00125 -0.3898858790432381 0.11035015406292897 0.13708905210321604 0 0 0
0.00125 0.03795172488345428 0.4531318119555503 0.43228377008563224 0 0 0
0.00125 0.4130259482344476 0.08058171484635421 0.49708032405768765 0 0 0
0.00125 -0.4995630008444935 -0.3272131624654985 -0.11848242070626779 0 0 0
0.00125 0.05847358664257858 0.5408911088396444 0.20487119083037073 0 0 0
0.00125 -0.1120426971970839 0.20074526438002085 0.6076520778396116 0 0 0
0.00125 -0.32371790169560244 -0.050188223068985904 0.04977722111178232 0 0 0
0.00125 -0.5261848223127753 0.23904985121318467 0.25626971646503405 0 0 0
0.00125 0.03885048178931626 -0.34667476301416955 0.09916576429437135 0 0 0
0.00125 0.23372867213921703 0.2393981530792151 -0.06889841572272547 0 0 0
0.00125 -0.5328723074994567 0.13252197594914863 0.07842947555320406 0 0 0
0.00125 0.35698458411146605 0.09359294105551721 0.4928385803045368 0 0 0
0.00125 -0.23561518271332577 -0.5631261007036471 -0.05738202131804395 0 0 0
0.00125 -0.10001191416726313 0.16165363211554287 -0.5313877765241044 0 0 0
0.00125 -0.09931506937385372 -0.08463754727024551 0.03026452126160298 0 0 0
0.00125 -0.4736173185007928 -0.017809468388706205 0.00011343492409736991 0 0 0
0.00125 0.3051852287424641 0.047810965870958705 -0.13481823131035878 0 0 0
0.00125 -0.24670876030117056 0.3076854086750686 0.41319783070886906 0 0 0
0.00125 -0.1776065526363704 -0.4853896161487833 -0.14988375509900412 0 0 0
0.00125 0.13689232602423573 -0.4518896569542375 -0.041331314996238155 0 0 0
0.00125 0.3217400803036954 -0.06642700977001958 -0.1668885219661107 0 0 0
0.00125 -0.37231730937659097 0.40506315065474874 -0.05145815336289764 0 0 0
0.00125 -0.371914839099512 -0.43425195214068063 0.28482765068876437 0 0 0
0.00125 -0.18169648764184584 0.5313231191215757 0.314575335445005 0 0 0
0.00125 0.38882769781005405 0.22658507620689786 0.3149798916344364 0 0 0
0.00125 -0.5585970665122665 -0.12200341928249239 -0.11551288842273587 0 0 0
0.00125 0.33675287825813116 -0.013652395302728602 0.3639202861909753 0 0 0
0.00125 0.33937638041776885 -0.1322410906015731 -0.11575840570907894 0 0 0
0.00125 -0.43538693608250784 0.43363508390392014 -0.01093776256518197 0 0 0
0.00125 -0.5728369550119924 0.29847130482057344 -0.20591877697459177 0 0 0
0.00125 0.15888121857748938 -0.477919833398883 -0.47377450922603875 0 0 0
0.00125 -0.22079161082775156 0.3014957916897081 -0.02122046110704463 0 0 0
0.00125 0.3820700666340001 -0.1055274258655433 0.15018620190487375 0 0 0
0.00125 -0.03983242302426112 -0.3277427553827051 -0.3092562464387027 0 0 0
0.00125 -0.08489352012076658 -0.0025894422051642215 0.6853476801412354 0 0 0
0.00125 -0.3685634721089962 -0.21257405376826985 -0.0763027409284763 0 0 0
0.00125 0.46535514136354633 0.38174953901120007 0.3315360247673805 0 0 0
0.00125 0.03691057013388284 -0.1174375698935028 0.2433142148334777 0 0 0
0.00125 -0.11653402372628888 -0.3452955006568243 -0.15784946460628282 0 0 0
0.00125 0.3221858083540745 -0.22167437381101285 0.5143802729464028 0 0 0
0.00125 -0.0973410252300812 -0.3543524753650927 0.44600866392951855 0 0 0
0.00125 -0.022265725962957388 0.5000670169021779 0.23438786877346998 0 0 0
0.00125 -0.2440303399394707 0.5656275223207291 0.08772344459566722 0 0 0
0.00125 -0.22019407670393734 -0.2292002362653835 0.5628485805663959 0 0 0
0.00125 0.163015481183756 -0.10231134317587917 -0.46381565621801446 0 0 0
0.00125 0.17891422567070192 -0.29658818594665626 0.1637948601092045 0 0 0
0.00125 -0.2232390466614574 -0.5441922474796912 -0.21785004652129933 0 0 0
0.00125 0.028990055097737683 0.44497162617635005 0.3146621081633608 0 0 0
0.00125 -0.0035232241714538144 0.6088562952847769 -0.035774724764935824 0 0 0
0.00125 -0.14563590015238834 -0.2616833384494235 0.26991232792548836 0 0 0
0.00125 -0.1101811251065288 -0.39622560711613014 0.4057082033811311 0 0 0
0.00125 -0.02532520356398897 0.503770278602945 0.07009851956038361 0 0 0
0.00125 0.058409346389378475 -0.0001658390233594049 0.5023775594745729 0 0 0
0.00125 0.2745482515136637 -0.18038115864007376 0.31037866713434853 0 0 0
0.00125 -0.004118474240699023 0.37586613327298657 0.07985838913655348 0 0 0
0.00125 0.5805280126561684 -0.25074874210807785 -0.17771774694171974 0 0 0
0.00125 -0.2513853616865488 -0.5447061784059412 -0.3357567524595349 0 0 0
0.00125 0.5518628172147227 0.11556350554238796 -0.1649379858864485 0 0 0
0.00125 -0.5318021367210453 -0.0020051686800311224 0.02400395396367374 0 0 0
0.00125 0.26339782202496254 -0.34261961686661885 0.39988143622389044 0 0 0
0.00125 0.18066031645130748 0.3453557764359523 0.29752368592746303 0 0 0
0.00125 -0.12270302585447998 -0.46016530235616104 0.09531299960076679 0 0 0
0.00125 0.2367230030083354 0.24862778980647934 0.2368419563339585 0 0 0
0.00125 -0.21152589876281017 -0.34335369180520464 -0.11454471514344 0 0 0
0.00125 -0.30773162066277915 0.2532434973822622 0.04287993777425773 0 0 0
0.00125 0.43459669448680777 -0.10666428091077533 0.22108290131732397 0 0 0
0.00125 0.1394433030579706 0.31915985697606947 -0.2629687840934232 0 0 0
0.00125 -0.03889231213587419 0.21603112573920974 0.22701528169567467 0 0 0
0.00125 0.03905796695158889 -0.10900137163697467 -0.022768171518851438 0 0 0
0.00125 0.18750782058021995 0.5312641006905592 0.08422024847026745 0 0 0
0.00125 -0.17892778956104052 -0.6156208982141337 0.02099324999346779 0 0 0
0.00125 -0.09340815431133734 0.1857145773528783 0.49070278738159123 0 0 0
0.00125 0.2391613540286268 -0.20239909359931646 -0.15142949224665508 0 0 0
0.00125 0.1631153183138293 -0.07770033274725047 -0.6191308483918887 0 0 0
0.00125 0.015869938765651317 0.32710768632282305 -0.2736190793665183 0 0 0
0.00125 0.18297548070908784 0.17507967484271825 0.5460536845442076 0 0 0
0.00125 0.4517138169012472 -0.4990218337238925 0.15591010224605334 0 0 0
0.00125 0.42600974175145706 0.22075155960130452 -0.37912011304121584 0 0 0
0.00125 0.2225462390314648 -0.40512740186585766 -0.019621299952689877 0 0 0
0.00125 0.3461173705474662 0.5472046674180672 0.2238302865036378 0 0 0
0.00125 -0.07322208496708094 -0.20782011133759895 -0.5508867274477003 0 0 0
0.00125 0.5698921901707155 0.3206431208724031 0.0427028420858123 0 0 0
0.00125 0.35886824844157844 0.14524331684084565 -0.08220563058128764 0 0 0
0.00125 -0.4230483673425698 0.4729701651571388 -0.03696539733566212 0 0 0
0.00125 0.11950713562006907 0.12533854980954204 0.06258326705591725 0 0 0
0.00125 -0.5144994893997747 0.12030672161103392 0.21554727961642153 0 0 0
0.00125 -0.09348994717084079 0.23691911964473852 0.0825973672698327 0 0 0
0.00125 0.3958372832624198 -0.4259207786791779 0.18389015022249858 0 0 0
0.00125 0.28377030841896317 0.291341673541521 -0.3215117523088306 0 0 0
0.00125 0.3339985325286838 0.2997208954139825 -0.3403429150002495 0 0 0
0.00125 0.566647255477056 -0.17814234184971922 0.338936310404178 0 0 0
0.00125 0.30418664528427775 0.018316764341722244 0.42818658579915736 0 0 0
0.00125 -0.1264210158718036 -0.15347695952748439 -0.35441423960256047 0 0 0
0.00125 -0.24070876938765468 0.5661371766556242 0.2937920610412002 0 0 0
0.00125 -0.34976838408499095 0.09966533822387484 0.14587983273333077 0 0 0
0.00125 0.5340019036141533 0.24353184514404633 -0.3626298882708371 0 0 0
0.00125 -0.19897739870467485 0.4174822112532455 0.05251419279302037 0 0 0
0.00125 0.5388458711468779 0.26943825238142644 -0.2733453924101324 0 0 0
0.00125 0.21943086853463958 0.33382172852301195 -0.5612315177037015 0 0 0
0.00125 -0.6539168454716485 0.20999094226264323 -0.01154734558310773 0 0 0
0.00125 0.0802754159772181 -0.4213025521067677 0.36713129491848473 0 0 0
0.00125 -0.012084854041232449 -0.058176278491552096 -0.15027535852692028 0 0 0
0.00125 0.18971510143946252 -0.46250456004371676 -0.23495889581295135 0 0 0
0.00125 -0.16301624730238742 0.30231446087551694 -0.008446472768413779 0 0 0
0.00125 -0.30052973020999724 -0.07048632893694441 -0.12028613623253574 0 0 0
0.00125 -0.10155179753729127 0.13868367035807794 0.4527177527148781 0 0 0
0.00125 0.5536007497435311 0.05862241848657992 -0.19803268893854065 0 0 0
0.00125 0.09444326227267814 -0.17960347265138066 0.5560492633707241 0 0 0
0.00125 0.20004616813347795 -0.37125533829563195 0.43157683925005913 0 0 0
0.00125 -0.4684591636601522 -0.5017163330003399 0.04597740663287624 0 0 0
0.00125 0.11049484480187066 -0.3742119447732494 -0.45224394318737987 0 0 0
0.00125 -0.4551925927625292 -0.008654499412883997 0.33227486461313815 0 0 0
0.00125 0.14488380410153578 -0.5410647316282109 -0.18778548003010337 0 0 0
0.00125 0.09062833896842155 0.24479132475665227 -0.09818089013632653 0 0 0
0.00125 -0.30770725624991657 0.28215002617184237 -0.011403774405604196 0 0 0
0.00125 -0.4842347695605888 0.045463170134273714 0.2625931915012613 0 0 0
0.00125 -0.05657767931452503 0.4304558960699709 0.15121410003697286 0 0 0
0.00125 -0.0002785066788414421 -0.6406617826462078 0.22582011149847805 0 0 0
0.00125 0.28054493138240677 0.08409398469529444 -0.20057833463726776 0 0 0
0.00125 0.11986931350607297 0.6360906376437787 -0.01785787044319222 0 0 0
0.00125 -0.019343426844685308 0.49560305217309575 0.2198227693310598 0 0 0
0.00125 -0.07494183919559602 -0.6040093852055272 -0.29814117397134293 0 0 0
0.00125 0.4744050221828502 0.1351590494240836 0.19457626283716983 0 0 0
0.00125 0.5096765311871313 -0.13068817891193 0.43537738687181854 0 0 0
0.00125 0.2753562607473527 -0.2382686833742019 0.2663893954914053 0 0 0
0.00125 -0.47371736752194343 -0.09662504843973044 0.31783350549904404 0 0 0
0.00125 0.18006116603166739 -0.2904565862375087 0.17172843739530785 0 0 0
0.00125 0.24943247442487443 -0.20090962675250046 -0.5005201616408238 0 0 0
0.00125 0.08093846482361042 0.029115973114725066 -0.37115286068442416 0 0 0
0.00125 -0.34150365873301963 0.08575834914324167 -0.247964551790503 0 0 0
0.00125 0.5131602629773879 -0.25552997852730963 -0.04458820351326308 0 0 0
0.00125 0.08179524996707598 0.5029463314652212 0.09177356166974392 0 0 0
0.00125 0.6567865375238735 0.012478299623940287 0.07943948440844335 0 0 0
0.00125 0.032475818505614755 0.1692022578086346 0.2255627262917362 0 0 0
0.00125 -0.060908831782068754 -0.13888169404574174 0.2153429331468367 0 0 0
0.00125 -0.07954318471848819 0.3630843531075383 -0.25346786285341755 0 0 0
0.00125 0.39492636333372294 0.310632327411704 -0.46248428359735383 0 0 0
0.00125 -0.10995320523418349 -0.591362410143596 -0.043313943220184774 0 0 0
0.00125 -0.06257334094819222 0.14115313044966943 -0.3707960435299204 0 0 0
0.00125 -0.35553491571087514 -0.0380138115239983 -0.351318870702372 0 0 0
0.00125 -0.1183996747649777 -0.6251586333528687 0.26687491147835796 0 0 0
0.00125 0.030258130709518834 0.6345534041316264 0.18022061702025002 0 0 0
0.00125 0.12355059323181376 0.4765707804004795 0.1212751898417522 0 0 0
0.00125 -0.2999300646329158 -0.18523740415386492 -0.49915323582156196 0 0 0
0.00125 -0.43333822797508675 0.46754017529096487 -0.1316290366075207 0 0 0
0.00125 -0.3050406579389557 0.6015374609487794 0.037309779511365264 0 0 0
0.00125 0.5130320049286776 0.21066191505702236 -0.1538141411337803 0 0 0
0.00125 -0.10428932180357824 0.18966532874169054 -0.38358155468486066 0 0 0
0.00125 0.02541074628196238 -0.3543933872945437 -0.4370123074556049 0 0 0
0.00125 -0.15250553899865957 0.23321206347040938 0.46379998769290626 0 0 0
0.00125 -0.10559269816215217 0.2727020223431366 0.28338248138817396 0 0 0
0.00125 0.22604169824933998 0.11598811611117675 0.052749900044273594 0 0 0
0.00125 -0.07508108395400104 -0.013268977356907985 0.6450297299411444 0 0 0
0.00125 0.07847915783435501 -0.23791666715916066 0.026700250916668493 0 0 0
0.00125 0.22486339594417962 -0.1485905157808267 0.43960950273461974 0 0 0
0.00125 0.23444920832808808 0.5884213845846069 0.07012502953755358 0 0 0
0.00125 0.32974238166297865 0.5407561560121735 -0.08890531283646179 0 0 0
0.00125 -0.058793125400182056 -0.165657828600229 0.05816385447172744 0 0 0
0.00125 0.31154366691586666 0.5586885633703047 -0.0359181336571176 0 0 0
0.00125 0.4271097821095644 -0.30646203899796426 0.16095191803155354 0 0 0
0.00125 0.098202979112467 -0.17105967487931836 -0.2070929721435254 0 0 0
0.00125 -0.003104516699411332 -0.41895883328008954 -0.48481356650969143 0 0 0
0.00125 -0.4908171134714095 -0.3241298533154085 -0.25519899523486267 0 0 0
0.00125 -0.49593140951577225 0.16090586273416507 -0.4055738766099417 0 0 0
0.00125 -0.08200795493754792 -0.23086772224255073 -0.07364768313733153 0 0 0
0.00125 -0.11269779923692716 0.004598738947625055 0.679088076935151 0 0 0
0.00125 -0.2947973877981197 0.22525404430334048 -0.03969945260643538 0 0 0
0.00125 -0.20135964738837053 0.5484280132046357 -0.292097020907808 0 0 0
0.00125 0.5702719850148492 0.12246909005422758 0.22382801206504008 0 0 0
0.00125 -0.05340002060589503 0.4044494586365294 -0.14600079082103012 0 0 0
0.00125 -0.26865910924912323 -0.0487941307009793 0.35269885095229153 0 0 0
0.00125 0.3728054051183151 0.4382282332942596 0.3492768517854226 0 0 0
0.00125 0.24309243129347907 0.5156447278140459 -0.11412594778091997 0 0 0
0.00125 -0.11973358541354473 0.5386880637001595 -0.15256534834992497 0 0 0
0.00125 -0.24878547653338176 0.0836389527415554 0.5751920726067311 0 0 0
0.00125 0.37692350328054147 0.2139682948101079 -0.39879431372768764 0 0 0
0.00125 -0.05550724262362325 -0.39230208462773386 0.5689689681488382 0 0 0
0.00125 0.15592112674843234 -0.19324008373999596 -0.6190969259413632 0 0 0
0.00125 -0.23868789300404178 -0.43413673317593027 0.4710719458107329 0 0 0
0.00125 0.5612298132453256 -0.3204376444260999 0.2274649150669161 0 0 0
0.00125 0.5414403778858342 -0.3324694866116131 0.26748860068163227 0 0 0
0.00125 0.12019188416760983 -0.5702186849423614 0.1531671581483024 0 0 0
0.00125 0.08144760240959034 -0.6812546240647298 -0.06857775072166626 0 0 0
0.00125 -0.4863773884191138 -0.10009051676972223 0.07666230166547967 0 0 0
0.00125 -0.2924735587536294 0.59382368556156 0.17225974502786656 0 0 0
0.00125 0.2913392672426217 -0.45905452785807077 0.19210672714972826 0 0 0
0.00125 -0.38991384022253966 -0.474596289239967 0.2903121391052976 0 0 0
0.00125 -0.1028889915988597 0.43632272222378926 -0.0807580737197849 0 0 0
0.00125 -0.27545494038506585 0.02963614683930078 0.35595089049052236 0 0 0
0.00125 0.11446515139582773 0.4696822909441684 -0.29665075022377324 0 0 0
0.00125 0.3657408547308004 0.5404616039617139 -0.002499417778428867 0 0 0
0.00125 0.1434976548294179 -0.6080036987508657 0.18510735144802598 0 0 0
0.00125 0.24203100735299413 -0.2812805636656125 -0.03514662913195113 0 0 0
0.00125 0.17894827665288138 0.22861480809754886 -0.35487687910894383 0 0 0
0.00125 -0.5311361304673616 -0.1171121227329681 -0.26967346007797494 0 0 0
0.00125 0.0171344229674286 -0.04996261422879267 0.28679161978949025 0 0 0
0.00125 -0.01112970200446239 0.3596706406796917 0.27646066393163754 0 0 0
0.00125 0.44833318674943895 0.2792995750149977 0.429610895108436 0 0 0
0.00125 -0.2578365800244753 0.1838354035923576 -0.2157164038457836 0 0 0
0.00125 -0.12766946903826581 -0.6177230158395794 0.13245769144072736 0 0 0
0.00125 -0.15896178720169418 -0.440981629929183 0.47870199931365126 0 0 0
0.00125 0.038983980457069294 -0.0828587834135468 -0.03392756938861429 0 0 0
0.00125 -0.08259083252116536 0.2562884833542405 0.6096234694052515 0 0 0
0.00125 0.020474092607867988 -0.1401852511548575 0.4092521880538766 0 0 0
0.00125 0.2012532352809571 -0.4645312900257037 0.35362428058060486 0 0 0
0.00125 -0.5455323625265347 -0.17811279605187966 0.1009118044290523 0 0 0
0.00125 -0.02843681263152089 -0.4218491038504496 0.07782441935039025 0 0 0
0.00125 0.13884466182286404 -0.3124414178258398 0.4348262749561657 0 0 0
0.00125 -0.5876872987641812 -0.13532082800813053 -0.024305428964670795 0 0 0
0.00125 0.36879932567390344 -0.10417554334402307 -0.05245111751311823 0 0 0
0.00125 -0.39410324259983204 -0.27937319781646597 -0.40796469627948895 0 0 0
0.00125 0.03233683514560917 -0.41004827907803965 0.42839798383164435 0 0 0
0.00125 0.0886070265821594 -0.6007831111949414 -0.2441185874021218 0 0 0
0.00125 0.20166701673090037 -0.20890395614211293 0.09248923800983215 0 0 0
0.00125 -0.20517319786547109 -0.403686352764251 -0.40948090200734194 0 0 0
0.00125 0.09152250972654438 0.0966442146055736 -0.3061995518076916 0 0 0
0.00125 0.028496481460830624 0.6016913276887625 -0.3274393831060497 0 0 0
0.00125 -0.43957407484662975 -0.08033797650693489 0.4483610990184575 0 0 0
0.00125 0.3968322840474124 -0.2658259724209963 0.3822246337623416 0 0 0
0.00125 -0.2283186353378533 -0.22019609456063344 -0.30419349376352367 0 0 0
0.00125 -0.24206041384840787 0.25118869849073866 -0.406846767935076 0 0 0
0.00125 0.4020210999704211 -0.3093350104706008 0.03159340413329994 0 0 0
0.00125 0.6233140081174948 -0.2356406557041654 0.12632032548654626 0 0 0
0.00125 -0.3280490400446052 -0.16248951817790144 -0.1902539774100026 0 0 0
0.00125 -0.20211332635020765 -0.3167322102671932 -0.12909870060548603 0 0 0
0.00125 0.1870818775144827 0.4491897833756473 -0.28519535670687113 0 0 0
0.00125 -0.3393807936311641 0.16439323700066283 -0.35926344363826984 0 0 0
0.00125 -0.5368820008226076 -0.40312525209959754 -0.033039079143495624 0 0 0
0.00125 -0.12526732756084297 0.049012709064900274 0.2447602701707526 0 0 0
0.00125 -0.0603173887272185 -0.16605137972994086 -0.36787726723093933 0 0 0
0.00125 -0.5068316844352007 0.2528812085634388 -0.014822134565562847 0 0 0
0.00125 0.21956820667264285 -0.26024348235394434 0.1579914596079493 0 0 0
0.00125 -0.10798107174335762 -0.5731990434344048 0.1807229765616691 0 0 0
0.00125 -0.18701184187794329 0.43778125127120715 0.465037014338031 0 0 0
0.00125 0.09633603122043005 -0.6384209396483871 -0.2050302214017951 0 0 0
0.00125 0.06989160440438778 -0.6233245845067725 0.07488655781853083 0 0 0
0.00125 -0.012204329285324637 -0.25047466752078934 -0.06324003434870806 0 0 0
0.00125 -0.05225436103944431 -0.11444622940971907 -0.6298102715149752 0 0 0
0.00125 -0.5654497502085334 -0.21269017928832268 -0.31418149181399996 0 0 0
0.00125 0.48550848112209144 -0.12272603676772782 -0.46066635281027274 0 0 0
0.00125 0.3358551770461659 -0.4200087858989258 -0.0771854248032028 0 0 0
0.00125 -0.3105723496916567 -0.4871515450912876 0.2696278842832161 0 0 0
0.00125 -0.3915674985807945 0.5010823694137185 -0.13021324513343052 0 0 0
0.00125 0.5984318027873856 0.06350934309060982 -0.25864393906640665 0 0 0
0.00125 -0.3196363417977829 0.14651580648439985 -0.4501095347097088 0 0 0
0.00125 0.10076692737887766 -0.07020076197984025 -0.5860732413935651 0 0 0
0.00125 0.3418156078324608 -0.3652902425971589 -0.43974440595358855 0 0 0
0.00125 0.2869533358237596 0.12979694035876002 0.5418948043507131 0 0 0
0.00125 -0.5709661560882756 0.19402586067392988 0.16604640823970893 0 0 0
0.00125 0.3322279082443695 -0.07304403601724029 -0.01391437113155126 0 0 0
0.00125 -0.21191102604281345 0.3552626729944382 -0.19661318075993714 0 0 0
0.00125 -0.5353067785806415 -0.01480764764428885 -0.2796804378134399 0 0 0
0.00125 0.5935200022334541 0.17554456492424259 0.1601707685071001 0 0 0
0.00125 -0.2593598216156342 0.08203602954270516 0.5182111885490711 0 0 0
