980
0
0.0010204081632653062 -0.5655013525377951 -0.1472829551758151 -0.27086706536275496 0 0 0
0.0010204081632653062 -0.31727833278245327 -0.037632265331428834 -0.21998878669321495 0 0 0
0.0010204081632653062 0.331275586626382 0.2216563134073033 0.3384324575490663 0 0 0
0.0010204081632653062 -0.3834694770664471 -0.2728968053922055 0.2734152001246015 0 0 0
0.0010204081632653062 0.32486950135465487 -0.17669719977968723 0.22914347376165453 0 0 0
0.0010204081632653062 -0.6053739108646041 0.05039502847447573 -0.07082791065338227 0 0 0
0.0010204081632653062 -0.40440519088950516 0.0013536533876562385 0.4917637409352688 0 0 0
0.0010204081632653062 0.0875585153294864 0.4692587183308654 -0.22934209974925218 0 0 0
0.0010204081632653062 0.49936628458559285 -0.10046102048713122 -0.37009829587878645 0 0 0
0.0010204081632653062 0.4968722745875746 0.37358511568329317 0.24091898879790447 0 0 0
0.0010204081632653062 -0.28006817289960867 -0.007160235634521736 -0.10687254906273044 0 0 0
0.0010204081632653062 -0.5187815674254298 0.03838564130679572 0.2644986747177771 0 0 0
0.0010204081632653062 -0.05416753008101014 0.24583722984411047 -0.19419367056979478 0 0 0
0.0010204081632653062 0.2218742802466698 0.34368900198733604 0.32810460278487613 0 0 0
0.0010204081632653062 0.08019966987155867 -0.045059034540880595 -0.01653015837260202 0 0 0
0.0010204081632653062 -0.5971343296352957 -0.22521124377917853 0.1826802212438634 0 0 0
0.0010204081632653062 -0.020781226520326934 0.29794515868499977 0.20587295407501682 0 0 0
0.0010204081632653062 0.05973161575838587 0.4717662016369626 0.03394640144741144 0 0 0
0.0010204081632653062 0.3350726916749242 -0.20309032445237749 -0.09719619913015788 0 0 0
0.0010204081632653062 0.052848166143055104 0.12638463686690535 0.4172076844574715 0 0 0
0.0010204081632653062 -0.1312917261102983 0.07766066734901793 -0.6054365206679044 0 0 0
0.0010204081632653062 -0.47876571187749795 -0.07989219893544683 -0.37228089239748896 0 0 0
0.0010204081632653062 -0.1963786086720728 -0.06806759635174271 -0.49986329685164077 0 0 0
0.0010204081632653062 0.09154702048287702 0.6767274619130841 0.1118035830901227 0 0 0
0.0010204081632653062 0.4809601796719305 -0.24443359632748052 -0.28438622919388207 0 0 0
0.0010204081632653062 -0.24155294290421528 0.44564576562682207 0.23483772148222234 0 0 0
0.0010204081632653062 -0.14512670334880687 -0.3374572007666423 -0.0876992294277404 0 0 0
0.0010204081632653062 0.08424536971481104 -0.49244137703859703 -0.040953415180788745 0 0 0
0.0010204081632653062 0.5522454332631163 -0.13052791797361504 -0.3908385184376768 0 0 0
0.0010204081632653062 0.17424856841011643 -0.2700588671658646 -0.3485118352932981 0 0 0
0.0010204081632653062 0.4021000127940929 -0.20916034852144227 0.3356656938518439 0 0 0
0.0010204081632653062 0.46548183743839106 0.3503737383755293 -0.13325312992553598 0 0 0
0.0010204081632653062 0.3856303713032336 -0.1536518000305269 -0.29596778403738033 0 0 0
0.0010204081632653062 0.10697533301569707 0.11753953587848201 -0.6004842345947958 0 0 0
0.0010204081632653062 0.10522048641928625 -0.36795252692959984 0.05950094623771702 0 0 0
0.0010204081632653062 0.11981347914291274 -0.06115086537832297 -0.33180473336779753 0 0 0
0.0010204081632653062 -0.6241365290046003 0.1079542671076253 -0.24157022108639528 0 0 0
0.0010204081632653062 -0.14884836688273556 0.36766051278505824 0.4566990031273314 0 0 0
0.0010204081632653062 0.6467889929596659 0.05964160034776684 0.04387305032466167 0 0 0
0.0010204081632653062 0.20136088343512792 0.11775942487438167 0.1663035175098889 0 0 0
0.0010204081632653062 -0.1046262745645131 -0.11875787150565494 -0.5931541070696075 0 0 0
0.0010204081632653062 -0.19680192202243185 0.5533342748305934 -0.25467251273212393 0 0 0
0.0010204081632653062 -0.38360121594449 -0.39359385452846285 -0.1707262435060643 0 0 0
0.0010204081632653062 -0.23463716301078247 -0.30236949545242525 0.4294318966059658 0 0 0
0.0010204081632653062 -0.2585102617976347 -0.08775144867272287 -0.38339428118826585 0 0 0
0.0010204081632653062 0.11559634834906339 0.1983101635537136 0.5730599027901505 0 0 0
0.0010204081632653062 0.022550043834103303 -0.394121339268791 -0.19022085354731788 0 0 0
0.0010204081632653062 0.37128759741201817 0.08896734975511741 0.5194513618452946 0 0 0
0.0010204081632653062 -0.05104217947108214 0.43489561404421945 0.518290089621887 0 0 0
0.0010204081632653062 0.14362105376335546 0.09808186202359341 -0.17419248423835923 0 0 0
0.0010204081632653062 -0.21874466344362833 -0.6084428380727462 -0.01602145981659338 0 0 0
0.0010204081632653062 0.041578414897196006 -0.010878513230171714 0.6548339369938311 0 0 0
0.0010204081632653062 0.39931060209456243 -0.3343650550834898 -0.3221316210684946 0 0 0
0.0010204081632653062 0.1449924974757662 -0.23444294425518217 -0.09503091321752673 0 0 0
0.0010204081632653062 -0.2530246138928838 -0.03546255717182693 0.6162544604542697 0 0 0
0.0010204081632653062 -0.4661504991729857 -0.015429614002768212 0.5073238983616407 0 0 0
0.0010204081632653062 -0.3030455111965888 0.1891152732280226 0.5892968647474324 0 0 0
0.0010204081632653062 0.19832360182919412 -0.060513428330631856 0.5981629495759528 0 0 0
0.0010204081632653062 0.15990990404999705 -0.5419581617029946 0.2808328474988235 0 0 0
0.0010204081632653062 0.22700302030810038 0.3930474829806892 0.15598759324092995 0 0 0
0.0010204081632653062 0.1878156974698887 -0.48288324253978204 -0.25799662210774144 0 0 0
0.0010204081632653062 0.4257449064867084 -0.102115270979184 -0.16374785196798178 0 0 0
0.0010204081632653062 -0.1354298310800401 0.5971918571877569 0.07582658074311707 0 0 0
0.0010204081632653062 -0.47806318947010623 -0.2497397706757379 0.31502147105656686 0 0 0
0.0010204081632653062 -0.48563524936103886 0.42840064233806635 -0.08756764331011747 0 0 0
0.0010204081632653062 -0.1579501295487515 0.12477568560755538 -0.5217318801809685 0 0 0
0.0010204081632653062 0.3289853354574836 0.5054113051884539 0.23848159238660482 0 0 0
0.0010204081632653062 0.0070698619392697126 0.5039412546294634 -0.26465023533521104 0 0 0
0.0010204081632653062 -0.07679872594019166 0.15707023969653872 -0.025296071992464756 0 0 0
0.0010204081632653062 -0.4874935176564935 0.22638731943419407 0.4264314452418034 0 0 0
0.0010204081632653062 -0.028896601435032976 0.22923939824411324 0.1757351894796817 0 0 0
0.0010204081632653062 -0.036749808658372525 -0.06785159224971177 -0.1495911854221705 0 0 0
0.0010204081632653062 -0.10811068626450701 0.07382825588983524 0.6731779905421511 0 0 0
0.0010204081632653062 0.00931479620540581 0.43923238010039556 -0.49465361677984404 0 0 0
0.0010204081632653062 0.39973505018073097 -0.3398930965856067 -0.1627429236017486 0 0 0
0.0010204081632653062 0.008867398634223 0.6169342325380763 -0.13732213509050445 0 0 0
0.0010204081632653062 0.6610605548336169 0.012991598537396468 -0.180943662531579 0 0 0
0.0010204081632653062 -0.19060747058384497 -0.07434207822875258 0.5565118647769329 0 0 0
0.0010204081632653062 0.5135215702768572 -0.029614649746289697 0.43562028087342447 0 0 0
0.0010204081632653062 -0.27216679117109827 0.0067951180206121745 0.23908654422792167 0 0 0
0.0010204081632653062 0.3315858457567296 0.08848519340951755 0.24329977453443355 0 0 0
0.0010204081632653062 0.4203932101072678 0.1547654057146932 -0.4667138402214299 0 0 0
0.0010204081632653062 -0.19470183407217195 0.19168552370478892 -0.4762798993982573 0 0 0
0.0010204081632653062 -0.11999090031061801 0.04682780818192999 0.38646562962667486 0 0 0
0.0010204081632653062 -0.620010635045204 0.11955200050370429 -0.035888330394152256 0 0 0
0.0010204081632653062 -0.3773933607145396 -0.47019791328080957 -0.22630589874280707 0 0 0
0.0010204081632653062 -0.204404712738522 0.39042739376539515 0.08333600036613474 0 0 0
0.0010204081632653062 -0.3337008925337793 -0.3599843850418285 0.14177160923430282 0 0 0
0.0010204081632653062 0.10347895884527179 0.49418308975678843 0.25103559668249925 0 0 0
0.0010204081632653062 0.17010491345832787 -0.4534821722499388 0.2634323675385307 0 0 0
0.0010204081632653062 -0.535523685516545 -0.3413778686863631 0.21425627580252585 0 0 0
0.0010204081632653062 -0.5009371199844275 0.06559117352022731 0.17257661680935477 0 0 0
0.0010204081632653062 -0.4849364584066987 0.3619376443862247 0.16144998461418086 0 0 0
0.0010204081632653062 0.11656587870003163 -0.424784147708333 -0.3580047863710421 0 0 0
0.0010204081632653062 0.5584476234109232 -0.38145974939892957 0.11639358794665905 0 0 0
0.0010204081632653062 0.3918273769160312 -0.15274767696294939 -0.5015862108332358 0 0 0
0.0010204081632653062 0.3212145198378513 0.286633716088629 -0.05629993164544862 0 0 0
0.0010204081632653062 0.5829657067891209 -0.0009932691242100441 0.11314844993447218 0 0 0
0.0010204081632653062 0.38473925851700186 0.20623287325694437 -0.3745665346198974 0 0 0
0.0010204081632653062 0.2638779780523867 -0.40330085735386945 -0.21845105418582145 0 0 0
0.0010204081632653062 -0.05606682321492181 0.019868066436641605 -0.6903103533372755 0 0 0
0.0010204081632653062 -0.17880895817987683 0.48525559964104525 -0.01610048203021194 0 0 0
0.0010204081632653062 0.02167612394887132 0.1907108840423478 0.3593522356056509 0 0 0
0.0010204081632653062 0.46437715821393705 -0.12010847162316793 0.1314452710250039 0 0 0
0.0010204081632653062 0.411996681272635 -0.16304541110947926 0.3553300774908443 0 0 0
0.0010204081632653062 0.31157611506057487 -0.4134142837938317 0.0470053943617311 0 0 0
0.0010204081632653062 -0.06786629006362398 -0.058873148685603664 0.5723835539434367 0 0 0
0.0010204081632653062 -0.16511413354620713 -0.0919622356137308 -0.025062248053144637 0 0 0
0.0010204081632653062 -0.07514046724586372 0.45685808113526 0.12485997053343219 0 0 0
0.0010204081632653062 0.42160372032201876 -0.34518093019150664 -0.2873868016998559 0 0 0
0.0010204081632653062 0.2646130313151131 0.5105070661403086 0.11983017111361195 0 0 0
0.0010204081632653062 0.599807169305785 0.1184389596025554 -0.14916098936040045 0 0 0
0.0010204081632653062 0.051565499370073424 0.5155633046764612 -0.26297944245946825 0 0 0
0.0010204081632653062 -0.3007123088371098 -0.2786524539271196 0.46491482596951994 0 0 0
0.0010204081632653062 -0.45501228613017386 0.454244828332394 -0.20372243487523284 0 0 0
0.0010204081632653062 -0.08463370148587855 -0.41728115248104397 -0.052475910645571576 0 0 0
0.0010204081632653062 0.10908985845965752 0.17555969328644846 -0.019832688298615026 0 0 0
0.0010204081632653062 0.5206842566926657 -0.23601724350307268 0.3461222214909684 0 0 0
0.0010204081632653062 -0.3214090187461187 -0.1495346098892793 -0.3897767534595451 0 0 0
0.0010204081632653062 0.375080815771482 -0.260065314994572 -0.1470190784204482 0 0 0
0.0010204081632653062 -0.4959970238994366 -0.2614910119524734 -0.4030181598011658 0 0 0
0.0010204081632653062 0.11998427577233137 0.23407135294165132 0.5813728192337843 0 0 0
0.0010204081632653062 0.006756431571824452 0.17207071440687335 0.4978584836354051 0 0 0
0.0010204081632653062 -0.2722246272921764 0.2729678279045182 0.029306707092546964 0 0 0
0.0010204081632653062 -0.025095660994537125 0.40145054989468437 -0.31947106941447695 0 0 0
0.0010204081632653062 0.5411078901140465 0.06184170998085972 0.03840223166901334 0 0 0
0.0010204081632653062 -0.5369734540191164 -0.019274996156092322 0.35162472025961944 0 0 0
0.0010204081632653062 0.12173623923186455 0.2905511807097634 0.5903723379263077 0 0 0
0.0010204081632653062 0.057690523324789134 0.07515006902194812 0.06376900308844097 0 0 0
0.0010204081632653062 0.1709228965378387 -0.487008098440254 -0.42178823391211173 0 0 0
0.0010204081632653062 -0.27844507555419995 -0.014868031381329649 -0.29837232055550217 0 0 0
0.0010204081632653062 -0.08880678646749234 -0.39800810365325157 0.2221395667389962 0 0 0
0.0010204081632653062 0.4751506314338945 -0.04283222425137996 -0.14879604238066355 0 0 0
0.0010204081632653062 0.27077815546374084 -0.32350507976368253 -0.10654241628605868 0 0 0
0.0010204081632653062 -0.12620162800191148 -0.5898008041133153 -0.18466857553331484 0 0 0
0.0010204081632653062 0.0355805547943357 0.016011447667036525 0.4435839897465981 0 0 0
0.0010204081632653062 0.29349973702633136 0.4990044518877946 -0.08681684245875217 0 0 0
0.0010204081632653062 0.1386606838057836 0.07404995601333292 0.48442486072790275 0 0 0
0.0010204081632653062 -0.31313292543077675 -0.1290085461724944 0.2086183703559277 0 0 0
0.0010204081632653062 -0.06265203889289638 -0.06225236834676967 -0.6869729451410634 0 0 0
0.0010204081632653062 0.25958855352157717 0.01058573458255985 0.06202731679636649 0 0 0
0.0010204081632653062 0.25404164083783903 0.3100571589544507 -0.08405309120932239 0 0 0
0.0010204081632653062 0.0007509028830420879 -0.15947884065381188 -0.6096101605142942 0 0 0
0.0010204081632653062 0.07249303590715225 0.05067861891653929 -0.12672585516910825 0 0 0
0.0010204081632653062 -0.45177093300459437 -0.4561800758492898 0.2228756430004494 0 0 0
0.0010204081632653062 -0.1597294432955 -0.252246211373738 -0.5490779160601479 0 0 0
0.0010204081632653062 -0.4631139875808225 0.29651576398110013 -0.33861733270423705 0 0 0
0.0010204081632653062 -0.44711548481121544 -0.4012172996147952 -0.13508764415972427 0 0 0
0.0010204081632653062 0.6080391002653881 -0.08206303829659559 0.23417038125550435 0 0 0
0.0010204081632653062 0.11205294210725447 0.13127105886965448 0.07746139161736518 0 0 0
0.0010204081632653062 -0.3291790600042114 -0.3975809207802443 0.40005458696976043 0 0 0
0.0010204081632653062 0.02733319804642966 0.09353128934851236 -0.5070109169026286 0 0 0
0.0010204081632653062 -0.1945551476396075 -0.39687064969224134 -0.462922922830018 0 0 0
0.0010204081632653062 0.13420182291666705 -0.05636269502712736 0.4818099135735627 0 0 0
0.0010204081632653062 0.1301618914761334 0.17180208586436385 -0.02674443404118296 0 0 0
0.0010204081632653062 0.015547687520274961 0.2668205604894665 -0.09583703764010955 0 0 0
0.0010204081632653062 -0.1963674438108713 -0.24650023601368917 0.5204303555553754 0 0 0
0.0010204081632653062 0.35320345864801644 0.16465346654775684 -0.5567325657628617 0 0 0
0.0010204081632653062 0.012694902655134645 -0.4752895254512636 -0.23312610897398056 0 0 0
0.0010204081632653062 -0.46615967578172784 -0.3586294336539227 -0.018333216078518632 0 0 0
0.0010204081632653062 0.1482515382128773 0.4113350960302164 0.39990451420146544 0 0 0
0.0010204081632653062 0.04632470461959181 -0.678218609950161 0.12206287775181453 0 0 0
0.0010204081632653062 -0.39448591856364923 0.06046626836599218 -0.46189784151680163 0 0 0
0.0010204081632653062 0.3234169512494174 -0.15645685516971947 -0.48519424423722524 0 0 0
0.0010204081632653062 0.5169181773349005 0.2483572235931049 0.1359029448818795 0 0 0
0.0010204081632653062 -0.3266203389783455 0.21591455062152248 -0.2730507006194807 0 0 0
0.0010204081632653062 0.2610745713195194 0.10700642357084991 0.017294886992186197 0 0 0
0.0010204081632653062 -0.554080466787052 -0.041403315575428715 0.38091685967097677 0 0 0
0.0010204081632653062 -0.21216414830860625 -0.01086211082957339 0.5015622119647631 0 0 0
0.0010204081632653062 0.5165047296135533 0.012058322502469182 -0.15211873700977213 0 0 0
0.0010204081632653062 0.44310630494574 0.2500671494938937 -0.1318424286727329 0 0 0
0.0010204081632653062 0.3601353166634728 0.14365110882961832 0.16727929704318584 0 0 0
0.0010204081632653062 -0.2630372354242337 0.1166085227559352 0.4502271423691362 0 0 0
0.0010204081632653062 0.6542119770713586 0.17467299561444735 -0.07366233393012658 0 0 0
0.0010204081632653062 -0.019983772378930422 -0.4847973405884386 0.31618917746799635 0 0 0
0.0010204081632653062 -0.18174457801354743 0.2313910423387672 0.031486509377541376 0 0 0
0.0010204081632653062 0.17272408431768438 -0.3233592680510229 0.508056712761768 0 0 0
0.0010204081632653062 -0.22822577267550903 -0.16080109821204408 0.37941627586861 0 0 0
0.0010204081632653062 0.10449518311628642 -0.1972999374183728 -0.3290282910584648 0 0 0
0.0010204081632653062 0.37269651117351227 0.3328127186935625 0.12652976307737365 0 0 0
0.0010204081632653062 0.6173486844308298 0.155699487500333 0.16480248804802183 0 0 0
0.0010204081632653062 -0.052566340926472756 -0.380834413560812 -0.4814629933364086 0 0 0
0.0010204081632653062 0.013485740107669767 0.0809011688147766 0.49126341854529204 0 0 0
0.0010204081632653062 0.16794208249078435 -0.1717170912648612 -0.1374855528309774 0 0 0
0.0010204081632653062 0.2989428644915827 0.14986071335868617 0.13801771287169504 0 0 0
0.0010204081632653062 0.38891212864072344 0.15487858844017124 0.46312054574920064 0 0 0
0.0010204081632653062 0.2591677363455951 0.29363849616453913 -0.11842621073473948 0 0 0
0.0010204081632653062 0.03702627048576712 -0.3089711653417685 -0.428489968527625 0 0 0
0.0010204081632653062 -0.2964852510747144 0.5006881881299069 0.07363604836595809 0 0 0
0.0010204081632653062 -0.2989589963970027 0.26991786713681015 0.08831293169948083 0 0 0
0.0010204081632653062 0.10500474102723427 0.5179790308151373 0.2590726711946538 0 0 0
0.0010204081632653062 -0.05726988643561948 0.5007559593659469 -0.1809058203298658 0 0 0
0.0010204081632653062 0.5013208119045046 -0.20129807783743686 0.22539341730304224 0 0 0
0.0010204081632653062 -0.4590830990325093 -0.20462422661249963 -0.29292600195987956 0 0 0
0.0010204081632653062 0.4056381714317229 -0.3772139855521472 0.1728125992459131 0 0 0
0.0010204081632653062 0.0327859952812046 0.1977148550322366 0.5949289153506977 0 0 0
0.0010204081632653062 0.12932611827646304 0.129675896162042 -0.00820222401034015 0 0 0
0.0010204081632653062 0.20714704696748956 -0.2289056655472874 0.15233002162138956 0 0 0
0.0010204081632653062 0.08413955122582434 -0.30688884490475776 0.28238063113861817 0 0 0
0.0010204081632653062 -0.3761749049979514 0.171062298369599 0.48907501028850514 0 0 0
0.0010204081632653062 0.1038627725302158 -0.2276347868180011 -0.14214516421434695 0 0 0
0.0010204081632653062 -0.5199063373623594 -0.1745481612577035 -0.08204086740980056 0 0 0
0.0010204081632653062 -0.16667818148768535 0.37606920428394247 0.08335034052543633 0 0 0
0.0010204081632653062 0.2848956865253317 -0.243608001755009 -0.2659434779460948 0 0 0
0.0010204081632653062 0.15877804209640464 -0.44346345827238676 -0.20005682066009628 0 0 0
0.0010204081632653062 -0.4686264293573041 0.16995719824826355 -0.42634690376996015 0 0 0
0.0010204081632653062 -0.255470327669202 -0.026673115321695695 -0.5195800557301197 0 0 0
0.0010204081632653062 0.038694712218811704 0.39297519935810155 0.2795946059223801 0 0 0
0.0010204081632653062 0.19411238530798874 -0.48201304849933474 0.45307160600582463 0 0 0
0.0010204081632653062 -0.04979746325434681 -0.19584576295082495 -0.574365325553794 0 0 0
0.0010204081632653062 0.08859804922725865 0.5376158669342518 0.058509422786871476 0 0 0
0.0010204081632653062 0.5401169333251403 -0.2667536796769954 -0.2836263253247095 0 0 0
0.0010204081632653062 0.0721034207151385 0.03521028584341062 -0.15134788403756838 0 0 0
0.0010204081632653062 -0.43499477973083217 0.38007319960506986 0.27378296765571825 0 0 0
0.0010204081632653062 0.34291240502663733 -0.12991452307052243 0.5491594724629425 0 0 0
0.0010204081632653062 -0.005305148117088033 -0.05181579328152259 -0.5795350346143816 0 0 0
0.0010204081632653062 -0.5984955100194196 -0.13512124336696896 -0.25751681459437725 0 0 0
0.0010204081632653062 0.4671554779950691 0.15632264257483033 0.059898743431439874 0 0 0
0.0010204081632653062 -0.009593434761391684 -0.2994543487207876 -0.021119286828481958 0 0 0
0.0010204081632653062 0.25351851278978804 0.34378785297360015 -0.046410575184407395 0 0 0
0.0010204081632653062 0.1569550954461271 -0.537286685668862 -0.13916573071391652 0 0 0
0.0010204081632653062 0.3543102982476749 0.2644794763666803 0.08412059481290876 0 0 0
0.0010204081632653062 -0.10381557796492098 0.3375790340905219 0.02747431615474508 0 0 0
0.0010204081632653062 0.5149039815673984 -0.06890321763934826 -0.3010471736196252 0 0 0
0.0010204081632653062 0.028100485175950644 -0.3314708480807409 0.08361536888430421 0 0 0
0.0010204081632653062 0.5766361853239603 -0.04476145179750552 0.03626157106900963 0 0 0
0.0010204081632653062 0.0020304188795476144 -0.46395254463491054 -0.3647838017927489 0 0 0
0.0010204081632653062 0.13036065505658523 0.4187286339098316 -0.216547040997333 0 0 0
0.0010204081632653062 -0.11344049612617207 0.20603596700530266 -0.3529640226573381 0 0 0
0.0010204081632653062 -0.30138415478993996 0.02542549581100091 -0.5993125293114582 0 0 0
0.0010204081632653062 -0.3148802240738067 0.14501074721328314 -0.5772735849630067 0 0 0
0.0010204081632653062 -0.08580364394636758 0.672984530837089 -0.0346853734804181 0 0 0
0.0010204081632653062 0.5432309588833841 0.11649656157462147 -0.28788225367181314 0 0 0
0.0010204081632653062 0.05842249031485853 -0.2326900319053231 -0.3305296540834612 0 0 0
0.0010204081632653062 0.4668631749406225 -0.3485788392760048 0.2530302513756565 0 0 0
0.0010204081632653062 0.4830666710868853 -0.4171640977674766 -0.2469542624588855 0 0 0
0.0010204081632653062 0.255774271560842 -0.3051837597391425 -0.1420307342987342 0 0 0
0.0010204081632653062 0.5706516688001213 0.23310287118598264 -0.2714128035351754 0 0 0
0.0010204081632653062 -0.5666980825283556 0.2128427651255849 -0.22117177145792674 0 0 0
0.0010204081632653062 -0.10855456685896459 -0.26812666749766456 0.10861263241816517 0 0 0
0.0010204081632653062 -0.45906069353685663 0.5001893184333401 0.046274875863438675 0 0 0
0.0010204081632653062 0.238581818846308 0.08686837948986381 0.5710438588518261 0 0 0
0.0010204081632653062 0.455208189125049 -0.3432923210106469 -0.22146955126223214 0 0 0
0.0010204081632653062 -0.038078687206401715 0.3991996516152531 -0.2992549426312049 0 0 0
0.0010204081632653062 -0.43506000069258566 -0.218803949825968 -0.4863588713520868 0 0 0
0.0010204081632653062 -0.07841907039045845 0.046314449906622736 -0.5479846392598559 0 0 0
0.0010204081632653062 -0.29022491189683425 0.4061074923312641 0.43556267368896406 0 0 0
0.0010204081632653062 -0.48007255539061705 0.12628722226435163 0.130347697431261 0 0 0
0.0010204081632653062 -0.36028232249046765 -0.04813496956839775 0.25909090624685277 0 0 0
0.0010204081632653062 0.23404045252413014 0.4885852326983403 -0.281971760771164 0 0 0
0.0010204081632653062 0.1836625373560166 -0.3118573038809252 0.3437552087002028 0 0 0
0.0010204081632653062 0.07765792515339288 -0.33824187242224807 -0.42785285443863563 0 0 0
0.0010204081632653062 0.35310120916760246 0.46359606490300537 -0.3471524233079661 0 0 0
0.0010204081632653062 -0.314516503573672 -0.254647058523342 0.22110212882978353 0 0 0
0.0010204081632653062 0.6179058164828424 0.04470332094663653 -0.14464619855840852 0 0 0
0.0010204081632653062 0.0626384006038386 -0.3364321606580825 0.06872875765851458 0 0 0
0.0010204081632653062 0.4168752439594398 -0.10250739291940507 -0.5351425810770253 0 0 0
0.0010204081632653062 0.22644314241903443 -0.3242085213460278 0.06683739558039974 0 0 0
0.0010204081632653062 0.3283762703362542 0.08232644984693796 0.45769613626130257 0 0 0
0.0010204081632653062 -0.2829289273432958 0.3274829986056443 0.4311857285515855 0 0 0
0.0010204081632653062 0.15404118781817125 -0.02909922552371628 -0.14220018831158923 0 0 0
0.0010204081632653062 0.5474908279605116 0.3654365961204596 -0.09285398918074764 0 0 0
0.0010204081632653062 -0.30996583616234646 -0.09647624538413717 -0.48894530530767977 0 0 0
0.0010204081632653062 0.07668099493619689 0.36317695478096945 -0.40660598812806 0 0 0
0.0010204081632653062 -0.18830682991725708 0.33400978418704397 -0.3727949226623912 0 0 0
0.0010204081632653062 0.33227729764016994 -0.42312573409101056 -0.2875027455525434 0 0 0
0.0010204081632653062 0.2555754970500656 0.19167880704921986 -0.09676765819950271 0 0 0
0.0010204081632653062 -0.12801019861399654 -0.338265491745108 0.5850196399467191 0 0 0
0.0010204081632653062 0.21447328743661054 -0.22206914090115354 0.1583382485306641 0 0 0
0.0010204081632653062 -0.1887850161167925 -0.4048385509360624 0.08820970665428109 0 0 0
0.0010204081632653062 -0.35667666130132375 0.3376753667296824 0.4268721002036657 0 0 0
0.0010204081632653062 -0.11231397422346544 -0.47407863294287494 0.3843223460511662 0 0 0
0.0010204081632653062 -0.03763713748502781 0.544799018823352 0.019648309094840423 0 0 0
0.0010204081632653062 0.30936156676426746 0.3837118375674935 0.1711909428258616 0 0 0
0.0010204081632653062 -0.3356465058822081 -0.22946783253754316 -0.50536310726559 0 0 0
0.0010204081632653062 0.15325083888743588 -0.16962576576498709 0.6336015005915615 0 0 0
0.0010204081632653062 0.10821745006466164 0.5428984650710126 0.3242140112828418 0 0 0
0.0010204081632653062 -0.21251351281628916 0.0330075368638615 -0.0913469627019289 0 0 0
0.0010204081632653062 0.10009068294591035 0.10815147382531765 -0.18093644220260605 0 0 0
0.0010204081632653062 -0.14896104393197854 -0.28020736101024635 0.3433565651981847 0 0 0
0.0010204081632653062 -0.10792873061592217 -0.14002224378860512 0.11238474443619365 0 0 0
0.0010204081632653062 -0.4632729120750117 0.25468960551791225 -0.3542065232279103 0 0 0
0.0010204081632653062 -0.06293315519022603 0.5404552797927421 -0.06869563358346567 0 0 0
0.0010204081632653062 -0.16625190093821918 -0.10429405145580226 0.17800551641968929 0 0 0
0.0010204081632653062 0.10414175718682625 0.2778368502292318 -0.5409309561857312 0 0 0
0.0010204081632653062 0.17370789089520453 -0.37942555759223145 -0.3981005362976695 0 0 0
0.0010204081632653062 0.325376510046397 0.18124190576041374 0.0534773606539756 0 0 0
0.0010204081632653062 0.2837253777375015 -0.35168475642417324 0.3254906293753872 0 0 0
0.0010204081632653062 0.24433930998098483 -0.40674723805150476 -0.45445876263498974 0 0 0
0.0010204081632653062 0.0802508575402852 -0.5095290591122553 0.1799434234040571 0 0 0
0.0010204081632653062 0.46379013509240685 -0.29529469775192907 -0.16271775301749167 0 0 0
0.0010204081632653062 -0.2603943520137628 0.212271896340007 0.17483151116913775 0 0 0
0.0010204081632653062 0.4038949998217262 0.0449213396376947 -0.40635550720296687 0 0 0
0.0010204081632653062 0.6492035581356045 -0.014451228099770888 0.05728281807456581 0 0 0
0.0010204081632653062 -0.33443188098397086 -0.13682406188343896 -0.2808720533468071 0 0 0
0.0010204081632653062 -0.44536813029963823 -0.2095870551995842 -0.3662170256274106 0 0 0
0.0010204081632653062 -0.4289319094362259 -0.34090091083770996 -0.11420504752272602 0 0 0
0.0010204081632653062 -0.13569885909068086 -0.22086300525762737 -0.18460109360445842 0 0 0
0.0010204081632653062 -0.5531057782014673 0.15606565509771902 0.30510663252273307 0 0 0
0.0010204081632653062 0.13096000927864343 0.01139426716224689 -0.0446895792459189 0 0 0
0.0010204081632653062 0.1545994450230535 -0.13723988403034107 -0.37942165490363833 0 0 0
0.0010204081632653062 0.4145687191412123 -0.2258460994461529 0.42466439897554115 0 0 0
0.0010204081632653062 -0.052954131767962 0.30803569959443133 -0.3646186230957883 0 0 0
0.0010204081632653062 -0.33785408460825733 -0.32581837952608933 0.24945034650334993 0 0 0
0.0010204081632653062 -0.15000023325753914 0.4925581879327352 -0.17600485528202148 0 0 0
0.0010204081632653062 0.29079607935465157 0.4682034618936169 0.3434479028442255 0 0 0
0.0010204081632653062 0.14013549497249048 -0.3249110623205346 -0.1890396086661194 0 0 0
0.0010204081632653062 -0.35390041772535447 -0.22470921374510958 0.31663695357057225 0 0 0
0.0010204081632653062 -0.32588476107834136 -0.2504424183184095 -0.44940239465209175 0 0 0
0.0010204081632653062 0.00894319238707351 0.16273235492752242 -0.61656110088859 0 0 0
0.0010204081632653062 0.2471341942941167 -0.02638967847416253 -0.16314055593218837 0 0 0
0.0010204081632653062 -0.4321102165617568 -0.15347243678922473 -0.50015606163927 0 0 0
0.0010204081632653062 -0.2004387586857342 0.18356000800572395 0.4768078893077965 0 0 0
0.0010204081632653062 0.1054931915981987 0.3510648378162186 0.1353270560768635 0 0 0
0.0010204081632653062 -0.2567817630337401 0.15838789419249097 0.31092811276650717 0 0 0
0.0010204081632653062 0.19210843220651816 0.14547080130998433 -0.281083494491243 0 0 0
0.0010204081632653062 -0.02869458087258877 -0.29371386224770535 -0.5717188800688608 0 0 0
0.0010204081632653062 0.12966151691119926 0.06818743405779706 0.5500297590527023 0 0 0
0.0010204081632653062 0.384079309185318 0.5259729479281681 -0.13655399954471048 0 0 0
0.0010204081632653062 -0.29065324270269954 -0.03538478880624127 -0.4603559305493203 0 0 0
0.0010204081632653062 0.4708818315376623 -0.010766665506947744 0.17235557299788004 0 0 0
0.0010204081632653062 0.4344567438020084 0.4982297123360221 0.18419822082909146 0 0 0
0.0010204081632653062 -0.4591935231075808 -0.43636665978526556 0.025492682245538092 0 0 0
0.0010204081632653062 -0.4439778596359298 -0.16982419741933627 0.26452825680807335 0 0 0
0.0010204081632653062 -0.34035790866548715 -0.264344089768751 0.11715055183383148 0 0 0
0.0010204081632653062 0.46092328012169054 0.5131442314706903 0.026153382136147055 0 0 0
0.0010204081632653062 -0.4877907063200141 0.41962158738071187 0.12553248769285194 0 0 0
0.0010204081632653062 0.014324005758172461 -0.37499557821978796 0.31128106763682073 0 0 0
0.0010204081632653062 -0.16275841713293043 -0.5200253642239254 0.27953383306545426 0 0 0
0.0010204081632653062 -0.37170107478630865 0.3642508364639238 -0.008001130249049483 0 0 0
0.0010204081632653062 0.2868867148541121 -0.3953346834151484 -0.2609856549832026 0 0 0
0.0010204081632653062 -0.08249428162796339 0.22110036603306027 -0.07902595164210945 0 0 0
0.0010204081632653062 -0.05338317763297871 -0.5134556424530201 0.12377044676350726 0 0 0
0.0010204081632653062 -0.3238483925305192 -0.1842637799910598 0.0328580414547943 0 0 0
0.0010204081632653062 0.15543932535330682 0.4608468469827081 -0.4285662913494537 0 0 0
0.0010204081632653062 -0.6345250091746998 -0.09542923712026798 0.13798689856930715 0 0 0
0.0010204081632653062 -0.40095499936305573 0.11548995833562099 -0.06645184092804196 0 0 0
0.0010204081632653062 -0.510190077441196 -0.08326327322763191 0.22188901984246712 0 0 0
0.0010204081632653062 0.00028327167990970415 -0.038121853526164866 0.5996779946654349 0 0 0
0.0010204081632653062 -0.44252357024308386 0.42389418798900275 -0.18644595584746876 0 0 0
0.0010204081632653062 -0.5194070716207884 0.12658842272882842 0.18539723581767892 0 0 0
0.0010204081632653062 -0.13899033354218762 -0.45136828292353304 0.5002985269911806 0 0 0
0.0010204081632653062 0.12167728884088397 -0.24462262828753725 0.28395741998765867 0 0 0
0.0010204081632653062 -0.044365735581921695 0.270900487082011 -0.32934068744571626 0 0 0
0.0010204081632653062 -0.1948656083015454 -0.22969910485837133 -0.3908684007353642 0 0 0
0.0010204081632653062 0.39229594464172657 0.07198030615008318 0.15017571012438904 0 0 0
0.0010204081632653062 -0.051803299196681314 0.10308063586784035 -0.26270977523725664 0 0 0
0.0010204081632653062 0.01751965471677632 0.3534462245465508 -0.3069782497985667 0 0 0
0.0010204081632653062 -0.18015148329336325 -0.26346252357976263 0.5305476469224812 0 0 0
0.0010204081632653062 -0.04116991091021421 0.24848599394589962 -0.3505252426907744 0 0 0
0.0010204081632653062 -0.08225520597878837 -0.6461144983756931 0.1469521828588038 0 0 0
0.0010204081632653062 0.1088190808623954 0.23876378103785711 0.13414986241571278 0 0 0
0.0010204081632653062 -0.2378682833480689 -0.2444813118856325 0.12340570433475391 0 0 0
0.0010204081632653062 -0.37643078127355994 0.2538264073300705 -0.005603444790941146 0 0 0
0.0010204081632653062 0.05801992251420083 0.11387187676629137 -0.38958065610860776 0 0 0
0.0010204081632653062 -0.4069391728661625 0.007263924814893101 0.510789305322228 0 0 0
0.0010204081632653062 0.5469469184259386 -0.07731883743682835 -0.3965285187240471 0 0 0
0.0010204081632653062 0.35747391339962886 0.4354304451875445 -0.1501250411891204 0 0 0
0.0010204081632653062 0.2789088121525204 -0.057733099986805404 0.022055287882718745 0 0 0
0.0010204081632653062 -0.27098259679810505 -0.04533180088798864 0.6034191766125101 0 0 0
0.0010204081632653062 -0.153932327198208 0.5310041182452673 0.3415610180783297 0 0 0
0.0010204081632653062 -0.09386380430302511 0.5554683435264103 -0.34016790540100483 0 0 0
0.0010204081632653062 0.3028055204498388 0.06764699511806037 0.2487599730970853 0 0 0
0.0010204081632653062 0.2973858030781474 -0.06414854625516354 0.6197391377128021 0 0 0
0.0010204081632653062 -0.5385617532013861 0.15382552581365708 0.2896677686579755 0 0 0
0.0010204081632653062 0.2774574219092543 0.46788101192989207 0.19398341437916125 0 0 0
0.0010204081632653062 -0.40267342928709804 0.5196602488191986 0.21529811572125343 0 0 0
0.0010204081632653062 0.03561000634460244 0.0017766205184017777 -0.46128731844319554 0 0 0
0.0010204081632653062 -0.4753348402885257 -0.26356123214485844 -0.40024794497402066 0 0 0
0.0010204081632653062 0.23309198635091802 -0.12045775228977404 -0.3349024928544284 0 0 0
0.0010204081632653062 0.4259095581509551 -0.14166008330011637 0.19561389130378046 0 0 0
0.0010204081632653062 -0.3213745683522866 -0.22370716803129756 0.2947959297924656 0 0 0
0.0010204081632653062 0.3078962067325034 -0.4298226304056448 0.0010656760663341077 0 0 0
0.0010204081632653062 0.39091180246543517 0.16071122583096065 -0.4247370429996125 0 0 0
0.0010204081632653062 0.4150271010385111 0.42188678660918744 -0.29681124816072674 0 0 0
0.0010204081632653062 0.32737540942384896 -0.22347129414863995 0.28071746704943285 0 0 0
0.0010204081632653062 -0.09029226913025207 0.4691467232465066 0.32841064847691365 0 0 0
0.0010204081632653062 -0.25239602165343067 -0.3795075899583226 0.04149178795230899 0 0 0
0.0010204081632653062 0.6209474766981479 -0.22447779427974313 -0.005458946308011451 0 0 0
0.0010204081632653062 -0.5444896572033604 0.18084192914788075 0.048515184587808416 0 0 0
0.0010204081632653062 -0.17134967285018818 0.2964895572379782 0.1518137209749223 0 0 0
0.0010204081632653062 -0.07794456868877539 -0.5661375126561627 0.10692473615469295 0 0 0
0.0010204081632653062 0.403134779164543 -0.035300076894849514 -0.18799910909469816 0 0 0
0.0010204081632653062 0.2814017240625938 -0.2724442478118116 0.4260973389731457 0 0 0
0.0010204081632653062 -0.3727785909836833 0.32875192524867297 0.09765015685518431 0 0 0
0.0010204081632653062 0.40991051196291994 -0.3693017604348111 0.1887466189655198 0 0 0
0.0010204081632653062 0.025746433428091665 -0.5742252902179541 0.21296169453458857 0 0 0
0.0010204081632653062 -0.19367945583448176 0.49375743409820266 0.17241263963308623 0 0 0
0.0010204081632653062 -0.09311959987298703 0.5768533045686314 0.13816676576749976 0 0 0
0.0010204081632653062 -0.34115049315484036 -0.46402680652114364 -0.3603346299537037 0 0 0
0.0010204081632653062 -0.1750130699994397 0.2269328995429802 -0.15794025938668518 0 0 0
0.0010204081632653062 -0.10167324842607617 -0.5889941312380608 -0.20069418816122947 0 0 0
0.0010204081632653062 0.11285256421999527 -0.6673842324307231 0.10169549135982849 0 0 0
0.0010204081632653062 -0.2791625601024524 -0.025420796051604577 -0.06202587701188878 0 0 0
0.0010204081632653062 -0.35996223270086664 -0.488612291841598 -0.006116192901298884 0 0 0
0.0010204081632653062 -0.5041097569155446 0.2334149995669716 0.1110229983685962 0 0 0
0.0010204081632653062 0.6277003541191162 0.09040111458826275 -0.03220098527589127 0 0 0
0.0010204081632653062 0.2102103604998883 -0.17025693944461473 0.32760338918933196 0 0 0
0.0010204081632653062 0.3761965378104471 -0.1408511630025448 0.5433965112537875 0 0 0
0.0010204081632653062 -0.6668198482828254 -0.1699046440423934 0.06822284293094519 0 0 0
0.0010204081632653062 -0.03821525210461323 -0.03279979191383207 0.2410046966545669 0 0 0
0.0010204081632653062 -0.055767551236914154 0.06355231268447491 0.4126949117008397 0 0 0
0.0010204081632653062 0.16168484703639902 0.4075558231872262 0.2467672746354259 0 0 0
0.0010204081632653062 -0.4262996041606395 -0.43591537565565175 -0.14348193239156345 0 0 0
0.0010204081632653062 -0.15047007227566 0.5401210706917173 -0.12038831224994645 0 0 0
0.0010204081632653062 -0.2187594442961054 0.47404958288304827 0.054801517346064685 0 0 0
0.0010204081632653062 -0.4671440175600904 0.22360006806247512 0.35355713399702676 0 0 0
0.0010204081632653062 0.02274981873645267 0.4023602697341585 -0.1622758196991002 0 0 0
0.0010204081632653062 0.1533838753205216 0.47879978940499135 0.28198703700309147 0 0 0
0.0010204081632653062 0.2465965819433371 0.36291671689005517 -0.4651585245955183 0 0 0
0.0010204081632653062 0.13395904212510176 -0.39436281401423945 0.49285476216277385 0 0 0
0.0010204081632653062 -0.4400378698570225 0.2618765084179901 -0.08829701145525028 0 0 0
0.0010204081632653062 -0.05583729984520672 -0.275279198248595 0.3589361024962371 0 0 0
0.0010204081632653062 -0.5649027507077912 0.2675202636926873 0.29426069944045863 0 0 0
0.0010204081632653062 0.10006342951475428 0.28371483511132234 -0.5834822311830105 0 0 0
0.0010204081632653062 0.018994396930945477 -0.2177889895398409 0.5042498952596836 0 0 0
0.0010204081632653062 0.11275516081301852 0.3373480144399391 0.48772383904540245 0 0 0
0.0010204081632653062 -0.10258151216553155 -0.3125051703311708 0.34103059114502565 0 0 0
0.0010204081632653062 0.5112494992721673 -0.21241205221258652 -0.3403365323948828 0 0 0
0.0010204081632653062 0.3383423001489393 -0.10034422164355564 0.06156357066463502 0 0 0
0.0010204081632653062 0.11270678505485303 -0.5800762766157929 0.2843816535255807 0 0 0
0.0010204081632653062 0.26777625618026213 -0.07845760693195536 0.4148040909281013 0 0 0
0.0010204081632653062 0.1528629850322366 -0.056109953647435165 0.2329068334642499 0 0 0
0.0010204081632653062 -0.5996678565103564 0.057500436078688516 0.15028963714048782 0 0 0
0.0010204081632653062 -0.4842726773774147 -0.00515431045142722 0.49351213009527445 0 0 0
0.0010204081632653062 0.17798099666834494 -0.4401117702825805 0.25229011973745064 0 0 0
0.0010204081632653062 -0.4406450565948627 0.09530091601093012 0.11583281824764402 0 0 0
0.0010204081632653062 -0.32175277890848075 0.42974028012948945 0.33321458223438066 0 0 0
0.0010204081632653062 -0.050351237058053194 0.22060436360607943 0.6167562615974062 0 0 0
0.0010204081632653062 -0.18803529137476085 0.06042061875017916 -0.006943892513663612 0 0 0
0.0010204081632653062 -0.4765196695554598 0.16739862738399156 0.1888967653074386 0 0 0
0.0010204081632653062 0.37554763200197294 -0.2827632093290853 0.3807744110688228 0 0 0
0.0010204081632653062 0.15730828543511977 0.21672920741062124 0.5590796240463848 0 0 0
0.0010204081632653062 0.5805094277664364 0.28923160710051765 0.08029681280429342 0 0 0
0.0010204081632653062 0.39468696603875864 0.441856702445114 -0.1724692878609143 0 0 0
0.0010204081632653062 0.24001737754445554 0.40179771949155274 0.4575122704302795 0 0 0
0.0010204081632653062 -0.4074306003835014 0.2593981110213785 -0.0016496489041291336 0 0 0
0.0010204081632653062 0.004701383479565364 0.3020351529483745 0.27031161466147335 0 0 0
0.0010204081632653062 0.036295096748872394 0.1346101017915919 -0.6589131513088586 0 0 0
0.0010204081632653062 0.2667235752921072 -0.4374070362097433 -0.3898878761230645 0 0 0
0.0010204081632653062 0.29333467825336407 0.46134005833867775 0.40417657138555607 0 0 0
0.0010204081632653062 0.028744611247801213 -0.11869886228236261 0.25566081785800826 0 0 0
0.0010204081632653062 -0.4783642617739183 -0.20854683891643322 -0.00816869817890985 0 0 0
0.0010204081632653062 0.25985404008838503 -0.38520152687038683 -0.34940638120608214 0 0 0
0.0010204081632653062 -0.20905414490248556 -0.013420119622467702 -0.2282727638249044 0 0 0
0.0010204081632653062 0.4616819300121452 -0.12694069585466886 0.22050732006690169 0 0 0
0.0010204081632653062 -0.18302362315440582 0.5527321484716216 0.07163410481424021 0 0 0
0.0010204081632653062 0.05283845092108287 -0.22272974337734405 0.44585262824154076 0 0 0
0.0010204081632653062 -0.36996599884606224 0.13578326790324574 -0.021317490782822034 0 0 0
0.0010204081632653062 -0.5478266614293603 -0.36997473896080435 0.03747636409223796 0 0 0
0.0010204081632653062 0.23625022588301905 -0.4301926094679837 -0.311834333795092 0 0 0
0.0010204081632653062 0.0825002815191063 -0.09812857403026284 -0.6215459474166276 0 0 0
0.0010204081632653062 0.043412857698691035 -0.1981533012287511 -0.21783283940580325 0 0 0
0.0010204081632653062 0.28504503746553433 -0.1725080358103036 0.10597457780112843 0 0 0
0.0010204081632653062 -0.46378301066524225 0.3714624480430376 0.18931867406902067 0 0 0
0.0010204081632653062 0.02569057854926187 -0.4387904592142868 0.2375732137549827 0 0 0
0.0010204081632653062 0.6464067210203053 0.22361475946467754 0.03133994245456928 0 0 0
0.0010204081632653062 0.20459071847217764 -0.5624554472171269 0.18939121045454962 0 0 0
0.0010204081632653062 0.028280278602571107 0.36919940535554685 0.21587679969076978 0 0 0
0.0010204081632653062 -0.017269945656642718 -0.3532877860231198 0.030234724127210382 0 0 0
0.0010204081632653062 0.3693986843261473 0.47060682764986583 -0.32472059461670444 0 0 0
0.0010204081632653062 -0.0578288939029604 -0.4736639678240688 0.3291104796281912 0 0 0
0.0010204081632653062 0.43382242615522465 -0.20260994253650494 -0.23546121019605892 0 0 0
0.0010204081632653062 0.1547462526946895 0.013938935524891944 0.007073843365946793 0 0 0
0.0010204081632653062 -0.12165742929592137 0.07430670454016268 -0.1244401001569322 0 0 0
0.0010204081632653062 0.12583050696657053 -0.6567353947372331 -0.14284850301071397 0 0 0
0.0010204081632653062 -0.6581557905100635 -0.014413298329701217 0.19893712408073533 0 0 0
0.0010204081632653062 -0.011674623006961801 -0.5897172240940193 0.3582303902611918 0 0 0
0.0010204081632653062 -0.4485298510166026 -0.02966588607446259 0.40144116691667714 0 0 0
0.0010204081632653062 0.1218955930179717 0.5407583886034981 0.03529938842798417 0 0 0
0.0010204081632653062 -0.1947673428256984 -0.15070321533100683 -0.6129323924292412 0 0 0
0.0010204081632653062 -0.05154720012468258 -0.3644658188910482 0.09107811109518013 0 0 0
0.0010204081632653062 -0.1910335024555805 0.5181035409308354 0.2610944020264843 0 0 0
0.0010204081632653062 -0.021529322756956196 0.4642366457852475 -0.46363418622155467 0 0 0
0.0010204081632653062 -0.10409665390234434 -0.3380635588236602 0.1728766828324255 0 0 0
0.0010204081632653062 -0.3678743654409878 -0.011897542076677531 0.3741299023976276 0 0 0
0.0010204081632653062 0.2702638820505129 0.2736881202721285 -0.048302468602575636 0 0 0
0.0010204081632653062 0.3275767774996851 -0.03318572153748215 -0.12357872332819088 0 0 0
0.0010204081632653062 0.3167269644749668 0.3450696555086419 0.1442581335588654 0 0 0
0.0010204081632653062 0.46233676421626574 0.09228637313863643 0.4770832321103003 0 0 0
0.0010204081632653062 -0.2072534611091683 -0.1594694264010852 -0.45608407266559764 0 0 0
0.0010204081632653062 0.32681818421661346 0.22847022476299383 0.4884515928969407 0 0 0
0.0010204081632653062 0.006381861706585376 0.5694947216329552 0.08712680779638264 0 0 0
0.0010204081632653062 -0.3489465941262984 0.1983553431040594 0.1284666085083793 0 0 0
0.0010204081632653062 -0.23815820002447766 -0.2581490873321094 0.4929794558092507 0 0 0
0.0010204081632653062 0.4576636257581518 -0.21791719409459842 0.3262406624048154 0 0 0
0.0010204081632653062 0.4173446573507469 -0.46316175960387784 -0.17852299501147847 0 0 0
0.0010204081632653062 -0.15325736672442944 -0.43890454273710927 -0.43324808178245566 0 0 0
0.0010204081632653062 -0.04553374524159378 -0.38045542637119606 -0.12521439618615773 0 0 0
0.0010204081632653062 -0.46973860102069365 -0.17844824613626734 0.0011073287751664695 0 0 0
0.0010204081632653062 0.04416160274861005 0.19354592866502882 -0.05276826033657624 0 0 0
0.0010204081632653062 0.3540451921406558 -0.4228260284627198 -0.06441059913579954 0 0 0
0.0010204081632653062 -0.5567202277909324 0.09735644870448538 -0.24363561427962543 0 0 0
0.0010204081632653062 -0.033626144961713275 0.13206094416837452 0.15458273511192683 0 0 0
0.0010204081632653062 -0.09814730561293587 -0.4863780918860823 -0.10456320886311798 0 0 0
0.0010204081632653062 -0.026838737757363226 -0.2703216985275865 -0.4640973939101372 0 0 0
0.0010204081632653062 0.16861261078780176 -0.5744531480497365 0.15919017337674837 0 0 0
0.0010204081632653062 0.030272103614540857 -0.4218780266594133 0.05017099268854496 0 0 0
0.0010204081632653062 -0.3727112248866315 -0.479808645026118 -0.11838586396643633 0 0 0
0.0010204081632653062 0.22354750061495024 0.4596252466366217 0.3609393471834115 0 0 0
0.0010204081632653062 -0.4959235656926725 -0.17634795867471734 -0.2627092828439545 0 0 0
0.0010204081632653062 -0.32894257293523166 0.03472858726229138 -0.09522769635300188 0 0 0
0.0010204081632653062 0.2593237834401837 -0.11439755485837098 0.14377249665313452 0 0 0
0.0010204081632653062 0.11194295847510333 0.4023132077741909 -0.09025546464244531 0 0 0
0.0010204081632653062 -0.5847774079473015 -0.15016356546604842 0.1277802497888314 0 0 0
0.0010204081632653062 0.3321244215609575 0.3233552044098025 -0.19987456857149377 0 0 0
0.0010204081632653062 0.008821660247852765 0.08605096759782557 0.4203850166380048 0 0 0
0.0010204081632653062 0.0909866650246866 -0.18690376355903995 -0.17335820174547575 0 0 0
0.0010204081632653062 0.01188044937937577 0.2607207448502775 0.42230450245804063 0 0 0
0.0010204081632653062 0.42722398017373536 0.1954325180707612 -0.326491020947607 0 0 0
0.0010204081632653062 -0.23323013346912777 0.38874528689270405 -0.20335576789076737 0 0 0
0.0010204081632653062 -0.6361906451200231 0.2375712977539534 -0.12477516678598229 0 0 0
0.0010204081632653062 -0.04715099739143476 -0.6362779619281415 0.25088855897540346 0 0 0
0.0010204081632653062 -0.33711561742661156 -0.3050573747424559 -0.09120415760959324 0 0 0
0.0010204081632653062 0.12320353885657748 -0.22562418715038116 -0.5307205186480327 0 0 0
0.0010204081632653062 -0.5675631184393023 -0.15347275535946897 0.0706888447261251 0 0 0
0.0010204081632653062 -0.4480654122294278 -0.4056989945834456 -0.15522065401466242 0 0 0
0.0010204081632653062 -0.592055595526992 0.01554217571007213 -0.24760881303689455 0 0 0
0.0010204081632653062 0.5518856185834773 -0.22192696259033073 0.043794739388190604 0 0 0
0.0010204081632653062 -0.4549161945695405 0.02922890398488007 0.08243102504917897 0 0 0
0.0010204081632653062 0.02449730437596949 -0.3630561847481549 -0.02632872478973775 0 0 0
0.0010204081632653062 -0.5274304834889376 0.06089723504650728 0.025007294937678306 0 0 0
0.0010204081632653062 -0.008220159511134015 -0.24005233330862413 0.5398030550789191 0 0 0
0.0010204081632653062 -0.5295811076388461 -0.24658510449279666 0.005446508363672165 0 0 0
0.0010204081632653062 -0.19319135135314486 -0.190232164374702 -0.41444218297654645 0 0 0
0.0010204081632653062 0.5084850659045006 0.030792334938259173 -0.2788205567406646 0 0 0
0.0010204081632653062 -0.5857729421145718 -0.14629288980597382 -0.13715275874214686 0 0 0
0.0010204081632653062 -0.3904502060107906 0.05212369161223313 -0.3487297110796052 0 0 0
0.0010204081632653062 0.14709946653377276 0.19216434602854937 0.49595340374022195 0 0 0
0.0010204081632653062 -0.3429359883056767 0.3758753676067466 0.41681907473703933 0 0 0
0.0010204081632653062 0.328436008515884 0.280901176621372 0.015455174856053794 0 0 0
0.0010204081632653062 0.3883953563500337 0.04228872978468498 -0.015093436432329374 0 0 0
0.0010204081632653062 -0.3715235985005224 0.12505355368035082 -0.15363344030723397 0 0 0
0.0010204081632653062 -0.06368266007597989 -0.3644283939065921 0.338277337896869 0 0 0
0.0010204081632653062 0.2893083466669617 -0.4166588701629326 0.0037255603849876517 0 0 0
0.0010204081632653062 -0.33642448823511295 0.3566500911922985 0.41049384877399486 0 0 0
0.0010204081632653062 -0.41789205963630477 -0.17309383354446714 -0.2779703189321639 0 0 0
0.0010204081632653062 -0.43441173248959913 0.1375081471967167 0.4858327030257113 0 0 0
0.0010204081632653062 -0.25469953762727593 -0.24675243022658547 0.15202289516621417 0 0 0
0.0010204081632653062 0.29134923764569864 0.05206423786995178 0.11741576962007956 0 0 0
0.0010204081632653062 -0.10506852270947259 -0.2984882089644585 -0.614825148427124 0 0 0
0.0010204081632653062 0.3046071235985372 -0.11587268226113412 -0.13271765619832251 0 0 0
0.0010204081632653062 0.24781487114736284 0.5427571830683389 0.018996285175743918 0 0 0
0.0010204081632653062 0.07300576587633345 -0.10256495742820583 -0.032714675422716256 0 0 0
0.0010204081632653062 -0.2450397261897634 -0.4855637957453011 0.2985271997043792 0 0 0
0.0010204081632653062 0.39735025909615773 0.1099198277231967 0.1569224218951307 0 0 0
0.0010204081632653062 -0.42420659183217524 0.09209300181852953 0.5365657423330704 0 0 0
0.0010204081632653062 0.22708689481114797 -0.4793001188864184 -0.23002363083035518 0 0 0
0.0010204081632653062 -0.5280553478125896 -0.18033847046557633 0.3531652535718963 0 0 0
0.0010204081632653062 0.1871112296694202 -0.07878010517316307 -0.5906098181898327 0 0 0
0.0010204081632653062 0.058310065658429555 -0.35232019524293634 -0.5901094105722585 0 0 0
0.0010204081632653062 0.2892875908119436 0.17256966446297145 -0.20849283377211425 0 0 0
0.0010204081632653062 -0.27894713297527224 0.30968996119272657 0.3739889930836821 0 0 0
0.0010204081632653062 0.4112984743770163 -0.07021860671876137 0.1584972282696195 0 0 0
0.0010204081632653062 0.22969079396755698 0.47863963757524314 -0.39883204344979 0 0 0
0.0010204081632653062 -0.2740478216040157 0.0073782852607776825 -0.4690932247580605 0 0 0
0.0010204081632653062 0.21186848580332313 0.007494466463442655 -0.15737378680851288 0 0 0
0.0010204081632653062 -0.00686198091277752 -0.3296519305228605 0.15729991813737723 0 0 0
0.0010204081632653062 -0.5860126503579834 0.20915755958210513 -0.16772995503015548 0 0 0
0.0010204081632653062 -0.004323886709468712 0.08775009700985702 -0.5882738066653803 0 0 0
0.0010204081632653062 -0.534068520728277 -0.06232919807825933 0.15844985513959398 0 0 0
0.0010204081632653062 0.16065474537601804 -0.05470775079033113 0.6599569636924385 0 0 0
0.0010204081632653062 -0.019124730857229943 -0.4431491018405315 0.2804267812428974 0 0 0
0.0010204081632653062 0.3200373941699684 -0.28221973220237045 -0.31291533322859655 0 0 0
0.0010204081632653062 0.2624217383079141 -0.030476116111625845 0.12032228913517286 0 0 0
0.0010204081632653062 0.42011008026536517 -0.24778550521488793 -0.17117710444918902 0 0 0
0.0010204081632653062 -0.0941311829159192 0.224626058199809 -0.22884385890068543 0 0 0
0.0010204081632653062 0.2731613420521757 -0.27495711158619024 0.2613583670208397 0 0 0
0.0010204081632653062 -0.21076952464485108 0.09550798728602665 -0.4113248887881654 0 0 0
0.0010204081632653062 -0.12680971197075833 0.5482362100887885 0.08326903864606111 0 0 0
0.0010204081632653062 0.018961559478193224 -0.32440915959788025 0.42796232571996595 0 0 0
0.0010204081632653062 0.30956767988025863 -0.06194750622105327 0.4201075153346845 0 0 0
0.0010204081632653062 0.12884847443266098 -0.11023440663165429 -0.2940666142252502 0 0 0
0.0010204081632653062 -0.26226357629822683 0.16094814954303704 0.14254911337548018 0 0 0
0.0010204081632653062 -0.1032103837565241 -0.20051486766663124 -0.08138674428937953 0 0 0
0.0010204081632653062 -0.25436792071785497 -0.29464442318453327 0.06902481747433481 0 0 0
0.0010204081632653062 0.44662019911846856 0.5007964338604092 0.05969188021958341 0 0 0
0.0010204081632653062 0.18163325457015178 -0.04171787042678141 0.5929159516434206 0 0 0
0.0010204081632653062 -0.01018500948096903 0.34404231339699937 -0.5867362159770487 0 0 0
0.0010204081632653062 0.3662478110567614 0.4361275200418712 -0.09952026974701814 0 0 0
0.0010204081632653062 -0.06483764795866245 0.1357025900664876 0.3392549264439461 0 0 0
0.0010204081632653062 0.10985727561967769 -0.012197512958088855 -0.5970145386398665 0 0 0
0.0010204081632653062 0.22554814508940227 -0.020453564117200375 -0.38363816184483646 0 0 0
0.0010204081632653062 -0.25555791540680295 -0.0164021533343749 -0.2115054558753743 0 0 0
0.0010204081632653062 -0.0020940445000208674 0.04414512227088069 0.16496846991036762 0 0 0
0.0010204081632653062 0.257694632866197 -0.22104131558672646 0.17109955449223904 0 0 0
0.0010204081632653062 0.14958140905913742 -0.40164543239783956 0.025153483368057804 0 0 0
0.0010204081632653062 -0.42613326662706447 -0.370077252081077 -0.30193954625484115 0 0 0
0.0010204081632653062 -0.15237690323482694 -0.026892697189426096 0.06406302548717255 0 0 0
0.0010204081632653062 -0.36427355248652077 0.10100728006932846 0.4665977392806513 0 0 0
0.0010204081632653062 0.31353994714909267 -0.3934079741825635 0.29917354506331845 0 0 0
0.0010204081632653062 0.05227730622706826 0.29725625861569976 -0.4593892631860898 0 0 0
0.0010204081632653062 0.2659643303376519 0.36202994467829547 -0.2166373147134881 0 0 0
0.0010204081632653062 -0.4190386100199905 -0.32585819897252133 0.15444568797347294 0 0 0
0.0010204081632653062 0.268783878443632 -0.39968659864782435 -0.26398871370168775 0 0 0
0.0010204081632653062 0.09290331059865511 0.463232142095312 0.4275604668006681 0 0 0
0.0010204081632653062 -0.6718308783204446 0.03299367480914319 0.13620061666880826 0 0 0
0.0010204081632653062 0.1979545213629325 -0.2958114234308316 -0.20800367490952112 0 0 0
0.0010204081632653062 -0.1551639414349858 0.15922678103840573 -0.2758971495338587 0 0 0
0.0010204081632653062 0.3974937477792177 0.4310541194479592 0.21769522531523633 0 0 0
0.0010204081632653062 -0.30285517329441386 0.022030963347180327 0.38937208454297395 0 0 0
0.0010204081632653062 -0.5631622126171104 -0.08383611647187106 -0.3254057605188486 0 0 0
0.0010204081632653062 -0.44139438078495413 0.4499604123872782 0.22616504272413077 0 0 0
0.0010204081632653062 -0.15697484589316066 -0.29944881612765967 0.3030878058355516 0 0 0
0.0010204081632653062 -0.041327921791847556 0.1829948523646894 0.24621513085962587 0 0 0
0.0010204081632653062 -0.23173042441828914 -0.4999075345307115 0.09192723966007048 0 0 0
0.0010204081632653062 0.3051810435270088 -0.200406598294172 -0.1996241302011279 0 0 0
0.0010204081632653062 0.6285317568865635 0.04553260848985405 -0.22307315460665136 0 0 0
0.0010204081632653062 0.5628225649989154 -0.07744184200827921 0.20906594018831645 0 0 0
0.0010204081632653062 -0.33390315338424603 0.30540744288953303 -0.35671187564833606 0 0 0
0.0010204081632653062 0.234720152451889 0.28810037111543096 0.5304902263833218 0 0 0
0.0010204081632653062 -0.43852996127781063 -0.1937517374172689 0.12325750537534982 0 0 0
0.0010204081632653062 0.2748986897535471 -0.5096136658692452 0.06374961937759506 0 0 0
0.0010204081632653062 -0.08372733686528724 -0.13537055662674516 -0.34106174024375197 0 0 0
0.0010204081632653062 -0.42369637205802146 0.06699078030039914 0.23078516581588115 0 0 0
0.0010204081632653062 0.08034773758369224 0.18447041571841755 0.3138664767942653 0 0 0
0.0010204081632653062 0.031510579855022584 -0.041878959110167015 -0.6015848872299423 0 0 0
0.0010204081632653062 0.1736064314231309 -0.40029613394040064 0.4414546932486733 0 0 0
0.0010204081632653062 -0.1167167132042666 0.632962105792553 0.10517161035383549 0 0 0
0.0010204081632653062 0.26593780570313874 0.14388398451749432 0.3917990853095954 0 0 0
0.0010204081632653062 0.1409372249163121 0.26769182822730786 -0.6038911224764307 0 0 0
0.0010204081632653062 -0.2932539506363825 0.03162016295352869 0.004630376562040357 0 0 0
0.0010204081632653062 0.08239253488069481 -0.06911675369162294 -0.6034567838099514 0 0 0
0.0010204081632653062 -0.12780342493189975 -0.01806921082929678 0.5480915107768309 0 0 0
0.0010204081632653062 0.5586689330391283 0.2173621948485042 0.1479847818292166 0 0 0
0.0010204081632653062 -0.566296095233589 -0.2017481061501083 0.3383995065530338 0 0 0
0.0010204081632653062 0.5214274750678859 0.015262415325884102 0.27517861532747634 0 0 0
0.0010204081632653062 -0.22084273173110897 -0.5148004470193128 -0.06993311558866808 0 0 0
0.0010204081632653062 0.5605221531526542 -0.08071807300465607 0.2834429261047739 0 0 0
0.0010204081632653062 0.14622777563148812 -0.2421277196585786 0.5688776615227366 0 0 0
0.0010204081632653062 -0.1776255417520796 -0.5864989153369862 -0.04742832884898602 0 0 0
0.0010204081632653062 0.3976560339650077 -0.14292452739854175 0.02361566741586913 0 0 0
0.0010204081632653062 -0.025362109959510177 -0.24571443345618701 0.24556301076771883 0 0 0
0.0010204081632653062 -0.36531738689323606 -0.10862658486608211 0.16529101188759035 0 0 0
0.0010204081632653062 0.22802099793946706 -0.02787524109993514 0.04029587590404713 0 0 0
0.0010204081632653062 -0.2620268471747209 0.3958897383241792 0.1809462634300817 0 0 0
0.0010204081632653062 -0.29982425175003324 0.473823835924643 0.05804542092352166 0 0 0
0.0010204081632653062 -0.07072433713838126 0.6393142334638133 -0.024585374430568022 0 0 0
0.0010204081632653062 -0.013538892508558983 -0.46321316940547225 0.06728759326785076 0 0 0
0.0010204081632653062 -0.4709953383545012 -0.24798898832533994 -0.3510283395570828 0 0 0
0.0010204081632653062 -0.28408795559622413 0.3189240899733698 -0.09002162074090549 0 0 0
0.0010204081632653062 -0.10887328947390264 -0.22349270965220117 0.6240842367091199 0 0 0
0.0010204081632653062 -0.1509165682100369 -0.5773691565796321 -0.2799437929102047 0 0 0
0.0010204081632653062 -0.0191013349382457 0.2945384807707803 -0.31760746017580677 0 0 0
0.0010204081632653062 0.09524421213471555 0.5228300760952728 0.07483710857760525 0 0 0
0.0010204081632653062 -0.40291520160577393 0.033513507254828476 0.4646556635556703 0 0 0
0.0010204081632653062 -0.028349960435685717 0.6206928159264195 -0.25371207486712427 0 0 0
0.0010204081632653062 -0.3350387114963943 -0.044696712219447376 -0.2293121539296165 0 0 0
0.0010204081632653062 0.23279700160923736 0.13124883464917073 -0.012332044121283135 0 0 0
0.0010204081632653062 -0.3069715158588772 0.2084497472938608 0.20458891578523947 0 0 0
0.0010204081632653062 0.11615711023515814 0.42701320342074056 -0.4757187587563613 0 0 0
0.0010204081632653062 0.22118133171344628 -0.014226095135163068 -0.5401686638286634 0 0 0
0.0010204081632653062 0.559158765795066 -0.004441063039340526 -0.0879385211279972 0 0 0
0.0010204081632653062 0.20663572766586777 -0.14831696630409388 0.24236788980446622 0 0 0
0.0010204081632653062 -0.5579090915212458 0.08622908651920005 0.24033387289062286 0 0 0
0.0010204081632653062 -0.24324187358107446 -0.31801461069309994 -0.553862767402147 0 0 0
0.0010204081632653062 -0.09697362064675061 -0.5778007353452378 -0.1611007342458987 0 0 0
0.0010204081632653062 -0.06919652231670653 -0.21129388260974222 0.1750152517591069 0 0 0
0.0010204081632653062 0.23797787838381043 0.008832035252268526 -0.6211003408988535 0 0 0
0.0010204081632653062 -0.0627149058618106 -0.16395506285749517 -0.30982661467162337 0 0 0
0.0010204081632653062 -0.12511251478419091 0.023231206814224675 -0.45307747780421176 0 0 0
0.0010204081632653062 -0.28001057702821047 -0.3642044094293061 -0.08566608707728342 0 0 0
0.0010204081632653062 0.302733693598419 0.026542555644366563 -0.4763258755183909 0 0 0
0.0010204081632653062 -0.470902719066603 -0.21626806163463333 0.4435151490835661 0 0 0
0.0010204081632653062 0.3934768465581651 -0.49213271779372014 0.02042876725235903 0 0 0
0.0010204081632653062 0.26539153865813114 -0.041811580554667174 0.38880292780902875 0 0 0
0.0010204081632653062 0.4783077602144787 -0.14228880754600795 -0.09628234152562412 0 0 0
0.0010204081632653062 -0.1527347253945129 0.062413970581717264 -0.13749379570867581 0 0 0
0.0010204081632653062 -0.37553287923421336 0.32108875392220826 0.3104039008380203 0 0 0
0.0010204081632653062 0.1484886638831986 -0.10508759945613702 -0.45770659112819206 0 0 0
0.0010204081632653062 0.1385610629868732 -0.009702760212369122 -0.5354636399589732 0 0 0
0.0010204081632653062 0.5840181074903724 0.25361460932632246 -0.024683638106150794 0 0 0
0.0010204081632653062 -0.22973037307182848 -0.1471209111593841 -0.05488837676552829 0 0 0
0.0010204081632653062 0.20749551474043848 0.12709955320677552 -0.12959689490637588 0 0 0
0.0010204081632653062 -0.3362185911008751 0.039957678512559984 0.1346629082797608 0 0 0
0.0010204081632653062 -0.00866470378978292 0.26818026873244183 -0.058097507243290596 0 0 0
0.0010204081632653062 -0.10267905982773146 -0.4395757846458898 -0.3719255604058797 0 0 0
0.0010204081632653062 0.18266639353942313 0.3815287383611799 0.07265784615658483 0 0 0
0.0010204081632653062 0.004943657189963147 0.14317115361400146 -0.45172448420566336 0 0 0
0.0010204081632653062 -0.22011343443551687 -0.047219853693071585 -0.36759253809358505 0 0 0
0.0010204081632653062 0.36715674758907096 0.2418054369707938 -0.3090853228622427 0 0 0
0.0010204081632653062 0.08440869254842634 -0.12443395148036401 0.5729967549513909 0 0 0
0.0010204081632653062 0.01828664374556088 -0.332167531163199 0.4606151415525934 0 0 0
0.0010204081632653062 0.28001136992349196 -0.06097924395519691 -0.3833025056585777 0 0 0
0.0010204081632653062 -0.12564763319046207 -0.032809799645200255 -0.24297320529691882 0 0 0
0.0010204081632653062 -0.36657811049421607 0.06209396989192287 -0.4389394829061005 0 0 0
0.0010204081632653062 0.4729164156960735 -0.23936797378917515 0.10332955844329744 0 0 0
0.0010204081632653062 0.538819473370824 -0.08962258819870746 -0.24415549558766614 0 0 0
0.0010204081632653062 0.010596196675267571 -0.06966035515745808 0.0583745029651598 0 0 0
0.0010204081632653062 -0.28207769354714046 0.31425157625157324 -0.5109939013566441 0 0 0
0.0010204081632653062 0.3963590263011065 -0.25784846456990185 0.45244562266407273 0 0 0
0.0010204081632653062 0.006316456727008653 -0.26848147239173453 0.1296045293065598 0 0 0
0.0010204081632653062 0.4445230628705667 -0.18741563098026426 0.2791653969905936 0 0 0
0.0010204081632653062 -0.433494158213416 0.07428947235484025 0.3824546370838094 0 0 0
0.0010204081632653062 0.10949339684364878 0.5088143285937543 -0.3216275188259528 0 0 0
0.0010204081632653062 -0.08143405855052047 -0.4345809506316911 0.4935077573722839 0 0 0
0.0010204081632653062 -0.44790387423695666 -0.19421580727388726 0.24294617151943412 0 0 0
0.0010204081632653062 -0.0024320418420120168 -0.26567103699664746 0.4070004565947127 0 0 0
0.0010204081632653062 -0.5307385007224809 -0.19279116372846172 0.06586067637122582 0 0 0
0.0010204081632653062 0.08737151055278733 0.4054058462726805 0.3527838864762433 0 0 0
0.0010204081632653062 -0.5354125230068956 0.19272466727583087 -0.16729825462519352 0 0 0
0.0010204081632653062 0.28059360487991414 0.08507237621117639 0.39270573645194995 0 0 0
0.0010204081632653062 -0.3644254394855153 0.5475881335189168 0.04990559789148912 0 0 0
0.0010204081632653062 0.41511767684222506 0.08723539444823561 0.3507454792784506 0 0 0
0.0010204081632653062 -0.08874688309867604 0.340340298119455 -0.3521757308833546 0 0 0
0.0010204081632653062 0.46797178821717844 -0.11370932804879487 0.04205331745917933 0 0 0
0.0010204081632653062 0.4132338471110394 -0.3469769566345062 -0.053614980353210884 0 0 0
0.0010204081632653062 0.3481455649817882 -0.2502391754735662 0.5096777388698324 0 0 0
0.0010204081632653062 -0.2169724168430921 -0.4815790168505574 0.1414432918674866 0 0 0
0.0010204081632653062 0.3740846900446823 -0.21173558444191065 -0.39332753770584844 0 0 0
0.0010204081632653062 0.1594638915980224 0.5422812447753669 0.16708048183086102 0 0 0
0.0010204081632653062 -0.22844154662675403 -0.20503142940772576 -0.5538890482381289 0 0 0
0.0010204081632653062 0.18630857919815064 -0.1569984297878849 0.12848858089939247 0 0 0
0.0010204081632653062 -0.36619034575859716 0.41906376295953207 -0.34876939499547455 0 0 0
0.0010204081632653062 -0.30201929552606305 -0.29130264135241785 0.25479260004805676 0 0 0
0.0010204081632653062 0.27529066637336946 -0.44023281472522025 -0.31334093328984025 0 0 0
0.0010204081632653062 0.08679245851208703 -0.11740853862430958 0.18100994079137267 0 0 0
0.0010204081632653062 -0.6417871569199667 0.07371908697551044 0.059602260923308295 0 0 0
0.0010204081632653062 0.07673724683800096 -0.669210066452218 0.14465795814523746 0 0 0
0.0010204081632653062 0.009585346017922438 -0.14550659590044007 -0.28470463399500395 0 0 0
0.0010204081632653062 -0.40505850972695623 0.2882290883287086 0.3445584251415324 0 0 0
0.0010204081632653062 -0.4617105016440802 0.09067039102615082 -0.1596679156531851 0 0 0
0.0010204081632653062 -0.18577795981115577 0.0776628660461368 -0.4117127354815654 0 0 0
0.0010204081632653062 -0.3578533945945965 -0.20720830856957373 -0.04556464764103535 0 0 0
0.0010204081632653062 0.4761015084031555 -0.24055729306222234 -0.36364769617585124 0 0 0
0.0010204081632653062 0.5480135501888082 0.09696676471003893 -0.13330444661215066 0 0 0
0.0010204081632653062 -0.1329392057763927 -0.5525019248942156 0.11937092159806185 0 0 0
0.0010204081632653062 0.1662307473899067 -0.10412334717676316 -0.19160471529562836 0 0 0
0.0010204081632653062 -0.018671553806731574 0.33065584609415893 0.5543100991801309 0 0 0
0.0010204081632653062 -0.31058912345248163 0.18501107205082534 0.3608958746231843 0 0 0
0.0010204081632653062 -0.3859672415312277 -0.13973067675559397 -0.35673112474605145 0 0 0
0.0010204081632653062 -0.11931094820939656 -0.012570508903351343 0.6812594610719831 0 0 0
0.0010204081632653062 -0.04502825171033799 -0.5096245081980628 -0.11369419817233224 0 0 0
0.0010204081632653062 0.40450881332570865 0.42123179214858253 -0.12615239988463128 0 0 0
0.0010204081632653062 0.4043803801444665 -0.334133900795301 0.0936629092708078 0 0 0
0.0010204081632653062 0.23630585308997643 -0.3470871470550472 0.2640051821505614 0 0 0
0.0010204081632653062 0.4119713737798966 -0.022228252888866703 0.43289395874265674 0 0 0
0.0010204081632653062 0.0035636470435674184 0.03902145532755884 0.5265931424955598 0 0 0
0.0010204081632653062 0.1031578203389522 -0.1745144518548156 0.4943569481908011 0 0 0
0.0010204081632653062 0.643558386968381 0.08128607206245639 0.03046870198364138 0 0 0
0.0010204081632653062 0.056748155067764476 0.04814900277850859 -0.29370249570263285 0 0 0
0.0010204081632653062 0.10684231704541447 -0.3511604497801796 0.13671986039354242 0 0 0
0.0010204081632653062 -0.17583105627741244 -0.46889817620075464 -0.35723087761064093 0 0 0
0.0010204081632653062 -0.00029856312051856296 0.5348919116899101 -0.25915390506822095 0 0 0
0.0010204081632653062 0.10293271511097303 0.38585555938320965 -0.01322831248845693 0 0 0
0.0010204081632653062 -0.4436692381419309 -0.46817377402174204 -0.1569521035113795 0 0 0
0.0010204081632653062 0.04466658789151381 0.609430105323819 0.06994268420255904 0 0 0
0.0010204081632653062 -0.4103222863112124 -0.15035313356703214 -0.01643837017015764 0 0 0
0.0010204081632653062 0.4751536856012535 0.332444755117779 0.2056608174730744 0 0 0
0.0010204081632653062 0.07424261750367003 -0.4572349199556275 0.4469198219397065 0 0 0
0.0010204081632653062 -0.4072830437364054 0.08419663346579195 -0.500389343948334 0 0 0
0.0010204081632653062 0.6135735277190788 -0.10151118992929409 -0.08895931315281463 0 0 0
0.0010204081632653062 -0.342826689444198 0.3228023366070475 -0.2096273818439192 0 0 0
0.0010204081632653062 0.18831782224433954 -0.3339432986602368 -0.058748518951575276 0 0 0
0.0010204081632653062 -0.07901269690828062 0.06611717312596596 0.04213612627960417 0 0 0
0.0010204081632653062 -0.1742480686131739 -0.4591543163565201 0.16223108886898446 0 0 0
0.0010204081632653062 -0.23048841855392171 -0.40426849259154235 -0.22178154625382007 0 0 0
0.0010204081632653062 -0.3701735001281982 -0.142955099139696 0.1499110893440401 0 0 0
0.0010204081632653062 -0.3539103515386384 -0.056167338201798825 -0.39262757311343083 0 0 0
0.0010204081632653062 -0.16942073044023942 -0.569912561795898 0.3086674362778091 0 0 0
0.0010204081632653062 0.30367884356490704 -0.042303899950508504 0.11950309846935976 0 0 0
0.0010204081632653062 -0.10621207001637852 -0.2086546530176384 -0.33446489500946014 0 0 0
0.0010204081632653062 -0.11265261953463875 0.485613517070815 -0.10709779347591558 0 0 0
0.0010204081632653062 -0.20912550655297285 0.04826145678721954 0.2384223399943573 0 0 0
0.0010204081632653062 0.022057763142191506 0.0018098354264953279 0.15461662561999218 0 0 0
0.0010204081632653062 0.10347704676735128 -0.43268674411581665 0.16552582758305898 0 0 0
0.0010204081632653062 -0.47979919090500806 -0.25439157120984784 0.040062527901364255 0 0 0
0.0010204081632653062 -0.2338683686661231 0.2429181556617302 -0.4556038191410995 0 0 0
0.0010204081632653062 -0.00825449163519296 -0.26005806867355286 -0.4455338787287102 0 0 0
0.0010204081632653062 -0.12823118304888065 0.35531263924702194 0.26106562572745573 0 0 0
0.0010204081632653062 -0.171769282643635 -0.3187869686602426 -0.2462874065322205 0 0 0
0.0010204081632653062 0.4367635926420711 0.01981418126732636 -0.5067465087810299 0 0 0
0.0010204081632653062 -0.5916020622361 -0.23499712671375214 -0.12681188327439083 0 0 0
0.0010204081632653062 0.42608332773724805 0.44723396205129995 -0.10631778646191116 0 0 0
0.0010204081632653062 -0.3582506946581203 0.1260028355087803 0.13833109485405654 0 0 0
0.0010204081632653062 -0.01104875679324006 0.44614349312610424 0.1336050324902115 0 0 0
0.0010204081632653062 -0.21680962595718378 -0.30456724167900556 -0.4801443436206476 0 0 0
0.0010204081632653062 -0.5716198556605496 0.12163075199895762 0.18947022022085033 0 0 0
0.0010204081632653062 -0.29784489461165997 0.497318940376131 -0.3284245955174335 0 0 0
0.0010204081632653062 -0.26841907942936116 -0.28685584639852507 0.3006197750155456 0 0 0
0.0010204081632653062 0.47042348123110744 0.27063654618802446 -0.4070662445835103 0 0 0
0.0010204081632653062 0.21137675707065284 -0.2792655417122244 -0.060868678272521175 0 0 0
0.0010204081632653062 -0.389940979760904 0.32679935559447604 -0.46591705026125385 0 0 0
0.0010204081632653062 -0.1041116432880652 -0.27307278110749794 -0.4786677072198524 0 0 0
0.0010204081632653062 -0.40919912985013734 0.36252097234745556 0.14296306439993947 0 0 0
0.0010204081632653062 -0.08074238140286544 0.4368068555103084 -0.5192154593804935 0 0 0
0.0010204081632653062 0.3277091849148832 -0.2742605426207805 -0.3791993517886276 0 0 0
0.0010204081632653062 0.3901012394866014 0.3715145251080796 0.36759614404058816 0 0 0
0.0010204081632653062 0.19990296525008044 0.20450785540313238 -0.3192251552999221 0 0 0
0.0010204081632653062 0.14288426187380834 0.5305077699591098 -0.16513683344391517 0 0 0
0.0010204081632653062 -0.317040923714622 -0.1298810736542759 0.17434463164427974 0 0 0
0.0010204081632653062 -0.2640855729090178 -0.4778470717202581 -0.23031792092555164 0 0 0
0.0010204081632653062 -0.36134411677829437 0.4318221240865561 -0.21470694665298365 0 0 0
0.0010204081632653062 0.4542600871073196 -0.18414788546312172 0.27377186451882873 0 0 0
0.0010204081632653062 0.39071252204054124 0.3006926314861216 -0.42431162122466465 0 0 0
0.0010204081632653062 -0.04941898613120969 0.23485629818365583 -0.09279007921087744 0 0 0
0.0010204081632653062 0.3061088519047963 -0.3570535915415779 -0.024152019490131123 0 0 0
0.0010204081632653062 -0.10495785246889013 0.3693535016337409 0.18286889034963416 0 0 0
0.0010204081632653062 0.4201331771653728 -0.033502211855421786 0.5283235660247471 0 0 0
0.0010204081632653062 -0.13293805806839054 0.5623999024967479 -0.10905643108719255 0 0 0
0.0010204081632653062 0.5728309842553163 0.06922273235902437 0.24198022371196984 0 0 0
0.0010204081632653062 0.5432000733351409 -0.2707670555996316 0.31042149685542963 0 0 0
0.0010204081632653062 0.08459862818878926 0.37610941808294346 -0.485835786052222 0 0 0
0.0010204081632653062 -0.1679421147786061 0.44157204128826977 -0.5036822217969691 0 0 0
0.0010204081632653062 -0.06597450333990407 0.2727087935099968 -0.19536279885820515 0 0 0
0.0010204081632653062 0.16195413042619689 -0.41264536666623686 0.37914348513930934 0 0 0
0.0010204081632653062 -0.1833112560277531 -0.4059806405098336 0.059068695403884645 0 0 0
0.0010204081632653062 0.04418198812856291 0.457573771011491 -0.13802884349761246 0 0 0
0.0010204081632653062 0.09680188959710896 0.1731815711024537 -0.4552702174772646 0 0 0
0.0010204081632653062 -0.14279346012065317 -0.011736516049110182 0.14824683933702773 0 0 0
0.0010204081632653062 -0.07706993572712043 0.08967273536163448 0.2936688602484766 0 0 0
0.0010204081632653062 0.29319504089721404 -0.4919840013640168 -0.11617218610322481 0 0 0
0.0010204081632653062 0.1968396715759697 0.4630663646886193 -0.45468065700893817 0 0 0
0.0010204081632653062 -0.15100576417119885 0.014507220064510436 0.3936424622530248 0 0 0
0.0010204081632653062 0.49800559369618147 0.28929088297584915 0.36340286218806533 0 0 0
0.0010204081632653062 0.1048418873117199 -0.3624057299083527 -0.16321451636560483 0 0 0
0.0010204081632653062 -0.2531852253711752 -0.15667381385359913 -0.09075809760521535 0 0 0
0.0010204081632653062 -0.005333145157148611 0.23463846609870093 -0.09524793890164844 0 0 0
0.0010204081632653062 0.26795207060012527 0.06503550149846901 -0.16811210105995214 0 0 0
0.0010204081632653062 -0.0957583823796179 0.32972794081408013 -0.46961901417499696 0 0 0
0.0010204081632653062 0.6009335626536346 -0.05455953820292246 -0.23500146032146432 0 0 0
0.0010204081632653062 -0.15062853680874175 0.08360755645177567 0.6600500817377536 0 0 0
0.0010204081632653062 -0.36036157875944763 -0.04658646415340675 0.12560208601415793 0 0 0
0.0010204081632653062 -0.3072867986411361 0.044189460133476036 -0.11727238918209723 0 0 0
0.0010204081632653062 -0.4686443644271938 -0.3048785548505079 -0.24628814207427696 0 0 0
0.0010204081632653062 -0.3274416554133531 0.14178001203850257 0.022237996064646236 0 0 0
0.0010204081632653062 -0.5665483744211901 0.23070129438743944 0.011845303642690935 0 0 0
0.0010204081632653062 -0.3675529978949307 -0.2746039336542284 0.26874647922234984 0 0 0
0.0010204081632653062 0.41964540561275276 -0.1218495721910995 -0.00963010638841474 0 0 0
0.0010204081632653062 0.1491247285963873 -0.12755647566670889 0.4361493577094477 0 0 0
0.0010204081632653062 -0.537073101241369 -0.0508179127769642 0.42185653203674633 0 0 0
0.0010204081632653062 0.19013006794986045 -0.29068061382159055 0.29220844427540293 0 0 0
0.0010204081632653062 -0.2515697411306613 0.5514679326983236 -0.27051885950137583 0 0 0
0.0010204081632653062 -0.16940152238419456 0.28277160765646586 0.35134252787403364 0 0 0
0.0010204081632653062 -0.09410020729628346 0.32896031441716034 -0.39590116798430103 0 0 0
0.0010204081632653062 -0.1944763353944533 0.07807195643060076 0.18847665107555786 0 0 0
0.0010204081632653062 0.09768993249691657 -0.19075153066880224 0.2848902480306222 0 0 0
0.0010204081632653062 0.40085282898835045 -0.06812029924450223 -0.44618795384208026 0 0 0
0.0010204081632653062 0.1928911179127983 0.19909490401000796 -0.15204960247686056 0 0 0
0.0010204081632653062 -0.5063709267278894 0.05846948242344947 -0.46259621899883285 0 0 0
0.0010204081632653062 -0.08328271814345997 0.5500631761239182 0.2904930210146712 0 0 0
0.0010204081632653062 -0.12483975615314152 0.4110796504490691 -0.07445413179980855 0 0 0
0.0010204081632653062 0.150914503766002 0.22151741430612024 0.48327573280597813 0 0 0
0.0010204081632653062 -0.3439207041423268 0.242957712597633 -0.06431183841575164 0 0 0
0.0010204081632653062 -0.5180853336067365 0.31160382243126694 0.030409274206943133 0 0 0
0.0010204081632653062 -0.16751260541753035 0.0657479870136997 0.543449637839248 0 0 0
0.0010204081632653062 -0.4903139168890121 0.23757514459361226 0.30171158443412033 0 0 0
0.0010204081632653062 -0.1305798178801557 0.37201359344642554 -0.1474713785706639 0 0 0
0.0010204081632653062 0.15475634663482377 0.0003864318946342375 -0.06872411573408295 0 0 0
0.0010204081632653062 -0.30113449921515595 0.3916765771511845 -0.06557159247271237 0 0 0
0.0010204081632653062 0.2949582812324814 0.14558201358905662 0.21815387982828444 0 0 0
0.0010204081632653062 -0.4079396447661229 0.4349307421285552 -0.12475329963111985 0 0 0
0.0010204081632653062 0.39019756963780783 -0.1960624357520226 0.4244430896541586 0 0 0
0.0010204081632653062 -0.5189962351385872 -0.16960087018830106 -0.25168526133930447 0 0 0
0.0010204081632653062 -0.6518656889916034 0.19503947245475967 0.09217357726113602 0 0 0
0.0010204081632653062 0.3424052549350576 0.0009781151103044553 -0.5901754695739417 0 0 0
0.0010204081632653062 0.41602041514143684 -0.405470129747544 -0.18141202965474465 0 0 0
0.0010204081632653062 0.11690563167567222 -0.09792199691823349 0.6522689633655977 0 0 0
0.0010204081632653062 0.3634254097118382 -0.31462691166147017 -0.23186013229742133 0 0 0
0.0010204081632653062 0.4384189320918388 0.15541837044910864 0.35495636426329596 0 0 0
0.0010204081632653062 0.1182508324009675 -0.10608273399634427 0.5458888417379681 0 0 0
0.0010204081632653062 -0.3096375436295563 -0.006807858643266161 -0.2675554673791216 0 0 0
0.0010204081632653062 0.16961007599079164 -0.4131087974094666 0.29491140981166275 0 0 0
0.0010204081632653062 -0.09630977633942935 0.25805317141647316 0.4344470342317649 0 0 0
0.0010204081632653062 -0.18053719093539497 -0.09988038708709458 0.3478889659097514 0 0 0
0.0010204081632653062 0.3865248795038449 0.09516894228880471 0.49970984594324286 0 0 0
0.0010204081632653062 0.08874424747868775 0.3360109693385338 -0.04114913975503897 0 0 0
0.0010204081632653062 0.31240701470021165 0.05875839250528849 -0.1466063142132597 0 0 0
0.0010204081632653062 -0.24323190869064548 0.10112264670038223 -0.5637915574888306 0 0 0
0.0010204081632653062 -0.5633274414285193 0.12333939100286985 0.06850705474682181 0 0 0
0.0010204081632653062 0.22369710778543567 0.12282850915300365 -0.5016201132283132 0 0 0
0.0010204081632653062 0.44734542560983026 0.23497822947103392 -0.3160710695063229 0 0 0
0.0010204081632653062 -0.35154911234356867 -0.46384026319796196 -0.28451802152109534 0 0 0
0.0010204081632653062 0.23396881716357248 0.4763015088297957 0.3223229098409754 0 0 0
0.0010204081632653062 -0.07081757238081027 0.4947785653985624 0.2574869216075424 0 0 0
0.0010204081632653062 0.005708190748953417 -0.489246829940372 -0.45972137286759185 0 0 0
0.0010204081632653062 -0.227155437547688 -0.028474496405777816 -0.3546490038047183 0 0 0
0.0010204081632653062 0.4959797881171929 0.38695112006131227 0.15903314344296232 0 0 0
0.0010204081632653062 0.5549174639335263 0.06791875746052284 -0.39626611346845303 0 0 0
0.0010204081632653062 0.29087941227719094 -0.5671824017915688 -0.10903448191348686 0 0 0
0.0010204081632653062 0.21352534192430758 -0.041174075740231714 0.5886326663989959 0 0 0
0.0010204081632653062 0.45855066871878125 0.3656679376860887 0.3217994679917653 0 0 0
0.0010204081632653062 -0.22946034380394387 -0.020633234103674365 -0.2959541648069354 0 0 0
0.0010204081632653062 0.009681565380031074 -0.1699876528017292 0.5423104748213986 0 0 0
0.0010204081632653062 0.12194697773490751 0.26006980373259814 -0.2895771268038445 0 0 0
0.0010204081632653062 0.2774930916730199 -0.1506035214291062 -0.4383583036866252 0 0 0
0.0010204081632653062 -0.06416429386545962 -0.27856903974533825 0.2686431934780373 0 0 0
0.0010204081632653062 -0.24560601873770782 -0.5327479608140633 0.1463882247360558 0 0 0
0.0010204081632653062 0.10206753253681641 0.3337509156229518 0.3220651851749562 0 0 0
0.0010204081632653062 0.1504891792177696 -0.6167084119130464 0.2062332573725548 0 0 0
0.0010204081632653062 0.3736677980698921 -0.4461962606581956 0.01927198066760407 0 0 0
0.0010204081632653062 -0.5661302631884545 0.23459384547440823 -0.14948096239603836 0 0 0
0.0010204081632653062 0.13331569171155044 0.055331539027815534 -0.31221292713755283 0 0 0
0.0010204081632653062 0.03918003654321671 0.22490080862128434 -0.5177895997533206 0 0 0
0.0010204081632653062 -0.47507687551246175 0.3797149811031842 -0.15931816935938173 0 0 0
0.0010204081632653062 0.053930066527743264 -0.10536852098581358 -0.44538127240960784 0 0 0
0.0010204081632653062 0.17045537232483574 0.5854868897861549 -0.18470687353638168 0 0 0
0.0010204081632653062 0.18879850566982473 -0.288327120748625 -0.011582195035576549 0 0 0
0.0010204081632653062 -0.25099120332444247 0.0806937078947272 -0.6056911457558454 0 0 0
0.0010204081632653062 0.36385555917318185 0.08992749792746552 0.5521842732785923 0 0 0
0.0010204081632653062 0.4902016826209725 0.2854673318832437 0.09749529633844341 0 0 0
0.0010204081632653062 -0.26520066413363846 -0.06021233447929185 -0.3997800504993993 0 0 0
0.0010204081632653062 0.5106284898610353 0.16281024428545385 0.17297138408644008 0 0 0
0.0010204081632653062 0.42151393418973654 -0.1483776546590668 -0.31537093195957644 0 0 0
0.0010204081632653062 0.01646377463367236 0.09466061627225471 0.5504796097506927 0 0 0
0.0010204081632653062 -0.47899013288518033 0.19910929618124365 -0.26043290493312504 0 0 0
0.0010204081632653062 -0.3512352402248806 -0.5932027398165911 0.07223724564834795 0 0 0
0.0010204081632653062 -0.38582725397591444 -0.46250818932057236 0.03640168717838666 0 0 0
0.0010204081632653062 -0.04251826305700815 -0.25003663034581064 -0.4931069339890535 0 0 0
0.0010204081632653062 0.22223984582646666 -0.22882124092079803 -0.32740141441126563 0 0 0
0.0010204081632653062 0.3036177319249703 0.033742927850953425 -0.23734216019897278 0 0 0
0.0010204081632653062 -0.009415159195324749 0.32175572485561765 0.03142940398643093 0 0 0
0.0010204081632653062 0.00889073094421725 -0.6422229909571658 0.04062205522769128 0 0 0
0.0010204081632653062 0.10141692842745285 -0.42773007531519475 0.344153012899053 0 0 0
0.0010204081632653062 -0.31118834015615454 -0.2802300848121041 0.42819599842933626 0 0 0
0.0010204081632653062 0.5576708254054019 -0.09199153340086048 0.11893287747689127 0 0 0
0.0010204081632653062 -0.050761814777225606 -0.1381747851141155 -0.2867620851246318 0 0 0
0.0010204081632653062 -0.10192834650670064 -0.43363817610877387 -0.3887782876489391 0 0 0
0.0010204081632653062 -0.5067918146323983 -0.13875818665318415 0.3239805672471908 0 0 0
0.0010204081632653062 0.18099360592274968 0.37056411034765785 0.07474960461215356 0 0 0
0.0010204081632653062 -0.22431595616976963 -0.1750928740868278 -0.3499962380790287 0 0 0
0.0010204081632653062 -0.08382887712671823 0.005420189763482171 0.3792733892444913 0 0 0
0.0010204081632653062 0.364250084755002 -0.15622445625371953 -0.10437305418994405 0 0 0
0.0010204081632653062 -0.02245156671802547 -0.5228172145746462 0.20448198966409553 0 0 0
0.0010204081632653062 -0.2686269080498537 -0.21302895983573983 -0.07894113796362555 0 0 0
0.0010204081632653062 0.4237006384852074 -0.22842478642673292 -0.36072815617683573 0 0 0
0.0010204081632653062 0.1882382313988784 -0.3802558024739104 0.41444522746711737 0 0 0
0.0010204081632653062 -0.5167007147578381 0.2029127971090385 0.08510147367675285 0 0 0
0.0010204081632653062 -0.23113174935575911 0.012058272296344399 0.28277566397037696 0 0 0
0.0010204081632653062 -0.24771486909037893 0.03389792305276543 0.4373577589258248 0 0 0
0.0010204081632653062 0.3408601426909638 0.28788750536534097 0.3081722997942595 0 0 0
0.0010204081632653062 0.23103356426887517 0.31133148659836213 0.4316492350601064 0 0 0
0.0010204081632653062 0.25130571238601684 -0.4207078824679737 -0.04174841055236236 0 0 0
0.0010204081632653062 -0.3189079979624437 -0.18139943291285934 -0.07726219068221561 0 0 0
0.0010204081632653062 0.10378694758533655 0.3744112929055707 -0.04053353398292784 0 0 0
0.0010204081632653062 -0.028461095560713995 -0.5341538287629077 -0.24189024848491314 0 0 0
0.0010204081632653062 0.0382361877227564 0.582622973881172 -0.10605349365753175 0 0 0
0.0010204081632653062 -0.3131594345782385 -0.55654091858237 -0.2391602388209716 0 0 0
0.0010204081632653062 0.13611269044434782 0.37980923988436904 -0.18330334710379073 0 0 0
0.0010204081632653062 -0.059202576298715164 -0.6173475522085529 0.10810283077189219 0 0 0
0.0010204081632653062 0.3067306987751878 -0.27669355861711764 -0.2907799487255994 0 0 0
0.0010204081632653062 -0.30301084329030503 -0.3967846046271813 -0.26196843126666897 0 0 0
0.0010204081632653062 -0.2828182143172786 0.5351707250385526 0.06725877465847716 0 0 0
0.0010204081632653062 -0.3215173582244316 -0.37750355816801756 0.3158629150029978 0 0 0
0.0010204081632653062 0.36118470685611104 0.12802271943227655 -0.474668522349935 0 0 0
0.0010204081632653062 0.1745372572706416 -0.3654620972303437 -0.4576927148621697 0 0 0
0.0010204081632653062 0.17622050663277425 0.1389579187522205 0.2397788926776169 0 0 0
0.0010204081632653062 -0.4614280443809115 0.3224567764602706 0.1618377246288693 0 0 0
0.0010204081632653062 0.2535366105144521 -0.26554641345777946 -0.11145663066050467 0 0 0
0.0010204081632653062 -0.44408583314882677 0.43609939547786036 0.2834998020345375 0 0 0
0.0010204081632653062 -0.043730026785560025 -0.4261822905739406 0.30790232417846036 0 0 0
0.0010204081632653062 -0.6507095431689035 -0.053470813400197485 0.21215975850310004 0 0 0
0.0010204081632653062 -0.5351082912773736 0.07929453907953708 -0.060597543797623644 0 0 0
0.0010204081632653062 0.2075173964788846 0.467293056633819 0.3364451633964827 0 0 0
0.0010204081632653062 0.06505301462109116 -0.2416159361211887 0.27977299415432516 0 0 0
0.0010204081632653062 0.3098460948982259 0.29139836105271033 -0.11234130644972799 0 0 0
0.0010204081632653062 0.018379140916285647 -0.24589523150299702 0.3583360867045611 0 0 0
0.0010204081632653062 0.08005312652165833 -0.16230501636847253 0.24782240087817733 0 0 0
0.0010204081632653062 0.04063404881401601 0.08721372139901318 -0.6507517964372108 0 0 0
0.0010204081632653062 0.3426160605033271 0.18506260875508287 0.2684451231368829 0 0 0
0.0010204081632653062 -0.13022196047141757 -0.538015423257155 0.07791455685225457 0 0 0
0.0010204081632653062 -0.4825253886676256 -0.42700672251511484 -0.2066670889891783 0 0 0
0.0010204081632653062 0.4047571611644794 0.2912938049414564 0.0941415336268466 0 0 0
0.0010204081632653062 -0.2973325436524392 0.2363710442324455 -0.24034197787846093 0 0 0
0.0010204081632653062 -0.13614535492389845 -0.3096573260516542 -0.04981378081688041 0 0 0
0.0010204081632653062 0.28943201047371653 0.051433455281327006 -0.04526477094458393 0 0 0
0.0010204081632653062 0.23223066885437393 -0.4621881665339056 -0.25888538701267394 0 0 0
0.0010204081632653062 -0.022934234215757653 -0.22550086835261288 0.4415660183369848 0 0 0
0.0010204081632653062 -0.013272131539647333 -0.5685287092894861 -0.1676363301147103 0 0 0
0.0010204081632653062 -0.02859486171322555 -0.14819834790403275 0.0008187458973416524 0 0 0
0.0010204081632653062 -0.3196947265290288 -0.5199652234078812 -0.09928682180520902 0 0 0
0.0010204081632653062 0.4654993369960407 -0.17472802866743875 -0.03424581465101618 0 0 0
0.0010204081632653062 -0.10798089069013717 0.41881358561803345 0.2524110700942809 0 0 0
0.0010204081632653062 0.09541232064040196 0.3592575109880839 0.08318162128169282 0 0 0
0.0010204081632653062 0.04276240281915887 -0.4458656945130758 0.387746715271346 0 0 0
0.0010204081632653062 0.24191028078206048 0.07356052734076243 -0.113299036323824 0 0 0
0.0010204081632653062 -0.12602559158353654 0.022998432757127388 0.5792146687103349 0 0 0
0.0010204081632653062 0.5383364341614162 -0.08004084854560639 -0.35915662987597213 0 0 0
0.0010204081632653062 -0.05485024111787702 -0.3420242565842325 0.5632334571398055 0 0 0
0.0010204081632653062 -0.12316253799889915 0.35620841246961005 0.4678352793181749 0 0 0
