350
0
0.002857142857142857 -0.38056990481205627 -0.014877951114492676 0.31511326037016446 0 0 0
0.002857142857142857 0.03559296592325215 -0.5542397115045891 0.14164032101878718 0 0 0
0.002857142857142857 -0.21789078602882428 0.1518645124685343 -0.33418542136391916 0 0 0
0.002857142857142857 0.1271167813181058 -0.08747947558705882 0.3192252566908558 0 0 0
0.002857142857142857 -0.20155555370641695 0.1392289766377658 0.3535119816148427 0 0 0
0.002857142857142857 -0.02287394150633286 -0.497601204385064 0.34125360268450183 0 0 0
0.002857142857142857 -0.16964655032818932 0.23527642833215834 0.46029753360875825 0 0 0
0.002857142857142857 0.40857953303931355 -0.24592038167931918 -0.2356280579293107 0 0 0
0.002857142857142857 0.13389988604496966 -0.22819987632767286 -0.16971900973251186 0 0 0
0.002857142857142857 0.40699102467814374 0.1315864083592962 0.32962172252111954 0 0 0
0.002857142857142857 -0.19746081579810063 -0.46498137272197115 0.22226770970093593 0 0 0
0.002857142857142857 -0.5597499660081673 -0.2437486798902068 0.25603680757223746 0 0 0
0.002857142857142857 0.49137969200715415 -0.13065139300708545 -0.44913071746797667 0 0 0
0.002857142857142857 0.32878567498631 0.13875137964528086 0.02319239185083427 0 0 0
0.002857142857142857 0.31761455192032045 -0.009993234085486831 0.5772802103354226 0 0 0
0.002857142857142857 -0.16102602810673736 -0.1448998436009341 -0.4872083210672763 0 0 0
0.002857142857142857 -0.3923718191737646 0.160979577466132 -0.4257042055833387 0 0 0
0.002857142857142857 -0.017995119115939505 0.017343177476999937 -0.41371886539213965 0 0 0
0.002857142857142857 -0.0339686002979179 0.46767342313229754 -0.40661905619666394 0 0 0
0.002857142857142857 0.3110818089616044 0.4155805870225158 0.3596116041499452 0 0 0
0.002857142857142857 -0.5901744442243928 0.14381067209922893 -0.08320405113240813 0 0 0
0.002857142857142857 0.34054239714376416 0.03636200422691016 0.12877816301913983 0 0 0
0.002857142857142857 0.029101465575655735 0.4471427993072435 0.17282910807917265 0 0 0
0.002857142857142857 -0.5036822517393287 0.16398751236479328 0.043387084077125895 0 0 0
0.002857142857142857 0.46287048608320075 0.10922808428047287 0.08032573291322166 0 0 0
0.002857142857142857 -0.4246030633823175 0.23666409346970546 -0.021826433377833666 0 0 0
0.002857142857142857 0.3058328884162475 -0.2116815344056719 0.4560001057074967 0 0 0
0.002857142857142857 -0.0662866981199384 -0.5141898522478383 0.006054999837581728 0 0 0
0.002857142857142857 -0.04151164458862757 -0.004464275658634141 -0.14766757702764124 0 0 0
0.002857142857142857 0.12039877927489452 -0.20419355403182762 -0.02176568642423084 0 0 0
0.002857142857142857 -0.35835970092857244 -0.2763934421624247 0.09938570437793769 0 0 0
0.002857142857142857 0.07120754542604685 0.4942842421236165 -0.4643345599618207 0 0 0
0.002857142857142857 0.2445520335070325 -0.32920501664196594 0.23017292969369976 0 0 0
0.002857142857142857 0.5431987776506848 -0.0857707186840407 -0.2280463451364821 0 0 0
0.002857142857142857 -0.17770094583308638 0.005452002947203439 0.03915657724502084 0 0 0
0.002857142857142857 0.01758161879224161 -0.3915170477803561 0.5516034253895259 0 0 0
0.002857142857142857 0.10387775307267112 -0.1744194361889257 -0.23167708025589812 0 0 0
0.002857142857142857 -0.32023316030516835 0.15589189074740797 -0.5586227073300339 0 0 0
0.002857142857142857 0.048609629181523395 -0.09472180670230027 0.00210162948552801 0 0 0
0.002857142857142857 0.2051852663688827 0.12280960106104546 -0.3508273763448928 0 0 0
0.002857142857142857 -0.28614105054752964 0.48942026530827565 -0.35256340777931977 0 0 0
0.002857142857142857 -0.17525092969176953 -0.6552866244818416 -0.1337536362648041 0 0 0
0.002857142857142857 0.05387502510244381 0.343398350480088 0.3956099613408983 0 0 0
0.002857142857142857 -0.06680845056891951 0.3760188804819903 -0.04238588482508508 0 0 0
0.002857142857142857 -0.3887816121538384 -0.08852142925533107 0.07569569419593924 0 0 0
0.002857142857142857 0.3252710026639279 0.23970816424648075 0.4738321639876036 0 0 0
0.002857142857142857 -0.08178698632672426 0.4513723161085245 -0.46144502801670495 0 0 0
0.002857142857142857 -0.22320248169577406 -0.36386246411472856 -0.538536944161304 0 0 0
0.002857142857142857 -0.07823198367164524 0.4390589074943317 -0.28755557410535765 0 0 0
0.002857142857142857 -0.06920579782364729 -0.4944125637328432 -0.47615944076769956 0 0 0
0.002857142857142857 0.5341314853412531 0.2549401119928766 -0.09077875768039613 0 0 0
0.002857142857142857 -0.1562171469305466 -0.21545782749289843 -0.17841041700154556 0 0 0
0.002857142857142857 -0.45926314447074873 -0.19880304234694424 -0.43153404167781045 0 0 0
0.002857142857142857 -0.09358972733627807 0.0711053593383735 0.31536910998403217 0 0 0
0.002857142857142857 0.04755970937291291 -0.27145001669831786 -0.10061925427084958 0 0 0
0.002857142857142857 -0.3572816793781026 0.5394877994714844 0.10798801430318473 0 0 0
0.002857142857142857 0.03480162699746259 0.3715005259377096 -0.398668471984406 0 0 0
0.002857142857142857 0.33060182293381746 0.5435564518212995 0.0306677997829617 0 0 0
0.002857142857142857 0.37414022879477216 -0.38081110156625 -0.43493293966038404 0 0 0
0.002857142857142857 -0.33584485526117697 -0.1866763600025724 0.05266651919642207 0 0 0
0.002857142857142857 0.13785511803921335 0.20564888768976033 -0.45776954312003537 0 0 0
0.002857142857142857 0.007870474113895642 -0.27261306252636786 -0.26087929230737744 0 0 0
0.002857142857142857 -0.20427072796143345 0.5726648092219604 0.14350064575531274 0 0 0
0.002857142857142857 0.09025090412202963 0.4280254836879143 -0.5300796918384687 0 0 0
0.002857142857142857 0.29418922424188243 -0.44679477501745674 -0.27286335327866906 0 0 0
0.002857142857142857 -0.519482085227112 -0.4216595829033906 0.10413768880410602 0 0 0
0.002857142857142857 0.343464853226908 0.16166121078814574 0.19577999144594255 0 0 0
0.002857142857142857 -0.2511341508959853 -0.1044335929917839 -0.39032959368161657 0 0 0
0.002857142857142857 0.2747439357334182 0.520860429897927 0.030852546449350756 0 0 0
0.002857142857142857 -0.1514147508274009 0.5173629374620183 0.14164175884384667 0 0 0
0.002857142857142857 -0.4889256867334713 -0.26323988054820013 0.37919610774076584 0 0 0
0.002857142857142857 -0.0012855047101185285 0.0697080555719326 0.6002820049772335 0 0 0
0.002857142857142857 -0.3746926081157125 -0.10587099632984728 0.09867573619903706 0 0 0
0.002857142857142857 0.21875060104547098 0.5275876972836742 0.21393520422224774 0 0 0
0.002857142857142857 -0.15049280816160518 0.3597078430558419 -0.4477443581420188 0 0 0
0.002857142857142857 -0.08076991919928123 0.14629570934006716 0.007170127330333135 0 0 0
0.002857142857142857 -0.18058104723773913 0.5459048550863266 -0.31956364316181246 0 0 0
0.002857142857142857 -0.37206347766589487 0.023271789990645896 0.1269223176549403 0 0 0
0.002857142857142857 0.24577839407108934 0.08162173178369787 -0.2243135810053353 0 0 0
0.002857142857142857 0.013263640216140434 0.4268366733474864 0.3201769301507857 0 0 0
0.002857142857142857 0.6154386460092248 0.1627188999329724 -0.09830442153581026 0 0 0
0.002857142857142857 -0.25398623123598063 0.1922168871216295 0.19968629017320738 0 0 0
0.002857142857142857 0.05913421956425151 -0.500547253520924 -0.17590482961274467 0 0 0
0.002857142857142857 0.376175759121609 0.4028922959978584 0.1092722682719842 0 0 0
0.002857142857142857 0.25356242650692745 -0.379504255267997 -0.022399977877127834 0 0 0
0.002857142857142857 -0.1961573597706161 0.25736732029161874 0.4726267988729303 0 0 0
0.002857142857142857 -0.5290840534760627 -0.2461839790188937 -0.13574388784349875 0 0 0
0.002857142857142857 -0.05210666809938876 -0.10160132330602958 0.17770783345573693 0 0 0
0.002857142857142857 0.02359663393495931 0.42182389198062836 -0.4484472006325648 0 0 0
0.002857142857142857 -0.10356708659234669 -0.5094577068071384 -0.40943233707847765 0 0 0
0.002857142857142857 -0.22595802351833016 -0.3960833292074824 0.23652421085344363 0 0 0
0.002857142857142857 0.1734994137187301 0.05556547622280957 -0.26505153796551195 0 0 0
0.002857142857142857 -0.0005613656742039171 0.15223660093511904 -0.06140458193629764 0 0 0
0.002857142857142857 0.340101603443148 0.0692115327106321 -0.16514553793524808 0 0 0
0.002857142857142857 0.6782883471951657 0.051668203328788846 0.08532341636368963 0 0 0
0.002857142857142857 -0.17204689462116254 0.43027019848930526 -0.0033817453608976393 0 0 0
0.002857142857142857 -0.19664953661013018 0.257822901721828 -0.1823219818748823 0 0 0
0.002857142857142857 -0.5203232606471839 -0.3477777224705013 -0.07927979130055965 0 0 0
0.002857142857142857 -0.22117584028512927 0.26818303467949056 -0.15649612760495202 0 0 0
0.002857142857142857 -0.09927800964401062 -0.18100551334236328 0.2148230816783287 0 0 0
0.002857142857142857 0.5611566821315228 -0.18215325438070074 0.27748673710260524 0 0 0
0.002857142857142857 0.4187538604743229 -0.028423724320722772 0.22707326221728047 0 0 0
0.002857142857142857 -0.5838220299670309 -0.3272195713859324 0.07272774587018178 0 0 0
0.002857142857142857 -0.45923269082006124 0.1330701909830453 -0.49632615773215993 0 0 0
0.002857142857142857 0.3154616791843391 -0.4195438264516181 -0.030497516162119983 0 0 0
0.002857142857142857 -0.1543784143824467 -0.17066920662788315 -0.044317910536990655 0 0 0
0.002857142857142857 0.5191977072416666 -0.24407707791681404 -0.1273511737048855 0 0 0
0.002857142857142857 -0.47904733752724266 -0.24509204455402764 -0.1927018267973284 0 0 0
0.002857142857142857 -0.3950843424074492 0.009339692082297379 -0.08137164804682973 0 0 0
0.002857142857142857 -0.3076803301348596 -0.014386728882041948 -0.27386036520514334 0 0 0
0.002857142857142857 0.08167462523180112 0.5551441618766942 -0.12307975827547224 0 0 0
0.002857142857142857 -0.060309499460914774 0.4922805774075917 0.42453755362314805 0 0 0
0.002857142857142857 -0.17452743352797742 -0.4321323506266055 0.3430737657244757 0 0 0
0.002857142857142857 0.3738846154658869 -0.28298611300216764 -0.18115217936960992 0 0 0
0.002857142857142857 0.09313509747410736 -0.5266949700121957 -0.4377763085002874 0 0 0
0.002857142857142857 -0.39002323469379474 -0.4029967078724654 -0.23021140166986703 0 0 0
0.002857142857142857 0.4062702135424071 0.03638510936375556 0.41325886874395634 0 0 0
0.002857142857142857 0.31306893813472897 0.1572921445065447 0.01841782646665663 0 0 0
0.002857142857142857 0.3792169505115584 0.42403698221474334 0.03170569633786224 0 0 0
0.002857142857142857 -0.027902776545361854 0.35068762044302254 0.13681535131663727 0 0 0
0.002857142857142857 -0.3981766973170366 -0.44683074777659787 0.2853551319912617 0 0 0
0.002857142857142857 0.15366276195526052 -0.3959739271921307 0.31419004902406317 0 0 0
0.002857142857142857 0.0976243213295942 0.3929155769789738 0.4306123609799195 0 0 0
0.002857142857142857 -0.20764447208518913 0.5363732504325409 -0.26349199772299775 0 0 0
0.002857142857142857 0.3044752840785544 -0.018366895054330142 -0.5267522262183664 0 0 0
0.002857142857142857 -0.09976680682673789 -0.00657533530290093 -0.3830519430508758 0 0 0
0.002857142857142857 -0.5958925875480358 0.27310540581730247 0.08838079771205394 0 0 0
0.002857142857142857 -0.13984182402238096 -0.4425387014273464 0.3915625472245753 0 0 0
0.002857142857142857 0.07784795306713671 0.37182604601327757 0.29716251174411595 0 0 0
0.002857142857142857 0.198912019861749 0.5345463310631849 0.26542314667227634 0 0 0
0.002857142857142857 0.41207398213693835 0.21214094882458404 -0.15116873174565762 0 0 0
0.002857142857142857 -0.10597165742576513 -0.2252405166213442 -0.049638913712842105 0 0 0
0.002857142857142857 -0.2722788124363743 0.3936846915547479 -0.2514485610275531 0 0 0
0.002857142857142857 -0.43300366320128586 0.155710492522318 0.4736694324604143 0 0 0
0.002857142857142857 0.13703418324597993 0.030611012499278084 -0.11428704258261907 0 0 0
0.002857142857142857 0.22610872475546226 0.46930046317351387 0.021580895327255878 0 0 0
0.002857142857142857 0.5196699881236526 -0.13794016545687188 -0.12360934730744513 0 0 0
0.002857142857142857 -0.3211615434550292 0.31163881275831434 -0.33433829410169286 0 0 0
0.002857142857142857 0.302028797476925 -0.00795475662940675 0.5259333163358665 0 0 0
0.002857142857142857 -0.07374352956115138 0.10947210012482377 -0.5559237226198773 0 0 0
0.002857142857142857 0.0420542878075443 0.5622581592111666 0.17634750984397737 0 0 0
0.002857142857142857 0.18857733826424486 0.4852375544251563 -0.18717445707742872 0 0 0
0.002857142857142857 -0.40888862893808486 -0.4450435478830825 -0.07424224207709448 0 0 0
0.002857142857142857 0.13091394638102508 -0.27021089499118894 -0.5265929357769426 0 0 0
0.002857142857142857 0.6373916030218966 0.24522162494322405 0.07159587599843871 0 0 0
0.002857142857142857 -0.6126424781718907 -0.005481419951552729 -0.054975469001935354 0 0 0
0.002857142857142857 -0.24474270626055306 0.5695401074483215 0.0743215640935052 0 0 0
0.002857142857142857 0.017859875811188117 0.5705610825191628 -0.39192896477560324 0 0 0
0.002857142857142857 -0.40049647276813555 0.08623309700058285 0.09993983444012598 0 0 0
0.002857142857142857 0.2157624313419455 -0.5998507262895497 0.06494137357849832 0 0 0
0.002857142857142857 -0.15492497698349358 -0.12545257546759903 -0.4334252144733048 0 0 0
0.002857142857142857 -0.3830836324775638 -0.01689880929840351 0.034624170807865014 0 0 0
0.002857142857142857 0.19554708828831777 -0.6122449180435331 -0.06631719561046173 0 0 0
0.002857142857142857 0.10350102563850432 0.6300732253385778 0.08158673435551048 0 0 0
0.002857142857142857 -0.18952276133947482 -0.3652538133687333 0.43357517441515503 0 0 0
0.002857142857142857 -0.1348622886028069 0.2501142134583954 -0.17424136984754487 0 0 0
0.002857142857142857 0.2344501822461361 0.08452164445787749 0.14557387321271328 0 0 0
0.002857142857142857 -0.5049682528843368 0.3674723569007024 0.17931140514320745 0 0 0
0.002857142857142857 0.052534518603825735 -0.24362485349872795 -0.627270878279718 0 0 0
0.002857142857142857 0.012244878891899845 0.5862078034489501 0.25466577070468543 0 0 0
0.002857142857142857 0.3124405685603725 0.2003219721651885 0.4140720279977848 0 0 0
0.002857142857142857 -0.6018847004263751 -0.11510926989050509 0.09908882731320058 0 0 0
0.002857142857142857 -0.3521264631563184 -0.08832052635793719 0.2702053646740709 0 0 0
0.002857142857142857 0.44883411491948866 0.2535986547215745 0.3028457925874408 0 0 0
0.002857142857142857 -0.3377571194378326 -0.23358920448881787 -0.3899785346886417 0 0 0
0.002857142857142857 0.3663667637965452 0.21804757974605893 -0.4156056467775772 0 0 0
0.002857142857142857 -0.020690070520965404 0.5999983339876996 -0.31600479412689814 0 0 0
0.002857142857142857 -0.24091661198658423 0.28106161795689466 0.3860640178492447 0 0 0
0.002857142857142857 0.20329391109533698 -0.041488697828135836 -0.30123929655614545 0 0 0
0.002857142857142857 -0.5483296011051975 0.2606897725634373 -0.24408717363418003 0 0 0
0.002857142857142857 0.23368094662606023 -0.507965374814545 0.1601268084752867 0 0 0
0.002857142857142857 0.3544758612669098 0.4904610478868181 -0.03365233774958052 0 0 0
0.002857142857142857 0.14439028030184134 0.5717873977605038 0.30538495418360984 0 0 0
0.002857142857142857 -0.41952090176916135 0.33531846665754494 0.3330412745253874 0 0 0
0.002857142857142857 0.5085270645806443 -0.09039596519798587 0.047128382246499484 0 0 0
0.002857142857142857 0.03753189394497783 0.06137242984586945 0.2533251455698827 0 0 0
0.002857142857142857 -0.18299943751606423 0.2632552918085911 -0.47131611953234237 0 0 0
0.002857142857142857 -0.12631323477626571 -0.031191545391953936 0.136421793497547 0 0 0
0.002857142857142857 -0.46279185800619954 -0.01125754194137456 -0.3843729677028354 0 0 0
0.002857142857142857 -0.2263862096354747 0.3372311793195813 0.11374944831747613 0 0 0
0.002857142857142857 -0.0781643790580635 -0.266012728061719 -0.026632839796126722 0 0 0
0.002857142857142857 -0.5244463008298965 -0.03394141364797964 -0.1787476427790182 0 0 0
0.002857142857142857 -0.5148855637246551 0.12837662155330198 -0.28601258964065623 0 0 0
0.002857142857142857 0.24960258176615813 -0.44174160109709854 0.1851492466410281 0 0 0
0.002857142857142857 0.48578808595303447 -0.07643139283750018 0.3450222482781339 0 0 0
0.002857142857142857 -0.3941215038533507 0.32512138339179464 -0.4602241567014171 0 0 0
0.002857142857142857 0.2882261184587491 0.2535938988956124 -0.23103456775183864 0 0 0
0.002857142857142857 0.019026620964999873 0.027722189147660333 -0.07932195167691382 0 0 0
0.002857142857142857 0.21974830159261036 0.1527167753810755 -0.20025571447744148 0 0 0
0.002857142857142857 0.1340347433990299 0.028951920505600755 -0.5068205110510596 0 0 0
0.002857142857142857 0.30062859277738463 0.18311721210433676 -0.32015586808700514 0 0 0
0.002857142857142857 0.06992578206253304 -0.04900975220206542 -0.419931822000502 0 0 0
0.002857142857142857 0.10601017371208975 -0.14295776050517658 -0.2642168080452199 0 0 0
0.002857142857142857 0.04096874715420635 -0.051166784940173626 0.48982586295252495 0 0 0
0.002857142857142857 -0.1537237311086279 0.3143680338984811 0.43057257858650383 0 0 0
0.002857142857142857 -0.30273484587799276 -0.3552216878247127 0.28481928139940227 0 0 0
0.002857142857142857 0.189497329590015 0.3269233744593191 0.560280373908026 0 0 0
0.002857142857142857 0.4737539385374348 -0.08552476689070748 0.3961774441073114 0 0 0
0.002857142857142857 0.277034767160965 -0.09943028117861993 0.4345797455151715 0 0 0
0.002857142857142857 -0.17848925246266903 0.16275217098629707 -0.016570039794432122 0 0 0
0.002857142857142857 -0.5759631179920249 0.21279636518272912 -0.23681089079369275 0 0 0
0.002857142857142857 0.42202689103685365 0.42964542993707094 -0.1106564359212159 0 0 0
0.002857142857142857 0.23052781712842013 0.09569339523912761 0.26890585541979234 0 0 0
0.002857142857142857 -0.45025828623119224 -0.31961295502266623 0.053715022916532275 0 0 0
0.002857142857142857 -0.18322389332107022 -0.11702052452503547 -0.12066140031442206 0 0 0
0.002857142857142857 -0.3758282190387338 0.08319012506121995 0.5634249928910005 0 0 0
0.002857142857142857 -0.32202592961546156 -0.35310068396688365 0.346207893320081 0 0 0
0.002857142857142857 0.5967530978822927 -0.026519971199035267 0.33123357628096045 0 0 0
0.002857142857142857 -0.2152816070433302 -0.050398553153331395 0.07947762630453142 0 0 0
0.002857142857142857 0.10307638399403757 0.178077236790847 0.4702842591549604 0 0 0
0.002857142857142857 -0.46581141200932635 0.4568514101183969 -0.2341881882947335 0 0 0
0.002857142857142857 0.3852086058676856 0.49808027458955534 0.18245044203175106 0 0 0
0.002857142857142857 0.1475857839089388 0.40934780510393265 -0.15715445045983045 0 0 0
0.002857142857142857 -0.48228932911518574 0.46374144039340864 0.058807612457779754 0 0 0
0.002857142857142857 0.10348669106110556 -0.019371582003983576 0.06745528935369123 0 0 0
0.002857142857142857 -0.07461742702133507 -0.2085341027537776 0.13905369454391045 0 0 0
0.002857142857142857 -0.1994752922672129 -0.4254977485616076 -0.324899620282485 0 0 0
0.002857142857142857 -0.21678375256018315 0.3983170976813542 0.34636822557410574 0 0 0
0.002857142857142857 0.3176595589155111 -0.06011273454248499 0.2782133275194593 0 0 0
0.002857142857142857 0.3161948918002398 -0.04395854787613789 -0.04813331910595126 0 0 0
0.002857142857142857 -0.44679018367343054 0.26134377767680916 0.44922855036021264 0 0 0
0.002857142857142857 0.029403293385882857 -0.26871801658509703 0.15615178139013433 0 0 0
0.002857142857142857 0.22994258390865044 -0.5113094679707982 0.1747035297972571 0 0 0
0.002857142857142857 -0.22418643102072786 -0.5384008792991821 0.2614217548609562 0 0 0
0.002857142857142857 0.358406164984998 0.05234338079201973 0.008407534855636646 0 0 0
0.002857142857142857 0.315815128278111 -0.38701827441130887 0.3519793399320869 0 0 0
0.002857142857142857 0.11386070609792932 0.21449921323419946 0.6181344789237695 0 0 0
0.002857142857142857 0.057014725689466 -0.043889811800999136 0.6729871407515601 0 0 0
0.002857142857142857 0.001838499645685612 -0.10992328881769063 -0.3133531923716898 0 0 0
0.002857142857142857 -0.5422043159853371 -0.014297507891586783 0.3314831546493818 0 0 0
0.002857142857142857 0.10577567714091694 -0.19151525933978425 0.29955497468551273 0 0 0
0.002857142857142857 0.021970878887693366 -0.35299861539648003 -0.07694521400065675 0 0 0
0.002857142857142857 -0.31218623713841154 0.10912028581473641 0.22900182614667813 0 0 0
0.002857142857142857 -0.12259395263815684 -0.03819768587453069 -0.08005368519573311 0 0 0
0.002857142857142857 -0.42677663698654944 -0.17632412952026655 -0.5088561186476774 0 0 0
0.002857142857142857 0.35924370596702215 0.0593490995272449 0.2953920475041414 0 0 0
0.002857142857142857 0.24867536623892916 -0.5781665584076399 -0.016383023799697888 0 0 0
0.002857142857142857 0.3340279471579078 0.4047298290260313 -0.2930082036104017 0 0 0
0.002857142857142857 0.05082885493943843 0.18186707979391867 -0.6383666589145943 0 0 0
0.002857142857142857 0.269522152563634 0.3058379598243985 0.047921428595562525 0 0 0
0.002857142857142857 0.19706341070286165 -0.18082985019160414 -0.1393665087577541 0 0 0
0.002857142857142857 0.5097819055645658 0.2766892519966392 -0.28114424004527916 0 0 0
0.002857142857142857 0.49391848798781857 -0.07334662208062827 -0.313133767449395 0 0 0
0.002857142857142857 0.4824095583476484 0.21316941245749085 -0.3979994594491332 0 0 0
0.002857142857142857 0.4910773366294552 0.14328210427141433 -0.22783536754812522 0 0 0
0.002857142857142857 0.07524111978677879 0.1679099796891161 0.25366161157305045 0 0 0
0.002857142857142857 0.44240288706015996 0.09238077243658416 0.2274422484809241 0 0 0
0.002857142857142857 -0.40381985299848056 0.4340088429867613 0.15902248116199033 0 0 0
0.002857142857142857 -0.2270526898704711 -0.5149948162338844 -0.30517594052499586 0 0 0
0.002857142857142857 0.5347604654588027 -0.0635481675589426 0.426654482801773 0 0 0
0.002857142857142857 -0.21168083692965758 0.2046777036997829 -0.2517037167138603 0 0 0
0.002857142857142857 -0.08067059070696699 -0.12672732026500275 -0.6037855696868696 0 0 0
0.002857142857142857 0.35415177921883306 0.4033011554368702 0.355963193515981 0 0 0
0.002857142857142857 -0.27195215916886784 -0.5647739886773745 0.03892080176358124 0 0 0
0.002857142857142857 -0.017169175884522884 -0.22732910774788398 0.2240425080492936 0 0 0
0.002857142857142857 -0.5181235524681151 0.22285607963747395 -0.2136256936322508 0 0 0
0.002857142857142857 0.27706433981800727 0.5732732644646237 0.19219342199394482 0 0 0
0.002857142857142857 -0.37090424412525 0.21833183088497493 -0.4791733371427256 0 0 0
0.002857142857142857 0.36313061798864904 -0.29086303598955365 0.024132972807124665 0 0 0
0.002857142857142857 0.22105320925213637 0.5154646714124195 0.34872095191519203 0 0 0
0.002857142857142857 0.30401142437875256 -0.1576402795095187 0.13526970539504937 0 0 0
0.002857142857142857 -0.6339176696845058 0.036847199512818944 -0.21854269255293107 0 0 0
0.002857142857142857 0.37231215690149533 0.2537841092849684 -0.010475969395815127 0 0 0
0.002857142857142857 0.26224710566396076 0.11604736446727339 -0.5950603811489975 0 0 0
0.002857142857142857 -0.1316259560663869 0.1509379692193967 -0.00364183176703211 0 0 0
0.002857142857142857 -0.46645061871802057 0.3378427753433402 0.042504185936538645 0 0 0
0.002857142857142857 0.441258517244045 -0.053759700068694245 0.11011650749920246 0 0 0
0.002857142857142857 0.48916426072411784 0.2743558628955367 -0.0040616923041344585 0 0 0
0.002857142857142857 -0.06693177303034846 0.2893390602795818 0.5461905964451165 0 0 0
0.002857142857142857 0.18802045979661572 0.03612910766211176 0.053596358819476254 0 0 0
0.002857142857142857 -0.04248033113316008 0.1443286411344534 -0.10205841365581482 0 0 0
0.002857142857142857 0.3671163847694119 -0.0981693806522729 0.4365945118625389 0 0 0
0.002857142857142857 0.476712510102311 0.2770356052861199 -0.35735607435426503 0 0 0
0.002857142857142857 -0.48464633635382975 -0.44524277119758837 0.17036396234259 0 0 0
0.002857142857142857 0.15605619230500473 -0.1962052565409567 -0.024011709148302127 0 0 0
0.002857142857142857 -0.31070011084765414 -0.4073708593424604 0.09413250528094705 0 0 0
0.002857142857142857 -0.2741884306688954 -0.12590090734022252 0.19195730736029085 0 0 0
0.002857142857142857 0.163095623310301 -0.06777213313321527 0.20940651165413646 0 0 0
0.002857142857142857 -0.05063238797647606 0.06332523499731604 0.23071862517285052 0 0 0
0.002857142857142857 0.263787874170636 -0.14246182825027218 -0.045376455016172164 0 0 0
0.002857142857142857 0.2821983915722012 -0.5249969751511244 0.28138454741477903 0 0 0
0.002857142857142857 -0.3374237193294553 0.5478498489414819 -0.24807356337991698 0 0 0
0.002857142857142857 0.2802638475811311 -0.013968149378327088 -0.3847125367149399 0 0 0
0.002857142857142857 0.35547928800440315 -0.43410114360018665 0.023764772943026587 0 0 0
0.002857142857142857 0.33509180725967963 0.32889351116503396 0.4703201933145275 0 0 0
0.002857142857142857 -0.1141927104145799 -0.355338065438728 -0.36800031719672543 0 0 0
0.002857142857142857 -0.22524691221372736 0.2990359755343571 0.5711770667928634 0 0 0
0.002857142857142857 0.08996542358805937 0.5947253822590058 -0.022686605604879652 0 0 0
0.002857142857142857 -0.386968771855471 -0.18822033314790204 -0.3932614491419529 0 0 0
0.002857142857142857 -0.5736198277836564 -0.1812438528574966 0.13526571578709493 0 0 0
0.002857142857142857 0.42040155546896824 -0.1784816838971713 -0.26064036483629627 0 0 0
0.002857142857142857 -0.013967886821033735 -0.41644313834675395 -0.40853318444015707 0 0 0
0.002857142857142857 0.3655546823455019 -0.3031848746442436 0.4734765705585982 0 0 0
0.002857142857142857 0.2091059032893656 -0.2567508566029771 0.5178017526952207 0 0 0
0.002857142857142857 0.46613024411548065 -0.3562189781441382 0.1259087886907304 0 0 0
0.002857142857142857 -0.24104764478532353 0.5751602571122416 0.1465142064673454 0 0 0
0.002857142857142857 0.6336235571680452 -0.19455604518268424 -0.15917496225257408 0 0 0
0.002857142857142857 -0.1295394981217178 -0.47650732882664376 0.055460657881458666 0 0 0
0.002857142857142857 0.18651038782474863 0.2125306502006403 -0.20766168084803532 0 0 0
0.002857142857142857 0.31794908060547084 0.1842393193146013 0.3724606137261604 0 0 0
0.002857142857142857 0.24408662404940115 -0.5600933380353648 0.012626077130353465 0 0 0
0.002857142857142857 -0.5968649869976874 -0.1485003227751615 0.19403406195733153 0 0 0
0.002857142857142857 0.36488281514601656 0.05461315966530741 -0.0031161669321742103 0 0 0
0.002857142857142857 0.3660700520839096 0.029804974500661125 0.505936452870407 0 0 0
0.002857142857142857 -0.2936177613450822 -0.5862832277859198 -0.21777177748733179 0 0 0
0.002857142857142857 -0.3622445048595687 -0.2916324021602043 0.1844545686779737 0 0 0
0.002857142857142857 0.38464644317909746 -0.0769330316246089 -0.21888000996186974 0 0 0
0.002857142857142857 0.4182341459241251 -0.029721907947976856 -0.06985951283608217 0 0 0
0.002857142857142857 -0.14778084798274643 0.31598185290099157 0.37058004707264974 0 0 0
0.002857142857142857 0.18470663949194904 0.6271739790582851 -0.14588671823289495 0 0 0
0.002857142857142857 -0.15092047895990926 0.4057896545586031 0.0012454774075701983 0 0 0
0.002857142857142857 0.34655559805449165 -0.3667028609638743 -0.15536169031133373 0 0 0
0.002857142857142857 0.11585519335341166 -0.42889696287437296 0.4101101992994089 0 0 0
0.002857142857142857 -0.06310100466269376 0.23066256056212694 0.06487945574625666 0 0 0
0.002857142857142857 -0.29926656447987526 -0.08163261978475272 0.4412275276463614 0 0 0
0.002857142857142857 -0.2783373455821214 -0.07209304570561416 -0.4133309834730063 0 0 0
0.002857142857142857 0.509062618378044 -0.24414710026701747 0.4021108373592087 0 0 0
0.002857142857142857 0.19329167356321655 -0.20213578577750932 -0.47000715353313377 0 0 0
0.002857142857142857 -0.2791765265115152 0.1130080221440764 0.5704923628801948 0 0 0
0.002857142857142857 -0.38823145402544995 -0.020759221326842256 -0.412471556727249 0 0 0
0.002857142857142857 0.24242457498736075 0.2491299548481007 -0.24932493589372898 0 0 0
0.002857142857142857 0.06252713532332323 -0.3328969498482072 0.30498477005684826 0 0 0
0.002857142857142857 -0.08144984970765241 -0.49483806388844553 0.015448529633200432 0 0 0
0.002857142857142857 -0.345059828001738 0.0037102644112701334 -0.3569472846023373 0 0 0
0.002857142857142857 0.6317425154408726 0.21140087954189313 0.10330728282701869 0 0 0
0.002857142857142857 0.5006703498926537 -0.08531846087342086 -0.3361309893810021 0 0 0
0.002857142857142857 0.05178016786087509 0.31656460087825555 0.6047755034525037 0 0 0
0.002857142857142857 -0.015370220151253017 -0.2619673626062057 -0.006590132902873912 0 0 0
0.002857142857142857 -0.10330302894565743 0.2008588670796616 0.34428719642009115 0 0 0
0.002857142857142857 0.2763013369082823 -0.2699180993426315 0.45250171662149885 0 0 0
0.002857142857142857 0.10719745942281436 -0.10481719156005272 0.3642888267341778 0 0 0
0.002857142857142857 0.48318102700588866 0.35172490838455533 0.2224273859792806 0 0 0
0.002857142857142857 -0.3901223347889921 -0.21583561321684197 0.5238618603430324 0 0 0
0.002857142857142857 0.18976387267545478 0.08619117231786755 0.02971302644043896 0 0 0
0.002857142857142857 0.2409340975440886 0.08247820370306333 0.3430778096348568 0 0 0
0.002857142857142857 0.6093521449561943 -0.1381569077653692 0.11659505890930617 0 0 0
0.002857142857142857 0.250343266465013 -0.4035057710314274 -0.49702591833624266 0 0 0
0.002857142857142857 -0.09271311913234276 -0.20170526314703488 0.48241063305292514 0 0 0
0.002857142857142857 0.09091672915145858 0.22590567137384648 -0.09190606650498617 0 0 0
0.002857142857142857 0.3987326581019895 0.05280233824984371 0.2576956361330419 0 0 0
0.002857142857142857 -0.4251335451209017 0.20972736813087986 0.4139630266168414 0 0 0
0.002857142857142857 0.5013026697769305 -0.25922947339174685 -0.21408750172926427 0 0 0
0.002857142857142857 0.5731022844880771 -0.297439894115403 0.0545874909695765 0 0 0
0.002857142857142857 -0.2643963924869028 0.44451110670134913 -0.37151544191190233 0 0 0
0.002857142857142857 -0.04547297559823128 -0.4509421548855529 -0.24419261917885338 0 0 0
0.002857142857142857 -0.046551608272904006 0.16348525698838853 -0.1597988476482233 0 0 0
0.002857142857142857 -0.18799384317298107 -0.3975205253615506 -0.367263301709087 0 0 0
0.002857142857142857 -0.1775025363072926 0.17608664392756931 0.621771848451715 0 0 0
0.002857142857142857 -0.3475169892374674 0.27988895932997004 -0.3063246257256699 0 0 0
0.002857142857142857 0.08603031349511334 0.0722535795483339 -0.18103199311816806 0 0 0
