30
0
0.03333333333333333 0.21390274389150893 0.15374086442907833 -0.5880741233985496 0 0 0
0.03333333333333333 -0.13040586869422902 -0.38209921003483177 -0.13362730342099424 0 0 0
0.03333333333333333 -0.2756435098088593 0.33422912749318673 0.49658921304790343 0 0 0
0.03333333333333333 -0.4431034363860093 0.08202415452946354 -0.06651243739378745 0 0 0
0.03333333333333333 -0.1930021158207034 0.4870011452510469 0.35437073821286263 0 0 0
0.03333333333333333 -0.19535769738220893 0.2525888398150194 0.3199672478210194 0 0 0
0.03333333333333333 0.22403230723715303 -0.32304391362065676 0.17952452686158055 0 0 0
0.03333333333333333 -0.32503337133072696 -0.37561990481314045 -0.16300272744111682 0 0 0
0.03333333333333333 -0.1221057129288717 0.6788935705304275 -0.02845651342314406 0 0 0
0.03333333333333333 0.026769457767772703 0.2582061492327797 -0.3775901732767384 0 0 0
0.03333333333333333 0.1916851914042419 -0.09508673776766607 -0.2540008910757187 0 0 0
0.03333333333333333 0.18573787752110374 0.0769845357409788 0.5846297145060448 0 0 0
0.03333333333333333 0.31924632509311357 -0.19667797962757919 0.49010268227150455 0 0 0
0.03333333333333333 0.09109245469399994 -0.15256056415550476 0.10585813485669471 0 0 0
0.03333333333333333 0.38401282052257024 -0.2189075276533377 0.23853890698183575 0 0 0
0.03333333333333333 0.5321181509498448 0.3675981225156122 -0.1317924747797543 0 0 0
0.03333333333333333 0.1808748298600776 -0.018616184222082843 0.2000205957953053 0 0 0
0.03333333333333333 -0.1948081362322686 0.5126136268633661 -0.0808211472577038 0 0 0
0.03333333333333333 -0.20919493629656039 -0.10644072199708135 0.6079443843651318 0 0 0
0.03333333333333333 0.00030576615243628854 -0.22363381869375185 0.5428841987539041 0 0 0
0.03333333333333333 -0.33724725733967464 -0.09310389516131744 0.05804545614464826 0 0 0
0.03333333333333333 0.27376778070433777 0.08583570895287261 0.5259595055479522 0 0 0
0.03333333333333333 -0.23906112324439815 -0.40940272090101304 0.3400514423012003 0 0 0
0.03333333333333333 0.3488105445736146 -0.053197782024408176 -0.34954815805965095 0 0 0
0.03333333333333333 0.2073600085878775 0.24903120892023356 -0.03213357386806514 0 0 0
0.03333333333333333 0.0175612297316458 -0.08526648245695256 -0.6755543864374831 0 0 0
0.03333333333333333 -0.44972771336408845 0.21678723351007045 -0.22911737398831572 0 0 0
0.03333333333333333 -0.065629214978577 -0.20986259388451492 0.160400185124459 0 0 0
0.03333333333333333 -0.021520897492227263 -0.4132041806001089 -0.359719757855084 0 0 0
0.03333333333333333 0.5321441950551279 -0.05449703164860275 -0.06873826729836485 0 0 0
