130
0
0.007692307692307693 0.414234321145195 -0.31831179909789337 -0.2209506976962166 0 0 0
0.007692307692307693 -0.46856050261608667 -0.3560266651510957 -0.08003411723105161 0 0 0
0.007692307692307693 0.08646191076263307 -0.5565880645750174 0.07397437574076549 0 0 0
0.007692307692307693 -0.2308583252515581 0.30274796466863274 -0.177178143855601 0 0 0
0.007692307692307693 0.2456312705783893 -0.02869143526560842 -0.36141992510472143 0 0 0
0.007692307692307693 0.5978323036861029 0.29666917840063256 -0.04811031572137977 0 0 0
0.007692307692307693 -0.0470921808574867 -0.14787419574116362 0.22616847655593944 0 0 0
0.007692307692307693 0.02458132333735257 0.0818937812937961 -0.3155755300508428 0 0 0
0.007692307692307693 -0.12578778680140926 -0.30592321063766625 0.05736694474224678 0 0 0
0.007692307692307693 0.5471501005238429 0.38695484271194514 -0.06932105721161763 0 0 0
0.007692307692307693 0.3059668402057683 -0.5318893759664671 0.20655626344170697 0 0 0
0.007692307692307693 0.4726805870612955 -0.4087822420461297 -0.23766833242845178 0 0 0
0.007692307692307693 0.36505265488900257 0.36794452928667515 -0.3010800593454936 0 0 0
0.007692307692307693 -0.09261624619270681 0.013265447014032313 0.6020157819386136 0 0 0
0.007692307692307693 -0.5106649311101684 -0.23813988362261806 -0.027109193586919798 0 0 0
0.007692307692307693 0.5737104740163136 0.13893601000658237 -0.056724227061525405 0 0 0
0.007692307692307693 0.598817734661869 -0.1500626422752478 -0.2550404077100996 0 0 0
0.007692307692307693 0.6724065739726454 0.07254277533888823 0.0897285640155367 0 0 0
0.007692307692307693 0.10751388276959957 -0.01445223765907064 0.5642801781340554 0 0 0
0.007692307692307693 -0.03191898914803703 -0.33234555706487523 0.3219845946242262 0 0 0
0.007692307692307693 -0.36479741833720947 -0.09932092645515417 -0.025634686686468015 0 0 0
0.007692307692307693 0.05982398892486803 0.11908827990489132 -0.15028612248742754 0 0 0
0.007692307692307693 -0.3398193718959863 0.35495783850963025 0.161252275276061 0 0 0
0.007692307692307693 -0.05515802419428638 0.1891555832212603 0.2511350891732856 0 0 0
0.007692307692307693 -0.02880778389251391 0.3444705499333557 -0.276885540348127 0 0 0
0.007692307692307693 0.3950792621583998 0.4296569584988465 0.13467572509554965 0 0 0
0.007692307692307693 -0.10124482339903423 0.5535264738288209 -0.13603042237892993 0 0 0
0.007692307692307693 0.19674926944931573 -0.3053467968649522 -0.4421808928183469 0 0 0
0.007692307692307693 0.3044605777435597 0.36996207996040115 -0.005182800804317232 0 0 0
0.007692307692307693 0.13903686930321177 0.17696848666835624 -0.40889160840731564 0 0 0
0.007692307692307693 -0.07874493098063068 -0.16452907084782722 -0.5479680794768679 0 0 0
0.007692307692307693 0.37700737775638127 0.18345359748777648 -0.4990566253305437 0 0 0
0.007692307692307693 -0.21747897585740514 0.14318436380869198 0.2114990316056005 0 0 0
0.007692307692307693 0.15953199553948105 0.15277853650673986 -0.01948135054142443 0 0 0
0.007692307692307693 0.2302162065857385 0.23545547002826117 -0.28243046565884333 0 0 0
0.007692307692307693 -0.32223843573700856 -0.1055611460493726 -0.4658226112324882 0 0 0
0.007692307692307693 0.32511745513402523 -0.08951194540296657 0.12429029728191983 0 0 0
0.007692307692307693 0.2823190442335563 0.037975653895272035 0.4562126612779208 0 0 0
0.007692307692307693 -0.11910507159059158 -0.24391578157867339 0.6151190650907999 0 0 0
0.007692307692307693 0.007971184012446715 -0.11437044393455724 0.12553378244035127 0 0 0
0.007692307692307693 -0.29297502207048465 -0.20017294090868049 -0.4581312002273101 0 0 0
0.007692307692307693 0.16376710535360758 -0.23810527266021503 -0.6250555899110459 0 0 0
0.007692307692307693 0.06876617849359007 0.49704632970266505 0.14963667248609944 0 0 0
0.007692307692307693 0.1074505501018012 0.4026845192004154 -0.3987869627218285 0 0 0
0.007692307692307693 -0.08005018634719917 0.18976759402092852 -0.5356181144689176 0 0 0
0.007692307692307693 0.5434547207273934 0.005987095641388503 -0.03471292973128222 0 0 0
0.007692307692307693 -0.08384682804051174 -0.18627807404203542 0.23492040617962973 0 0 0
0.007692307692307693 -0.19854939993193252 0.3287681871550496 -0.1214097653058846 0 0 0
0.007692307692307693 -0.041560808174592866 -0.1370912751585999 -0.32588279759559863 0 0 0
0.007692307692307693 -0.24525728679059014 -0.21254180519932722 -0.4459125689992456 0 0 0
0.007692307692307693 0.4333164038482833 -0.2629604935254376 0.35080481690357646 0 0 0
0.007692307692307693 0.36937375633135056 0.1991185579350154 0.34667643863618136 0 0 0
0.007692307692307693 -0.21854836995223142 0.017365018667459535 -0.31461649170457584 0 0 0
0.007692307692307693 -0.5179635678282863 0.21776826399801447 -0.2841315845112137 0 0 0
0.007692307692307693 0.08216903367072512 0.495356540948944 -0.1515179743589785 0 0 0
0.007692307692307693 -0.21669006035300126 -0.04479799609296392 0.29701783489727085 0 0 0
0.007692307692307693 -0.15739165952264264 -0.4178460397974186 0.39885658658029416 0 0 0
0.007692307692307693 -0.5347649683225514 0.29848362379343607 -0.2811442593871232 0 0 0
0.007692307692307693 0.15890633755127012 0.01392155750597701 0.13965834201101346 0 0 0
0.007692307692307693 0.20431434961253905 -0.5112206992302306 -0.2675625646483629 0 0 0
0.007692307692307693 -0.1765578170057574 -0.0914817112063464 0.544574547872173 0 0 0
0.007692307692307693 -0.2486980302706634 0.11072138423340283 -0.10569697284002748 0 0 0
0.007692307692307693 0.07147340347228755 -0.5565545220934233 -0.17487462308287474 0 0 0
0.007692307692307693 0.21163313748850132 0.2737683670205805 -0.3216946486029765 0 0 0
0.007692307692307693 0.27898476581614656 0.29519587486458215 -0.20850340616648688 0 0 0
0.007692307692307693 -0.49458624254045486 0.45661238272535587 -0.10710287411838713 0 0 0
0.007692307692307693 0.2772756423297507 0.05227322104330285 0.6048527005625977 0 0 0
0.007692307692307693 0.2512123224468169 0.15183204256508712 -0.4782142602270029 0 0 0
0.007692307692307693 -0.002423159202834128 0.395871402028556 0.26442284096111174 0 0 0
0.007692307692307693 -0.005727948154442943 -0.10638367055801426 0.1543295649085244 0 0 0
0.007692307692307693 -0.11348471276064674 0.397350158991412 -0.02062329811968986 0 0 0
0.007692307692307693 -0.1257584090061447 0.28039782572948185 -0.30011398136247747 0 0 0
0.007692307692307693 0.1778383827817508 -0.39476139884351635 0.16629442858751733 0 0 0
0.007692307692307693 -0.1793985043320795 0.39172508497264347 -0.3080017312230547 0 0 0
0.007692307692307693 -0.31612391912330473 -0.10983303073206299 0.36861026255937357 0 0 0
0.007692307692307693 0.5731762536481602 0.2879967361012742 -0.01863130772277004 0 0 0
0.007692307692307693 -0.19929441734580972 -0.35508141836434515 0.07319149777680178 0 0 0
0.007692307692307693 -0.39265308000217714 0.3193989100455327 0.411737331978517 0 0 0
0.007692307692307693 -0.40385757908299025 0.16668938277732934 -0.24340432244125523 0 0 0
0.007692307692307693 0.37326309482007386 -0.38687268495396565 -0.22780896528798436 0 0 0
0.007692307692307693 -0.025346296414830723 0.5301874382660404 -0.2813244863614081 0 0 0
0.007692307692307693 -0.014559575493015455 -0.2605619611825098 0.42829401459739924 0 0 0
0.007692307692307693 0.2435191425753218 -0.08066805965508449 0.41078328839441675 0 0 0
0.007692307692307693 0.2708935126811896 0.012933815463031401 -0.10653262231918105 0 0 0
0.007692307692307693 0.32561025186413073 -0.06989929513220546 -0.32677159546521406 0 0 0
0.007692307692307693 -0.29264655485437374 -0.46244738392036666 -0.33889650182269637 0 0 0
0.007692307692307693 0.0875839854798726 0.18093661472845446 0.10707374469547339 0 0 0
0.007692307692307693 0.29188611692534655 -0.11847683073303748 0.09090376614202579 0 0 0
0.007692307692307693 -0.26870536303199316 0.5267186637889494 -0.11743718354197027 0 0 0
0.007692307692307693 -0.49381659773385256 -0.3780935090137254 -0.2958384452648867 0 0 0
0.007692307692307693 -0.09641120549129077 -0.007280780424292049 -0.6209598430401121 0 0 0
0.007692307692307693 -0.6495152903898573 -0.11214599321078973 0.1715138306904866 0 0 0
0.007692307692307693 -0.046018294427983525 0.1429646933408122 0.34743622631507076 0 0 0
0.007692307692307693 -0.17567183809197542 -0.3030693960762145 -0.558662810257982 0 0 0
0.007692307692307693 0.31625538826552174 -0.386612579615039 0.055517585208170656 0 0 0
0.007692307692307693 0.22116793297725365 -0.0437170167111466 -0.36264625895949665 0 0 0
0.007692307692307693 -0.4113521505119762 0.09911093142923968 -0.39883260128867776 0 0 0
0.007692307692307693 0.3611697095378528 -0.4816846159243878 -0.12377233236110208 0 0 0
0.007692307692307693 -0.5197844435309655 0.18882950703530402 0.14720340658603387 0 0 0
0.007692307692307693 0.010815632179480283 -0.005631306476240874 -0.6918207974062177 0 0 0
0.007692307692307693 0.13426918157278722 -0.03103182189222608 0.11577068694640627 0 0 0
0.007692307692307693 0.3360524196108675 0.17887432931114908 -0.4030161756745748 0 0 0
0.007692307692307693 -0.328170691600145 -0.6074401478049668 0.022775256974129104 0 0 0
0.007692307692307693 0.078684349125998 0.19687286816548163 0.15638818349940256 0 0 0
0.007692307692307693 -0.17930481476215576 0.022146232851660255 0.06545144241517331 0 0 0
0.007692307692307693 0.12522278972610806 0.2770404252858648 0.26994735495209315 0 0 0
0.007692307692307693 0.05654651835621852 -0.38188767411438235 0.4944737386005795 0 0 0
0.007692307692307693 -0.2818723276471021 0.005429790397283514 0.17237695896200814 0 0 0
0.007692307692307693 0.3745591173455286 -0.37748541775556776 -0.4356254082181552 0 0 0
0.007692307692307693 -0.4700543757140926 -0.34349783121593913 -0.2257603324783279 0 0 0
0.007692307692307693 0.5369745215886466 -0.02080061680355041 0.3430148902969188 0 0 0
0.007692307692307693 -0.04843221442974427 0.07470470441860552 -0.009093307448042902 0 0 0
0.007692307692307693 0.2659709025861234 -0.19745193830967414 -0.28463387559278475 0 0 0
0.007692307692307693 0.06580190788626661 -0.5826796170326161 -0.11707769813779521 0 0 0
0.007692307692307693 -0.18949227364296206 -0.08791783867509192 -0.6396121261867228 0 0 0
0.007692307692307693 0.5442232896601147 0.11703605591047157 0.1062876016899384 0 0 0
0.007692307692307693 -0.17681304382997384 0.1757701859151068 -0.11474213542121381 0 0 0
0.007692307692307693 -0.12038435416555339 0.46436874133276923 -0.4037906705967962 0 0 0
0.007692307692307693 -0.5067252257127632 0.09453907852210593 -0.361478123964875 0 0 0
0.007692307692307693 0.2272958804816459 0.31686668787978656 0.4510741218781824 0 0 0
0.007692307692307693 0.12179145884517655 -0.06320893505907518 0.18736051635004045 0 0 0
0.007692307692307693 -0.4768172721005377 -0.07979600396088209 -0.23551610840636666 0 0 0
0.007692307692307693 0.37406905441451394 0.4183851682705844 -0.3584567173703182 0 0 0
0.007692307692307693 -0.19073001799450084 0.609304268661459 0.1179088338297119 0 0 0
0.007692307692307693 -0.08273465887635081 -0.4095839431010629 -0.07974974003846354 0 0 0
0.007692307692307693 -0.592555381076741 0.0779602428955733 0.22599640532511353 0 0 0
0.007692307692307693 -0.4549458699064999 -0.21909958050716213 0.013154799151101917 0 0 0
0.007692307692307693 0.3294910735956595 -0.005984569744248008 -0.3047368751022358 0 0 0
0.007692307692307693 -0.23292344756764077 -0.168942175359106 0.5974271659700903 0 0 0
0.007692307692307693 -0.2552857546927592 0.38142123790709875 -0.24326406327736294 0 0 0
