630
0
0.0015873015873015873 0.01766246346775043 0.4832566798868299 0.012623364084650647 0 0 0
0.0015873015873015873 -0.23679171250201014 -0.5933934007548958 0.22462262080360645 0 0 0
0.0015873015873015873 -0.25834844010931557 -0.21146043536878753 0.3482264254899629 0 0 0
0.0015873015873015873 -0.41023752959415855 0.38061795607011184 -0.20829100073964057 0 0 0
0.0015873015873015873 -0.2954531180667897 0.08924724355346325 0.07638276360875332 0 0 0
0.0015873015873015873 -0.3736268343134709 -0.20060371347906575 -0.47499566876350424 0 0 0
0.0015873015873015873 -0.012775620320896752 0.589703134618206 -0.3402265786661723 0 0 0
0.0015873015873015873 -0.010233869083154917 0.6467254390059979 0.22282139905810938 0 0 0
0.0015873015873015873 -0.14404754585479926 -0.2570514607988844 0.42239061950634055 0 0 0
0.0015873015873015873 0.1044984476521843 -0.13402690393782069 0.5780627274419723 0 0 0
0.0015873015873015873 0.24649092259397135 0.09323050076333436 0.4720283346103953 0 0 0
0.0015873015873015873 0.45442951034397233 0.1568222617513622 0.32628096314431293 0 0 0
0.0015873015873015873 0.08812181878664624 -0.22041410882887405 -0.12450137751872621 0 0 0
0.0015873015873015873 0.4456258474838456 0.325287342416614 0.05708719852712368 0 0 0
0.0015873015873015873 -0.5786760389316363 -0.35532808094181173 0.10831205709017555 0 0 0
0.0015873015873015873 0.2876894282600839 0.26941498220528615 -0.41942509585954585 0 0 0
0.0015873015873015873 -0.47090266373833756 0.0730470030238457 -0.39820455093631846 0 0 0
0.0015873015873015873 -0.5787193389077478 -0.24840803962059468 0.10795359267278157 0 0 0
0.0015873015873015873 0.14443488429608592 0.4663272946940823 0.22352012909159666 0 0 0
0.0015873015873015873 -0.47237114805381475 -0.28079177987270626 -0.15193872014909643 0 0 0
0.0015873015873015873 -0.18479438432812637 0.33077036508251184 0.07679893782904573 0 0 0
0.0015873015873015873 0.2911590132667039 -0.19446728174177808 0.35726785213500717 0 0 0
0.0015873015873015873 0.001016038554462425 0.37423716455109735 0.5160195516163482 0 0 0
0.0015873015873015873 -0.22700878977967243 0.15817846074752126 -0.12918739440319868 0 0 0
0.0015873015873015873 0.012447228043300562 -0.4699043688140449 -0.04828625789334227 0 0 0
0.0015873015873015873 -0.3229936751937559 0.17261567697125413 0.21502480426855008 0 0 0
0.0015873015873015873 0.07965668064713943 0.09378205519838559 -0.5254505623516801 0 0 0
0.0015873015873015873 -0.12320480139718457 0.5289075719275328 -0.058296825653727534 0 0 0
0.0015873015873015873 -0.10875963601683158 -0.6397675811888062 -0.012481565424146593 0 0 0
0.0015873015873015873 0.424175645603759 0.30216900183319656 0.4062718516076985 0 0 0
0.0015873015873015873 -0.49037593503184024 -0.33938446915301596 0.1730019792227602 0 0 0
0.0015873015873015873 -0.3680539542361961 -0.267649814651654 0.3092289798236892 0 0 0
0.0015873015873015873 -0.41249210160083233 0.4138533047203574 0.27221267623584605 0 0 0
0.0015873015873015873 0.03801923247895783 -0.35071560551136693 0.5570997602163977 0 0 0
0.0015873015873015873 -0.26273229254705055 0.1644655169635721 0.5671430593545245 0 0 0
0.0015873015873015873 0.20308693062066308 -0.04606588692246594 -0.014996030903663221 0 0 0
0.0015873015873015873 -0.14873961797190363 0.2602603296060774 0.2415295056556808 0 0 0
0.0015873015873015873 -0.08973382142359995 0.36919011051529954 0.5291710479665526 0 0 0
0.0015873015873015873 0.07010495362362473 -0.1846485348720704 0.6046169158912233 0 0 0
0.0015873015873015873 -0.3436403076093896 0.25639336416444697 -0.005208073785546203 0 0 0
0.0015873015873015873 -0.1724037458323768 0.2250317316592087 0.3371753833853968 0 0 0
0.0015873015873015873 0.07732855471203684 0.09690755792766649 0.19281368933720533 0 0 0
0.0015873015873015873 -0.014287445840782459 -0.04374226775598972 0.1798821193328764 0 0 0
0.0015873015873015873 -0.03419439279097557 -0.1286060545993075 0.27509072159732567 0 0 0
0.0015873015873015873 -0.31588080452108813 0.07862962113261115 0.2932278692861283 0 0 0
0.0015873015873015873 0.2184006412307189 -0.26392372825180416 -0.5286661860032484 0 0 0
0.0015873015873015873 -0.5327728081832113 0.287267373210661 0.2558593504950163 0 0 0
0.0015873015873015873 0.5204563728192735 -0.05838198466799115 0.251017536680237 0 0 0
0.0015873015873015873 -0.1869657732825622 -0.33457452354273515 -0.15461881429138072 0 0 0
0.0015873015873015873 -0.03334361147726603 -0.23166643515626084 0.5582268470343474 0 0 0
0.0015873015873015873 -0.3252496267478575 0.23767433724648204 0.4490837261190981 0 0 0
0.0015873015873015873 0.44983821007993197 -0.08815303963404904 -0.21055493035180725 0 0 0
0.0015873015873015873 -0.3521658377068358 -0.09210427449612874 0.46263920832867517 0 0 0
0.0015873015873015873 0.3949687477061698 0.44230142944453765 -0.3496121378865602 0 0 0
0.0015873015873015873 0.09072998762767 0.24345711265039918 -0.31739212343129186 0 0 0
0.0015873015873015873 -0.19401975521993206 0.2592709161016445 -0.5722028522953344 0 0 0
0.0015873015873015873 -0.15212875292755587 -0.17625368759385 0.6015482863902321 0 0 0
0.0015873015873015873 -0.19826981237734437 -0.3831418184139349 0.18805995426179523 0 0 0
0.0015873015873015873 -0.5270428188951827 -0.3115641096641618 -0.03941384848540811 0 0 0
0.0015873015873015873 0.14350556802495723 -0.29582886996075297 -0.06598867353265475 0 0 0
0.0015873015873015873 0.09391919098062976 0.05513699305402238 -0.1025208221891591 0 0 0
0.0015873015873015873 0.2598492763730966 0.02897034598051502 0.253097861778021 0 0 0
0.0015873015873015873 -0.4842634631709091 -0.1315909806511154 -0.23757713870605532 0 0 0
0.0015873015873015873 0.10096440277773243 -0.20866399841927152 0.22832969400163597 0 0 0
0.0015873015873015873 -0.31040026384674607 0.24286645170262441 0.17154491881757503 0 0 0
0.0015873015873015873 -0.2842072251158441 -0.4551746749967997 -0.24162944677767687 0 0 0
0.0015873015873015873 -0.40503756543362673 -0.19981037962496379 0.5233795142173608 0 0 0
0.0015873015873015873 0.08753550555201456 -0.5002131891368262 -0.2687349415779936 0 0 0
0.0015873015873015873 0.6463677689236834 -0.2342711487118568 -0.07913675221009267 0 0 0
0.0015873015873015873 -0.26676006584288725 0.46614028759328635 -0.3568594312777542 0 0 0
0.0015873015873015873 0.5023103869558698 0.14707799443787228 0.06299084282587077 0 0 0
0.0015873015873015873 0.26039314415975484 0.3010135011055865 -0.3591891423862485 0 0 0
0.0015873015873015873 0.20565106573731323 0.5321436443696588 0.32680666782699536 0 0 0
0.0015873015873015873 0.3590194533764948 -0.19682325416086552 0.4150745007739031 0 0 0
0.0015873015873015873 -0.04484761953001823 0.1088395007018355 0.2926044174266188 0 0 0
0.0015873015873015873 -0.25756208520640966 -0.52920836458388 -0.22853126730221043 0 0 0
0.0015873015873015873 -0.023583924932966415 0.5562190759794786 -0.2125864827003678 0 0 0
0.0015873015873015873 -0.12702723508023153 0.15557891743729121 0.1602308639434103 0 0 0
0.0015873015873015873 -0.214366098266236 -0.3987948797286972 -0.4171378156274559 0 0 0
0.0015873015873015873 -0.10343616415481707 0.5418391718169157 0.2902507077400151 0 0 0
0.0015873015873015873 0.542644911948962 -0.05922505875863429 -0.19490606699802895 0 0 0
0.0015873015873015873 0.5661045017226068 0.10008067606476215 0.0841957268797549 0 0 0
0.0015873015873015873 -0.43171634962277555 -0.3534098737325466 -0.35535643038076115 0 0 0
0.0015873015873015873 0.07588791339022512 -0.060094742411941696 0.40771948330113095 0 0 0
0.0015873015873015873 -0.21281199720442848 0.4074378736842066 -0.19420092599111385 0 0 0
0.0015873015873015873 -0.3789971166303141 0.19513538511298775 -0.5151958451526536 0 0 0
0.0015873015873015873 0.09459502053659007 -0.26916891800627324 0.5716915965351053 0 0 0
0.0015873015873015873 -0.14490011471292671 -0.2076818149364066 -0.544221681634811 0 0 0
0.0015873015873015873 -0.003154001700132953 0.3890696006523589 0.02941013521794187 0 0 0
0.0015873015873015873 -0.07962758618415747 -0.2696432148303582 0.5498397203451233 0 0 0
0.0015873015873015873 -0.31092950432060307 0.5147359830434295 -0.14579593071368716 0 0 0
0.0015873015873015873 0.4103971161285649 0.40579538127187564 -0.363936057711942 0 0 0
0.0015873015873015873 -0.10628262696633944 -0.34110677502287373 -0.3123794718041292 0 0 0
0.0015873015873015873 -0.010885936889547563 -0.4786424746447888 0.2453038234972083 0 0 0
0.0015873015873015873 0.5159310535445099 -0.02493105917170046 -0.18381935401549937 0 0 0
0.0015873015873015873 0.38675836174676154 -0.38589568741064767 0.37588770176136144 0 0 0
0.0015873015873015873 -0.04439225606510512 0.25918356596220216 -0.49395915048155054 0 0 0
0.0015873015873015873 -0.2875332895261071 0.2760587571485684 -0.3177276928968245 0 0 0
0.0015873015873015873 0.3831765886137748 -0.33135287197799357 -0.3481507037767892 0 0 0
0.0015873015873015873 0.015990183479302866 0.6060697282470057 0.3000679250795852 0 0 0
0.0015873015873015873 -0.13540297207390295 0.48031843526589346 -0.2916420755532243 0 0 0
0.0015873015873015873 0.33324995670048163 0.14521751876687028 -0.04612049492310245 0 0 0
0.0015873015873015873 0.48157735615224745 -0.23090631569513556 -0.0354832582060802 0 0 0
0.0015873015873015873 0.19382395041941358 0.45556279217656703 0.25532005519730455 0 0 0
0.0015873015873015873 0.38360173929553576 0.15180086930305742 0.31489161124205156 0 0 0
0.0015873015873015873 -0.4351327924599747 -0.41259821255797474 -0.272973668321626 0 0 0
0.0015873015873015873 0.41645344085647046 -0.05748642489150783 0.4296770214917913 0 0 0
0.0015873015873015873 -0.07053200291558129 0.4380787349788736 -0.5088039679260334 0 0 0
0.0015873015873015873 -0.547672426460294 -0.03361555479886006 -0.10112529321266404 0 0 0
0.0015873015873015873 -0.1382569404175736 0.270817757975413 -0.4234476177183218 0 0 0
0.0015873015873015873 0.3378724491905151 -0.5399587976619108 0.13823160442124544 0 0 0
0.0015873015873015873 0.04043163301096402 -0.056335350735405916 -0.11330742364025867 0 0 0
0.0015873015873015873 -0.46736093679170426 0.17828228684558545 -0.20251873547406574 0 0 0
0.0015873015873015873 -0.05624582773047385 0.03174003992811337 -0.18993515043813824 0 0 0
0.0015873015873015873 0.3504039816379401 -0.027348679105573755 0.3716870155672563 0 0 0
0.0015873015873015873 -0.19065322855875116 0.429315340789035 -0.09955573875551378 0 0 0
0.0015873015873015873 -0.19564523735329453 -0.5614804984202667 0.2804738452269482 0 0 0
0.0015873015873015873 0.0656957809365489 0.21031812901274227 -0.4356366905670349 0 0 0
0.0015873015873015873 0.23151305004845546 -0.44331285542211385 -0.34967747536317084 0 0 0
0.0015873015873015873 -0.5554796245768381 -0.07789019470237638 -0.01723639189039458 0 0 0
0.0015873015873015873 0.3406199127773693 -0.13279247831773558 0.4164155607663362 0 0 0
0.0015873015873015873 -0.1901734041981398 -0.48563416540018595 -0.06344787496465167 0 0 0
0.0015873015873015873 -0.3941705128005127 0.15443969840241997 -0.3768785408701122 0 0 0
0.0015873015873015873 -0.13284996924978748 -0.5168188542014241 -0.35657734980274847 0 0 0
0.0015873015873015873 -0.010572668316216912 -0.07192199839731811 0.485039672137403 0 0 0
0.0015873015873015873 0.5429475391558987 -0.11762968676706735 0.08546207098881721 0 0 0
0.0015873015873015873 -0.4228930919618972 0.0997839122460318 -0.3434082704033812 0 0 0
0.0015873015873015873 0.03295332764988277 -0.31009618325332694 0.346805912206708 0 0 0
0.0015873015873015873 -0.32096116720024653 0.37753161992007805 0.4232769393107896 0 0 0
0.0015873015873015873 -0.30520784779726207 0.4201025840643809 0.4313424199491659 0 0 0
0.0015873015873015873 -0.1271132920875648 0.0589832429639709 0.6181481542724329 0 0 0
0.0015873015873015873 -0.15566904525800715 0.13856594788079876 0.3545971406873891 0 0 0
0.0015873015873015873 0.5363490659664143 -0.30493538223133004 -0.021113936332723172 0 0 0
0.0015873015873015873 0.16484383843266712 -0.17784864999458183 -0.6342830727545187 0 0 0
0.0015873015873015873 -0.44956846358184 0.0034915141860693407 -0.24614814367610632 0 0 0
0.0015873015873015873 -0.18861829840850033 0.6563344135941793 -0.04466374347685094 0 0 0
0.0015873015873015873 0.30713492017953997 -0.2412201068193164 0.1860852238780823 0 0 0
0.0015873015873015873 0.15703742945409407 0.48998003525682465 -0.08501916996132108 0 0 0
0.0015873015873015873 -0.058646787929041724 -0.354979780629289 -0.15745720341406186 0 0 0
0.0015873015873015873 -0.09189879962940141 0.5471637146150032 0.17902897247785549 0 0 0
0.0015873015873015873 -0.11025548419163471 -0.56663665523456 -0.03290674648770519 0 0 0
0.0015873015873015873 0.09942899771150829 0.35494423313519563 0.08764021486857142 0 0 0
0.0015873015873015873 0.174158065663811 0.304299316506131 0.2540096338976686 0 0 0
0.0015873015873015873 -0.3868107167154671 0.27364703143433067 -0.4079352134920184 0 0 0
0.0015873015873015873 0.34244781424685555 0.4033644827986267 -0.29144294303497226 0 0 0
0.0015873015873015873 0.13301964841610567 -0.07324810103822285 -0.16766150248206144 0 0 0
0.0015873015873015873 0.31052153900075585 0.40563429147903557 0.45829190407344605 0 0 0
0.0015873015873015873 -0.4230650817099878 -0.3699835525996114 0.024541845237796768 0 0 0
0.0015873015873015873 0.2701687567595347 0.3137407587562063 0.1933679973463194 0 0 0
0.0015873015873015873 0.32976365151501746 0.3464950441990707 0.1570525198236517 0 0 0
0.0015873015873015873 0.464037290438726 0.4557617092773198 0.1038068739242781 0 0 0
0.0015873015873015873 -0.2490741505291687 -0.3743988620130605 -0.2460316332250054 0 0 0
0.0015873015873015873 -0.011304073237462613 -0.42025472328701824 -0.20870605552703228 0 0 0
0.0015873015873015873 0.43655555697318266 -0.2700402293377173 -0.1518710360249235 0 0 0
0.0015873015873015873 0.3445391222500698 -0.02473011167376563 -0.5444594268607582 0 0 0
0.0015873015873015873 0.3288893149255413 0.2688565701572862 0.401690030157036 0 0 0
0.0015873015873015873 -0.18983840444243805 0.5500020846392647 0.004014329839748596 0 0 0
0.0015873015873015873 0.40258578970208597 0.4204639821225276 0.3241167540660278 0 0 0
0.0015873015873015873 0.07837161122904977 -0.5176924218934138 -0.38222228102577727 0 0 0
0.0015873015873015873 -0.44969217730674993 -0.4778241050894457 0.06007412526263025 0 0 0
0.0015873015873015873 0.3957582811170866 -0.02764157974707488 -0.11244716404866201 0 0 0
0.0015873015873015873 -0.4531987483959072 -0.007311129121287015 0.2762912828414922 0 0 0
0.0015873015873015873 0.0024945055016429444 0.4141043901211772 -0.0054385530610614 0 0 0
0.0015873015873015873 -0.6495307386685915 -0.22309683607768707 0.036954460888647685 0 0 0
0.0015873015873015873 0.4577213422700914 -0.282547841309578 -0.3243684852269646 0 0 0
0.0015873015873015873 0.37345805564339607 -0.47579374186904566 -0.13713753477771692 0 0 0
0.0015873015873015873 0.05416563903558186 0.36362957090234643 -0.5780306664739349 0 0 0
0.0015873015873015873 0.2410540605398708 -0.03909791673039197 -0.37066095208255734 0 0 0
0.0015873015873015873 0.15512483139146377 0.2648211592823383 -0.22933550883355677 0 0 0
0.0015873015873015873 -0.006048121173464483 -0.2088291159464902 -0.1933771984156508 0 0 0
0.0015873015873015873 0.14960494974970254 0.3430426675155207 -0.11374655590867769 0 0 0
0.0015873015873015873 -0.10096616603336417 -0.3443443641851158 0.26649898295543256 0 0 0
0.0015873015873015873 0.06395999360698705 -0.04345253184666242 0.643569775194928 0 0 0
0.0015873015873015873 0.3029892996851182 -0.2433990768376132 -0.14256602087723175 0 0 0
0.0015873015873015873 0.19828708604426823 -0.41834186872102386 -0.3826703616375173 0 0 0
0.0015873015873015873 0.5791240307410213 -0.04421585856320103 -0.2247336396264518 0 0 0
0.0015873015873015873 0.34416054821362957 -0.009692289304332974 -0.4503263490762848 0 0 0
0.0015873015873015873 -0.3961758551447159 -0.38431222758901995 -0.14450379808565844 0 0 0
0.0015873015873015873 0.32683819695673677 0.22028651018536 -0.11251048543753146 0 0 0
0.0015873015873015873 -0.02771342827025553 0.5462022958233475 -0.12791823566202323 0 0 0
0.0015873015873015873 0.08016874072410868 0.04921853117173032 -0.3661085426778589 0 0 0
0.0015873015873015873 -0.6298492814170025 -0.18551493533919802 0.13604978690032443 0 0 0
0.0015873015873015873 0.08088676724569986 -0.4662863834631283 0.13396427353923668 0 0 0
0.0015873015873015873 0.029759750892972225 -0.4405171327044276 -0.3036466174259938 0 0 0
0.0015873015873015873 0.10068314707186454 0.5600044080837414 -0.03177669136603234 0 0 0
0.0015873015873015873 -0.4530544599559687 0.04688302964909367 0.4062320911462119 0 0 0
0.0015873015873015873 0.26903154307750293 -0.32128304991855117 -0.3377056708151787 0 0 0
0.0015873015873015873 -0.4889695399876849 -0.43454723635671105 -0.10175501362551108 0 0 0
0.0015873015873015873 0.0784228940189038 -0.24826436960790357 -0.42359175783725395 0 0 0
0.0015873015873015873 -0.028039564207804308 -0.3597331856535238 -0.057332431002956104 0 0 0
0.0015873015873015873 0.3660987528291472 -0.13964241848054118 0.05283815460348121 0 0 0
0.0015873015873015873 -0.3689000229329148 -0.15486860957942847 -0.2111772795242252 0 0 0
0.0015873015873015873 -0.15761451573680058 0.2828944563435964 -0.2939859894280118 0 0 0
0.0015873015873015873 0.10492816579231377 0.05472781652420148 0.4742337399439019 0 0 0
0.0015873015873015873 -0.0636912120100967 0.5038354963482073 0.0854382227204229 0 0 0
0.0015873015873015873 0.12343357321209213 0.13656828607826396 -0.17925117916873604 0 0 0
0.0015873015873015873 0.36540932283513433 -0.050927885308061895 -0.08935476361755651 0 0 0
0.0015873015873015873 0.15915999273693374 -0.3535357012733492 0.41171871251701286 0 0 0
0.0015873015873015873 -0.013685687971161677 0.21281304001533755 -0.37900068231218376 0 0 0
0.0015873015873015873 -0.29822730443745077 0.4054428904280173 -0.05444702035040124 0 0 0
0.0015873015873015873 -0.3929916398774055 -0.5321832552043542 0.15903526202086649 0 0 0
0.0015873015873015873 -0.05567048929177562 0.1907714339195674 -0.2567367038360657 0 0 0
0.0015873015873015873 0.08176843290823971 0.02946016301966032 -0.032086960289299665 0 0 0
0.0015873015873015873 0.49288766137966245 0.08264183651532334 -0.18770189327511466 0 0 0
0.0015873015873015873 0.4158320718664734 -0.12364377332516528 -0.03808428408686162 0 0 0
0.0015873015873015873 0.14803538262718557 -0.1302036001980946 0.40703728887403445 0 0 0
0.0015873015873015873 -0.1109054651403961 0.06625861899436425 -0.1403003774690452 0 0 0
0.0015873015873015873 0.1604762810122711 0.2636652534596088 0.42782317152701405 0 0 0
0.0015873015873015873 0.46819668477265375 0.2127760108155043 0.41451386217682923 0 0 0
0.0015873015873015873 0.6731118638569193 -0.09621760806862333 0.11240880038691202 0 0 0
0.0015873015873015873 0.23295650517268285 0.3918952777341782 -0.20845399922290753 0 0 0
0.0015873015873015873 -0.5911403721467086 -0.09038178215750592 -0.1318854990486725 0 0 0
0.0015873015873015873 0.10510992349568339 -0.5787931899180994 -0.10163599250399971 0 0 0
0.0015873015873015873 -0.3418364219770253 0.12159711542886022 0.2905163431378725 0 0 0
0.0015873015873015873 -0.22835124575356594 0.15698508607674352 0.43930843907988676 0 0 0
0.0015873015873015873 0.47225692764553706 -0.10509800328999683 -0.2645831700490127 0 0 0
0.0015873015873015873 0.2692965353068223 0.3543582096422401 -0.1538112407626148 0 0 0
0.0015873015873015873 0.34195047981635396 -0.468048824078115 -0.2355035321531534 0 0 0
0.0015873015873015873 0.007995590735512259 -0.08466455541748345 -0.49528127714029 0 0 0
0.0015873015873015873 0.2484272304416992 -0.1597926340725215 -0.5287071084746214 0 0 0
0.0015873015873015873 -0.2060552892048097 -0.569919518923177 0.2275769536652238 0 0 0
0.0015873015873015873 0.5179242663661505 0.26553894441692016 0.2641265525385438 0 0 0
0.0015873015873015873 -0.2234927018587811 -0.2902955465308954 0.1106459172554468 0 0 0
0.0015873015873015873 -0.0073372141943154725 -0.02603093337461147 -0.3656119128474608 0 0 0
0.0015873015873015873 0.26938174453568114 -0.2000122854443482 -0.4389167360600928 0 0 0
0.0015873015873015873 0.4967369072029758 0.40116239305057405 0.08953195423048763 0 0 0
0.0015873015873015873 0.1372085686577068 -0.6571288958895168 0.010950169185949087 0 0 0
0.0015873015873015873 -0.0876228034506715 0.36331832431604216 -0.014187573925839442 0 0 0
0.0015873015873015873 0.14020876133834295 -0.1960141956089759 -0.4501074919246153 0 0 0
0.0015873015873015873 -0.11863881154935321 -0.505198585184302 0.45103387818148905 0 0 0
0.0015873015873015873 -0.311339364165909 -0.06738260955509556 -0.43307291184148117 0 0 0
0.0015873015873015873 0.2091086051238538 -0.3536747378955408 0.06035439644347812 0 0 0
0.0015873015873015873 -0.6149802530567252 -0.2920894348756893 -0.11075585987071083 0 0 0
0.0015873015873015873 -0.008688109694649023 0.31744244299055874 -0.23467256151441937 0 0 0
0.0015873015873015873 0.03698974234218004 -0.6055549239705733 0.2063043237375009 0 0 0
0.0015873015873015873 -0.10273273473208393 -0.480474448079366 -0.17839861349867464 0 0 0
0.0015873015873015873 0.29592890596362276 0.33144633178288707 0.4655271830225077 0 0 0
0.0015873015873015873 0.6283057943357616 0.11758167865168187 0.017001219985828143 0 0 0
0.0015873015873015873 0.2703619588909456 0.3677070397857269 -0.34134623502627087 0 0 0
0.0015873015873015873 0.3466355215329447 -0.34827095665185775 -0.07039844991307145 0 0 0
0.0015873015873015873 0.20536923055368947 0.5043592226390577 0.13695030193382313 0 0 0
0.0015873015873015873 -0.3296826316765971 0.5197638983990366 -0.16117085402578143 0 0 0
0.0015873015873015873 0.5450119672260453 -0.21201764947954632 0.3321755277924884 0 0 0
0.0015873015873015873 0.49192508582800626 -0.22016474196936278 -0.05751118442048085 0 0 0
0.0015873015873015873 -0.08501309452603899 -0.3312176569574843 -0.2684480449959771 0 0 0
0.0015873015873015873 0.3656128480854289 0.3900321378318569 0.4389776626255078 0 0 0
0.0015873015873015873 0.014817659434765368 0.1743367299655407 -0.4254921191439954 0 0 0
0.0015873015873015873 0.12510287733244108 0.08383056379423989 -0.6076413032987955 0 0 0
0.0015873015873015873 -0.31337687853762597 0.30922454245421693 -0.03390053602854736 0 0 0
0.0015873015873015873 -0.5283684777084577 0.14804215914671898 -0.26789978820409505 0 0 0
0.0015873015873015873 -0.4337890274702321 -0.07323469525529498 -0.40861243497306016 0 0 0
0.0015873015873015873 0.28970039281777255 -0.2054030466384873 0.4911062506443824 0 0 0
0.0015873015873015873 -0.269472344047443 -0.21626384063134615 0.030759280180461725 0 0 0
0.0015873015873015873 -0.5253180133687918 -0.05537099135038991 -0.020750249845793205 0 0 0
0.0015873015873015873 0.04720961350888223 -0.2005880257493504 -0.6429242184784976 0 0 0
0.0015873015873015873 0.06493216851947553 0.49444192509903306 0.11043312484485988 0 0 0
0.0015873015873015873 0.10211090494298805 -0.08854464819392541 0.6295729352060094 0 0 0
0.0015873015873015873 -0.04377235011752343 0.43774479048607834 0.530671587461557 0 0 0
0.0015873015873015873 -0.5961872437052603 -0.04722913384402208 0.19163477908678564 0 0 0
0.0015873015873015873 -0.2546788942662034 0.49707980994428846 -0.08206541463019235 0 0 0
0.0015873015873015873 0.1427616702325298 -0.3166811561063014 -0.05798924734002235 0 0 0
0.0015873015873015873 -0.32240658843601394 0.0586357402778598 0.29402750314435366 0 0 0
0.0015873015873015873 -0.1250904138855392 0.4603033297215213 -0.31862309609736683 0 0 0
0.0015873015873015873 0.061215608293077296 0.055113181940018394 0.5048328744894508 0 0 0
0.0015873015873015873 0.2524806104636093 -0.14247063261644272 -0.3798170570045628 0 0 0
0.0015873015873015873 0.2594143617713278 -0.2562809986140767 -0.4858903058018096 0 0 0
0.0015873015873015873 -0.3887966484522834 -0.017907797636286808 0.08069715230793535 0 0 0
0.0015873015873015873 0.014141033561099817 -0.4144606897073947 0.1987439568294485 0 0 0
0.0015873015873015873 -0.023340484005431848 0.10403066171619138 -0.3038530262286074 0 0 0
0.0015873015873015873 -0.5815988399570824 0.0013009991299480217 -0.21949369227515217 0 0 0
0.0015873015873015873 -0.05990579342060852 0.46089931112841714 -0.3400788837912074 0 0 0
0.0015873015873015873 0.5277955738905222 -0.3753237732745234 -0.03238772224407597 0 0 0
0.0015873015873015873 0.1140851714690943 0.619246032137617 0.26721753645182833 0 0 0
0.0015873015873015873 -0.1928985404119818 -0.033937536512122335 -0.007091545824478132 0 0 0
0.0015873015873015873 -0.5642961757325087 -0.1296458708624919 -0.289690828514133 0 0 0
0.0015873015873015873 -0.022398263866941156 0.1414361952752097 0.4543285813901057 0 0 0
0.0015873015873015873 -0.5031883544679084 0.4091445026336737 -0.21905714307348859 0 0 0
0.0015873015873015873 -0.6064626600488466 0.007468996313620306 0.3128163680187503 0 0 0
0.0015873015873015873 0.10218159853240803 -0.3177493731806732 0.056380244546661955 0 0 0
0.0015873015873015873 0.48092462925254226 0.13649286062671814 -0.20800197803308337 0 0 0
0.0015873015873015873 -0.19481627632212517 0.10880533078465947 -0.45997891539181107 0 0 0
0.0015873015873015873 0.6304217133599601 0.11148922817918877 -0.0263885528459932 0 0 0
0.0015873015873015873 -0.06041442977529113 -0.0033382252828429043 0.5063419924246442 0 0 0
0.0015873015873015873 0.2542489248232785 -0.11858170401262938 -0.11204104487704901 0 0 0
0.0015873015873015873 -0.027538781658573774 -0.07554889983687656 0.13502697548357662 0 0 0
0.0015873015873015873 0.1705783871303206 0.5679923475001714 -0.30737286179829343 0 0 0
0.0015873015873015873 0.11944122346558227 0.3296429366665066 0.48545034228374123 0 0 0
0.0015873015873015873 0.28699143420685796 0.4500341653954176 0.17974987997921124 0 0 0
0.0015873015873015873 -0.19629584792665855 -0.5453858792196047 -0.2755174545475455 0 0 0
0.0015873015873015873 -0.3775317488655413 0.35266837240080723 0.17375747781580686 0 0 0
0.0015873015873015873 -0.3091550801877971 -0.4045234636166932 0.04262899003952636 0 0 0
0.0015873015873015873 0.4211515429394376 0.20202701668243384 0.42381645315983596 0 0 0
0.0015873015873015873 0.34049158380802963 -0.20011011964692232 -0.10266117057300633 0 0 0
0.0015873015873015873 0.5072598249209068 0.3138582621405378 0.09537303650589106 0 0 0
0.0015873015873015873 0.4839614910417566 0.3067213665405818 -0.37302800429876204 0 0 0
0.0015873015873015873 -0.1082277261147494 -0.5072100511467037 0.20610481418921742 0 0 0
0.0015873015873015873 0.2276329600136194 0.32827263604794227 -0.4728988463918438 0 0 0
0.0015873015873015873 0.4001529622211399 0.19934425929420183 0.28839836441367134 0 0 0
0.0015873015873015873 -0.31250142715768503 -0.3750708221738931 0.15399162321615195 0 0 0
0.0015873015873015873 0.1778762714262318 -0.20653536812980677 -0.5425501038584063 0 0 0
0.0015873015873015873 -0.2900718632232865 0.27176038903057115 0.34815688640241876 0 0 0
0.0015873015873015873 0.2702763605725329 -0.3248875591873987 0.5272571801077607 0 0 0
0.0015873015873015873 0.42785783225191937 0.17774842838690613 0.04788916323945379 0 0 0
0.0015873015873015873 -0.42753580693250726 -0.17996542578570998 -0.2710162925444528 0 0 0
0.0015873015873015873 -0.5489562805952661 0.3590761303509248 0.11226680188537676 0 0 0
0.0015873015873015873 0.5451991956417773 -0.11356209813437253 -0.13878755283608518 0 0 0
0.0015873015873015873 -0.1518127525693357 -0.16170137600763615 -0.3771675100033321 0 0 0
0.0015873015873015873 0.000753887921714552 0.2678073348183353 0.18443398764162125 0 0 0
0.0015873015873015873 -0.23911846773934672 0.22052128529136825 -0.06675495082422912 0 0 0
0.0015873015873015873 0.1867969462634836 0.4406900239549194 -0.17001738847535436 0 0 0
0.0015873015873015873 -0.013155343052985035 0.04312723737057428 0.25288590017909046 0 0 0
0.0015873015873015873 0.3495445966913351 -0.5508746205077051 -0.13362103673051537 0 0 0
0.0015873015873015873 -0.38989871057676845 0.10008672027970415 0.3406789063596197 0 0 0
0.0015873015873015873 -0.09558585879550262 0.4427300474940406 -0.3501858047564944 0 0 0
0.0015873015873015873 -0.484877004883545 -0.21368516528080092 0.07846398069430607 0 0 0
0.0015873015873015873 -0.2968025904260929 0.42710373826543807 0.2770806493966094 0 0 0
0.0015873015873015873 -0.05621390059987732 -0.08923609971010968 -0.12855421019475008 0 0 0
0.0015873015873015873 0.24587956001980435 -0.16396824208319702 0.1798934995817018 0 0 0
0.0015873015873015873 -0.6130662068439227 -0.12646767050022592 0.11653072425173615 0 0 0
0.0015873015873015873 0.19939018843699166 -0.511200121299985 -0.15442868134123558 0 0 0
0.0015873015873015873 0.05486805557345756 0.32184929287641545 0.12767869478750524 0 0 0
0.0015873015873015873 0.5019313187815131 -0.1368429321088913 0.16287985423033113 0 0 0
0.0015873015873015873 0.21312154747058037 -0.17675686286756379 -0.3510657281791219 0 0 0
0.0015873015873015873 0.1058261632907381 -0.4862992166565647 0.2554040685684372 0 0 0
0.0015873015873015873 0.4569863413666101 -0.21568125066715924 0.09608176662177029 0 0 0
0.0015873015873015873 -0.584217489506467 0.20557954608637435 0.16600031917857108 0 0 0
0.0015873015873015873 0.5010188766631499 -0.1180982186502905 0.2659339387670869 0 0 0
0.0015873015873015873 0.007621297590143726 0.3561328654133065 -0.29517131660124557 0 0 0
0.0015873015873015873 0.038882224381442405 0.11899938569753749 0.10175497374039882 0 0 0
0.0015873015873015873 0.39613879445303574 0.036281502787595885 -0.36246808321692814 0 0 0
0.0015873015873015873 -0.28793016525348647 0.29772227015365405 -0.005334502874046424 0 0 0
0.0015873015873015873 0.3166939663326348 0.009089107545062633 0.16688303657661782 0 0 0
0.0015873015873015873 0.3757335696404292 -0.28658745991807766 -0.4241219894196635 0 0 0
0.0015873015873015873 -0.0751073084543155 -0.11255392599412876 0.227799752400559 0 0 0
0.0015873015873015873 -0.5533510809044094 -0.3420423228844932 -0.17166894594339427 0 0 0
0.0015873015873015873 0.35721936587826725 0.12218311590846284 0.24068528833581168 0 0 0
0.0015873015873015873 -0.30197139908118037 -0.44884912340413846 0.3066210426514383 0 0 0
0.0015873015873015873 -0.1665709930830699 0.30937454628980937 -0.24252730426051228 0 0 0
0.0015873015873015873 -0.10342208990013556 -0.6039760009785338 -0.14808478541464362 0 0 0
0.0015873015873015873 0.6499545126230452 0.05531987258581361 0.20246799422893166 0 0 0
0.0015873015873015873 0.3869921736028569 -0.25948096714899255 -0.4074636118269359 0 0 0
0.0015873015873015873 -0.007567337422291142 0.19614011144354423 0.6376291900458954 0 0 0
0.0015873015873015873 -0.6035967002958148 -0.10314634074061307 0.28586495647487603 0 0 0
0.0015873015873015873 -0.10562442421714177 0.10934787402629002 0.32439502172583656 0 0 0
0.0015873015873015873 -0.1496341789974994 -0.3244838439260223 -0.575415733678822 0 0 0
0.0015873015873015873 -0.5484341336572707 0.2236081258310714 -0.1384475192838878 0 0 0
0.0015873015873015873 -0.3872417196377761 0.10574228718011702 0.00184935082319883 0 0 0
0.0015873015873015873 0.5158842822883963 -0.16056703961618413 -0.03242968387768691 0 0 0
0.0015873015873015873 -0.4065896185169771 0.5170172788302585 0.09790897036253643 0 0 0
0.0015873015873015873 -0.27521499044223396 -0.09900630209540406 -0.3218264732091845 0 0 0
0.0015873015873015873 0.10455886728950557 -0.27593353700590434 -0.31885923155577434 0 0 0
0.0015873015873015873 0.47489955827376695 0.18609479919614486 0.3305548523814931 0 0 0
0.0015873015873015873 0.08835607460261999 -0.29587413800773976 0.4544852695655429 0 0 0
0.0015873015873015873 0.1839187772069314 0.45624130160983795 -0.1101729689954165 0 0 0
0.0015873015873015873 0.32616615455605796 0.15133934154633663 0.5746006690627604 0 0 0
0.0015873015873015873 -0.19001836702770925 0.1615301486528225 -0.6424763858008149 0 0 0
0.0015873015873015873 0.24076265107377265 -0.19519758528126646 -0.21360370990202462 0 0 0
0.0015873015873015873 0.2045097307347989 0.21961920524353645 0.5121448440461861 0 0 0
0.0015873015873015873 -0.38037044294006306 0.48507507127215765 0.0746930107301716 0 0 0
0.0015873015873015873 -0.14005577418039933 -0.1581421924551198 0.602508071689134 0 0 0
0.0015873015873015873 -0.3407943099982653 -0.3036451966576545 0.1414429693626324 0 0 0
0.0015873015873015873 0.1999342796173938 -0.2352749057883674 0.38501288443531784 0 0 0
0.0015873015873015873 -0.3738082040501948 0.08655545781582089 0.5427802931773278 0 0 0
0.0015873015873015873 0.0006192831057264519 0.5096666272220213 0.3623153836936858 0 0 0
0.0015873015873015873 0.23570219571640671 -0.008033372950061029 -0.2617820302720822 0 0 0
0.0015873015873015873 -0.6208765645937028 -0.1228400663917908 -0.25234876225816044 0 0 0
0.0015873015873015873 -0.10129914931422493 -0.450285239158701 0.2195873371112235 0 0 0
0.0015873015873015873 0.46624042348818734 -0.4494577035778186 0.06126554853378433 0 0 0
0.0015873015873015873 0.07472887348371005 -0.3157232983192936 -0.16297017031524078 0 0 0
0.0015873015873015873 0.6193495691263972 -0.21892739138374226 0.21349306112084693 0 0 0
0.0015873015873015873 -0.059770667880928184 0.13912326643145675 -0.5832363806994686 0 0 0
0.0015873015873015873 -0.5014775645998254 -0.2180100680441549 0.42546006623457266 0 0 0
0.0015873015873015873 0.026779589737651478 -0.4480306828829559 0.3195544451397373 0 0 0
0.0015873015873015873 0.15911963931556158 -0.6486574216948244 0.040067077291854054 0 0 0
0.0015873015873015873 0.1602532010066846 -0.4172274351236564 -0.272277725441186 0 0 0
0.0015873015873015873 -0.0781185859527454 -0.21364796515895912 -0.622920001359577 0 0 0
0.0015873015873015873 0.06253913325556938 0.4171615241636012 -0.07484742057375643 0 0 0
0.0015873015873015873 0.18333891149499787 -0.06895340075943855 0.34782229681238236 0 0 0
0.0015873015873015873 0.2572533757356147 0.24279064832288003 -0.38588670972357947 0 0 0
0.0015873015873015873 -0.3670843519728259 0.3371833583575263 -0.4321475024681492 0 0 0
0.0015873015873015873 -0.08704674413266139 -0.2675186227110359 -0.42638481545180734 0 0 0
0.0015873015873015873 -0.18836557772314913 -0.05232414100918446 0.21653425641974114 0 0 0
0.0015873015873015873 0.584392893205688 0.29736908883646757 0.040117899404063136 0 0 0
0.0015873015873015873 -0.3022601862339569 -0.5107652062858323 0.04010604822480197 0 0 0
0.0015873015873015873 -0.23102990397618453 0.2892690185836001 -0.3874405247359813 0 0 0
0.0015873015873015873 0.3079701184176548 0.44626261012022606 -0.3542969697341143 0 0 0
0.0015873015873015873 0.11227195423236686 0.4414678348946087 -0.0019535042447041827 0 0 0
0.0015873015873015873 -0.24577899393276104 0.31969385267938016 -0.15806853110949642 0 0 0
0.0015873015873015873 0.08629627917854112 -0.3475341626728504 0.00031594453425837026 0 0 0
0.0015873015873015873 0.06579247243238907 -0.029567279705411675 -0.2756435632621904 0 0 0
0.0015873015873015873 -0.058183976375396136 -0.2655334270050595 0.29696133832965343 0 0 0
0.0015873015873015873 0.49931241798586046 0.38241993161675103 0.1996101199141794 0 0 0
0.0015873015873015873 -0.02147187940586679 0.20600248810862115 0.024373208243152724 0 0 0
0.0015873015873015873 -0.38330607997402155 -0.41725482714346346 0.1948956672117025 0 0 0
0.0015873015873015873 0.24473126319325306 -0.10002104531171084 -0.5036099859880462 0 0 0
0.0015873015873015873 0.012199734819430437 -0.6444018846059032 0.0925810464672047 0 0 0
0.0015873015873015873 -0.36898588138134947 -0.25592078792392026 0.16698922116637002 0 0 0
0.0015873015873015873 0.45642955603229507 0.4422820638758612 -0.2106224223061615 0 0 0
0.0015873015873015873 -0.4450786076045202 -0.27507455105757284 0.403689425519201 0 0 0
0.0015873015873015873 -0.03695530726396256 0.6652311969754136 0.08733482920588803 0 0 0
0.0015873015873015873 -0.20315892691144585 0.1430187322693326 0.05626844231171148 0 0 0
0.0015873015873015873 -0.032697911439526314 -0.09263674457795583 -0.46038826039027503 0 0 0
0.0015873015873015873 0.2213314036833216 0.462080436896124 0.01659081007774668 0 0 0
0.0015873015873015873 0.11912888698022196 -0.38060677150191075 0.14234976743125743 0 0 0
0.0015873015873015873 0.3056987907425754 -0.15226378060275894 -0.013470634751388273 0 0 0
0.0015873015873015873 -0.09087772185972405 0.5584327910932427 -0.03060802079303358 0 0 0
0.0015873015873015873 -0.2395217607222191 0.11167014055284706 -0.024256677547110736 0 0 0
0.0015873015873015873 -0.5309196969941822 -0.21035921162032692 0.2441587025121267 0 0 0
0.0015873015873015873 -0.5821652836788667 0.20909305224502478 -0.11250749790944202 0 0 0
0.0015873015873015873 -0.17445046890514393 0.05086275236422781 0.41744387510586667 0 0 0
0.0015873015873015873 0.0179123604016684 -0.2593706606683028 0.5605502478980422 0 0 0
0.0015873015873015873 -0.3360400261036369 -0.0013557550479462621 -0.0745200660862429 0 0 0
0.0015873015873015873 0.17643961956026985 -0.26883371466637856 0.4574470423728351 0 0 0
0.0015873015873015873 -0.5884944531045425 0.07177392916377873 0.08708822109569897 0 0 0
0.0015873015873015873 0.34940294661936705 -0.0027380954759278035 0.572673757736341 0 0 0
0.0015873015873015873 0.2818796077778007 -0.3623291162299985 0.15543755276590693 0 0 0
0.0015873015873015873 0.18316001645775698 -0.4073277681749208 -0.014812299614181658 0 0 0
0.0015873015873015873 0.29112824088315237 -0.042338186407597525 0.0432233248741386 0 0 0
0.0015873015873015873 0.16923009941117595 0.2786707998990963 -0.5740874012747129 0 0 0
0.0015873015873015873 -0.3766019166734683 0.35500973751221265 0.3522053756339398 0 0 0
0.0015873015873015873 0.05365103688545006 -0.26427125992038286 0.39356003649507687 0 0 0
0.0015873015873015873 -0.2140137412604501 -0.40788913220864054 0.3829317958084225 0 0 0
0.0015873015873015873 0.17786837280568538 0.4054742956558285 0.14114153819979372 0 0 0
0.0015873015873015873 -0.22675630729215523 -0.13298520607458372 -0.4059954687162464 0 0 0
0.0015873015873015873 -0.32711440473419967 -0.5518747052685364 -0.14272845380024632 0 0 0
0.0015873015873015873 0.021847742793602163 -0.33230095891313866 0.42365818106813624 0 0 0
0.0015873015873015873 -0.5140654821578236 -0.3119855878605987 0.16959676424891562 0 0 0
0.0015873015873015873 -0.6160954418473198 0.18652217415151023 -0.05718721991385027 0 0 0
0.0015873015873015873 -0.06700350018540084 0.13841670104301798 0.13616096662308694 0 0 0
0.0015873015873015873 0.40719869391410324 -0.042695377539493616 -0.5481522557454062 0 0 0
0.0015873015873015873 -0.2663596547906229 -0.23114680213031313 0.06862300886614138 0 0 0
0.0015873015873015873 0.43987252997529963 0.4620698178275502 0.1491093488922269 0 0 0
0.0015873015873015873 0.45677872547813125 0.38738347030102654 -0.3443770924407749 0 0 0
0.0015873015873015873 0.3590760650113466 -0.4459216874605141 -0.310403941748606 0 0 0
0.0015873015873015873 -0.17169784185069595 -0.3491058166856049 -0.5652318814658451 0 0 0
0.0015873015873015873 0.054515926950455366 0.13666512368720204 0.12392429327272936 0 0 0
0.0015873015873015873 -0.22175720497914267 0.39297929584035857 0.15097208093761025 0 0 0
0.0015873015873015873 0.18732103273294895 0.2457327224465791 -0.22333944335270733 0 0 0
0.0015873015873015873 0.295411311288732 0.4528289127363991 -0.2509520702956355 0 0 0
0.0015873015873015873 -0.09368827461244951 0.544148553013045 -0.1093414747154842 0 0 0
0.0015873015873015873 0.3974398428772601 0.18241301174529093 0.10926043347111371 0 0 0
0.0015873015873015873 -0.0008986197872985309 -0.27326763540516946 0.013461163299112799 0 0 0
0.0015873015873015873 0.026668444741722294 -0.17557689485232267 0.28207985720242723 0 0 0
0.0015873015873015873 0.2617223301713701 0.5960322543830394 -0.022127732639567077 0 0 0
0.0015873015873015873 0.16285715694958214 0.23604878400969814 -0.2194175312863521 0 0 0
0.0015873015873015873 0.28951303632031855 -0.2682625720827049 -0.4065359373785138 0 0 0
0.0015873015873015873 0.5046827992060703 -0.3357836648846653 0.21766119799450823 0 0 0
0.0015873015873015873 0.028906191696012783 0.15503857812572414 -0.3131591764795234 0 0 0
0.0015873015873015873 -0.06689618696082293 -0.3365579777072312 0.3671107339261405 0 0 0
0.0015873015873015873 0.44636227182139687 0.013323470465465321 0.4971101606348565 0 0 0
0.0015873015873015873 -0.131422273440341 0.013130441003515899 0.07758644243067071 0 0 0
0.0015873015873015873 0.3246811187860391 0.3688640775076713 0.17014571538974796 0 0 0
0.0015873015873015873 0.6676933691549479 0.05328836916800404 0.07657928404073884 0 0 0
0.0015873015873015873 -0.0034967109520335753 0.3611717851402309 -0.039655027706724626 0 0 0
0.0015873015873015873 -0.018146977085102618 -0.3393898483713908 0.23694839002200482 0 0 0
0.0015873015873015873 0.24373563272027854 0.48346561831593177 0.4015898422948578 0 0 0
0.0015873015873015873 0.17291046804561677 -0.4461159783326655 0.11158951751745405 0 0 0
0.0015873015873015873 -0.25592276001240594 -0.19290633286508405 -0.008280445329001827 0 0 0
0.0015873015873015873 -0.46535106047343516 0.0687590947237012 -0.3160292609690485 0 0 0
0.0015873015873015873 0.1290829193815454 0.2630325776419293 -0.21984256360051532 0 0 0
0.0015873015873015873 -0.37131759026729827 0.35401607448358097 -0.13451047753499776 0 0 0
0.0015873015873015873 -0.04008106068955672 -0.145654375872196 -0.3136587119953994 0 0 0
0.0015873015873015873 0.18722047607654296 -0.2322211362740844 0.021881621891039798 0 0 0
0.0015873015873015873 -0.5210758676690416 -0.2918800623914275 0.15060611665890436 0 0 0
0.0015873015873015873 0.07281103503301059 -0.5636560132632048 -0.26975729674823795 0 0 0
0.0015873015873015873 -0.24590572030882096 0.5270951379124799 0.34727459835516766 0 0 0
0.0015873015873015873 0.5888732966260252 0.04854548122014084 0.26666611537049084 0 0 0
0.0015873015873015873 -0.1285011668492244 -0.361449021108755 0.15751348456844338 0 0 0
0.0015873015873015873 0.4596819048042505 -0.07988939261860442 0.3940731046967907 0 0 0
0.0015873015873015873 -0.376908303710014 0.44790399170932427 0.3677327309546516 0 0 0
0.0015873015873015873 0.5274554348926463 -0.0546862558568904 -0.10613259649041647 0 0 0
0.0015873015873015873 0.33619059252516 0.3257015850752695 0.03138791246875439 0 0 0
0.0015873015873015873 0.06867770512590364 -0.4809469356371101 -0.03768441555479518 0 0 0
0.0015873015873015873 -0.0350817490484956 0.5974917985966103 0.2853901010004058 0 0 0
0.0015873015873015873 -0.1141252207913823 0.4890362793411939 -0.08380306789551338 0 0 0
0.0015873015873015873 -0.32636380488965305 0.3633862582889133 0.16067728569360928 0 0 0
0.0015873015873015873 0.16443209393787964 0.4594515679119844 -0.2188200643733778 0 0 0
0.0015873015873015873 0.24507947866579774 0.021527297013175132 0.051693572625522786 0 0 0
0.0015873015873015873 0.49235352734019433 -0.32107525702884093 0.3284219336340418 0 0 0
0.0015873015873015873 -0.15545347466748252 -0.18893774771177818 -0.6111341275259495 0 0 0
0.0015873015873015873 0.05884384581290341 0.3118606133236452 -0.1789535362177369 0 0 0
0.0015873015873015873 -0.28770576514973106 0.4883915123779465 -0.2329802354510925 0 0 0
0.0015873015873015873 -0.09057304072046687 0.13750428654582028 0.5172810733833669 0 0 0
0.0015873015873015873 -0.11185549538221527 0.39028512056232617 -0.4248396535806228 0 0 0
0.0015873015873015873 0.1592373115269759 -0.3697047524477266 -0.06930016419624305 0 0 0
0.0015873015873015873 0.48256734723732786 -0.29447269788985386 0.09715838338227334 0 0 0
0.0015873015873015873 0.0004897188234558381 0.07195028156598349 0.6721266449368084 0 0 0
0.0015873015873015873 -0.032873484820057836 -0.4515326546204676 -0.1930656944311301 0 0 0
0.0015873015873015873 0.3990635109842649 -0.36024875401048123 0.2579362713831623 0 0 0
0.0015873015873015873 0.4008412215053494 0.36745997515374673 -0.040120870689932205 0 0 0
0.0015873015873015873 -0.1424791590358734 -0.09466452447956386 0.4061570590282763 0 0 0
0.0015873015873015873 0.3813220596531735 -0.058670197121676496 0.02005484777074594 0 0 0
0.0015873015873015873 0.5096950324217061 -0.21777943125784585 -0.07687702517426782 0 0 0
0.0015873015873015873 -0.4361724154751419 -0.09072919033340007 0.2138826628969324 0 0 0
0.0015873015873015873 0.02923045534287468 0.5496786460069043 0.3558711356053407 0 0 0
0.0015873015873015873 -0.02421548695815405 -0.042106362242080475 0.4585481473556269 0 0 0
0.0015873015873015873 0.20657084076316323 0.20616686438573406 -0.5916064514425181 0 0 0
0.0015873015873015873 -0.13284417100931625 0.4120009393307517 -0.018161174564664925 0 0 0
0.0015873015873015873 0.36369031080133407 -0.4556974204661391 -0.21178237671493536 0 0 0
0.0015873015873015873 0.0015552753747350928 -0.6068016675337055 -0.13265063423775572 0 0 0
0.0015873015873015873 0.4743499748614473 0.2786687983790144 -0.34807725629558844 0 0 0
0.0015873015873015873 -0.09090044943754691 0.4032736989151438 0.20952289353397766 0 0 0
0.0015873015873015873 0.0236016194760996 0.5798224893712464 0.31866294383423943 0 0 0
0.0015873015873015873 0.6443824008278829 -0.10151640757794193 0.062200069797658866 0 0 0
0.0015873015873015873 -0.0448939634755574 -0.33511408840057066 0.12108805957455812 0 0 0
0.0015873015873015873 0.02772624267245283 0.45303047991986145 0.05902754825244616 0 0 0
0.0015873015873015873 0.290926792154284 -0.27652108967483796 0.40269558238462944 0 0 0
0.0015873015873015873 -0.0171882364136964 -0.20790254259284402 -0.2676222972763061 0 0 0
0.0015873015873015873 -0.3603686186682754 -0.5783912321370608 0.11427398331476837 0 0 0
0.0015873015873015873 0.24250573827254882 0.0939948092314289 -0.1549367944887117 0 0 0
0.0015873015873015873 -0.0603280271820123 0.27180162092230087 0.2927733830231057 0 0 0
0.0015873015873015873 0.32165757921626276 -0.4908806053003417 -0.003909257092275097 0 0 0
0.0015873015873015873 -0.20834466311018912 -0.1994553927735772 0.46659039478392794 0 0 0
0.0015873015873015873 -0.4827596243292843 -0.3949206016711568 0.05632772699334277 0 0 0
0.0015873015873015873 0.10695870645384853 -0.4032851679710504 -0.10922221318937944 0 0 0
0.0015873015873015873 -0.042699611868677885 -0.4197282960105925 0.35696273380473825 0 0 0
0.0015873015873015873 -0.5763548411888957 -0.21930386304773483 -0.16148645846039184 0 0 0
0.0015873015873015873 0.6140043007645669 -0.05060240398358125 0.034017164534931886 0 0 0
0.0015873015873015873 -0.4598805408057229 0.12586787810518102 -0.5008062646817423 0 0 0
0.0015873015873015873 -0.2645493738787834 -0.3799101642351448 0.06460858816596791 0 0 0
0.0015873015873015873 -0.2982219968523544 0.39852458889196934 0.19022210980296 0 0 0
0.0015873015873015873 0.07194314089155444 0.1545157789464431 0.4627189671053792 0 0 0
0.0015873015873015873 0.24473099096859452 0.6231890418969793 -0.09993580166318485 0 0 0
0.0015873015873015873 0.14458129416696922 -0.5073630111601068 -0.030509846382152747 0 0 0
0.0015873015873015873 -0.17782061698710638 0.29034979296489244 0.2659791856644681 0 0 0
0.0015873015873015873 -0.09938479793506524 0.06674068825857923 0.1473751637110151 0 0 0
0.0015873015873015873 -0.30197203894690194 -0.30799196640982723 0.08912971989361103 0 0 0
0.0015873015873015873 -0.2773441089743792 -0.5489766228645443 0.30944334561138687 0 0 0
0.0015873015873015873 -0.47848272623982296 0.1066506398120374 0.17516593309298217 0 0 0
0.0015873015873015873 0.2459521841369586 -0.3377060994791451 -0.029478562786197218 0 0 0
0.0015873015873015873 -0.34987569745031627 -0.28244599283358746 0.07445669921666918 0 0 0
0.0015873015873015873 0.3010367113092675 0.10457079733289631 -0.5902711130862345 0 0 0
0.0015873015873015873 -0.4710726718674154 0.05456961454127446 0.368949180302528 0 0 0
0.0015873015873015873 -0.006189713605056486 0.5422767155672507 0.25439840801381364 0 0 0
0.0015873015873015873 0.19179285210425687 0.20935594468999352 0.05199617321482995 0 0 0
0.0015873015873015873 -0.4586317314525504 -0.38603704185107346 0.22033252883502133 0 0 0
0.0015873015873015873 0.5590513228092577 -0.14444602697725842 -0.2614091098331847 0 0 0
0.0015873015873015873 -0.5523396843744837 -0.17347924281638014 -0.37475370208552594 0 0 0
0.0015873015873015873 -0.3252858399669421 -0.49268174651123275 -0.1824572000606798 0 0 0
0.0015873015873015873 0.4349651122532979 0.4012798811780558 -0.23016672107393754 0 0 0
0.0015873015873015873 0.35510996111605725 0.3595674005780243 0.039864527943216446 0 0 0
0.0015873015873015873 0.4154758187698055 -0.02509486608439832 0.26046084353589766 0 0 0
0.0015873015873015873 -0.09417744121288166 -0.5900925547537071 -0.17109509939839632 0 0 0
0.0015873015873015873 0.35273598229103886 0.24237305164414275 0.19486792247462892 0 0 0
0.0015873015873015873 -0.49139012263186793 0.037083010210106064 0.10756025450397774 0 0 0
0.0015873015873015873 -0.3558977775562316 0.48565463922679925 -0.009696426264881871 0 0 0
0.0015873015873015873 0.0507284616316994 0.018346282960542065 -0.04699906269799117 0 0 0
0.0015873015873015873 -0.4492381090654882 -0.28229295994558395 0.12377045105744235 0 0 0
0.0015873015873015873 -0.19436470775068648 -0.49701824864131744 0.4372599710389363 0 0 0
0.0015873015873015873 -0.010118727597047484 -0.011770624957154648 -0.45866100852255715 0 0 0
0.0015873015873015873 -0.41237358894633264 0.09142797611176338 0.32771440593387774 0 0 0
0.0015873015873015873 0.15181794030463946 -0.22889613189421681 0.4206935913039462 0 0 0
0.0015873015873015873 0.06487280221398331 0.027987955100606643 0.17957560300742606 0 0 0
0.0015873015873015873 0.0933895440579621 -0.3374894361499273 -0.23679178888819616 0 0 0
0.0015873015873015873 -0.028479369594977353 -0.25908141524558914 -0.5799188493263102 0 0 0
0.0015873015873015873 0.28245766418303103 0.34635150531134234 0.16668760390027895 0 0 0
0.0015873015873015873 0.1536552279068615 -0.3572990332721872 0.017596691836672635 0 0 0
0.0015873015873015873 -0.19749138774232852 0.19983579918990835 -0.38841317574646833 0 0 0
0.0015873015873015873 -0.31666075140659106 0.5876529351532155 0.18727784017524973 0 0 0
0.0015873015873015873 -0.5811489425431338 0.2838639454971009 -0.1613479375142057 0 0 0
0.0015873015873015873 0.07625972060328043 0.27630463791091925 0.04507310857915591 0 0 0
0.0015873015873015873 -0.04175073400999424 -0.4413962802585331 0.17580241580743863 0 0 0
0.0015873015873015873 -0.37379253716856975 -0.3289838552561676 -0.1162040148056802 0 0 0
0.0015873015873015873 -0.27153521068666947 0.08029457296689839 0.21524942274100498 0 0 0
0.0015873015873015873 0.30351642296156744 -0.09562481449289165 -0.43339357674758644 0 0 0
0.0015873015873015873 -0.03455495123083973 0.2627754986258415 0.371124781537692 0 0 0
0.0015873015873015873 0.2412764384055264 -0.31355845049112857 -0.1352222809396366 0 0 0
0.0015873015873015873 0.1161109342069861 0.31460442670733363 -0.5189907566576308 0 0 0
0.0015873015873015873 0.30865219496416035 0.42473054823164474 0.41481705901399185 0 0 0
0.0015873015873015873 -0.12087137198914513 -0.19058645258703652 0.5294490630780557 0 0 0
0.0015873015873015873 -0.5013164841386204 -0.24198127576243872 -0.29927683558504653 0 0 0
0.0015873015873015873 -0.1263897812102685 0.37678396431163014 -0.4035380192496248 0 0 0
0.0015873015873015873 -0.4005860791823165 0.06961527140018002 0.44650730240018 0 0 0
0.0015873015873015873 0.027762052093337715 -0.26877460594780533 -0.10485160986821532 0 0 0
0.0015873015873015873 0.42880596044384495 0.2141894439208787 -0.17165812413934536 0 0 0
0.0015873015873015873 -0.3640208205720069 -0.05711786850815756 -0.440186395917966 0 0 0
0.0015873015873015873 0.2922092658305018 0.3179100519584795 -0.4391968778407246 0 0 0
0.0015873015873015873 -0.4231312513923793 -0.18515164274436605 0.13363020621337915 0 0 0
0.0015873015873015873 -0.39913590581994274 0.27080142988894884 -0.44431110797968393 0 0 0
0.0015873015873015873 0.10848633669416746 0.1312678228266069 0.14584748151527696 0 0 0
0.0015873015873015873 -0.6398794998839384 -0.11423966542957112 0.0035347176804993107 0 0 0
0.0015873015873015873 0.3574262610239381 -0.23019401698835426 0.541451814880516 0 0 0
0.0015873015873015873 -0.13994293933031787 -0.3474349208060981 -0.015620964809675222 0 0 0
0.0015873015873015873 0.03725206043097791 0.2210499107042964 -0.28369504508900595 0 0 0
0.0015873015873015873 -0.23448450135986762 -0.32893901368797973 -0.12803803753218737 0 0 0
0.0015873015873015873 -0.4650138796976498 0.15926940580426185 0.2978712763507647 0 0 0
0.0015873015873015873 -0.11303670204605107 0.3800876267340306 0.08253236960055398 0 0 0
0.0015873015873015873 -0.1706212872235167 0.6458540386076339 0.08829544327140382 0 0 0
0.0015873015873015873 0.005402612591781615 0.2652285279354674 -0.5480893945635977 0 0 0
0.0015873015873015873 0.1697625295718689 -0.40575293738550555 -0.04155434081359322 0 0 0
0.0015873015873015873 -0.41191811633569125 -0.04517148532523968 0.09131653910913005 0 0 0
0.0015873015873015873 0.054534466754158434 -0.4166077160546623 0.009440390132518751 0 0 0
0.0015873015873015873 0.20259884763664784 0.0015864582660402137 -0.014009387873226014 0 0 0
0.0015873015873015873 0.5444757415662604 -0.20507864610415358 0.21240947158777687 0 0 0
0.0015873015873015873 -0.24543425059185103 0.29379232656175464 -0.306760341721992 0 0 0
0.0015873015873015873 0.46039526015701643 0.30334451791972594 0.11291404021191997 0 0 0
0.0015873015873015873 -0.3028775957878988 0.09779774431979008 0.018433577731191985 0 0 0
0.0015873015873015873 0.39495513246315755 -0.2066473066686231 0.05257326905348197 0 0 0
0.0015873015873015873 -0.28806611861937614 -0.275510591840899 0.22388249206765026 0 0 0
0.0015873015873015873 -0.24680517613945063 0.4340093044138486 -0.4525433284819143 0 0 0
0.0015873015873015873 -0.42705877469118575 0.1762348488431383 -0.44253426521301514 0 0 0
0.0015873015873015873 0.08452742156451372 0.5135353261171756 0.4294329707036422 0 0 0
0.0015873015873015873 -0.4732525398953703 0.3186527437085677 0.3590814996314519 0 0 0
0.0015873015873015873 0.6786745650425564 -0.039478201866576176 -0.03316290338701985 0 0 0
0.0015873015873015873 -0.05940833563076565 -0.21342463553241411 0.319157470158863 0 0 0
0.0015873015873015873 0.03153945063983932 -0.5025979655945172 0.3758177501790592 0 0 0
0.0015873015873015873 0.6171020767422872 0.25215636315223805 0.10380327286096551 0 0 0
0.0015873015873015873 -0.145694162183694 -0.3056586989885194 -0.5268321757034479 0 0 0
0.0015873015873015873 -0.20294734217560034 0.3416149456069834 -0.4217445671893438 0 0 0
0.0015873015873015873 -0.18763784521734775 -0.283126262455376 -0.06512796083441302 0 0 0
0.0015873015873015873 -0.08714936780194837 -0.297008578846745 0.3697161974456485 0 0 0
0.0015873015873015873 -0.12377556969126974 -0.3088311927727875 0.4599974834454405 0 0 0
0.0015873015873015873 0.3274135805387401 -0.49639875762938224 0.15398051642165153 0 0 0
0.0015873015873015873 -0.2596162046725149 0.48444504420386214 0.1656136902662438 0 0 0
0.0015873015873015873 -0.3880197930643626 -0.5672206690519632 0.06749922021434938 0 0 0
0.0015873015873015873 -0.33652970433654733 0.19377757952594152 -0.24756395110299356 0 0 0
0.0015873015873015873 0.08894892594075025 -0.18942321673474577 -0.4940617471964579 0 0 0
0.0015873015873015873 0.4653762142123203 0.10996458835180231 -0.1900529098698187 0 0 0
0.0015873015873015873 -0.4528784592652159 0.4181591676589098 -0.17182038848163692 0 0 0
0.0015873015873015873 0.4049777170795334 -0.08615094994473362 -0.3319671976986364 0 0 0
0.0015873015873015873 -0.5964433588737911 -0.19901860007570987 0.14788372379064565 0 0 0
0.0015873015873015873 0.15415447150748357 0.409682845647531 -0.29056759188023157 0 0 0
0.0015873015873015873 -0.03754296228253853 0.5076895488947669 0.0819594253033565 0 0 0
0.0015873015873015873 -0.3708975310961837 -0.13155508026282192 -0.5349452322694335 0 0 0
0.0015873015873015873 -0.41442665038862087 0.15736892342517994 0.34178557822130134 0 0 0
0.0015873015873015873 0.3770162044959049 0.3946043862392607 -0.10402870765944452 0 0 0
0.0015873015873015873 0.22431873408300806 0.549587149433032 0.1635037021532953 0 0 0
0.0015873015873015873 -0.3154033793566519 0.035690548664866276 -0.36467242216863527 0 0 0
0.0015873015873015873 0.07927386238631857 0.05393580392542059 0.5047882528869172 0 0 0
0.0015873015873015873 0.19044125687221394 0.1566644874445008 -0.056618712135921206 0 0 0
