670
0
0.0014925373134328358 0.0931674329958031 0.0064755587363170865 -0.615350632421495 0 0 0
0.0014925373134328358 0.5764843544591876 0.047520206342056115 -0.34107778410113715 0 0 0
0.0014925373134328358 -0.02162705095219772 -0.25487816512044503 0.0037641933005714704 0 0 0
0.0014925373134328358 0.2620607350297934 -0.32633886041111393 0.29336266541531064 0 0 0
0.0014925373134328358 -0.006215620216641947 0.6401248308338606 0.1365158007296914 0 0 0
0.0014925373134328358 0.12843420955646834 0.5993211312346146 -0.06658463370274305 0 0 0
0.0014925373134328358 0.5551437486377899 0.21328750847101718 -0.15729499566091698 0 0 0
0.0014925373134328358 0.19173093015308676 0.13319273203493337 -0.35118733285185744 0 0 0
0.0014925373134328358 -0.36536044514973015 -0.07306028966778642 0.49672262045089816 0 0 0
0.0014925373134328358 0.43233746180776444 -0.25457242871297386 -0.2653651742736266 0 0 0
0.0014925373134328358 0.31125069806657024 0.3838881787309839 0.27859559206368595 0 0 0
0.0014925373134328358 -0.0970356057452216 0.09893636031566579 0.0818623117633869 0 0 0
0.0014925373134328358 0.4988278036591259 -0.3021332413026389 -0.36853680693801794 0 0 0
0.0014925373134328358 0.2297232958783213 -0.16099751358568617 -0.05972079028212281 0 0 0
0.0014925373134328358 0.014521212960160984 0.2288263961771241 -0.05663420927943479 0 0 0
0.0014925373134328358 -0.4861060895110841 0.4211958885481483 0.1812993754682568 0 0 0
0.0014925373134328358 -0.3896445991350621 0.12384472841432122 -0.13214245071374187 0 0 0
0.0014925373134328358 0.47522692614088724 -0.2705130118737848 -0.195917549656189 0 0 0
0.0014925373134328358 0.15190433955901678 0.19599491315530618 0.48311736728785676 0 0 0
0.0014925373134328358 0.3550603031064928 0.14405682635958392 -0.4254654285316091 0 0 0
0.0014925373134328358 0.3663679163369593 0.26411264080076147 -0.29773942254307856 0 0 0
0.0014925373134328358 0.1932575654309241 -0.5758752657673608 -0.1482237764270196 0 0 0
0.0014925373134328358 0.26302752851129085 -0.4929750177340129 -0.11983915707996919 0 0 0
0.0014925373134328358 -0.1952262554454964 0.4642556523750538 -0.280434383608224 0 0 0
0.0014925373134328358 0.24358708591518524 0.5114719998662564 0.26783020657603923 0 0 0
0.0014925373134328358 0.310580304427553 0.2742011196443807 -0.09625238269130926 0 0 0
0.0014925373134328358 -0.03348715199125828 0.15635378632330585 -0.06899699857417226 0 0 0
0.0014925373134328358 0.09063980614461908 0.3920205803527027 0.1698620254413504 0 0 0
0.0014925373134328358 -0.37999818097151117 0.2609863515863501 0.15344751599873252 0 0 0
0.0014925373134328358 -0.12444100832808236 -0.3621858366322331 -0.424278489236127 0 0 0
0.0014925373134328358 -0.0738206777160545 -0.12784266070657777 0.24861305609391277 0 0 0
0.0014925373134328358 0.2542266554620625 0.030850294804842002 -0.31145444242820025 0 0 0
0.0014925373134328358 -0.14093245329680296 -0.46292927310660387 -0.4685390532211381 0 0 0
0.0014925373134328358 -0.02144819833702697 0.37692579408563653 -0.15629874042134836 0 0 0
0.0014925373134328358 -0.41910351781805805 0.3099935002523952 -0.24317972079072125 0 0 0
0.0014925373134328358 -0.43152473106543987 0.30499454172673 -0.07052802979073208 0 0 0
0.0014925373134328358 -0.35864974111227443 -0.2736955102041816 0.20707707051553811 0 0 0
0.0014925373134328358 0.3673072921817989 -0.2599804640917507 -0.2824360607461611 0 0 0
0.0014925373134328358 0.04549158036344939 0.3172558688740118 0.46966546739150605 0 0 0
0.0014925373134328358 -0.030867903421058066 -0.3912655903528869 0.3495934385445363 0 0 0
0.0014925373134328358 0.4036092546435898 0.16563244559196721 -0.18993151186478144 0 0 0
0.0014925373134328358 0.3037312113100209 -0.39496866230139704 -0.21859390046717156 0 0 0
0.0014925373134328358 -0.33587658120092434 -0.11437384477816646 0.27429045890149834 0 0 0
0.0014925373134328358 0.3459915036283943 -0.29736234507527265 0.22799454828281626 0 0 0
0.0014925373134328358 0.005478273276160585 -0.34715722048357467 -0.1597398569149622 0 0 0
0.0014925373134328358 0.4583724066362153 -0.11423904743305215 -0.14862075755588913 0 0 0
0.0014925373134328358 0.2972665389091358 0.52444458189299 0.14061739701878356 0 0 0
0.0014925373134328358 0.3276357305781068 -0.17424888876522776 0.3633356442376876 0 0 0
0.0014925373134328358 0.2646421856572393 -0.3142914983471342 -0.03365330123346092 0 0 0
0.0014925373134328358 -0.3964325344304865 0.1807958029083696 0.057725808353631225 0 0 0
0.0014925373134328358 0.40195950235593125 -0.019623675635787003 0.30918674985037414 0 0 0
0.0014925373134328358 -0.27061775571431207 -0.22075609549077943 0.3817274642803101 0 0 0
0.0014925373134328358 0.4530571186689779 0.11472960965649603 0.16919321970725748 0 0 0
0.0014925373134328358 0.31348992762054206 -0.3789555196629044 -0.36710378104849173 0 0 0
0.0014925373134328358 0.18358909929702397 0.3000800599772404 -0.4291525183612761 0 0 0
0.0014925373134328358 0.1128835486653668 -0.022660758699599864 0.20830096897497447 0 0 0
0.0014925373134328358 -0.05362692113616387 0.04597079157429492 0.6155924333374437 0 0 0
0.0014925373134328358 0.1809488638676718 0.5328986111671022 -0.07102664860182419 0 0 0
0.0014925373134328358 -0.10263267991429918 0.03798858850899632 0.6001316274488878 0 0 0
0.0014925373134328358 -0.46716629934152126 0.1441594581808246 -0.18281133297864033 0 0 0
0.0014925373134328358 0.5506248205627711 0.22081587440425457 -0.2943972168685043 0 0 0
0.0014925373134328358 -0.4431455187288612 -0.46739693615158123 -0.06040112139177243 0 0 0
0.0014925373134328358 -0.06267879271912469 -0.18934819042076825 -0.6611945454447112 0 0 0
0.0014925373134328358 0.26985723972511794 -0.5312115726915227 -0.24510081518375537 0 0 0
0.0014925373134328358 -0.0633127907528338 -0.23410399846517327 0.03898689678790397 0 0 0
0.0014925373134328358 -0.2739170808035257 -0.5937728052912303 -0.11184159451055957 0 0 0
0.0014925373134328358 -0.38014728733522796 0.4224184167411382 0.25907933912073183 0 0 0
0.0014925373134328358 -0.24891847016366156 0.5810749956289544 0.23352230109751984 0 0 0
0.0014925373134328358 -0.024163654233214153 0.5970866593345078 -0.09781752020992275 0 0 0
0.0014925373134328358 0.030466002843125367 0.1955168217946395 0.07936422436620277 0 0 0
0.0014925373134328358 -0.41127099690040564 0.4528966298625657 -0.04040294913166269 0 0 0
0.0014925373134328358 -0.16999343542929318 0.5785029582993481 0.023015592893525737 0 0 0
0.0014925373134328358 -0.5913285483910246 -0.12927724186062853 -0.16611733050719316 0 0 0
0.0014925373134328358 -0.18501339490617047 -0.03811299955910041 -0.35177842727768094 0 0 0
0.0014925373134328358 0.10428857665767545 -0.04850918514219402 -0.18172479181529053 0 0 0
0.0014925373134328358 0.0022138553027521227 -0.006750838438066238 0.34910328396546025 0 0 0
0.0014925373134328358 -0.4588585755645501 -0.19970578263816674 -0.1912538059283011 0 0 0
0.0014925373134328358 -0.1906696638034769 -0.44184503026434924 -0.27375763547528553 0 0 0
0.0014925373134328358 -0.5668035993051277 -0.3468750796546605 -0.04965831526448602 0 0 0
0.0014925373134328358 0.23474138595045707 -0.1493815083893783 0.5412950151564466 0 0 0
0.0014925373134328358 -0.5415733104581851 0.01063926426580144 0.05787877511258457 0 0 0
0.0014925373134328358 -0.20193132186386129 -0.10777928744979014 0.015101934627101117 0 0 0
0.0014925373134328358 0.253198548269731 -0.24521323718598267 0.3194336621393801 0 0 0
0.0014925373134328358 -0.20010744208435027 -0.5809811530018082 0.08828620663542686 0 0 0
0.0014925373134328358 0.3086151760300916 -0.32268126974490063 -0.45880011439152013 0 0 0
0.0014925373134328358 0.20251088580208257 0.08819169619356478 -0.3907778084818389 0 0 0
0.0014925373134328358 0.391917823640913 0.2423411352090768 -0.5119878953003891 0 0 0
0.0014925373134328358 -0.3224193603846859 0.47715482714351803 0.18618842088651102 0 0 0
0.0014925373134328358 0.1380463675971086 0.24241029441358122 0.39718690599743367 0 0 0
0.0014925373134328358 -0.1838096289272919 0.047894451264423384 -0.0645661488988594 0 0 0
0.0014925373134328358 -0.2297601608117443 0.003042673757362548 0.22312709315690962 0 0 0
0.0014925373134328358 -0.39411568697302635 0.03148583760450712 0.021565557800124317 0 0 0
0.0014925373134328358 -0.0921424127160606 -0.16422225708410385 0.42057245153726325 0 0 0
0.0014925373134328358 0.11814290089177047 -0.08719056952564046 -0.2372480233863235 0 0 0
0.0014925373134328358 0.14264880973724087 -0.6227016307476549 -0.15739951114880443 0 0 0
0.0014925373134328358 0.016288781934393672 0.18633243895613405 -0.13586420105365715 0 0 0
0.0014925373134328358 0.1431099409985656 -0.32042706622133116 0.06926879446218025 0 0 0
0.0014925373134328358 0.08161474749061005 0.646761574985037 0.10191270508466496 0 0 0
0.0014925373134328358 -0.08486244243097 -0.49607544947451665 -0.4280569282926218 0 0 0
0.0014925373134328358 0.27113111734589185 -0.13399817812073223 -0.49548900253846734 0 0 0
0.0014925373134328358 -0.25902070106018243 -0.21093224279319214 -0.4430992499030989 0 0 0
0.0014925373134328358 0.5391691923066454 -0.2020804973820022 0.18784224497207452 0 0 0
0.0014925373134328358 -0.22421654317853096 0.6229917429590177 0.14663796049457756 0 0 0
0.0014925373134328358 0.26174601093791966 0.5553409429659236 -0.06682051374594923 0 0 0
0.0014925373134328358 -0.2551399993972767 0.1449353089860417 -0.34445696992018865 0 0 0
0.0014925373134328358 -0.026847514961494078 0.11900924617372058 0.4966685936481825 0 0 0
0.0014925373134328358 -0.016610829650729683 0.22449139505625038 -0.5099113697034136 0 0 0
0.0014925373134328358 -0.3766011424864065 0.14294166544342884 0.3539978871321564 0 0 0
0.0014925373134328358 -0.17854903944456063 0.4198351803426318 -0.46234518875196773 0 0 0
0.0014925373134328358 0.41521170870749463 0.4245041503594378 -0.30741885339131275 0 0 0
0.0014925373134328358 0.2562759355813247 -0.1942876072268628 0.06425976548309054 0 0 0
0.0014925373134328358 0.33852025798853813 -0.25562640994229024 -0.25171348537427307 0 0 0
0.0014925373134328358 0.25204599343961354 0.6231639887344679 -0.13335546835644305 0 0 0
0.0014925373134328358 -0.43378866975963987 0.23386083676189998 0.1798096052076121 0 0 0
0.0014925373134328358 -0.5953310799792552 -0.07137501186451478 -0.096515759201897 0 0 0
0.0014925373134328358 0.38167780424092157 0.24288024131065342 -0.32739620420564775 0 0 0
0.0014925373134328358 0.2636202908704763 -0.5803704979025074 -0.02420058294199118 0 0 0
0.0014925373134328358 0.24069527469347388 0.46455671835373175 -0.05110054281532099 0 0 0
0.0014925373134328358 -0.15871177037804274 0.16956808572993168 0.5847727739702532 0 0 0
0.0014925373134328358 0.235281224859971 0.40911108671404467 0.2698809040719586 0 0 0
0.0014925373134328358 0.3035014596384669 0.14315787467979588 -0.2852214272294351 0 0 0
0.0014925373134328358 0.2072369242760935 -0.24432473405915375 0.045194438198028056 0 0 0
0.0014925373134328358 -0.4490297967789195 0.24895024904466717 0.4622830585919039 0 0 0
0.0014925373134328358 -0.39003288703740696 -0.040694214514276766 -0.0888422697847788 0 0 0
0.0014925373134328358 0.26235352909300064 -0.2889282044970264 -0.32632063179958326 0 0 0
0.0014925373134328358 0.2938712435408949 -0.025785577801231016 0.1711552865562904 0 0 0
0.0014925373134328358 0.30039638860326 -0.1327890379462769 -0.19250863688364117 0 0 0
0.0014925373134328358 0.37183160239074814 -0.4456101352150536 -0.2145657104730687 0 0 0
0.0014925373134328358 -0.07637039444916613 -0.48621136404112336 0.14556902180783587 0 0 0
0.0014925373134328358 -0.1980064431160473 -0.012467747000350193 -0.12203312975825727 0 0 0
0.0014925373134328358 -0.4099051656430309 0.0017726755390863299 -0.24905564800192348 0 0 0
0.0014925373134328358 -0.3952017472245506 -0.1123025071786952 0.49046095065649997 0 0 0
0.0014925373134328358 -0.14368397392852844 -0.10576920410554425 -0.42163154323465035 0 0 0
0.0014925373134328358 0.16256779972308746 0.2644427661678448 0.09213852593817155 0 0 0
0.0014925373134328358 -0.29249626900771836 -0.07274562906220748 -0.23909893117615108 0 0 0
0.0014925373134328358 -0.3542451958815528 -0.538912936586896 -0.17589530174934478 0 0 0
0.0014925373134328358 0.08051805772899127 -0.4190549110720945 -0.33038949093791903 0 0 0
0.0014925373134328358 -0.18973788306717013 0.3330864626675149 0.17022281738669848 0 0 0
0.0014925373134328358 0.11620052855135725 0.05289075451650795 -0.07194841978996849 0 0 0
0.0014925373134328358 0.15844803114909112 -0.3572860668572304 -0.19916257155903777 0 0 0
0.0014925373134328358 -0.19450832831685 -0.00919148338123447 0.6339690442758191 0 0 0
0.0014925373134328358 -0.09873777687830612 -0.19048110908053115 0.14250013091733027 0 0 0
0.0014925373134328358 -0.23723151343781815 0.17060570046003262 -0.2589577356751912 0 0 0
0.0014925373134328358 -0.22577818333636848 0.3605908964412618 0.33311328685022545 0 0 0
0.0014925373134328358 0.2984957775675063 0.018155358562667916 -0.06174584566639288 0 0 0
0.0014925373134328358 0.4477284273231739 -0.003069155339005136 0.3840114565660587 0 0 0
0.0014925373134328358 0.47445952933453006 -0.05750191236855064 0.3992230086605001 0 0 0
0.0014925373134328358 0.30344380306179564 -0.15966882029142485 0.11867251914339569 0 0 0
0.0014925373134328358 0.4012965301122534 -0.5212538689433108 0.054379950589994244 0 0 0
0.0014925373134328358 0.033066443504113266 0.17310000118124053 0.5427207962669538 0 0 0
0.0014925373134328358 -0.046657913099928554 -0.33004173376584955 -0.33430046100011007 0 0 0
0.0014925373134328358 -0.0767548630087984 0.1665557771707222 -0.24876402995069066 0 0 0
0.0014925373134328358 -0.45360850074494025 0.14228791158401577 0.4108969390544644 0 0 0
0.0014925373134328358 -0.3356923701723757 -0.5137592938576724 0.30523272880292585 0 0 0
0.0014925373134328358 0.26612646617387925 -0.22614947648298692 0.4363283249685985 0 0 0
0.0014925373134328358 0.45748136191244193 0.01199874218794058 0.3271552849006272 0 0 0
0.0014925373134328358 -0.36476189013561994 -0.44875186059397176 0.16033853711319673 0 0 0
0.0014925373134328358 -0.14726981646219006 0.396649554989915 0.15045319397843468 0 0 0
0.0014925373134328358 -0.08006350815905561 -0.6079576832275411 -0.11084594767126274 0 0 0
0.0014925373134328358 -0.18679653730918186 0.3558609267145357 -0.3282918519842832 0 0 0
0.0014925373134328358 -0.4623215804905735 0.1306259196739137 -0.02447118966635065 0 0 0
0.0014925373134328358 0.07205129598746976 -0.2965282707370043 -0.5359869169146655 0 0 0
0.0014925373134328358 -0.039600782165316234 0.44792752730798413 -0.32980174917763283 0 0 0
0.0014925373134328358 -0.02735111559101341 0.12810700907293507 0.5369884975216822 0 0 0
0.0014925373134328358 -0.44689547514013844 -0.3756896495889245 -0.17490796686462787 0 0 0
0.0014925373134328358 0.5381127970335681 -0.09129591654825565 0.3605744004741308 0 0 0
0.0014925373134328358 0.47093165905282147 0.16301424766180947 0.4776262383740635 0 0 0
0.0014925373134328358 -0.2260759152528958 0.43361812663098115 0.02538837594302915 0 0 0
0.0014925373134328358 0.5887992169961886 -0.11422926836215253 0.10656618025978433 0 0 0
0.0014925373134328358 0.23725024102442868 0.026177316428009703 -0.1174921537988912 0 0 0
0.0014925373134328358 0.5517063738641662 -0.34548314762346194 0.18957171479869275 0 0 0
0.0014925373134328358 0.13378143101494772 0.057955615503297794 0.05928130845683558 0 0 0
0.0014925373134328358 0.09738204977824129 -0.5040980892948292 0.2647396660827107 0 0 0
0.0014925373134328358 -0.20696162284504724 0.29403660048545 -0.4938738481162273 0 0 0
0.0014925373134328358 -0.28804099568491126 -0.5534260099423676 -0.2940342111304741 0 0 0
0.0014925373134328358 0.09443718362036096 -0.017803598587654942 -0.5680457708788909 0 0 0
0.0014925373134328358 -0.6549542799044769 -0.20880022620766872 0.059220848916117584 0 0 0
0.0014925373134328358 0.448063157732841 -0.07902915400453076 -0.485361725654916 0 0 0
0.0014925373134328358 0.013858579764663594 0.1037827216310213 -0.20738678400195257 0 0 0
0.0014925373134328358 0.0032027152338997217 0.20000451172185194 0.02112303162325645 0 0 0
0.0014925373134328358 -0.27942295967355874 -0.12285553272356939 0.3011112642900376 0 0 0
0.0014925373134328358 -0.3420881529975822 0.5679600903348224 0.1898824696437686 0 0 0
0.0014925373134328358 -0.4622215014306035 -0.08306997898482806 -0.05130272150728683 0 0 0
0.0014925373134328358 -0.09711976813854685 -0.23946123316982487 0.5194171094021014 0 0 0
0.0014925373134328358 -0.3486182214193791 -0.11076947537481187 0.2619668875549752 0 0 0
0.0014925373134328358 0.09038846874626505 0.527833204483293 -0.34944334327744 0 0 0
0.0014925373134328358 0.0681440952274761 -0.5077520016774338 0.3672883477721041 0 0 0
0.0014925373134328358 0.35153529737663847 0.245905269700337 -0.24102859270591195 0 0 0
0.0014925373134328358 -0.1111191551034833 -0.11753118370962284 -0.341914888241632 0 0 0
0.0014925373134328358 0.5903216371642612 0.004704344190665355 0.20508478911803762 0 0 0
0.0014925373134328358 -0.012862929543106527 0.1070188439812597 0.33932777683645005 0 0 0
0.0014925373134328358 0.3318002028561438 0.234183556070687 -0.5110938176399186 0 0 0
0.0014925373134328358 0.221674873473241 -0.03679341727059601 0.25736572419353415 0 0 0
0.0014925373134328358 0.2500038838554342 0.02394175455469005 -0.3829033729531465 0 0 0
0.0014925373134328358 0.16607252026160801 -0.22341893889943668 0.14448840259016738 0 0 0
0.0014925373134328358 -0.21812534006558856 -0.26570708400752585 -0.405747778780134 0 0 0
0.0014925373134328358 -0.021990398939704284 -0.508010234905385 0.40779313770317843 0 0 0
0.0014925373134328358 -0.1736074425130715 0.5276497407295474 -0.05907031631939282 0 0 0
0.0014925373134328358 0.2566367281124586 0.3189383956074883 -0.25967834505749815 0 0 0
0.0014925373134328358 -0.17583125617702472 0.23344331095520524 -0.6161316638190104 0 0 0
0.0014925373134328358 -0.2883565162125656 0.20169313368277234 -0.08900203741848553 0 0 0
0.0014925373134328358 -0.030126413125542317 -0.30605210423687496 0.14636229638152662 0 0 0
0.0014925373134328358 0.07317041796151351 -0.18519706934180558 -0.6402534350772543 0 0 0
0.0014925373134328358 -0.026532267515728097 0.230680859350374 -0.6407998381134021 0 0 0
0.0014925373134328358 0.15514628556361226 -0.3506826895748558 -0.14540931319924852 0 0 0
0.0014925373134328358 -0.388705223426033 -0.3143932983160704 -0.25345330882679096 0 0 0
0.0014925373134328358 0.32504905564359027 0.19191467360517514 0.27061506331176577 0 0 0
0.0014925373134328358 -0.28549474478542597 0.24593625181205034 0.3874756553222187 0 0 0
0.0014925373134328358 0.07546166166145754 -0.45888185014043725 -0.04203796772106917 0 0 0
0.0014925373134328358 0.4822797057450074 0.3483332056912097 -0.08381888777449051 0 0 0
0.0014925373134328358 0.15837080870967452 -0.20850503618513136 -0.4352244551521462 0 0 0
0.0014925373134328358 0.06233633339654136 -0.3873300048213189 -0.26665081807875335 0 0 0
0.0014925373134328358 -0.10324866139703774 0.10215703118986376 0.5990793531848422 0 0 0
0.0014925373134328358 -0.4353270286262939 -0.3666774878874709 0.12012035649368291 0 0 0
0.0014925373134328358 -0.17093442640148604 -0.20914138134028476 0.5584553846979344 0 0 0
0.0014925373134328358 0.23462197533674486 0.21083269136610328 -0.3935208306785902 0 0 0
0.0014925373134328358 -0.1298085732820414 -0.47854378029605504 0.06301391031482863 0 0 0
0.0014925373134328358 -0.09233996164561732 -0.15628167322443778 0.4137273936340546 0 0 0
0.0014925373134328358 -0.27698960745446727 -0.17200395070628155 0.5909421134005305 0 0 0
0.0014925373134328358 0.34249380515219086 -0.040507738923477275 0.2839617144993806 0 0 0
0.0014925373134328358 -0.5495858653519333 -0.25796064325253537 0.1669819970621573 0 0 0
0.0014925373134328358 -0.2090802842663691 -0.16145128605789283 -0.6317841921326914 0 0 0
0.0014925373134328358 -0.046023917109428575 -0.18680199737233708 0.32390333309048513 0 0 0
0.0014925373134328358 -0.25579574800475635 -0.16141905498848233 0.10159822411596067 0 0 0
0.0014925373134328358 0.29750172066948355 0.2086117158874474 -0.5604827050434797 0 0 0
0.0014925373134328358 0.2812437558099078 -0.5128018065888101 0.07748477169163612 0 0 0
0.0014925373134328358 0.14655775850858083 -0.5242455943286903 -0.04038459578405143 0 0 0
0.0014925373134328358 0.07562421720845956 0.6775382341762505 -0.10881944532200202 0 0 0
0.0014925373134328358 -0.3164114765636086 -0.06544808642209408 -0.08435601019458887 0 0 0
0.0014925373134328358 -0.07248342438006404 0.1840628634452866 -0.2990481829342865 0 0 0
0.0014925373134328358 -0.02723423894533512 0.2718220100066039 0.2586124281610297 0 0 0
0.0014925373134328358 -0.14310339715618728 -0.02482361939255517 -0.4741939788315559 0 0 0
0.0014925373134328358 -0.1384295578658664 -0.29240127454723785 0.017539040635925623 0 0 0
0.0014925373134328358 -0.2913389108558307 0.5837765902858248 0.1396803043767889 0 0 0
0.0014925373134328358 0.4126409121789084 -0.09393706218922926 0.3481964350768094 0 0 0
0.0014925373134328358 0.06120217738233167 -0.32926777358031345 -0.0860236331019493 0 0 0
0.0014925373134328358 -0.09734237794921209 0.4357222784735926 -0.09473114382592839 0 0 0
0.0014925373134328358 -0.032244068096682954 -0.34994283112794916 0.1105065218765474 0 0 0
0.0014925373134328358 0.23073344634435675 -0.4064967711070731 0.33724379433889545 0 0 0
0.0014925373134328358 -0.002828323069637051 0.5001892682200528 -0.010865995081715584 0 0 0
0.0014925373134328358 -0.06003289405426658 -0.3700672952544949 -0.0928617296495877 0 0 0
0.0014925373134328358 -0.21528527812956547 -0.35191098344779087 0.5213909701150605 0 0 0
0.0014925373134328358 0.029811457852611602 -0.2576907660453376 -0.43770362243810146 0 0 0
0.0014925373134328358 -0.16710561678115046 0.04303861345618951 -0.33185461121129417 0 0 0
0.0014925373134328358 0.30847676255821976 0.22588069839857108 -0.4382681608996279 0 0 0
0.0014925373134328358 0.06517979604162102 0.3150375605905248 0.3592306204381037 0 0 0
0.0014925373134328358 0.41243389132778907 -0.08080270559213032 -0.5478498184603664 0 0 0
0.0014925373134328358 0.3600339381308274 0.3492897978631587 -0.09770490820433399 0 0 0
0.0014925373134328358 -0.19899154420120005 0.26143304086711383 -0.4318530302750485 0 0 0
0.0014925373134328358 -0.2482886538641007 -0.07749137473158972 0.23242193033321462 0 0 0
0.0014925373134328358 0.03509288435582947 -0.64996584841686 -0.03720177431509904 0 0 0
0.0014925373134328358 0.29500824953090654 0.1955948527089714 0.3779612595911239 0 0 0
0.0014925373134328358 0.24646440071847628 -0.02671550593529255 0.4796821597873623 0 0 0
0.0014925373134328358 -0.15266464527755974 -0.28241549385315484 0.33032857857125925 0 0 0
0.0014925373134328358 -0.011640626139300813 -0.2839656373366144 -0.16965866904463486 0 0 0
0.0014925373134328358 -0.31676990074479683 0.29715638413153034 0.30146327071650403 0 0 0
0.0014925373134328358 -0.20689700822190685 0.3697331008213532 -0.3759870121142319 0 0 0
0.0014925373134328358 0.4907517802683147 0.2180514893383908 0.09401721997420792 0 0 0
0.0014925373134328358 -0.05389352502526538 0.4399041106987047 0.46972488846783655 0 0 0
0.0014925373134328358 -0.5314416924726025 0.17282041955613098 -0.17124514265762322 0 0 0
0.0014925373134328358 -0.5436185841949495 -0.4076975189632912 0.041690825390494526 0 0 0
0.0014925373134328358 -0.015353601969629883 -0.6402337271377035 0.22632777571197774 0 0 0
0.0014925373134328358 0.27758516688889534 0.3169084950889677 -0.09864730383040965 0 0 0
0.0014925373134328358 0.3661521688706386 0.3269929622959016 -0.4215336751603468 0 0 0
0.0014925373134328358 0.4816778229170811 -0.16239755187500118 0.41990643914621445 0 0 0
0.0014925373134328358 -0.25289245510669794 -0.05639238530476629 -0.37061435513771424 0 0 0
0.0014925373134328358 0.269023438069339 0.5808460702456374 -0.19358056151990788 0 0 0
0.0014925373134328358 0.40585476633182593 -0.15085225089929 -0.1626571569548328 0 0 0
0.0014925373134328358 0.048200316261108246 -0.0687739386161953 0.20866740524149152 0 0 0
0.0014925373134328358 0.18379454383525665 -0.48818853050336264 -0.07922311918202195 0 0 0
0.0014925373134328358 0.5506789497795553 -0.23684164910889888 -0.1469288638713797 0 0 0
0.0014925373134328358 -0.33398151212251553 0.4017314815916299 0.33277192948385775 0 0 0
0.0014925373134328358 -0.49796784232277186 -0.1379483651322504 0.016924534792131178 0 0 0
0.0014925373134328358 0.16417519473068248 -0.46745029503377006 0.30457134974144384 0 0 0
0.0014925373134328358 -0.11231582891645253 0.37775419245396763 0.07203645273363068 0 0 0
0.0014925373134328358 0.43103849398340344 -0.2565146314443195 -0.3716313415825623 0 0 0
0.0014925373134328358 0.08451929008107568 0.6435149589179839 0.2163142048449566 0 0 0
0.0014925373134328358 0.14716432288803838 0.21618004719544104 -0.3466018330608195 0 0 0
0.0014925373134328358 -0.1961181578379332 0.5864099026990357 0.11778505852689652 0 0 0
0.0014925373134328358 0.39988018701735695 -0.1237308537031121 -0.2467374193313761 0 0 0
0.0014925373134328358 -0.6469287440057526 -0.02147878483344429 0.12573287408837172 0 0 0
0.0014925373134328358 0.1509703060530699 -0.03046870378309133 0.34917609857027326 0 0 0
0.0014925373134328358 0.2852951077698191 0.09334515297038747 0.4658438229762726 0 0 0
0.0014925373134328358 0.0838483227860435 -0.17403147782130152 0.09453438633896878 0 0 0
0.0014925373134328358 0.18747293931861744 -0.10542141457908104 0.09917469458739553 0 0 0
0.0014925373134328358 -0.07243088195796883 0.35549249736877997 0.4204318218173513 0 0 0
0.0014925373134328358 -0.36662179965070224 0.442808010820154 -0.0037987690244703316 0 0 0
0.0014925373134328358 -0.21727582687045566 -0.21794064821652598 0.3335961793048881 0 0 0
0.0014925373134328358 0.5328399191100622 -0.06040217022032625 0.180729829883815 0 0 0
0.0014925373134328358 -0.16688090577353323 -0.3294177426386253 0.3711993871809549 0 0 0
0.0014925373134328358 0.365758150346807 -0.19753684703143382 0.22510059909610267 0 0 0
0.0014925373134328358 0.22657137095726151 0.04551436875239213 0.08562230291259035 0 0 0
0.0014925373134328358 -0.052581857974668814 -0.2869792288122739 0.1713421623978712 0 0 0
0.0014925373134328358 -0.5401701390865952 -0.025332251259592948 0.18262754665449685 0 0 0
0.0014925373134328358 0.4957521064226817 0.21670593159464413 0.007603069926368363 0 0 0
0.0014925373134328358 -0.02641426286938051 0.07941948867499635 -0.3526796277784644 0 0 0
0.0014925373134328358 0.35779318158395856 0.11705573248482978 0.2819170364152924 0 0 0
0.0014925373134328358 -0.5673199098705174 -0.3721101422564805 -0.07366692414995224 0 0 0
0.0014925373134328358 -0.2866410712752009 0.07105455809337918 0.1215429839043329 0 0 0
0.0014925373134328358 0.4158769998700578 -0.38598156386814375 -0.35784488030214523 0 0 0
0.0014925373134328358 0.40407112906030557 0.23945642690295998 0.08792700869925786 0 0 0
0.0014925373134328358 0.44076308504588024 -0.4896874964560031 -0.18321139916209545 0 0 0
0.0014925373134328358 0.5913234330572303 0.06718437875876564 -0.2958383081804023 0 0 0
0.0014925373134328358 0.3821014830925388 0.043567737554480145 -0.2978348190671538 0 0 0
0.0014925373134328358 -0.1907564502667429 -0.0469349612722824 0.16434480791849454 0 0 0
0.0014925373134328358 0.2582047653838341 0.06470121566316173 -0.4526748219734408 0 0 0
0.0014925373134328358 0.11281429489667764 0.17350047526601453 0.5602421229420232 0 0 0
0.0014925373134328358 0.3613620243644058 -0.1318800130635238 0.25700400301231474 0 0 0
0.0014925373134328358 0.11243756193402037 -0.317124944806603 0.35437601459230855 0 0 0
0.0014925373134328358 -0.18203332667723454 0.2737361925113931 -0.4174884715352994 0 0 0
0.0014925373134328358 0.2226175883469611 -0.5155466780202408 -0.17174846982136724 0 0 0
0.0014925373134328358 0.0768529067265182 -0.3953885442138207 -0.37621572692288113 0 0 0
0.0014925373134328358 -0.3653241440506971 -0.20560123173074646 -0.03587825468444351 0 0 0
0.0014925373134328358 0.03545345539530515 0.3498604829447329 0.31930545536354743 0 0 0
0.0014925373134328358 0.2450301186354161 -0.11649975551110062 0.6047112623606075 0 0 0
0.0014925373134328358 -0.289483495593139 -0.1759369212369532 -0.16213850304255084 0 0 0
0.0014925373134328358 0.05963950199485977 0.19079011050539385 0.1258013092939329 0 0 0
0.0014925373134328358 -0.20314027835976725 0.15584035646163047 -0.5995516095285192 0 0 0
0.0014925373134328358 0.01585245372845789 -0.609638706260369 0.10070699777285919 0 0 0
0.0014925373134328358 0.4247885924944492 -0.43411485882496925 0.036019248913048925 0 0 0
0.0014925373134328358 0.4604607606231005 0.0632244671757942 0.4505859155524462 0 0 0
0.0014925373134328358 -0.453243049057654 -0.13947401970366627 0.5000001855544192 0 0 0
0.0014925373134328358 0.1605780360155707 0.47823783639964185 0.23050906062110957 0 0 0
0.0014925373134328358 0.2650802343220135 -0.06560847205123838 0.04439010708168475 0 0 0
0.0014925373134328358 -0.43980419757457556 0.12109445718628883 0.08416224463824211 0 0 0
0.0014925373134328358 -0.33884416948115936 0.049622800789102584 -0.22250939461189284 0 0 0
0.0014925373134328358 -0.19387363730718785 -0.4562852917257882 -0.3355527093523431 0 0 0
0.0014925373134328358 0.5379086850339819 0.2048507554692578 -0.35959495471691016 0 0 0
0.0014925373134328358 0.27698883545436365 -0.38153634451166435 0.3354335181892525 0 0 0
0.0014925373134328358 0.07430603781474512 -0.4451267672853725 -0.16613305053463465 0 0 0
0.0014925373134328358 0.16150777613180115 0.5059397597921592 0.15151916938477256 0 0 0
0.0014925373134328358 -0.3722008918275345 0.32628995090862395 -0.16547526917600838 0 0 0
0.0014925373134328358 0.40444313511757035 0.4349894813582584 -0.05208173053928302 0 0 0
0.0014925373134328358 -0.3524339292361333 -0.06467842662821696 -0.15862751468439618 0 0 0
0.0014925373134328358 -0.015967356974635923 0.37354500647720595 0.011139785158947223 0 0 0
0.0014925373134328358 0.07396954039544687 -0.21530435542285678 0.47247888829004436 0 0 0
0.0014925373134328358 -0.6098096917321116 -0.27274319250849693 -0.09510963603081607 0 0 0
0.0014925373134328358 0.40246607153574576 -0.15085493083465246 -0.036394934411423614 0 0 0
0.0014925373134328358 0.48119317812038537 0.08943964817244678 0.3950948046637708 0 0 0
0.0014925373134328358 -0.03803574216157325 -0.44800149297551556 -0.17050138699407852 0 0 0
0.0014925373134328358 0.44046186082714944 -0.3128095101219796 -0.014882489804328993 0 0 0
0.0014925373134328358 0.276857411571821 -0.017676619876661175 -0.07460476133849095 0 0 0
0.0014925373134328358 0.22533362088270625 0.12358888202525913 -0.24283495853370704 0 0 0
0.0014925373134328358 0.30043192094887233 -0.4247889170907916 0.42014969190597923 0 0 0
0.0014925373134328358 0.034903251063390116 -0.4264984037867267 0.30374603504731745 0 0 0
0.0014925373134328358 0.3916211459011041 0.0029576346381820023 0.4628067459416468 0 0 0
0.0014925373134328358 0.5251979592144179 0.27698234010883843 -0.2712126542185296 0 0 0
0.0014925373134328358 -0.1062289222468367 -0.017495674346403128 0.010084423447365765 0 0 0
0.0014925373134328358 -0.14290205737926373 -0.3183309839938755 -0.1304328200421477 0 0 0
0.0014925373134328358 -0.5503988550255645 -0.003296904238110836 -0.142012181870842 0 0 0
0.0014925373134328358 0.5348113198885832 -0.13454609298705064 -0.20093710006150878 0 0 0
0.0014925373134328358 0.5174081034737188 -0.3072385127045509 -0.2796569479450065 0 0 0
0.0014925373134328358 -0.15515314731212856 -0.2380829004559615 0.2842953609843411 0 0 0
0.0014925373134328358 0.4670234053700188 0.39644760729388323 -0.09876436424623823 0 0 0
0.0014925373134328358 -0.24776002602580954 0.08548095379844659 -0.44039800488086034 0 0 0
0.0014925373134328358 -0.6119889126888312 -0.15380096501043455 0.2717312375318754 0 0 0
0.0014925373134328358 0.04296330699208894 0.31192502208822515 -0.07496121401307024 0 0 0
0.0014925373134328358 -0.16363447618868002 0.5908402241115854 -0.08766365467330273 0 0 0
0.0014925373134328358 -0.1195843161533965 0.3046402808344322 -0.42525479450283415 0 0 0
0.0014925373134328358 -0.049389736205169316 -0.01794781583106505 -0.24771529484156715 0 0 0
0.0014925373134328358 0.3391403008068425 -0.5889318411817077 -0.06080814541009184 0 0 0
0.0014925373134328358 0.19596234706453916 0.13062399782942333 0.14315733232402003 0 0 0
0.0014925373134328358 -0.06987282192444676 -0.06212464640674917 -0.20971819487682086 0 0 0
0.0014925373134328358 -0.5584576297443 -0.2972936565795562 0.1067201846579948 0 0 0
0.0014925373134328358 0.385316115489169 0.26774216710873916 0.08690932044341315 0 0 0
0.0014925373134328358 0.3481039574503956 0.38912202523849587 -0.2289103413658684 0 0 0
0.0014925373134328358 -0.31853073253065306 -0.19444837421053884 -0.2794084904189121 0 0 0
0.0014925373134328358 -0.3128149222681274 -0.17112899433201997 0.2987415968043997 0 0 0
0.0014925373134328358 0.24717567469468577 -0.12176425258278405 -0.007514492323240701 0 0 0
0.0014925373134328358 0.47320450379945134 -0.3917865146054929 0.27770095457500277 0 0 0
0.0014925373134328358 -0.15535022162125545 -0.3724325358779087 -0.04055350612046803 0 0 0
0.0014925373134328358 0.16593257352337068 0.09209938013075837 -0.5749153600358767 0 0 0
0.0014925373134328358 -0.3111372377084243 0.28223950382719 -0.05515852551147888 0 0 0
0.0014925373134328358 -0.48215574871181965 0.04860642502303197 -0.02485397930290904 0 0 0
0.0014925373134328358 -0.2074356540476565 0.2445425929043256 0.4610851011312267 0 0 0
0.0014925373134328358 -0.20385328576000103 -0.3161268006257544 -0.39354384043037943 0 0 0
0.0014925373134328358 0.19710303675507576 -0.1861777282510678 -0.5527477682485801 0 0 0
0.0014925373134328358 0.42353266098637093 -0.26432533959129917 -0.13167537673454 0 0 0
0.0014925373134328358 0.03149440766089984 -0.45358425477724096 -0.48618697945706807 0 0 0
0.0014925373134328358 -0.12647046322417563 0.2117465903852475 0.4948375161375333 0 0 0
0.0014925373134328358 0.46715047518916114 0.34344247492146995 -0.11639800005187059 0 0 0
0.0014925373134328358 -0.3104678930380988 0.5856822230265146 0.19347267363987133 0 0 0
0.0014925373134328358 -0.5327494049519116 -0.33130846194812164 -0.09218722352115222 0 0 0
0.0014925373134328358 0.1253496984054684 -0.3152855589761273 -0.4624528973308443 0 0 0
0.0014925373134328358 -0.3559721003817653 -0.3941741625531259 0.4242851351070711 0 0 0
0.0014925373134328358 -0.3312952382485478 -0.5148822509042663 0.007878179040458974 0 0 0
0.0014925373134328358 0.2606077000847871 0.20014616572619617 0.48478621754443346 0 0 0
0.0014925373134328358 0.05523694260610273 -0.20657604786376546 -0.5139515066352323 0 0 0
0.0014925373134328358 -0.3454182243413391 -0.12846057326226945 -0.23758423023102213 0 0 0
0.0014925373134328358 -0.30455609822133023 0.5748764063048963 -0.15406330305221325 0 0 0
0.0014925373134328358 -0.033741078857431585 0.23996786745434187 0.26462024798727346 0 0 0
0.0014925373134328358 0.4340797563689527 0.4513130348339665 0.21050287954390778 0 0 0
0.0014925373134328358 0.08567957617335223 0.20224744112212278 0.22000162316802527 0 0 0
0.0014925373134328358 -0.4133912348063912 0.4422345858773255 0.3047844176035293 0 0 0
0.0014925373134328358 0.5535792888153285 -0.14900617410148348 0.38046247417441775 0 0 0
0.0014925373134328358 0.5259202863912843 -0.09973917161832688 0.158677709927972 0 0 0
0.0014925373134328358 -0.42757070265510283 -0.19585757599296383 0.46411230871194376 0 0 0
0.0014925373134328358 0.3838422012752063 0.25846440794965625 -0.39436158662136844 0 0 0
0.0014925373134328358 0.17299695154836348 -0.5165742096696685 -0.3249676831017476 0 0 0
0.0014925373134328358 0.5321155100705622 0.18302638532187562 -0.17073625289239236 0 0 0
0.0014925373134328358 0.556790960784151 -0.06017197168477926 -0.12107131822641667 0 0 0
0.0014925373134328358 -0.03156932767611546 -0.3551741103943241 0.20941541552820836 0 0 0
0.0014925373134328358 0.30146041390855 -0.027540666628560712 -0.025727446476009976 0 0 0
0.0014925373134328358 -0.6540618961241094 0.10012914475525692 -0.17331863472297662 0 0 0
0.0014925373134328358 -0.2415632308116178 0.11083386952199734 0.03262206954452522 0 0 0
0.0014925373134328358 0.4508068640704496 -0.036076582696486094 0.36866985880161585 0 0 0
0.0014925373134328358 0.05841971910476518 0.002466374792496094 0.11745390809066164 0 0 0
0.0014925373134328358 0.21513157444500802 -0.04957998130443075 -0.3485526517683681 0 0 0
0.0014925373134328358 -0.03794291836309292 -0.008455049003120396 0.2648605722814233 0 0 0
0.0014925373134328358 0.3569223992848315 -0.19570710011879727 0.4191604046002461 0 0 0
0.0014925373134328358 0.2269037944890549 -0.36053993829139824 0.39427179608464646 0 0 0
0.0014925373134328358 -0.15571509954400015 0.24358599665563155 0.21643492783189497 0 0 0
0.0014925373134328358 -0.40692523367512945 0.3316754952900449 0.2403899479660335 0 0 0
0.0014925373134328358 0.3313904173101569 -0.3656986193135924 0.31919627166740183 0 0 0
0.0014925373134328358 0.3679693484578616 -0.40151488523222395 0.2993226885644964 0 0 0
0.0014925373134328358 0.15033088977717574 0.6422431136772732 0.0033595811326081466 0 0 0
0.0014925373134328358 0.04406379288723997 0.3129188515248722 0.6170650337729748 0 0 0
0.0014925373134328358 0.6425269668992867 0.12391362565694192 0.024491339708719372 0 0 0
0.0014925373134328358 -0.4320734526313687 -0.1659127357236419 0.04312490728559805 0 0 0
0.0014925373134328358 -0.13785672033938143 -0.10481859962508502 -0.6027618598541827 0 0 0
0.0014925373134328358 0.050196006968956916 0.017541201482115343 -0.5852773683181706 0 0 0
0.0014925373134328358 0.25988667085256995 0.16839440101384562 0.3906511078640762 0 0 0
0.0014925373134328358 -0.07815546805170218 -0.312936073362983 -0.4864692383558903 0 0 0
0.0014925373134328358 0.17083323843781453 -0.032450737911744944 0.11851595025700222 0 0 0
0.0014925373134328358 0.4184766780282856 -0.3257655035408169 -0.019585777676949436 0 0 0
0.0014925373134328358 -0.3197995653698704 0.20172864958389303 -0.2517111604755494 0 0 0
0.0014925373134328358 0.046649210948517775 0.3613793340094117 -0.49826907439086804 0 0 0
0.0014925373134328358 -0.3565300960760445 -0.010879017853026427 0.21921726902966485 0 0 0
0.0014925373134328358 0.3705456783238125 -0.43570820273058747 -0.23302524061629068 0 0 0
0.0014925373134328358 -0.21431606706474496 0.12372774436462199 0.264961708100143 0 0 0
0.0014925373134328358 0.2055942433538608 -0.5073407774972304 -0.13593851184673675 0 0 0
0.0014925373134328358 -0.5142195335297941 0.002826793285285549 0.37656601436701415 0 0 0
0.0014925373134328358 0.07139728213696227 -0.006333053689978866 -0.5472853578732854 0 0 0
0.0014925373134328358 -0.2746378614279703 -0.44079897590835354 -0.43246208927547203 0 0 0
0.0014925373134328358 -0.42128638375663646 -0.34002153881299274 0.10894410186459984 0 0 0
0.0014925373134328358 0.4662037240415035 -0.21173683114782824 0.3058720583571286 0 0 0
0.0014925373134328358 0.295923108169921 0.030801431870883158 -0.056589415709266316 0 0 0
0.0014925373134328358 0.028561165689178988 0.02819387811978298 -0.615532826465556 0 0 0
0.0014925373134328358 -0.3360086136942503 -0.32900086968032166 -0.0848465458224536 0 0 0
0.0014925373134328358 0.5125679740989938 0.1986379722514719 -0.11108373973390108 0 0 0
0.0014925373134328358 0.0768419603543229 0.04805691444685297 -0.5319094941937166 0 0 0
0.0014925373134328358 -0.2911718582986459 -0.0027903795587955606 -0.337023973555157 0 0 0
0.0014925373134328358 0.2171420312317049 0.15585045095968703 -0.04975274408417089 0 0 0
0.0014925373134328358 -0.09132105485692726 0.2033159371541638 -0.5203553707642258 0 0 0
0.0014925373134328358 0.16356577514305556 0.13718209545764748 0.043662337537540515 0 0 0
0.0014925373134328358 0.012242555428262256 0.2067629665020869 0.016172954859227737 0 0 0
0.0014925373134328358 -0.10329718355146258 0.0008513727734002532 0.3998459670870863 0 0 0
0.0014925373134328358 -0.2016356476909914 0.3844418845090713 -0.35532693786297065 0 0 0
0.0014925373134328358 -0.3793316970536758 -0.5166221120085213 0.13493370925175413 0 0 0
0.0014925373134328358 0.16183098364808834 -0.030812884077422758 0.04902154029465206 0 0 0
0.0014925373134328358 0.4211138968050861 -0.42775257684827406 -0.23279264048492332 0 0 0
0.0014925373134328358 0.2767437748167309 0.3518300657274985 -0.5100446527948512 0 0 0
0.0014925373134328358 0.2850783599403453 -0.42362573339402926 -0.4195098364627089 0 0 0
0.0014925373134328358 -0.3740189893893522 -0.1050005917180082 0.36631420346069826 0 0 0
0.0014925373134328358 0.28015333636021994 -0.1539739059892829 0.49770177648193825 0 0 0
0.0014925373134328358 -0.35834861003924856 0.05399878519519581 0.5177335344903156 0 0 0
0.0014925373134328358 0.4763872059753112 0.29824095947504853 -0.27402712504421217 0 0 0
0.0014925373134328358 -0.2593750848960819 -0.047447272950397794 0.42479773054013686 0 0 0
0.0014925373134328358 -0.3599352672672966 -0.26087863184591803 0.3105580689341136 0 0 0
0.0014925373134328358 -0.18386422722199647 0.34443765869811055 -0.35921250967001184 0 0 0
0.0014925373134328358 -0.43468723844156465 -0.3533668845651904 -0.06819995010412158 0 0 0
0.0014925373134328358 -0.31184438385333413 -0.04382833984486346 0.5258633442307086 0 0 0
0.0014925373134328358 -0.347952501306646 0.07858459852385155 0.18058489044308132 0 0 0
0.0014925373134328358 0.2796504976611395 -0.5389606654213616 -0.1175289393042574 0 0 0
0.0014925373134328358 0.09773968184459762 -0.02508955697949075 -0.20136652359288093 0 0 0
0.0014925373134328358 -0.18622066779107146 -0.009320814007280529 -0.41113530566821227 0 0 0
0.0014925373134328358 -0.23798899701275283 0.31411382888292533 0.026780194566925097 0 0 0
0.0014925373134328358 -0.14184625393496086 -0.14943336303732543 0.4688106258654559 0 0 0
0.0014925373134328358 0.11688622292163334 0.22859453623383744 -0.5892215792422243 0 0 0
0.0014925373134328358 0.5484714468427209 0.272492917248425 -0.2863790687510056 0 0 0
0.0014925373134328358 -0.20618083550353405 -0.33004279836134065 -0.04849621009210843 0 0 0
0.0014925373134328358 0.014162785102037952 -0.6362857076056081 -0.13873111817556524 0 0 0
0.0014925373134328358 0.13364269474402735 0.06099648329222688 0.5855136062796372 0 0 0
0.0014925373134328358 0.11268499862860795 -0.03647990475761689 0.38539239100869777 0 0 0
0.0014925373134328358 -0.6121424005624684 0.08147552637685584 -0.3071219953352001 0 0 0
0.0014925373134328358 0.16927507167216133 -0.5299123056956891 -0.16900872027037608 0 0 0
0.0014925373134328358 -0.18818046428823046 0.5103217656607482 -0.29610766521824 0 0 0
0.0014925373134328358 -0.4648733678736376 -0.36427542717307587 0.046367640608968995 0 0 0
0.0014925373134328358 -0.10176241450734869 -0.02940066412595052 0.5312808753168871 0 0 0
0.0014925373134328358 -0.3031965152098907 -0.02082877411664964 -0.4713143812865009 0 0 0
0.0014925373134328358 0.2707512144738619 0.10129864426704935 0.5053326983191697 0 0 0
0.0014925373134328358 -0.24277348962457818 0.20423243684835385 -0.09605132253745308 0 0 0
0.0014925373134328358 -0.0560346282243188 0.3623680772360343 -0.4783283065816373 0 0 0
0.0014925373134328358 -0.39468404600668194 0.005904473728323295 -0.11882457977255224 0 0 0
0.0014925373134328358 0.0013205533459584807 0.17713427283169975 0.6595884675460388 0 0 0
0.0014925373134328358 -0.046589506842798195 0.03888928360136508 0.26483649910261964 0 0 0
0.0014925373134328358 0.41332363463008603 -0.44900966453548635 -0.3237372623194224 0 0 0
0.0014925373134328358 0.22530431065436998 0.3812772347397331 0.009308689516035683 0 0 0
0.0014925373134328358 -0.166231372045082 0.13075227926095892 -0.11675945559249266 0 0 0
0.0014925373134328358 0.3425429687338377 0.17518185397228891 -0.3468508579632066 0 0 0
0.0014925373134328358 -0.4670046152449302 0.28304900453888954 -0.35967088235345285 0 0 0
0.0014925373134328358 -0.11606904514889149 0.6204253818490727 -0.1470150177273287 0 0 0
0.0014925373134328358 -0.033701326442110546 -0.664015178361646 0.17878352044822338 0 0 0
0.0014925373134328358 0.053945912964882825 0.32093168696579094 -0.5654983046188069 0 0 0
0.0014925373134328358 0.0722756955382835 -0.17127975108386093 -0.14080981500240974 0 0 0
0.0014925373134328358 0.3072768958843569 0.04232065113589873 0.44841921609366003 0 0 0
0.0014925373134328358 -0.1396563983973913 -0.00234313155526141 0.34791541091391864 0 0 0
0.0014925373134328358 0.627023021100552 -0.11307891536904746 0.08513227339389855 0 0 0
0.0014925373134328358 0.11620298280129765 0.15572356560534095 0.2421605734146133 0 0 0
0.0014925373134328358 0.24244165571595994 0.23442054954312078 -0.04730591689552086 0 0 0
0.0014925373134328358 -0.06255462458223485 0.5025896198845073 0.12113050206248009 0 0 0
0.0014925373134328358 -0.22033391204938235 -0.2787563877474291 0.34646997651135936 0 0 0
0.0014925373134328358 -0.32932554435005756 0.577960428865188 0.18808532872359196 0 0 0
0.0014925373134328358 0.11772490236094799 -0.5035990868179335 -0.16668078809573908 0 0 0
0.0014925373134328358 0.5062275231083844 0.15249271333120398 0.25355778214658337 0 0 0
0.0014925373134328358 0.2042563071977454 0.3668103524400667 -0.4151380539905936 0 0 0
0.0014925373134328358 0.22333530517689995 -0.13951228862753073 -0.1182762371680239 0 0 0
0.0014925373134328358 0.43286105945623055 -0.056447901244314626 -0.32007142222338425 0 0 0
0.0014925373134328358 -0.06262681131391155 -0.09791408774303129 -0.40951405892808956 0 0 0
0.0014925373134328358 0.10648190787378926 -0.16393895602575181 0.543566482262442 0 0 0
0.0014925373134328358 0.2160327205733364 -0.010080687063201803 0.07040439065226302 0 0 0
0.0014925373134328358 -0.07795796033499915 0.1911300937650818 0.1975040180384237 0 0 0
0.0014925373134328358 -0.4253912772090227 -0.11448693749589357 0.2051085177393633 0 0 0
0.0014925373134328358 0.5519826965890824 -0.24077809410971923 0.15798654937413864 0 0 0
0.0014925373134328358 0.4342620797032654 -0.17330250214886422 0.18473546219165288 0 0 0
0.0014925373134328358 0.05059637459494773 -0.5361862120572183 0.3188671610359276 0 0 0
0.0014925373134328358 0.6148837167516475 0.1266116532563598 -0.24809218497616153 0 0 0
0.0014925373134328358 -0.46711429702576557 0.4374863683902419 -0.18847382636602217 0 0 0
0.0014925373134328358 0.06113141534539941 0.23812388148599903 -0.10507962137580226 0 0 0
0.0014925373134328358 -0.1699794686401009 -0.31837981964449535 -0.08022509515617739 0 0 0
0.0014925373134328358 0.20613409568647006 0.17647391002851362 -0.13794956667456576 0 0 0
0.0014925373134328358 0.11327694644094496 -0.505393630340876 0.3691767817127209 0 0 0
0.0014925373134328358 0.37736901750883073 -0.3242918437862306 0.29368817921717955 0 0 0
0.0014925373134328358 0.16568907557386725 0.24064874369140124 0.014783298028024156 0 0 0
0.0014925373134328358 -0.09421933495509723 -0.17416341749499153 -0.594060135956139 0 0 0
0.0014925373134328358 -0.409109207688119 -0.5114863259872757 0.009248766412905006 0 0 0
0.0014925373134328358 -0.26068038021095613 0.5444969463482763 -0.061921032159669084 0 0 0
0.0014925373134328358 -0.4490698096692705 -0.4212041357710705 0.056554031319077505 0 0 0
0.0014925373134328358 -0.21687289098594792 0.4743909157570614 -0.3894519262128707 0 0 0
0.0014925373134328358 -0.09953068777873361 -0.13686457161280252 0.5226043527830799 0 0 0
0.0014925373134328358 -0.31846382312718097 -0.2572331368324795 0.3409147976253274 0 0 0
0.0014925373134328358 0.07412527226961367 0.40488705406552666 -0.46375521956831556 0 0 0
0.0014925373134328358 0.12588990615333037 -0.3143414854674827 -0.19055434014338357 0 0 0
0.0014925373134328358 0.019439123749974224 0.403614769470605 0.37386952617057284 0 0 0
0.0014925373134328358 0.39552832121567755 0.42594838596527196 -0.2889814959841701 0 0 0
0.0014925373134328358 -0.5252197697592417 0.01789965939091187 0.28398213648453935 0 0 0
0.0014925373134328358 -0.13782412052860113 -0.4019604594683414 -0.12683031014454102 0 0 0
0.0014925373134328358 -0.05025838374051187 0.26955174266553 0.021131853100592818 0 0 0
0.0014925373134328358 -0.30384016308527095 0.1722618530653603 0.52180208027611 0 0 0
0.0014925373134328358 0.06489852503189285 -0.23106585018379655 0.1971997395029298 0 0 0
0.0014925373134328358 0.1461067925488289 0.24223974198531603 0.1322334970453395 0 0 0
0.0014925373134328358 -0.014500811302579108 0.4370577492516383 -0.08339034315182667 0 0 0
0.0014925373134328358 -0.14072416247697575 0.5559694207111895 -0.048115032551176225 0 0 0
0.0014925373134328358 -0.32900415650142467 -0.06756010834120486 0.2719860376467793 0 0 0
0.0014925373134328358 -0.5498282681085952 -0.405067015970326 -0.024590695613901026 0 0 0
0.0014925373134328358 0.07001116839644705 -0.22224232851645145 -0.5848445597833315 0 0 0
0.0014925373134328358 0.28920431115282585 -0.4384034181744657 0.3292012550078321 0 0 0
0.0014925373134328358 -0.1310248513388761 -0.06576654415993087 -0.358623068982376 0 0 0
0.0014925373134328358 0.26130171108124817 0.5023298505817707 -0.05606531927213898 0 0 0
0.0014925373134328358 -0.4518359585851243 -0.1265723554220287 -0.2711319345279637 0 0 0
0.0014925373134328358 0.27082630387972645 0.21770203622866083 -0.5599448773435172 0 0 0
0.0014925373134328358 0.304352045942427 -0.24794930873633442 -0.1469693080836794 0 0 0
0.0014925373134328358 -0.027748758016307024 -0.07723437284745682 0.6681508360392132 0 0 0
0.0014925373134328358 0.04049681054705899 0.029523469697302747 -0.13512585908958438 0 0 0
0.0014925373134328358 0.12431555654238306 -0.19894432879301438 0.1721430053419577 0 0 0
0.0014925373134328358 0.07911523743275183 0.15909879082919937 0.4079624123688587 0 0 0
0.0014925373134328358 -0.1240910617024565 0.02762754347818853 0.4280618049766665 0 0 0
0.0014925373134328358 -0.24937865754868793 -0.4389361102303758 -0.40574211563735374 0 0 0
0.0014925373134328358 0.28440925929684713 0.1108189362534438 0.4351443074569301 0 0 0
0.0014925373134328358 0.15339940969655386 0.4742664498375169 0.2616995933208351 0 0 0
0.0014925373134328358 0.4368831533099105 -0.16159416657590187 -0.1574639897697448 0 0 0
0.0014925373134328358 0.4941999827610916 -0.1589011698139182 -0.12780821218528943 0 0 0
0.0014925373134328358 0.32204699493376293 -0.065717371328789 -0.3296258734809701 0 0 0
0.0014925373134328358 -0.09300840786875123 0.6580447338743491 -0.09580461882082746 0 0 0
0.0014925373134328358 -0.1917307611698223 -0.33938223221738 0.27376299525509185 0 0 0
0.0014925373134328358 0.3232596038247079 -0.2935859302243494 0.2030195221751388 0 0 0
0.0014925373134328358 0.4864496442676608 -0.23038984099460383 0.3661885887606359 0 0 0
0.0014925373134328358 0.6084084753792203 0.06264735565126309 -0.0817446522268255 0 0 0
0.0014925373134328358 -0.3351111542523277 0.3028930581810805 -0.4323554715073364 0 0 0
0.0014925373134328358 -0.3972589214600144 -0.11470769519205563 0.3831877065642664 0 0 0
0.0014925373134328358 -0.15741859659141816 -0.42447326774498195 0.4876457247620617 0 0 0
0.0014925373134328358 0.5091444434447862 -0.09271538845976557 0.3204880567441146 0 0 0
0.0014925373134328358 0.5599633368741076 0.1979347790645214 0.06542243967305324 0 0 0
0.0014925373134328358 0.18183951287049493 -0.24572249874366933 -0.5228440193970928 0 0 0
0.0014925373134328358 0.45128059324563163 0.1819321403465105 -0.10837426124067623 0 0 0
0.0014925373134328358 -0.45848038637141486 -0.19924131907086903 0.3913953308524116 0 0 0
0.0014925373134328358 -0.07078409028907802 0.20314235238220435 -0.5608785621770552 0 0 0
0.0014925373134328358 0.510375159247097 -0.4038887708408892 0.004857288134065576 0 0 0
0.0014925373134328358 -0.09834291345536701 0.06543232227280403 0.6261319613549147 0 0 0
0.0014925373134328358 -0.25366400432822683 0.2670097609374282 0.1627612458761472 0 0 0
0.0014925373134328358 -0.5240297494821028 -0.24915377022703897 0.3208823448826503 0 0 0
0.0014925373134328358 0.08746788463546207 -0.5244650047727278 0.06674345564570747 0 0 0
0.0014925373134328358 0.11167623241637714 -0.29729437744620013 0.02494599790861753 0 0 0
0.0014925373134328358 0.3861747849908368 -0.15054034476331518 0.5051686658050758 0 0 0
0.0014925373134328358 -0.006095249748656137 -0.012168205475218224 -0.45796651326345295 0 0 0
0.0014925373134328358 0.11336142621951793 -0.14414791452000175 -0.6682083439400703 0 0 0
0.0014925373134328358 -0.589494989168637 0.11182785588848138 -0.283419187542736 0 0 0
0.0014925373134328358 0.39210833834944236 0.028693492061109632 0.46251811869625753 0 0 0
0.0014925373134328358 -0.44170113946563827 -0.1802537164521532 -0.3580352713149811 0 0 0
0.0014925373134328358 0.09290680977812228 0.12492485506509492 0.06933107811729873 0 0 0
0.0014925373134328358 -0.4667054401025735 0.43141803513908744 0.10625129294711567 0 0 0
0.0014925373134328358 -0.16662678969990893 -0.042352717207267236 0.1363593405995496 0 0 0
0.0014925373134328358 -0.06506251460119389 0.21695417077648924 -0.47516939960680116 0 0 0
0.0014925373134328358 -0.14240632460350305 0.09110186236671576 -0.19689031014424865 0 0 0
0.0014925373134328358 -0.18412858299081597 -0.6169110417188132 -0.17438637147718275 0 0 0
0.0014925373134328358 -0.06316749958243771 0.42724670365650264 -0.13866810137279925 0 0 0
0.0014925373134328358 -0.45401940031611704 0.1996646675252458 -0.14353726136091646 0 0 0
0.0014925373134328358 0.0008754371996307101 0.3194066961288865 -0.5033211724926719 0 0 0
0.0014925373134328358 -0.23900016721812434 -0.5805226715390625 0.180109679605446 0 0 0
0.0014925373134328358 0.2513148518415104 0.39836658665483243 0.0717239826365643 0 0 0
0.0014925373134328358 0.01505071802255698 -0.10954360344730213 0.054250749847232306 0 0 0
0.0014925373134328358 -0.04267374507537512 0.05745189568907136 0.6083934733497561 0 0 0
0.0014925373134328358 -0.49968601099270893 0.4522819119321603 -0.11020554470542565 0 0 0
0.0014925373134328358 -0.18207996801235962 0.16566801673597248 0.12718918564858692 0 0 0
0.0014925373134328358 -0.21714377603737442 0.2992801972916875 0.47040295110139213 0 0 0
0.0014925373134328358 0.10701992156855825 -0.2034253103100358 -0.30493608300314484 0 0 0
0.0014925373134328358 -0.05526201061067529 -0.15390241158002474 -0.5623712666623035 0 0 0
0.0014925373134328358 0.02454638254062746 0.3784981457365802 -0.4634965264224126 0 0 0
0.0014925373134328358 0.4272972116404261 -0.3425531030930869 -0.10707137075700977 0 0 0
0.0014925373134328358 0.37768127644440125 0.14864625994426894 -0.04440048886269137 0 0 0
0.0014925373134328358 0.19108505479557075 -0.05118773890477269 -0.08260497838213562 0 0 0
0.0014925373134328358 -0.03618676075115822 0.037614021262011216 -0.6133221080131898 0 0 0
0.0014925373134328358 0.09759484873684603 0.25597774466423245 0.5616620977200975 0 0 0
0.0014925373134328358 0.2957254604072305 0.4732144408054045 0.0435958345311612 0 0 0
0.0014925373134328358 -0.25253683803029175 -0.24932345138796172 -0.5197610983695767 0 0 0
0.0014925373134328358 0.05174153936273305 -0.06469009720032166 -0.4697617175735675 0 0 0
0.0014925373134328358 0.43721826858105794 -0.23398227098004165 -0.24393393647527187 0 0 0
0.0014925373134328358 0.40535504358788904 0.5277417278861344 -0.0832354977701748 0 0 0
0.0014925373134328358 -0.07103878916672111 0.19113187312831256 0.10743796163456898 0 0 0
0.0014925373134328358 -0.07924920397631816 -0.09205549792470138 0.21821908230619963 0 0 0
0.0014925373134328358 0.08847488420970333 0.49308436354575064 -0.31019337620419185 0 0 0
0.0014925373134328358 -0.3900503348975139 -0.1430420100123248 -0.43235048672890664 0 0 0
0.0014925373134328358 -0.4146435439149827 -0.5218262423533879 -0.11852922705190991 0 0 0
0.0014925373134328358 0.5345838886204698 0.09163872779147443 -0.33078518515212857 0 0 0
0.0014925373134328358 -0.36454255432157223 0.5409132629540448 0.20572926590479979 0 0 0
0.0014925373134328358 0.447226619013383 0.38470986490701486 -0.28780590527725575 0 0 0
0.0014925373134328358 0.2551842392108644 0.22678542277999322 -0.2891849791426037 0 0 0
0.0014925373134328358 0.1524050273719675 -0.26293355338241137 0.6150939283356176 0 0 0
0.0014925373134328358 0.20218438385700024 -0.1886661099079365 0.5216251895032005 0 0 0
0.0014925373134328358 0.5048630168267001 0.07621758252870828 -0.0920999160312075 0 0 0
0.0014925373134328358 0.03165392719702412 -0.12451896992174749 0.05480932901251452 0 0 0
0.0014925373134328358 -0.3179516938035261 0.42902195835218565 -0.2832762506574958 0 0 0
0.0014925373134328358 0.14508544617521274 0.043150217960794435 -0.24940166163550453 0 0 0
0.0014925373134328358 -0.33824689666038427 0.25840589339681697 0.20015077428364877 0 0 0
0.0014925373134328358 0.5456724773327283 0.07606646923287613 0.41122611240472307 0 0 0
0.0014925373134328358 0.11108242480820636 0.010045985417403184 0.48869596068993687 0 0 0
0.0014925373134328358 0.41599514088745176 -0.519701676811175 0.15379484058194223 0 0 0
0.0014925373134328358 -0.02368469810850534 -0.13933745902538675 -0.4806571987889313 0 0 0
0.0014925373134328358 0.13788085659165542 0.19699815127593517 -0.6435724364492817 0 0 0
0.0014925373134328358 -0.22413498538728271 -0.14660963958171414 -0.19678700695331947 0 0 0
0.0014925373134328358 0.2595099959595439 0.1479067493560736 0.6164305103745193 0 0 0
0.0014925373134328358 0.07686574836361933 -0.48195121968666066 -0.04229140278522974 0 0 0
0.0014925373134328358 0.011485570655071782 0.025212608979535107 -0.41845176524554234 0 0 0
0.0014925373134328358 -0.035343359934625555 -0.4619455582980795 0.029377883907362932 0 0 0
0.0014925373134328358 -0.21893569193971316 -0.3965723844461434 -0.29595646829536576 0 0 0
0.0014925373134328358 0.33583998859667635 -0.555140835811328 -0.23307252761675534 0 0 0
0.0014925373134328358 -0.09533309618772035 0.25994070358383836 -0.5204104613519632 0 0 0
0.0014925373134328358 -0.5467222951808187 -0.10161255430454033 -0.36810167672524546 0 0 0
0.0014925373134328358 -0.27720663618942193 -0.36755012870436315 0.15297370890349857 0 0 0
0.0014925373134328358 -0.27967764623676306 -0.5375796046002542 0.1035521201938999 0 0 0
0.0014925373134328358 0.4701530365943624 0.2911163721859839 -0.3973401527956738 0 0 0
0.0014925373134328358 0.11806749383287612 0.3685053065817253 -0.49955097340967697 0 0 0
0.0014925373134328358 -0.15929183730851673 0.6011605293992177 -0.08795924266042413 0 0 0
0.0014925373134328358 -0.018007123650454995 0.319366542954523 0.2659935361076097 0 0 0
0.0014925373134328358 0.1268989079560111 0.023050936113658136 0.17600277004585718 0 0 0
0.0014925373134328358 -0.32167977906848005 0.3331215834403814 -0.09923368014708804 0 0 0
0.0014925373134328358 -0.02765462377077049 0.14442787135093005 -0.5382463180350705 0 0 0
0.0014925373134328358 0.10390004974917187 0.01708541592323212 0.20462223672005828 0 0 0
0.0014925373134328358 0.29585895845059845 0.15835356874211856 0.023587904831658627 0 0 0
0.0014925373134328358 0.5941899470276092 -0.23438013644516975 -0.01167191522040259 0 0 0
0.0014925373134328358 0.6424934800617648 0.11354075163193672 0.10419053499857922 0 0 0
0.0014925373134328358 -0.017954317779558374 -0.12897033024493718 0.11872159839793524 0 0 0
0.0014925373134328358 -0.1957549937021205 0.0731957633666961 0.05239252801170877 0 0 0
0.0014925373134328358 0.278806478668552 0.3921441888850287 0.33361142459775545 0 0 0
0.0014925373134328358 -0.08736843241232253 -0.030851302064275526 -0.01030536018935925 0 0 0
0.0014925373134328358 0.42955520632291694 0.31819024011506347 -0.3923754785710917 0 0 0
0.0014925373134328358 0.015052560937595983 0.28913080599461155 -0.36484378576814763 0 0 0
0.0014925373134328358 -0.32844597235141576 0.19576053176436803 -0.33113782117730134 0 0 0
0.0014925373134328358 -0.045833343705047706 0.07920716068065167 0.36894246255671154 0 0 0
0.0014925373134328358 0.5421413181201445 -0.0462803753294513 -0.09261181296866478 0 0 0
