610
0
0.001639344262295082 0.04791859977848316 -0.07679005692916611 -0.10428066525443992 0 0 0
0.001639344262295082 0.056677911449556556 0.587404352583637 0.12253955439989389 0 0 0
0.001639344262295082 0.24925344255170195 0.1065209949154517 -0.43000679454092666 0 0 0
0.001639344262295082 0.33720667878392924 -0.47053821077087377 -0.030272646538843442 0 0 0
0.001639344262295082 -0.5257627161195246 0.3648023694946448 0.16144480283510657 0 0 0
0.001639344262295082 0.4644626159165988 -0.06440831062322229 -0.38488133505364797 0 0 0
0.001639344262295082 -0.13769743838369441 0.4444244195616193 0.2720009304189922 0 0 0
0.001639344262295082 -0.497326610039811 -0.22670838856037143 0.2213352982328227 0 0 0
0.001639344262295082 0.30747350778476595 0.3318260341928554 -0.32795823934159324 0 0 0
0.001639344262295082 -0.2096152364102022 -0.08846522095472265 -0.43131845411942693 0 0 0
0.001639344262295082 -0.1693613795279169 0.18667603663321353 0.5461204254220661 0 0 0
0.001639344262295082 -0.27153482622746866 0.2754081544912286 0.0806435047012916 0 0 0
0.001639344262295082 -0.10397129537602695 0.5866495336462028 0.27268078191886397 0 0 0
0.001639344262295082 -0.35646607817469234 0.18964229257229703 -0.5434417756501412 0 0 0
0.001639344262295082 0.17321331892235078 0.21954025781163988 -0.42986718165496235 0 0 0
0.001639344262295082 0.008260973125540852 -0.10083486550814451 -0.4131668093656162 0 0 0
0.001639344262295082 -0.539976883202429 -0.28446752243395085 0.14053070270431658 0 0 0
0.001639344262295082 0.3461142786759353 0.002492476225535045 -0.1319374837072363 0 0 0
0.001639344262295082 -0.11355025546434337 -0.3076603898000506 -0.19312154310509458 0 0 0
0.001639344262295082 -0.4789878180967522 -0.32009666564558237 -0.13735626775099458 0 0 0
0.001639344262295082 -0.5004621262952063 -0.3172641202334204 -0.16883140945480993 0 0 0
0.001639344262295082 -0.5031772812497621 0.029922500462239682 -0.2768271685832588 0 0 0
0.001639344262295082 -0.10009013545083136 0.25110356458880595 -0.042892731468701824 0 0 0
0.001639344262295082 -0.2658052292097009 0.4621477645069529 -0.15843394078758535 0 0 0
0.001639344262295082 -0.3863680398564626 0.11160172128986415 0.18628962929568946 0 0 0
0.001639344262295082 -0.03120337730934387 -0.09677617555492406 -0.04038729789274461 0 0 0
0.001639344262295082 0.17269018715183101 -0.20903010632419922 0.14397930775999562 0 0 0
0.001639344262295082 0.5254582066499599 0.21112449437246839 0.20649807721378724 0 0 0
0.001639344262295082 -0.026514930695733654 0.21183377028334494 -0.5591665086507616 0 0 0
0.001639344262295082 0.0014138299151750652 0.4673929137870368 -0.25016426250002066 0 0 0
0.001639344262295082 -0.19021894722940486 -0.20126089468322608 0.5953567492487547 0 0 0
0.001639344262295082 -0.06615523153240739 -0.41587575621168454 -0.22956781250094477 0 0 0
0.001639344262295082 0.27980767876069884 -0.21362798836049351 -0.16787919538808377 0 0 0
0.001639344262295082 -0.0002951209341944708 0.2271721122250699 0.5034244319130292 0 0 0
0.001639344262295082 -0.534451794296688 -0.2697633405941875 0.026622106935043702 0 0 0
0.001639344262295082 0.3831234426550374 0.036182444758689 0.2602237707856945 0 0 0
0.001639344262295082 -0.04359425463436563 0.3506406492293449 -0.49453003055244404 0 0 0
0.001639344262295082 0.3003936720223852 0.25327670418391973 -0.19858964465437 0 0 0
0.001639344262295082 0.041448893894517565 -0.22778503064424888 -0.10757098572203978 0 0 0
0.001639344262295082 0.19099504810457105 0.44295178178529954 0.4385587144776679 0 0 0
0.001639344262295082 0.16193624073420215 -0.2823618420956968 0.3289609599967237 0 0 0
0.001639344262295082 -0.2803379310626346 0.1328719473689131 0.3517466068478527 0 0 0
0.001639344262295082 0.5697402294281271 0.26426860496643606 0.057159687234797044 0 0 0
0.001639344262295082 -0.07205546493472717 0.6781925574670703 0.06304693811208589 0 0 0
0.001639344262295082 -0.24208993462967238 -0.4197461034842406 -0.13711006005717943 0 0 0
0.001639344262295082 0.15462050428597296 0.46417173591676497 0.020327329846105364 0 0 0
0.001639344262295082 0.25921885549517965 -0.5791719046569512 0.08216350616697309 0 0 0
0.001639344262295082 -0.4056565892947391 0.33924182094990424 0.1935944271835594 0 0 0
0.001639344262295082 -0.02107034054456505 -0.20456788973625536 -0.20758627004220576 0 0 0
0.001639344262295082 0.2279929401287128 -0.17422783538537803 0.10825153284408127 0 0 0
0.001639344262295082 -0.25343434069131965 -0.322892653570741 0.36198718902637655 0 0 0
0.001639344262295082 -0.45436237217737 0.004522728723024723 -0.4691728915946677 0 0 0
0.001639344262295082 -0.09028756124191412 -0.2960133310914835 -0.2546755496158092 0 0 0
0.001639344262295082 -0.1745568418355778 0.02838886386800643 0.4996291624141566 0 0 0
0.001639344262295082 -0.1559077031776017 -0.29095441176857545 0.034840751687454985 0 0 0
0.001639344262295082 -0.3908141039493112 -0.09671101795723372 0.4837177270241792 0 0 0
0.001639344262295082 0.07652418382805326 0.25545856815848506 -0.10942903184642981 0 0 0
0.001639344262295082 -0.039980708613327566 0.20293156349353128 0.619675919356725 0 0 0
0.001639344262295082 -0.009020916362776183 -0.507528189750083 -0.25091080268377214 0 0 0
0.001639344262295082 -0.5433683451408408 -0.21907192738165623 0.19318457360776306 0 0 0
0.001639344262295082 0.2728097350886389 -0.12398123457051048 0.5823579443084645 0 0 0
0.001639344262295082 0.5969839453122073 0.15860553285786103 0.17657746329194618 0 0 0
0.001639344262295082 -0.06964396832662317 -0.1482017801243263 0.5057429283376075 0 0 0
0.001639344262295082 0.14850695868752653 -0.15432223913576637 -0.402850487687635 0 0 0
0.001639344262295082 -0.12062004903910917 -0.5295746397960902 0.3412519462998431 0 0 0
0.001639344262295082 -0.33333340704064995 -0.12896892267170634 -0.3598973330344801 0 0 0
0.001639344262295082 -0.17182674290141164 -0.30544985075025133 -0.253243413107935 0 0 0
0.001639344262295082 -0.31944119945791083 0.45372735891627003 0.038483193207851873 0 0 0
0.001639344262295082 0.1319544852356356 -0.21008204130155103 0.15204825002590228 0 0 0
0.001639344262295082 0.2652552209393234 0.21651881416337793 0.1324986436216048 0 0 0
0.001639344262295082 0.2912086411462193 0.10150259556936819 -0.4077317839065749 0 0 0
0.001639344262295082 -0.06123372627878108 -0.28389671661549654 0.08485178384158629 0 0 0
0.001639344262295082 0.3393559665378463 0.08388322784208467 -0.08188608924208896 0 0 0
0.001639344262295082 -0.15715669544005959 0.3560337522002532 0.3461638933969088 0 0 0
0.001639344262295082 -0.3148340314845997 0.5538575235859072 0.16487099261143817 0 0 0
0.001639344262295082 0.35658933890988054 0.2022062053807106 -0.5290872261774097 0 0 0
0.001639344262295082 0.36626789142415955 0.2673811809713348 -0.2255818345085614 0 0 0
0.001639344262295082 0.3066045259147997 -0.5901525965701461 0.01253476053679 0 0 0
0.001639344262295082 -0.2321316070736587 0.3336637569346087 0.18798598418194176 0 0 0
0.001639344262295082 0.06413716111669873 -0.1886466354435583 -0.023876835865219194 0 0 0
0.001639344262295082 0.11346696789776345 0.6204076032921926 0.07668776050896763 0 0 0
0.001639344262295082 -0.6063617797044123 -0.23312374179731737 -0.17531015550185458 0 0 0
0.001639344262295082 0.08299266791699814 -0.0970197103540099 0.5405107164718257 0 0 0
0.001639344262295082 0.3083996576912631 -0.1990939854247485 0.20575407390158107 0 0 0
0.001639344262295082 0.12398841057016398 0.41257404744197124 -0.31999070978349037 0 0 0
0.001639344262295082 -0.09006636325270484 -0.49082300259960354 0.0816698314112343 0 0 0
0.001639344262295082 -0.18323379869014603 -0.46840165720500004 0.13878444051163163 0 0 0
0.001639344262295082 0.040946058457055026 -0.52410901843095 0.3579116802459536 0 0 0
0.001639344262295082 -0.2275785135596534 -0.31450576601835223 0.4429701033805313 0 0 0
0.001639344262295082 -0.25358352867862016 -0.24652731725640817 -0.4849067072726258 0 0 0
0.001639344262295082 -0.5184125174451348 0.030991407765132897 -0.2820815303825674 0 0 0
0.001639344262295082 0.4152300202343188 -0.17567603456236297 -0.48414215646683656 0 0 0
0.001639344262295082 -0.16399275588728124 0.48078491908411297 0.023307596759316443 0 0 0
0.001639344262295082 0.39860823557900493 -0.15586745532018623 0.2664160113380567 0 0 0
0.001639344262295082 -0.09201182707696379 0.27731517494659885 0.5954270137382425 0 0 0
0.001639344262295082 0.29223575579557776 -0.056055234997416284 0.1386401156607114 0 0 0
0.001639344262295082 -0.10205872860139051 -0.3692685472261311 -0.4276245815651779 0 0 0
0.001639344262295082 -0.3647938679522561 -0.5418708106276803 -0.10651230494900897 0 0 0
0.001639344262295082 0.32222806153621303 -0.1552015575707192 -0.21308622841496971 0 0 0
0.001639344262295082 0.511579219361337 -0.3703582228550448 0.0927118653664368 0 0 0
0.001639344262295082 0.6506059933354957 0.13084419846553896 -0.08318367176906476 0 0 0
0.001639344262295082 0.03050942935220021 -0.5268240539317767 -0.3000464821979425 0 0 0
0.001639344262295082 -0.37531555121125243 -0.0892856673157902 -0.16945624818140156 0 0 0
0.001639344262295082 -0.030462313424073115 -0.020724795884994478 0.6867183856852791 0 0 0
0.001639344262295082 -0.12699418253134037 -0.3419446272877893 -0.14868533414452162 0 0 0
0.001639344262295082 0.028243593906691372 -0.18888861579592142 0.357180989485054 0 0 0
0.001639344262295082 0.10689810782060277 0.2082955008100499 -0.28035449189941347 0 0 0
0.001639344262295082 -0.41893634744486025 0.23481870689177095 -0.1203566765184876 0 0 0
0.001639344262295082 -0.3624016144116013 -0.06279447656724192 -0.333412146854829 0 0 0
0.001639344262295082 -0.10281211061952988 0.29277554016987717 0.08366331381641323 0 0 0
0.001639344262295082 0.2909225381126534 -0.48009590820497405 0.24512394955996558 0 0 0
0.001639344262295082 0.06273147664798434 0.09913280978070176 0.08171920319302281 0 0 0
0.001639344262295082 0.15433480108452188 -0.5934838117316906 -0.15637487904231545 0 0 0
0.001639344262295082 0.36266081904852865 -0.4523098898963088 -0.12016758892938864 0 0 0
0.001639344262295082 0.018578426576657425 0.0927140468509333 0.4163954319804068 0 0 0
0.001639344262295082 0.13972980935017051 -0.2896659560786906 -0.5745259373514571 0 0 0
0.001639344262295082 -0.02189739914422062 -0.09997720773093392 0.3344009384152016 0 0 0
0.001639344262295082 -0.32298696503323154 0.04455385503423578 0.3349691651616797 0 0 0
0.001639344262295082 -0.15664349918541182 0.5646960408065026 0.3512713653678859 0 0 0
0.001639344262295082 0.22129035413138315 0.22626900858703317 -0.3667952892908317 0 0 0
0.001639344262295082 -0.26127996435175177 -0.11978602043908174 -0.505319824152325 0 0 0
0.001639344262295082 -0.08624759561669211 0.31789035901567464 -0.23112858972173345 0 0 0
0.001639344262295082 0.264638488446737 -0.5180609658957787 -0.1506508679054125 0 0 0
0.001639344262295082 -0.038620015835384824 -0.47553647559967166 0.14980539012158572 0 0 0
0.001639344262295082 0.11406985432064348 -0.24803360897070437 0.16738308662085252 0 0 0
0.001639344262295082 -0.4683480429260926 -0.20933368298839838 0.4437866205704315 0 0 0
0.001639344262295082 0.6005412506974406 0.26014040173376224 0.09658657890701913 0 0 0
0.001639344262295082 0.33501373517747773 0.03990473142824388 0.36794379998135246 0 0 0
0.001639344262295082 0.41995555110445854 0.35788947042254976 0.1553562679775302 0 0 0
0.001639344262295082 0.41931160181941385 0.19885231391779087 -0.1393708702773457 0 0 0
0.001639344262295082 0.23562203668582016 -0.11825052270012598 -0.14916606215993014 0 0 0
0.001639344262295082 0.3827067517046256 -0.5228580038924557 -0.008720477784446824 0 0 0
0.001639344262295082 0.2288722315741054 0.43061074950536254 0.16786974207773006 0 0 0
0.001639344262295082 0.12608795227765507 0.11726227252996262 -0.12119532639761041 0 0 0
0.001639344262295082 -0.1371728779416678 0.33480963403639935 0.5882954585708933 0 0 0
0.001639344262295082 0.05409209751665067 -0.45732932340006105 0.36932148961602135 0 0 0
0.001639344262295082 0.5570556554099554 0.0953703448024517 0.26561400069076974 0 0 0
0.001639344262295082 -0.05082273912760716 0.020216279832558054 -0.2340662483676993 0 0 0
0.001639344262295082 -0.40080950484109173 0.29090447113408235 -0.27694429578200414 0 0 0
0.001639344262295082 -0.557387319473037 0.022106548051832896 -0.042698410701003144 0 0 0
0.001639344262295082 -0.3264982250705194 0.31135135084842763 0.4239313763048666 0 0 0
0.001639344262295082 0.2997721647737375 0.29196237618895077 -0.37173337324769806 0 0 0
0.001639344262295082 -0.43821761350686833 -0.03508597923975522 0.10745383349936151 0 0 0
0.001639344262295082 0.21024468498871288 -0.518553241129918 0.09935584402375051 0 0 0
0.001639344262295082 0.2503383384522711 -0.3632548589883734 -0.29859015797853655 0 0 0
0.001639344262295082 -0.5576973357792473 -0.23627995467261764 -0.10007998225073775 0 0 0
0.001639344262295082 -0.20359574751478893 0.4084103277056263 0.32232077284758703 0 0 0
0.001639344262295082 -0.3752449130678772 0.04808496009111268 0.16951599895675767 0 0 0
0.001639344262295082 0.4277355773667014 -0.3018951343894052 0.3130288530554258 0 0 0
0.001639344262295082 0.0630470628923791 -0.47652182471920723 0.16462277833505976 0 0 0
0.001639344262295082 0.4753111401291608 -0.19863781784649517 0.40984411658670417 0 0 0
0.001639344262295082 -0.07062106659670825 0.12278278814661253 0.2178479103924898 0 0 0
0.001639344262295082 0.03588577762908835 0.47334477850654627 -0.47526874449299883 0 0 0
0.001639344262295082 -0.1370015166912928 0.41131003204386263 0.1818283807339217 0 0 0
0.001639344262295082 -0.1597050297835572 0.12144507610899376 0.6561791292519998 0 0 0
0.001639344262295082 -0.14460525471973906 -0.04305250539306688 -0.288020433592155 0 0 0
0.001639344262295082 0.20256534081869607 -0.34854301755376843 -0.52259644029998 0 0 0
0.001639344262295082 0.514643070080222 -0.3875225172629056 0.12087237724922961 0 0 0
0.001639344262295082 0.24654250560092447 0.3667781692345654 -0.2547149593108055 0 0 0
0.001639344262295082 -0.1836090761564329 0.1743203937345888 -0.09130562071540356 0 0 0
0.001639344262295082 0.22921571719769435 0.55744769313184 -0.14432709942608254 0 0 0
0.001639344262295082 0.005998501376957197 -0.4306580830084839 0.3793163921093472 0 0 0
0.001639344262295082 0.3413839463847864 -0.18525586028858307 0.18128362642708307 0 0 0
0.001639344262295082 0.5645593088327769 0.3707808202761986 0.14429377369037175 0 0 0
0.001639344262295082 -0.07159428077474796 -0.4551776922385614 0.25245958237845467 0 0 0
0.001639344262295082 -0.2889948172225972 0.09289148170464019 0.3515957044364281 0 0 0
0.001639344262295082 0.11233215067070254 0.3158279673865229 -0.561413419928823 0 0 0
0.001639344262295082 0.038647241338746044 0.4218832772127627 0.3789431551288935 0 0 0
0.001639344262295082 0.49756288970027 -0.2504796318220861 -0.3773792059972599 0 0 0
0.001639344262295082 -0.3454051655787441 0.23193908926727294 0.03456440498279027 0 0 0
0.001639344262295082 -0.3739051613124147 0.15006891502290026 -0.07595029675693825 0 0 0
0.001639344262295082 0.5849831858294571 -0.13584681834800694 0.13448098966798008 0 0 0
0.001639344262295082 -0.02626390170018306 -0.26013715016784317 -0.3156081350503984 0 0 0
0.001639344262295082 -0.18446507112365054 -0.26667713892527345 0.2984689216018943 0 0 0
0.001639344262295082 -0.20774903656643381 -0.21745910647331793 -0.3549414067893261 0 0 0
0.001639344262295082 0.24350126221226143 -0.44531770930056047 0.12985149463880988 0 0 0
0.001639344262295082 -0.012866570955537667 -0.2896263548819688 -0.5030577503369352 0 0 0
0.001639344262295082 -0.2643175009677249 0.20012779796331773 -0.32201189051189 0 0 0
0.001639344262295082 -0.0821688133613483 0.2820215758140228 -0.5340131493821046 0 0 0
0.001639344262295082 0.38582761683424094 -0.3529258961852645 0.09901213650016454 0 0 0
0.001639344262295082 0.00894866799030882 0.09632801729129989 -0.6737029727580889 0 0 0
0.001639344262295082 0.19931223096759645 0.40144744774910995 -0.4681829472541572 0 0 0
0.001639344262295082 0.46538512623035244 0.06555433704612003 0.3029360000884688 0 0 0
0.001639344262295082 -0.04928988978181286 -0.11552790662075253 0.6535221728281809 0 0 0
0.001639344262295082 -0.2370158125938873 -0.13492319440237405 0.4910449934567161 0 0 0
0.001639344262295082 -0.13161683387585618 -0.2427891821341016 0.4247934589229573 0 0 0
0.001639344262295082 -0.24951965805661838 0.13196766308511695 -0.05145124552709519 0 0 0
0.001639344262295082 -0.03136545742847413 -0.6256660444853308 -0.04602029637022204 0 0 0
0.001639344262295082 -0.05815155488261885 0.0776469067629829 -0.27739762749339364 0 0 0
0.001639344262295082 0.37870007559380925 -0.4977176777270943 0.013611754858663457 0 0 0
0.001639344262295082 0.07351894576385701 -0.49694634482155947 0.4287370065241206 0 0 0
0.001639344262295082 0.3152755498569186 0.514441431155898 -0.12168559305579274 0 0 0
0.001639344262295082 0.5366465360002722 0.33237158865051675 0.11073015466590096 0 0 0
0.001639344262295082 0.2506698472105129 0.21428648138155676 -0.3108669810185058 0 0 0
0.001639344262295082 -0.3498982375811166 0.29386138536557915 0.4218760511954862 0 0 0
0.001639344262295082 -0.358038611396882 0.07866436528687103 0.2763855978944488 0 0 0
0.001639344262295082 -0.26455141676195654 -0.3607540032265816 -0.12132966113593267 0 0 0
0.001639344262295082 0.4120121935985152 -0.1888489049325285 -0.2755990211161088 0 0 0
0.001639344262295082 0.18829704898343777 -0.02499089768005694 0.3798657303862728 0 0 0
0.001639344262295082 -0.46272897757905307 -0.12375032867550571 -0.4819819159499445 0 0 0
0.001639344262295082 -0.019512186543451895 -0.29616441701000695 -0.4034755662049029 0 0 0
0.001639344262295082 -0.34208582851494146 -0.5235493236470683 -0.04163287217154213 0 0 0
0.001639344262295082 -0.1206138328879607 -0.3052458542579157 -0.14212831007399188 0 0 0
0.001639344262295082 0.0057021433148356105 0.5538131636351764 -0.12777433062908022 0 0 0
0.001639344262295082 0.42948376222084167 -0.31109205409564855 0.3131578740648702 0 0 0
0.001639344262295082 0.25697743618052615 -0.13498404261383254 0.5405977355414039 0 0 0
0.001639344262295082 0.06651556865038996 0.03518909299727798 0.07579232231220441 0 0 0
0.001639344262295082 0.19216143089553275 -0.14668449841151682 -0.14335917270685375 0 0 0
0.001639344262295082 0.1764627517941453 -0.0878705194448598 -0.2543640066909764 0 0 0
0.001639344262295082 0.07937244097610098 0.6324478200667046 -0.20135001094175237 0 0 0
0.001639344262295082 0.024628024779122362 -0.36976635545013775 -0.42251101182908024 0 0 0
0.001639344262295082 0.4505025935554582 -0.12269436487725001 0.2704491828091897 0 0 0
0.001639344262295082 -0.11442290619431898 0.19875904735510627 0.2614208854447951 0 0 0
0.001639344262295082 -0.09111326399526479 0.2379820961427348 0.5104070163855298 0 0 0
0.001639344262295082 -0.34458581927804127 0.013449416371504626 -0.5249104492452843 0 0 0
0.001639344262295082 0.2731271214822167 0.4032984863613025 0.3040983085141848 0 0 0
0.001639344262295082 -0.30136094260563245 0.47404495297941474 0.04795898475013275 0 0 0
0.001639344262295082 -0.1025417036290346 0.15132668497983431 0.04669579579414531 0 0 0
0.001639344262295082 -0.5568393971109858 0.2112548023441726 -0.21980799125978723 0 0 0
0.001639344262295082 -0.20046685901540187 -0.19365695480834352 -0.34259190547826024 0 0 0
0.001639344262295082 -0.6003310681537296 0.16811425309837513 -0.16184539240990595 0 0 0
0.001639344262295082 0.37779006333458764 -0.10009965152257583 0.08082567863021858 0 0 0
0.001639344262295082 -0.003891918519752319 -0.17919779137579453 0.20641529272818637 0 0 0
0.001639344262295082 -0.5139155469475043 0.053713881817560476 0.37561518046285364 0 0 0
0.001639344262295082 -0.11473271671747493 0.055825072039197975 0.5574560480834398 0 0 0
0.001639344262295082 0.22744935120259643 -0.18874724387995198 -0.17662979114464056 0 0 0
0.001639344262295082 0.059403982775320795 -0.22714816798441315 0.6134164778469496 0 0 0
0.001639344262295082 -0.33287254248699877 -0.2707829937383295 -0.23151441954026314 0 0 0
0.001639344262295082 -0.2372395699726233 -0.09588564587902369 -0.6170051268034922 0 0 0
0.001639344262295082 -0.30996360500526615 0.09397166920743075 -0.3792621764688299 0 0 0
0.001639344262295082 0.18674831397905828 -0.37228462434144366 0.22680466371009 0 0 0
0.001639344262295082 -0.13529336085397034 0.1057774389723715 -0.009899157545665203 0 0 0
0.001639344262295082 -0.1276184224113079 -0.05769771062731154 0.34704013900321135 0 0 0
0.001639344262295082 -0.18467339256697454 -0.13625134847648668 -0.20095999612327584 0 0 0
0.001639344262295082 -0.23505075756820157 -0.22956180814867716 -0.29857245923399994 0 0 0
0.001639344262295082 0.12509201859735056 -0.2811258552667314 -0.11825286058291894 0 0 0
0.001639344262295082 0.48594735151505725 0.015692713772872284 -0.001416557873763384 0 0 0
0.001639344262295082 0.40638381357477715 -0.30956313979026884 -0.050279382080784536 0 0 0
0.001639344262295082 0.1385584687812925 0.045282336696513964 -0.3275684663461931 0 0 0
0.001639344262295082 0.16169352432918938 0.12665779420561252 -0.19496619191973125 0 0 0
0.001639344262295082 -0.03716940483533874 0.43318999694908805 -0.47776104878765135 0 0 0
0.001639344262295082 0.14046803360146237 -0.01147789091494544 -0.44328810524037365 0 0 0
0.001639344262295082 -0.426455592138331 0.06349511481982299 0.3842172501934801 0 0 0
0.001639344262295082 0.5324358236980137 -0.17558008893144045 -0.4071949260615298 0 0 0
0.001639344262295082 -0.5124002499580472 0.15631305005512267 -0.31092524963913737 0 0 0
0.001639344262295082 -0.314768589101952 -0.005621007063296879 0.5501746716389426 0 0 0
0.001639344262295082 0.26643246389695774 0.402166319257106 0.007954742939382092 0 0 0
0.001639344262295082 -0.2629893071307003 -0.005064789818288294 -0.16282723477482586 0 0 0
0.001639344262295082 -0.20998180075981981 0.5687316486037146 0.28537314682716447 0 0 0
0.001639344262295082 -0.3464382487029686 -0.4253313614940656 0.09095505169093346 0 0 0
0.001639344262295082 -0.20328495892943943 -0.4579268040198747 0.06533997281387532 0 0 0
0.001639344262295082 -0.022659160675194263 0.22312069541686483 -0.36913416996117115 0 0 0
0.001639344262295082 0.18955974087544217 -0.1273984549286891 0.5149373716233168 0 0 0
0.001639344262295082 -0.17406357085471647 0.19293639252664693 -0.21783511288723456 0 0 0
0.001639344262295082 0.3349151726137654 0.27543661459770963 -0.03463139603775068 0 0 0
0.001639344262295082 0.10217861575990471 -0.5562849876036547 -0.22620185490114514 0 0 0
0.001639344262295082 0.12984721978958044 -0.1889274256756022 -0.07925686826443332 0 0 0
0.001639344262295082 0.4260641226049682 0.08361861465939441 -0.13985062288242575 0 0 0
0.001639344262295082 0.3008140466211934 0.021578489920015213 0.3146935276821331 0 0 0
0.001639344262295082 -0.6376017998899212 0.1584799288918098 -0.08905657427284484 0 0 0
0.001639344262295082 -0.507022166932874 0.21619238809863045 0.3361032315944243 0 0 0
0.001639344262295082 -0.3823257901241235 -0.009628456912064537 -0.5163969806518872 0 0 0
0.001639344262295082 0.07638052432016952 0.159834362971721 0.486330489893057 0 0 0
0.001639344262295082 -0.3574880455314 -0.48163470315221557 0.0956888655564749 0 0 0
0.001639344262295082 -0.3722280118967762 -0.06632823600651411 0.5720341076291602 0 0 0
0.001639344262295082 -0.4205637875701189 -0.3742883362558741 -0.296253113552343 0 0 0
0.001639344262295082 0.3866304806838488 0.3341568040679034 -0.2363591264797862 0 0 0
0.001639344262295082 0.12603587132081698 -0.17657886754131186 -0.014067656271531679 0 0 0
0.001639344262295082 0.492072188623868 0.2986130341591703 -0.23018993754663486 0 0 0
0.001639344262295082 0.07374390453835018 0.6446667561037881 -0.02362325740220567 0 0 0
0.001639344262295082 0.543138703227556 -0.19964815428239038 0.350509911757646 0 0 0
0.001639344262295082 0.22381153636092574 0.5089085990329099 0.15927758624302635 0 0 0
0.001639344262295082 -0.4939891234612841 0.2699920680433084 -0.10204700724811987 0 0 0
0.001639344262295082 0.23709624974519486 -0.18666626965772823 -0.6016267702159835 0 0 0
0.001639344262295082 -0.4064271513538391 0.0015214430626154605 0.39559246727430286 0 0 0
0.001639344262295082 0.15322577850397467 0.24633332511706044 0.07906227044311073 0 0 0
0.001639344262295082 0.5574396893822156 -0.06669855809296793 -0.39145818129883514 0 0 0
0.001639344262295082 0.07676655283585011 0.5378859931723673 -0.020697682569584704 0 0 0
0.001639344262295082 0.05907613497820235 -0.4015460348696849 0.2741442944896688 0 0 0
0.001639344262295082 -0.2014753144230413 -0.2984320250282134 0.5468025160810536 0 0 0
0.001639344262295082 -0.3183630696046548 0.5674471208545643 -0.03225996766200527 0 0 0
0.001639344262295082 0.1914984984351033 -0.17690322123469812 0.45996931177447015 0 0 0
0.001639344262295082 -0.34073998862067867 -0.41146672791011246 0.07984138573789043 0 0 0
0.001639344262295082 0.39630316668227605 0.2536247554597288 0.06366467807683965 0 0 0
0.001639344262295082 -0.1730362983713592 0.5842637631417734 -0.2614381797468335 0 0 0
0.001639344262295082 -0.5518349158507789 -0.21147426411325582 0.20656103772879414 0 0 0
0.001639344262295082 0.38750790251151057 -0.03813783117882409 0.07728526943299328 0 0 0
0.001639344262295082 -0.4928742025583863 0.24939131023289113 -0.20709065663146578 0 0 0
0.001639344262295082 0.29279753992331453 -0.03898062967933495 -0.1292053723916794 0 0 0
0.001639344262295082 0.23389976411275054 0.28923351005174425 0.08712649164001217 0 0 0
0.001639344262295082 -0.5395873352327227 -0.07553544908397314 -0.13966820563142 0 0 0
0.001639344262295082 0.3307064662053181 -0.013886946333877406 -0.2448851892179157 0 0 0
0.001639344262295082 -0.31745823488637953 0.1902127434211265 -0.20534886117447523 0 0 0
0.001639344262295082 0.17440869533237274 0.4222394233389582 0.10517404692393864 0 0 0
0.001639344262295082 0.23981923456031026 0.11630815775872298 -0.5319851900574822 0 0 0
0.001639344262295082 0.008297755679473525 0.1483478829868081 -0.19269152475638573 0 0 0
0.001639344262295082 0.25789363650115193 0.4091211196445391 0.17747156833494437 0 0 0
0.001639344262295082 0.20369858696986165 -0.5493330837701464 -0.0687266323085189 0 0 0
0.001639344262295082 -0.12463168669573255 0.25761896516827015 -0.5297809112406695 0 0 0
0.001639344262295082 0.2475511377630494 -0.18181684195289313 0.23849384649857894 0 0 0
0.001639344262295082 0.24072353273015876 -0.5265656307734605 -0.07855351303933564 0 0 0
0.001639344262295082 0.48733581486923255 -0.12231273501989852 -0.05831838011347212 0 0 0
0.001639344262295082 0.38464001101165474 0.1760294739663913 0.17065256463396922 0 0 0
0.001639344262295082 -0.041614514096349635 -0.40360360179458604 -0.5275090212615787 0 0 0
0.001639344262295082 -0.3859021260513868 -0.08754092510922747 0.09339487916651022 0 0 0
0.001639344262295082 -0.5227462132584566 -0.07491261071730222 -0.4131249836093047 0 0 0
0.001639344262295082 0.44968637925351373 0.20424629187351098 -0.09232507160893584 0 0 0
0.001639344262295082 0.37255940990942443 0.17904841571920538 -0.19216449221997728 0 0 0
0.001639344262295082 0.6594501815585958 0.12811163533994127 0.07402836733582562 0 0 0
0.001639344262295082 -0.4087114124566234 -0.09250794561712689 -0.11770915636273019 0 0 0
0.001639344262295082 -0.1612426424167471 -0.11590185918832237 0.3849603678992574 0 0 0
0.001639344262295082 -0.2990530874957905 0.14385555763335933 0.1693181954212755 0 0 0
0.001639344262295082 -0.3589508696397239 0.512513638388277 0.05476358652280283 0 0 0
0.001639344262295082 0.24222776227108622 -0.3426460234375813 0.5160127109327174 0 0 0
0.001639344262295082 -0.06548279678550274 0.05267055697475521 -0.2094578275327445 0 0 0
0.001639344262295082 -0.0907174037227531 0.10909454775574118 -0.32649034434316015 0 0 0
0.001639344262295082 -0.4004752085215915 -0.5451303854319145 -0.0005069786521371978 0 0 0
0.001639344262295082 -0.13521807243525716 0.15463620052129096 -0.2449826967934824 0 0 0
0.001639344262295082 -0.3418982199089565 -0.09319009378020555 -0.35516574539015067 0 0 0
0.001639344262295082 -0.05799392956426829 0.6143795096627742 -0.06341159737998636 0 0 0
0.001639344262295082 0.1400916036474545 0.05638716490502576 -0.32870546328872924 0 0 0
0.001639344262295082 0.10421463734675994 -0.17220664923429602 -0.48517898347296934 0 0 0
0.001639344262295082 0.2089148427043513 0.3502200942614566 0.46117998895111306 0 0 0
0.001639344262295082 0.08695047264259127 0.26386874069794347 0.2466166954247651 0 0 0
0.001639344262295082 -0.2076708254623217 0.4819574919120564 -0.21203373281857996 0 0 0
0.001639344262295082 -0.2649280098865297 0.3567048491430356 0.3078415446664839 0 0 0
0.001639344262295082 0.16530261615946176 0.47550116315653773 0.3924040518378139 0 0 0
0.001639344262295082 0.14476430682329997 -0.5541785446768092 0.33477390706346066 0 0 0
0.001639344262295082 -0.40219140514828516 -0.11496169602342181 -0.437234320497503 0 0 0
0.001639344262295082 -0.48993623345494797 0.1809481120823066 -0.15855012830592918 0 0 0
0.001639344262295082 0.03398030251642779 -0.6248808065442347 0.20403971899872372 0 0 0
0.001639344262295082 0.17667647744917458 0.24509046777830168 0.5897617668029822 0 0 0
0.001639344262295082 0.13092150828401156 0.32301629900434464 -0.2484886050081109 0 0 0
0.001639344262295082 0.024620050699802325 0.4892751123604461 -0.18164406273776032 0 0 0
0.001639344262295082 -0.18550347378802307 -0.028864481990287513 -0.3271076671019966 0 0 0
0.001639344262295082 -0.20602988609740921 0.5398909515066143 -0.17092159532994675 0 0 0
0.001639344262295082 0.12306642582350155 0.4167932067654546 0.4978689388590689 0 0 0
0.001639344262295082 -0.08944729038998675 -0.3444751144970012 0.2434706472625148 0 0 0
0.001639344262295082 -0.06970534037790348 -0.2830950336223845 0.4420846751287693 0 0 0
0.001639344262295082 0.028218142622296095 -0.11855240234358069 -0.22118396162272524 0 0 0
0.001639344262295082 -0.21764202406337194 -0.08842481635113825 -0.27581291392616 0 0 0
0.001639344262295082 -0.38563033009940295 -0.17206577413585927 0.420162791688832 0 0 0
0.001639344262295082 -0.0417244737605892 0.6609627519914061 0.20037240560202155 0 0 0
0.001639344262295082 0.43591075606817375 -0.15328630732567103 0.43020862377626995 0 0 0
0.001639344262295082 0.029655400082029097 -0.1392682285543721 -0.05906766364577682 0 0 0
0.001639344262295082 0.5137703787504204 -0.051933983155750305 -0.2898796875938217 0 0 0
0.001639344262295082 -0.10996343135919777 0.039283901726268604 -0.05814724600379004 0 0 0
0.001639344262295082 0.18111167930118832 -0.2632443638251743 -0.5691137230935679 0 0 0
0.001639344262295082 0.08023916298599967 -0.47667707427852857 0.13372600243355867 0 0 0
0.001639344262295082 -0.20745837146081553 -0.13973760383754427 0.0344323023707767 0 0 0
0.001639344262295082 -0.5093310247256952 -0.14269019357617765 0.29484845869348847 0 0 0
0.001639344262295082 0.06140373169315329 -0.1323535604495477 -0.5528947683711748 0 0 0
0.001639344262295082 -0.33823985800246 -0.392089632481715 -0.4231599165469744 0 0 0
0.001639344262295082 -0.2111944990732681 0.3818244751030839 0.3858108106277129 0 0 0
0.001639344262295082 -0.24798707657339134 -0.5966379356567219 0.10089339905543329 0 0 0
0.001639344262295082 0.05916700393834169 0.42889109430214256 -0.21579354515149488 0 0 0
0.001639344262295082 0.6793515558834842 0.010325921253553515 0.04231479794408587 0 0 0
0.001639344262295082 0.30548334763762447 -0.013209149848556688 -0.533084473594495 0 0 0
0.001639344262295082 0.06965044213025176 0.26990401465079167 0.501485169934469 0 0 0
0.001639344262295082 -0.11922486185392327 -0.14870149730495394 0.055197558534499404 0 0 0
0.001639344262295082 0.008176952124007864 -0.622906158977663 -0.08403901536697068 0 0 0
0.001639344262295082 -0.04854755362924321 0.5627687318268477 -0.18212342861401373 0 0 0
0.001639344262295082 0.07134887903250399 0.36580676033882215 0.050663711721403215 0 0 0
0.001639344262295082 0.2833367258582923 0.2762063251142048 0.5465714663130262 0 0 0
0.001639344262295082 -0.3941892775457185 -0.20824089881142013 -0.22132706434061503 0 0 0
0.001639344262295082 0.14183907085614741 0.17288090264615247 0.6088708139054031 0 0 0
0.001639344262295082 -0.0435772934488951 -0.026553139188697894 -0.2772710770268769 0 0 0
0.001639344262295082 -0.22117813174638892 -0.0574523544258604 -0.17289490302967253 0 0 0
0.001639344262295082 -0.21414461562105774 -0.047450125676471486 -0.4600595742524456 0 0 0
0.001639344262295082 0.1900603994157605 0.5688846019946424 0.07371221056327756 0 0 0
0.001639344262295082 0.1899792111386066 -0.26228593652696114 0.31371791381138403 0 0 0
0.001639344262295082 -0.09464481492630344 -0.10200314256336002 -0.5289590913023287 0 0 0
0.001639344262295082 0.012977263996252599 0.4364438630145371 -0.41087158626940923 0 0 0
0.001639344262295082 0.08006309042472504 0.014038052890734091 -0.007853708760076617 0 0 0
0.001639344262295082 -0.30947529140861413 -0.4873286154118808 0.2855406072672086 0 0 0
0.001639344262295082 0.20057185462329405 -0.2573203375346338 0.21903545117589715 0 0 0
0.001639344262295082 -0.2708215307402003 0.39417511788227794 0.07748308694150177 0 0 0
0.001639344262295082 0.22120996419509603 0.1448623839094313 0.31183185870538904 0 0 0
0.001639344262295082 -0.4745122818151714 -0.10009198601496301 0.04733682576668466 0 0 0
0.001639344262295082 0.11708550027556619 0.5535546105984358 0.026566652181372163 0 0 0
0.001639344262295082 -0.11432729311529724 -0.4698649880383249 0.16617700117864043 0 0 0
0.001639344262295082 -0.31129860393726416 -0.2495676741916487 -0.290461833833866 0 0 0
0.001639344262295082 0.5791687151828155 0.18921658725122628 -0.2731167574432401 0 0 0
0.001639344262295082 -0.17095814664497325 0.48381358557203646 0.17184824617163036 0 0 0
0.001639344262295082 0.24741938906401448 -0.395633243824099 0.10152708651652993 0 0 0
0.001639344262295082 -0.0372734871648889 -0.4974559297157472 0.421758798408442 0 0 0
0.001639344262295082 0.11673087607837461 0.24422835828306025 -0.6204443213604468 0 0 0
0.001639344262295082 0.16650811487470224 -0.3073194668232474 0.00843316635707535 0 0 0
0.001639344262295082 0.39092517041425046 -0.2412911680485961 0.3867361084507436 0 0 0
0.001639344262295082 0.49344557941697315 0.26728337354453774 0.13761223565297265 0 0 0
0.001639344262295082 0.4270661846998922 0.292961264716308 -0.3270335600018648 0 0 0
0.001639344262295082 0.03071410825931565 0.41492310630514057 -0.5515792420436667 0 0 0
0.001639344262295082 0.5129642563280336 0.06834048892959645 0.11922686420064055 0 0 0
0.001639344262295082 -0.303174614757865 0.2458905572355703 -0.06857015987261568 0 0 0
0.001639344262295082 0.43770261962597085 0.1482299458565496 -0.2880051798096675 0 0 0
0.001639344262295082 0.333209398012065 -0.49746263659916906 -0.28403336425765735 0 0 0
0.001639344262295082 0.1835842482432059 -0.5296267569559762 -0.3705740096961183 0 0 0
0.001639344262295082 0.07318771074096955 -0.5038448844342718 0.14186920933762756 0 0 0
0.001639344262295082 -0.4546450754519727 0.05914944795061123 -0.2688948385536458 0 0 0
0.001639344262295082 -0.6199318567932831 0.20604575207964773 0.08777976907285674 0 0 0
0.001639344262295082 0.6207500432988206 -0.1366950336330286 -0.11853392882942261 0 0 0
0.001639344262295082 -0.3039855314827411 0.5368641214802663 -0.010140775147214669 0 0 0
0.001639344262295082 -0.1641413674575983 -0.4095129259479137 -0.14700357646594403 0 0 0
0.001639344262295082 -0.06109229625753897 0.5812829493866861 0.35569998418926596 0 0 0
0.001639344262295082 0.3100648174080204 -0.055860352722055334 -0.49285722270944227 0 0 0
0.001639344262295082 0.6030790695398794 -0.02679515822968442 -0.18538320018201584 0 0 0
0.001639344262295082 0.4647205134384602 0.012556356200146728 -0.046392763951162506 0 0 0
0.001639344262295082 -0.4383326420582119 -0.25261836392599807 0.02557962264753194 0 0 0
0.001639344262295082 -0.30558719377316124 -0.2184512700738485 0.36418922797563874 0 0 0
0.001639344262295082 0.5843673083521121 -0.07141620794192743 -0.28414186527317836 0 0 0
0.001639344262295082 -0.09580142826333563 0.39856013782427974 -0.11540999932533784 0 0 0
0.001639344262295082 0.48004705097826883 0.3316906371620734 0.13985260617464582 0 0 0
0.001639344262295082 -0.2746120819654543 0.32303602503166595 0.10475610590179951 0 0 0
0.001639344262295082 -0.3095785912064934 -0.3512619085308839 0.31864926349875555 0 0 0
0.001639344262295082 -0.06940113115983683 -0.6014009333866553 -0.029200020889164825 0 0 0
0.001639344262295082 0.05207841697666235 -0.3265736051018622 0.318777611912404 0 0 0
0.001639344262295082 0.10296618684487246 -0.5924547739830044 -0.1299664628502813 0 0 0
0.001639344262295082 -0.2774568563111564 -0.28848394985370085 -0.37765982395614456 0 0 0
0.001639344262295082 -0.15639359223542276 0.155849289607412 -0.1478161354193269 0 0 0
0.001639344262295082 0.6152564839499064 0.2559605876288122 -0.07886674136153983 0 0 0
0.001639344262295082 0.6694236766201128 -0.06337192604412183 -0.11562213825912054 0 0 0
0.001639344262295082 0.2861400790636586 -0.11758476581831061 -0.222938261190723 0 0 0
0.001639344262295082 0.4589755640173664 0.34235927430290486 0.04395155344631854 0 0 0
0.001639344262295082 0.3682022757782096 -0.35449795518848604 0.3939262984168989 0 0 0
0.001639344262295082 -0.052631256790267804 0.46600168569987227 -0.10032157592335167 0 0 0
0.001639344262295082 -0.06919747938032322 0.08271452839242796 -0.17712990669172307 0 0 0
0.001639344262295082 0.14652236881839809 -0.12453842587627166 0.04236018005762974 0 0 0
0.001639344262295082 -0.09803873472075324 0.2826787056066198 -0.46084745644660263 0 0 0
0.001639344262295082 0.04579671693267958 -0.18137967011858155 0.6121979291855811 0 0 0
0.001639344262295082 -0.08071344626960969 0.5200993248784345 -0.06961095151671398 0 0 0
0.001639344262295082 -0.29361572167320676 -0.4994870666988552 -0.3710328706244084 0 0 0
0.001639344262295082 -0.2017659008580087 -0.3086989871815567 0.551256452715756 0 0 0
0.001639344262295082 0.15210329618624344 0.5618840169733013 -0.01458438293336135 0 0 0
0.001639344262295082 -0.4235546588701513 -0.3269327853512931 0.047900923119662986 0 0 0
0.001639344262295082 -0.5392014922007501 0.03873232380627392 -0.15306921055014094 0 0 0
0.001639344262295082 0.08209573942134973 -0.552246593913157 -0.05067028292070186 0 0 0
0.001639344262295082 -0.19637042562323337 0.44258755756708207 -0.3203986169205785 0 0 0
0.001639344262295082 -0.599953215153371 -0.1884202632676262 -0.20025704153456192 0 0 0
0.001639344262295082 -0.013492154152521156 0.5110998611742511 -0.41821770350165355 0 0 0
0.001639344262295082 -0.34298274523062233 0.3487529702049857 -0.3150721923617082 0 0 0
0.001639344262295082 0.4500383524301149 0.07857362083407815 0.5151690139080791 0 0 0
0.001639344262295082 -0.2555041750320249 0.2626951996967332 -0.38855062413382685 0 0 0
0.001639344262295082 0.07413010076907639 -0.338996629867787 0.1974679746489479 0 0 0
0.001639344262295082 0.07280334904021425 0.5657905566256863 0.24714625473583438 0 0 0
0.001639344262295082 0.0768069400649904 0.4021568012839946 0.26163791661049557 0 0 0
0.001639344262295082 -0.18615741138559527 -0.10735232164465293 -0.5694766840176596 0 0 0
0.001639344262295082 -0.0995184100494643 -0.16912117727292336 0.6142287661298766 0 0 0
0.001639344262295082 0.34062390081452426 0.3424779222428162 -0.2812016226467382 0 0 0
0.001639344262295082 -0.4238108070823929 0.384344578684978 -0.31793972730638165 0 0 0
0.001639344262295082 0.07059630813470645 0.30670636824057285 -0.26880146346715883 0 0 0
0.001639344262295082 -0.019988172898182086 -0.023489684096082944 0.4064857188992372 0 0 0
0.001639344262295082 -0.5431409653408807 -0.3438073798263493 0.04913050515333734 0 0 0
0.001639344262295082 0.6577973568424138 0.11632206623205922 -0.013078079565836238 0 0 0
0.001639344262295082 0.12501238984644297 0.42853680930511323 0.10247381486766398 0 0 0
0.001639344262295082 0.11277897120167985 -0.04570440731050478 0.6221453914125151 0 0 0
0.001639344262295082 0.1666006458583288 -0.017372600340326616 -0.5308527091041543 0 0 0
0.001639344262295082 0.24311973489149694 -0.2399429473046473 0.0979838830139649 0 0 0
0.001639344262295082 0.2625163049601539 -0.05056322571797089 0.5890596738708364 0 0 0
0.001639344262295082 -0.4943208205398891 0.4051414137482802 0.005702471027875332 0 0 0
0.001639344262295082 -0.18414579972209258 -0.08191818119859297 0.13563927953332597 0 0 0
0.001639344262295082 0.16502537941896964 -0.3817800590302199 -0.4780932314110075 0 0 0
0.001639344262295082 -0.2549659569664244 -0.24714865997904548 -0.39460541633468527 0 0 0
0.001639344262295082 -0.037023460357969704 -0.480479491913872 0.4923750365287446 0 0 0
0.001639344262295082 -0.3508521579616683 0.34300136002911386 0.05392871744367416 0 0 0
0.001639344262295082 0.037535886492554876 0.35584642237649855 0.5375057864129137 0 0 0
0.001639344262295082 0.4492520626939515 0.22844035368790452 -0.4272434232319486 0 0 0
0.001639344262295082 -0.08478364043876585 -0.3599007471170958 -0.524270615005302 0 0 0
0.001639344262295082 0.2589009730973728 0.32896373351706193 -0.18747969646509022 0 0 0
0.001639344262295082 0.489617999708211 0.2173078130814422 -0.0661875147655748 0 0 0
0.001639344262295082 -0.13359267209853815 -0.5359487863541941 -0.01758566163906179 0 0 0
0.001639344262295082 -0.1758049490574569 0.037541301881488714 -0.3752325347806754 0 0 0
0.001639344262295082 0.2956735601389039 -0.0025172084523278748 -0.3270452725551469 0 0 0
0.001639344262295082 -0.37863721652883653 0.04127382857508366 0.4755170905413989 0 0 0
0.001639344262295082 -0.0325288366417034 0.38524870390944366 0.5126371517213086 0 0 0
0.001639344262295082 0.2247920844545227 0.0841118852449493 -0.24846835138002804 0 0 0
0.001639344262295082 -0.18616975532625082 0.22174212955965678 -0.581329057637246 0 0 0
0.001639344262295082 -0.4833338641448554 -0.2713831540358895 -0.3643560465577263 0 0 0
0.001639344262295082 -0.0695423255049609 0.04894825762447329 -0.5266420471120138 0 0 0
0.001639344262295082 -0.005161923512256451 -0.46205703913251756 -0.08714447007143818 0 0 0
0.001639344262295082 0.47429535984923565 -0.26620207963940523 0.4253517114589554 0 0 0
0.001639344262295082 -0.1798754265922233 0.04032296187979628 -0.1808782586582999 0 0 0
0.001639344262295082 -0.20778959564705937 -0.3027670717749672 -0.5141753477411516 0 0 0
0.001639344262295082 0.1545682732669572 0.08276067338809186 -0.43118255331157973 0 0 0
0.001639344262295082 0.4164782642357961 -0.14310317173990555 -0.25376603328631714 0 0 0
0.001639344262295082 -0.1791695500130473 0.08078726494816557 0.30210726569808205 0 0 0
0.001639344262295082 -0.17128772277362408 -0.18333609524617192 -0.561952028589668 0 0 0
0.001639344262295082 -0.23886646132045664 -0.4940937884939575 -0.053972378527179246 0 0 0
0.001639344262295082 -0.28518807846381294 0.08245021781254877 0.47399133791286463 0 0 0
0.001639344262295082 0.16521086462545578 -0.15563292957500052 -0.17414770013492034 0 0 0
0.001639344262295082 -0.03859859340635112 0.6561982351853219 0.03756835160736819 0 0 0
0.001639344262295082 0.10218764454803696 -0.2140132028927943 -0.025412924751049098 0 0 0
0.001639344262295082 -0.004776713262595199 -0.08181637585104955 0.24019986343197444 0 0 0
0.001639344262295082 0.001607268667454908 0.08569948568816493 0.5133889618645961 0 0 0
0.001639344262295082 0.5346577538111377 0.27284371622586057 -0.28699629499912993 0 0 0
0.001639344262295082 0.04093553985673094 -0.661968786326858 -0.16920444838989698 0 0 0
0.001639344262295082 0.09560990994680509 -0.27610032866718837 0.5934791342422914 0 0 0
0.001639344262295082 0.23461240014602153 0.07120019970623469 0.06511474231788314 0 0 0
0.001639344262295082 -0.36078346071779444 0.3413603185939767 0.47123325685002193 0 0 0
0.001639344262295082 0.46571727542688274 -0.2849044995816085 0.25443560104850216 0 0 0
0.001639344262295082 0.18838776653168554 0.25138534366626253 -0.09938655144650818 0 0 0
0.001639344262295082 -0.34652878122843983 -0.10177768334903228 0.38946379318664215 0 0 0
0.001639344262295082 0.20995383511121363 -0.20064598174399575 0.3508413827687026 0 0 0
0.001639344262295082 0.15852047741455888 0.29089139250733703 0.49416781037633517 0 0 0
0.001639344262295082 -0.08147171018016965 -0.13428537253221012 0.10589638092760197 0 0 0
0.001639344262295082 0.3982353248057254 -0.36964411510332823 -0.009399395864646684 0 0 0
0.001639344262295082 0.48564646109074 0.2726564920071741 0.18106101538913447 0 0 0
0.001639344262295082 -0.36879302694836413 0.27051580833961403 0.4767893488900376 0 0 0
0.001639344262295082 -0.461768828872265 -0.03494431451287404 0.1129135998131615 0 0 0
0.001639344262295082 -0.0959946294652058 -0.019743342329360602 0.24550921503623618 0 0 0
0.001639344262295082 -0.34081788497022913 -0.023887136961416037 0.10362636792551277 0 0 0
0.001639344262295082 -0.1955246423875692 -0.497810294489889 0.24023850306940878 0 0 0
0.001639344262295082 0.10792959260015014 -0.23471258427795152 -0.3300893369161492 0 0 0
0.001639344262295082 -0.20389441801307517 -0.058250863767190804 0.6018044367918148 0 0 0
0.001639344262295082 0.10508934110728578 0.571103198426922 -0.29676703670710103 0 0 0
0.001639344262295082 0.4303637735360062 0.29769053052341415 0.16775378687215764 0 0 0
0.001639344262295082 -0.14316009168550894 0.06771917866456498 0.14139912036243568 0 0 0
0.001639344262295082 0.22799029174343177 -0.06479325673361373 0.4307545411335804 0 0 0
0.001639344262295082 -0.2679142234146563 -0.1390875986884798 -0.5072595787121829 0 0 0
0.001639344262295082 0.048147773589963645 -0.6139486164185091 -0.12586471398577082 0 0 0
0.001639344262295082 -0.4894453657273916 0.2997354294257408 -0.3462831769325636 0 0 0
0.001639344262295082 0.3179092296161884 0.20667661661046796 -0.3865035342543833 0 0 0
0.001639344262295082 0.10286484452160903 0.0044375776349979655 0.29052973019043615 0 0 0
0.001639344262295082 0.3535510652149608 0.2585632712743738 0.20973996014141727 0 0 0
0.001639344262295082 0.5597817168624373 -0.2801495659839185 -0.09417765650928298 0 0 0
0.001639344262295082 -0.21511127285038995 -0.35420882016275884 0.17091188545061528 0 0 0
0.001639344262295082 -0.18245167008249236 -0.4442640612786459 -0.35002339036786023 0 0 0
0.001639344262295082 0.6117954101158067 0.15440545777461157 0.24938144712647572 0 0 0
0.001639344262295082 0.06047292264122154 -0.41688674274446025 -0.10102055227467951 0 0 0
0.001639344262295082 0.23348323988022104 -0.011006107706612658 -0.20055576332091157 0 0 0
0.001639344262295082 0.31044825592093594 0.508276391108359 0.0831559649575205 0 0 0
0.001639344262295082 0.11943093081726708 -0.33980038744740243 -0.2722309559005531 0 0 0
0.001639344262295082 -0.43922509368540846 -0.17824604613146658 -0.2042812969319031 0 0 0
0.001639344262295082 0.38668704306642626 -0.3878444618860352 -0.36965905395678966 0 0 0
0.001639344262295082 -0.4137526696477455 0.2899121801594021 0.37585185157834455 0 0 0
0.001639344262295082 0.18853742441352764 -0.5725169929046223 -0.15518635867363317 0 0 0
0.001639344262295082 -0.5171632470684187 0.15036034842065396 0.1948426344316526 0 0 0
0.001639344262295082 -0.11905340880643112 0.04760704317366785 -0.20760132091933 0 0 0
0.001639344262295082 0.14050201541892762 -0.213131720977894 0.02195289777918067 0 0 0
0.001639344262295082 0.384795487662049 -0.11537875948796228 0.000509596329252218 0 0 0
0.001639344262295082 0.3550598734086775 0.5268735713677963 0.18139969176301457 0 0 0
0.001639344262295082 0.12031446365043762 0.5384411880328424 -0.19444459799170422 0 0 0
0.001639344262295082 0.16701365893808917 0.23325075218897642 -0.4657550804141699 0 0 0
0.001639344262295082 -0.5278985425841395 -0.2544872656060107 -0.29257588569400284 0 0 0
0.001639344262295082 0.265712731661771 0.46849100615908934 0.02312995674937795 0 0 0
0.001639344262295082 0.0003258841666075877 0.5658372247314007 0.26271768253997874 0 0 0
0.001639344262295082 0.11559775946079145 -0.04788757655616003 0.6358352222954458 0 0 0
0.001639344262295082 0.16556663849617223 0.099931622406038 -0.4272664043709125 0 0 0
0.001639344262295082 -0.2728545836352624 0.1126299109556002 0.28175820291230363 0 0 0
0.001639344262295082 -0.0013853828819661482 -0.061139271940525416 0.4605303201068235 0 0 0
0.001639344262295082 -0.6047595800215758 -0.2086256732739439 -0.056510755219460515 0 0 0
0.001639344262295082 -0.2539064575880799 0.4122568016494679 0.20181445657428887 0 0 0
0.001639344262295082 0.06147246343123058 0.5216965291371961 0.14392707031403332 0 0 0
0.001639344262295082 0.11792506948729813 -0.5638718712746722 0.2602780549954553 0 0 0
0.001639344262295082 0.26671186986534684 -0.28906092100164166 -0.10292883056492767 0 0 0
0.001639344262295082 -0.3197215371712619 0.5765419816498685 0.07621042837045909 0 0 0
0.001639344262295082 0.4569263933887234 -0.40492752788268044 -0.12848344399753117 0 0 0
0.001639344262295082 0.6766582627288098 -0.015138956108645784 -0.022856179255793967 0 0 0
0.001639344262295082 -0.024718147755180442 -0.20758195385771558 -0.4396760219588994 0 0 0
0.001639344262295082 0.35729615440404305 0.2788211796058178 -0.2871679994214402 0 0 0
0.001639344262295082 0.13136638413810417 -0.6182580514786171 -0.2703130137012285 0 0 0
0.001639344262295082 0.6210601965974585 -0.14580402847239046 -0.10533813040380743 0 0 0
0.001639344262295082 0.6025451804118761 -0.0914747356835878 -0.08452270025896955 0 0 0
0.001639344262295082 0.10842404809562389 0.05215409343535958 -0.1097821286551494 0 0 0
0.001639344262295082 -0.1976008768001311 0.005146567593118364 0.43630848919308135 0 0 0
0.001639344262295082 -0.23120634881758306 -0.37697672215633055 0.3712013644746407 0 0 0
0.001639344262295082 -0.2596124852060523 0.45405816919918324 -0.16283898388963194 0 0 0
0.001639344262295082 -0.5012590604528903 -0.2531429124456195 -0.09634591674252756 0 0 0
0.001639344262295082 0.2251509435455229 -0.5220021524971984 0.02404957856779376 0 0 0
0.001639344262295082 0.5202488812163596 -0.4046041002618848 0.15740027249286795 0 0 0
0.001639344262295082 -0.3317550577148074 0.20839464810232128 0.15950433282802656 0 0 0
0.001639344262295082 -0.6851811310694226 -0.017713218951379353 -0.008571684332348426 0 0 0
0.001639344262295082 0.17843201939825556 0.11673461073281818 0.2799978008755452 0 0 0
0.001639344262295082 0.4379078675850019 -0.022130499963540957 -0.0832641088258665 0 0 0
0.001639344262295082 0.3899459268007441 -0.13526809695263514 -0.24196797157177868 0 0 0
0.001639344262295082 0.2936604914280677 0.5882952586815595 -0.043391071787483894 0 0 0
0.001639344262295082 -0.5177061985702441 0.16507561192117476 0.23688847692872053 0 0 0
0.001639344262295082 0.1362703335704326 0.4247186052387592 0.06672795971141456 0 0 0
0.001639344262295082 -0.3901924940910396 -0.32549317057973054 0.1407993369981895 0 0 0
0.001639344262295082 0.5172394045787119 0.3021106821393768 -0.0037262699519094757 0 0 0
0.001639344262295082 0.41297247396045034 -0.22873495427339613 0.21334122590545043 0 0 0
0.001639344262295082 -0.39295690904066943 0.12800756500765428 -0.24263503990249013 0 0 0
0.001639344262295082 -0.5298271136152254 0.19937558993537546 -0.13023281162141453 0 0 0
0.001639344262295082 -0.3015669707702252 0.005321408262058886 -0.4745923810695848 0 0 0
0.001639344262295082 0.13355280580631324 -0.07129020287975145 -0.4428324380374913 0 0 0
0.001639344262295082 0.06529379481097922 0.22605342109271573 -0.09508978245080749 0 0 0
0.001639344262295082 0.10977730523650908 0.25201802932544387 0.3084556638167733 0 0 0
0.001639344262295082 -0.13149122861597112 0.05768330192417263 -0.08901038334580189 0 0 0
0.001639344262295082 -0.11195105462237473 0.48557066022026374 0.17101913925271245 0 0 0
0.001639344262295082 0.21313251165900576 0.4154819670216615 -0.4951715689986433 0 0 0
0.001639344262295082 -0.10086995599286351 -0.5124385838166033 -0.16748297866143463 0 0 0
0.001639344262295082 -0.30393271796523597 0.31155180003040095 0.26170207027903764 0 0 0
0.001639344262295082 -0.46840097829281924 0.10926712320621142 -0.12192646820273055 0 0 0
0.001639344262295082 0.21259347782257745 0.1938682859204105 0.03922512730518781 0 0 0
0.001639344262295082 0.4839319267564523 -0.44678573223116885 -0.0024623953684350377 0 0 0
0.001639344262295082 0.3618386948124817 0.26972734156208383 0.026654071982039115 0 0 0
0.001639344262295082 -0.31868985687617407 -0.4567578402028971 0.339599956134407 0 0 0
0.001639344262295082 0.5738833954425754 -0.30106807097483285 0.03296616095285483 0 0 0
0.001639344262295082 -0.09070040946055369 -0.5506681595483629 -0.09952572083097354 0 0 0
0.001639344262295082 -0.24444547804371192 -0.11803223777710219 0.5822789399232422 0 0 0
0.001639344262295082 -0.3709725735363272 -0.3405080424169565 -0.2147740866372229 0 0 0
0.001639344262295082 0.08769661756351167 -0.4984295696658691 0.3307343809417392 0 0 0
0.001639344262295082 0.17379693401835475 0.22281576311411877 -0.24171615914264918 0 0 0
0.001639344262295082 -0.6045107526550454 0.26923747713198576 0.1268460850485128 0 0 0
0.001639344262295082 0.04420435413959731 -0.15837532121857387 -0.17078115075557973 0 0 0
0.001639344262295082 0.22283115659739305 -0.35480571186832366 -0.42707639924925384 0 0 0
0.001639344262295082 0.2719038804426735 0.02842688216937028 -0.4616235796264727 0 0 0
0.001639344262295082 0.08546681278792267 0.5410633106621223 -0.19392515503706864 0 0 0
0.001639344262295082 -0.26674523384158094 -0.43919171351644626 -0.0824076835374921 0 0 0
0.001639344262295082 0.2775327702340502 -0.47612123989760985 0.26006060722291624 0 0 0
0.001639344262295082 0.2148156472666671 -0.18089573065619666 0.2385411384505038 0 0 0
