200
0
0.005 -0.6261725272333472 -0.18491888315262955 -0.09672742627198604 0 0 0
0.005 -0.02234943129613532 0.4404147180087091 -0.11331558987086227 0 0 0
0.005 0.45680069579703514 -0.13190906482161277 -0.09174396758943835 0 0 0
0.005 0.278720229405843 -0.2706054031203368 0.5722750891169437 0 0 0
0.005 -0.13144580220664828 -0.06300238033536273 -0.3539891367549333 0 0 0
0.005 0.12315139657809913 0.6117989114179786 0.05111806924833027 0 0 0
0.005 -0.5078216390356468 0.16393582172322782 -0.3276356948186027 0 0 0
0.005 -0.14343971181710993 -0.44954866604464866 -0.0722296051656735 0 0 0
0.005 -0.0005259186762902793 0.45181825771790707 -0.29284600285239787 0 0 0
0.005 0.5210135126538418 0.33881079917754925 0.035248962879901626 0 0 0
0.005 0.3527756868564001 -0.04190245747843458 0.3889013719601724 0 0 0
0.005 -0.09087245715910436 0.029967856012797868 -0.3058556099099673 0 0 0
0.005 -0.020082258771999928 -0.5531620654185284 -0.32271468047763724 0 0 0
0.005 -0.2950076729379483 0.5750625670091746 -0.042467407497644834 0 0 0
0.005 -0.08274135474681574 0.5328076909382371 0.05751480931343813 0 0 0
0.005 -0.4385813782780251 0.10396262293578365 0.5160842836363639 0 0 0
0.005 0.48964409673076076 0.012449694143199937 0.16243743235615918 0 0 0
0.005 0.03908567898308766 0.21348863048693628 -0.4057845510229179 0 0 0
0.005 0.19578374543658775 -0.35341569643891435 0.5254051672501083 0 0 0
0.005 -0.10530021370919543 0.34643673406381514 0.13770391068338067 0 0 0
0.005 0.23601507181056672 -0.12507299858443538 -0.421314913870426 0 0 0
0.005 -0.33525754222731735 0.3613402934418957 -0.06968859032822272 0 0 0
0.005 -0.5903766489641997 -0.005861919632444646 0.20397787458431638 0 0 0
0.005 0.16900579096418197 0.5128926962367588 -0.2213911865202057 0 0 0
0.005 -0.013302692707158127 -0.0023231688122429617 0.49632694076019856 0 0 0
0.005 0.3028920322576633 0.009730400134814476 0.49155010440615515 0 0 0
0.005 -0.29685051042338867 0.5307216667083621 0.3301924071865691 0 0 0
0.005 0.5430055821010298 -0.27223059891298484 -0.023871174198161343 0 0 0
0.005 -0.2760936225020366 0.18351968144128722 0.34875637017466016 0 0 0
0.005 0.13651138086721992 -0.2491972843053311 -0.5623302798451039 0 0 0
0.005 -0.11231039261346085 0.05784661751400593 0.6022257597328668 0 0 0
0.005 0.24836591230846516 -0.05186977216553247 -0.4714299140902014 0 0 0
0.005 -0.4190831987234826 -0.3440057908334719 -0.07834202049521752 0 0 0
0.005 -0.1796132859378288 0.3244799360946717 -0.028552713933010322 0 0 0
0.005 -0.5429164109223098 0.06417186355112306 -0.16232768316298027 0 0 0
0.005 -0.29161309425944765 -0.07810871605305778 0.4481749774198477 0 0 0
0.005 0.43046220550944747 0.29652311408997395 -0.1387056293656217 0 0 0
0.005 0.31383215387836616 0.07328553355851546 -0.3520865515659202 0 0 0
0.005 0.5052926171366747 -0.20313780178727747 0.3615859164758761 0 0 0
0.005 -0.5218289808203946 0.26889272233247263 -0.11285039226911643 0 0 0
0.005 -0.06677004330927386 0.5913274850647363 -0.03908924884773545 0 0 0
0.005 -0.30503968336411597 0.4115619672557827 0.14541559051732691 0 0 0
0.005 -0.15138235360223562 0.2049074797875288 -0.3547444207825429 0 0 0
0.005 0.40336268757284827 0.4887457476780076 0.026034508659707033 0 0 0
0.005 -0.20125723944288082 0.5778666184183985 -0.1557043590745082 0 0 0
0.005 0.21457938318749054 -0.27193321070657733 -0.11595030632070079 0 0 0
0.005 0.20907010222872793 0.6002974394047486 0.13276917197042357 0 0 0
0.005 0.4869980512300166 0.22446013944609383 0.10179840861962322 0 0 0
0.005 0.013819077904911839 0.506744318977895 0.08524092999386836 0 0 0
0.005 -0.4004503476529378 0.3269006083615969 0.18552306006185126 0 0 0
0.005 -0.22223526343999933 -0.28897976426259325 0.06827381027419822 0 0 0
0.005 -0.2399589891913679 0.5802994286476796 -0.26297472414705053 0 0 0
0.005 -0.4932979517843996 0.32065975246209094 0.02147178226676154 0 0 0
0.005 -0.4766429066656389 -0.07904855121400634 -0.418549751802127 0 0 0
0.005 -0.11552413360301829 -0.005803517754504091 0.15245462225935347 0 0 0
0.005 0.13641537767501 -0.5641028535938419 -0.3305968167165534 0 0 0
0.005 0.449859585386541 -0.1244211682154453 -0.299599707595536 0 0 0
0.005 -0.17417816626704413 0.23073372203958442 -0.057071949501510504 0 0 0
0.005 -0.34303927339762014 -0.2657479123945098 0.04466506358443929 0 0 0
0.005 0.4560000629566354 0.35295788843913667 -0.3652885760714407 0 0 0
0.005 0.5441945283165252 -0.31133872797360296 0.2291135396557902 0 0 0
0.005 -0.0957503533294028 0.2058400141213595 -0.0004164375788566149 0 0 0
0.005 -0.3884557608477258 0.3922778100053049 0.2986475010392545 0 0 0
0.005 -0.09704165836431163 0.3025603597538071 -0.4690666786658421 0 0 0
0.005 -0.4416330045011713 0.012910689910566158 0.5274657667313676 0 0 0
0.005 0.13670220353573379 0.39681843565120645 0.37577411070645084 0 0 0
0.005 0.04321910304492498 -0.4306006628983063 0.4135772844837939 0 0 0
0.005 -0.33476817096934974 0.5607658961587364 -0.051881960701790866 0 0 0
0.005 0.18093471027084512 0.16686181267815398 0.36940625061031324 0 0 0
0.005 0.09950208787081688 -0.2318024838270379 -0.07352582185429474 0 0 0
0.005 0.25114076414571523 0.18175765014312928 -0.3367734780348197 0 0 0
0.005 0.11351588813814721 0.04173765829179287 0.5787876842831281 0 0 0
0.005 -0.5667200765437201 -0.21143275706002754 -0.18929302745100726 0 0 0
0.005 -0.28103135933254203 0.15312993955715615 0.4935473187261991 0 0 0
0.005 -0.09129222330962519 0.22142889517541375 -0.2587756333816043 0 0 0
0.005 0.16962422483106082 0.2104778128514319 0.2915101127630532 0 0 0
0.005 -0.46161490263450117 -0.03945115529185686 -0.2570467651349083 0 0 0
0.005 -0.16382993388233824 -0.23988614274775985 0.12439511458233062 0 0 0
0.005 -0.019432488014242875 0.21653786213911885 -0.3325843966815067 0 0 0
0.005 0.22138372001210432 0.3095236976362612 0.15672064574007266 0 0 0
0.005 -0.45126111824494347 0.49816202341429844 0.07072934096670587 0 0 0
0.005 -0.4021872254914865 -0.2544214259310508 -0.011971374952274466 0 0 0
0.005 -0.2559554515207693 0.51459945074214 -0.046485514884692505 0 0 0
0.005 -0.30358156540933245 -0.3297443861034865 0.3394662138464214 0 0 0
0.005 0.37066282913688625 0.1691115125504092 -0.20710021541477008 0 0 0
0.005 0.14502111777203655 0.24894453956204887 0.16614330066483388 0 0 0
0.005 0.388913799687644 -0.0850935878340259 -0.39274202980624506 0 0 0
0.005 -0.24275819410615468 0.40799812395626683 0.1413142943814323 0 0 0
0.005 0.10770185651754886 0.05626034041355932 -0.1536828320643003 0 0 0
0.005 0.27361326214106385 -0.04691824284343791 -0.6151823580258758 0 0 0
0.005 -0.1556549234328021 -0.5188549090762214 0.4105679593080986 0 0 0
0.005 -0.3118214507259185 0.3809439944851137 -0.4685625788205564 0 0 0
0.005 -0.15306947834338364 -0.5288006094871412 0.08105145264003961 0 0 0
0.005 0.6048905069467352 0.06635550274306852 -0.1547087374734895 0 0 0
0.005 0.5224548565204583 -0.1561122477588301 0.09850379013150153 0 0 0
0.005 0.020842801910313728 0.33581028918156014 0.15938814477441945 0 0 0
0.005 -0.38774598681275774 -0.22202411444814865 -0.3172239106575123 0 0 0
0.005 -0.08919540269405925 -0.08060500686331488 0.5715681453606247 0 0 0
0.005 -0.3232353919242416 0.31908267629820075 -0.1402517412488777 0 0 0
0.005 0.0013694925446166028 0.33870429056374557 0.31191189900013455 0 0 0
0.005 -0.07788172322805577 0.05725340208736399 -0.5140683114330439 0 0 0
0.005 -0.27701315337097304 0.40976772988258453 -0.4210757821368495 0 0 0
0.005 0.4029561557073261 0.22773479498566543 -0.1966075090520892 0 0 0
0.005 -0.3561070646458964 -0.17910438743950016 -0.12153705571074114 0 0 0
0.005 -0.009898822277778573 -0.5339029561845623 0.1914545637718469 0 0 0
0.005 -0.3843309373107223 -0.2941937011913939 0.2699162594892613 0 0 0
0.005 -0.1033930124986955 0.3332845559470806 -0.09859594605222329 0 0 0
0.005 -0.21241626287723983 0.37138844853500735 -0.4235959126845694 0 0 0
0.005 -0.3111922376755764 0.35611314619516243 0.1611741497239813 0 0 0
0.005 0.23483494347604303 0.27184433946234543 0.21030277167466455 0 0 0
0.005 0.15248038638948933 0.11535540611450479 0.2896897937092579 0 0 0
0.005 -0.33586431536255545 0.11871801672990005 -0.019053288519777254 0 0 0
0.005 0.48799879355172276 -0.4608019223415106 0.03594987007635531 0 0 0
0.005 0.4620441676187425 0.045818360736364146 0.04606419034190237 0 0 0
0.005 -0.5050082342336157 -0.42931083344348525 -0.14043536816452132 0 0 0
0.005 -0.3262948213911005 -0.3134966296103454 -0.08507034588744551 0 0 0
0.005 0.233386431815336 -0.03419062781421302 0.4520582195816728 0 0 0
0.005 0.017902985857325696 -0.12844945966563992 -0.29308427874655285 0 0 0
0.005 0.358562435074918 0.527309499067998 0.2238929711258479 0 0 0
0.005 -0.17925829171213387 -0.11840082846604727 0.14424699713050917 0 0 0
0.005 -0.28865411555975773 -0.38161630223802934 0.14107331622273792 0 0 0
0.005 -0.104200213514896 0.34571594590820787 -0.46270344732563273 0 0 0
0.005 0.2836553158989507 0.21093248801770773 0.37535727682792075 0 0 0
0.005 -0.3927340253296419 -0.18629892959972613 0.34248888314412146 0 0 0
0.005 0.3715656698251 -0.2213936862389655 0.47256021616569754 0 0 0
0.005 -0.1686690828468041 -0.5945118814035669 -0.20894497016717342 0 0 0
0.005 0.14791415204721134 0.11153719908935121 -0.5299476847502751 0 0 0
0.005 0.12537809445048448 -0.17985127434057935 -0.024910987841037527 0 0 0
0.005 0.22034267327976917 0.09641475252157751 -0.03864921311567691 0 0 0
0.005 0.39008814452139157 0.4064894657906291 -0.34946275275447786 0 0 0
0.005 0.01729843731972059 0.3541909475747834 0.4064214723632841 0 0 0
0.005 -0.3714284051505657 0.0408075705169031 0.22243855837134466 0 0 0
0.005 0.2176676678769354 -0.3347896146004081 0.3539575194729281 0 0 0
0.005 -0.22703944512058594 0.3130135289669069 0.3649971800536681 0 0 0
0.005 -0.2642690070279903 0.3552348490038136 0.19422273253367625 0 0 0
0.005 0.440351220235547 0.038257248827929816 -0.5254065843563491 0 0 0
0.005 -0.06992767174631391 -0.6371475041671435 0.2415934887725306 0 0 0
0.005 -0.2780193195651499 -0.06756999273160776 0.6242476706766016 0 0 0
0.005 -0.2966028981300391 0.46265975251524744 -0.35070407463271774 0 0 0
0.005 -0.011879405790558172 0.16926851709087964 -0.302011003460389 0 0 0
0.005 0.12943563475110476 -0.41118390340568595 0.14067754037325894 0 0 0
0.005 0.5182153267978674 -0.2700699543366417 0.22805022070894695 0 0 0
0.005 -0.4817870910159349 0.33169357801182076 0.07647529700662606 0 0 0
0.005 -0.3315903798630449 -0.10895203439130094 -0.42116140392422974 0 0 0
0.005 -0.3042632732664879 0.2652523913097673 -0.029310738176688098 0 0 0
0.005 -0.3784362350106819 -0.30270783575248394 -0.016329630164364898 0 0 0
0.005 0.5938967784479412 -0.04730555865563404 -0.35163511981030865 0 0 0
0.005 -0.09716629606215166 0.5209036144419366 0.12319665377777804 0 0 0
0.005 0.33734534538208805 -0.059945428135449716 -0.03228825226809839 0 0 0
0.005 0.14857180037925216 0.046268832327377024 0.3995277022669766 0 0 0
0.005 0.23172607628222744 -0.22215391100555493 0.052284535538158955 0 0 0
0.005 0.24526428000356712 -0.03939625827142727 -0.5218278876109688 0 0 0
0.005 -0.42807721282612915 0.18066124357616972 -0.44473537569428234 0 0 0
0.005 0.09928440779278448 0.10481108740495122 -0.6229714412440102 0 0 0
0.005 -0.35995461410534235 0.36512903662803897 0.2822642329752662 0 0 0
0.005 -0.028476079873878138 0.45975472476616164 0.25001132744643667 0 0 0
0.005 0.021594332100727674 0.24602178876687378 -0.03861345799753349 0 0 0
0.005 -0.12634499122197193 0.08047497071249186 0.5518038795040844 0 0 0
0.005 0.08348844207046024 0.0822423339201887 0.155566512072291 0 0 0
0.005 0.33892630177753774 0.08474083477268315 0.13492135211836526 0 0 0
0.005 0.21918507933218676 -0.20027871740294564 -0.06185004790823999 0 0 0
0.005 -0.17426054008137778 0.29165067351497964 0.4078837329095228 0 0 0
0.005 0.21067152103008635 0.5724190796519092 0.10030623964941493 0 0 0
0.005 0.19024547447179227 0.07087579610487478 -0.5226272570931287 0 0 0
0.005 0.09448599328059348 -0.1260455617144424 -0.6408365302814117 0 0 0
0.005 -0.13050453856141564 -0.2969500321759983 -0.10988802633129645 0 0 0
0.005 0.0030044261231669364 0.013076192653558685 -0.3947830238902987 0 0 0
0.005 0.2470511927242916 -0.42345752972379064 0.43587493173793296 0 0 0
0.005 0.44301429694048367 0.4577885912208137 -0.04784880386089511 0 0 0
0.005 0.2917564485511194 0.267112480737632 0.20825724547099123 0 0 0
0.005 -0.1321045929528136 0.181362507263848 -0.5096364610123474 0 0 0
0.005 0.3034749612531405 0.041460396069358585 -0.02598771115862499 0 0 0
0.005 0.6434422977295509 -0.23236111571369783 0.05012335742185617 0 0 0
0.005 -0.3396317714211929 -0.31320045308183153 -0.21345102667616142 0 0 0
0.005 -0.015974399867512683 0.24558351156531696 0.5909755045113653 0 0 0
0.005 0.1043600172299797 0.06383832165383184 -0.4763367775477651 0 0 0
0.005 0.452010597983317 -0.06983376220428261 0.36703843520753615 0 0 0
0.005 0.45242950850269936 -0.04716940234822454 0.1502129881529007 0 0 0
0.005 -0.47922456337064057 -0.33980152831071997 -0.17740818745626788 0 0 0
0.005 -0.42204114499383055 -0.1878758747835501 -0.01727282113246791 0 0 0
0.005 -0.35596252342402435 -0.4755633430886378 -0.1470969448577899 0 0 0
0.005 -0.44540290036416785 -0.25938024552533884 -0.4186058183580464 0 0 0
0.005 -0.46490772226646054 -0.027787193821651266 -0.20712086577595165 0 0 0
0.005 -0.21914472341691532 0.5660223961617276 -0.22681574337682325 0 0 0
0.005 0.5369057508040065 -0.24557602348729107 -0.25894653960309244 0 0 0
0.005 -0.12466354165198491 0.050915777419748516 -0.6160781433063486 0 0 0
0.005 -0.3170476011459124 -0.5713799403740145 -0.06989685548499225 0 0 0
0.005 0.3563535742531417 0.04655294165334282 -0.568538180414284 0 0 0
0.005 0.5350760845907783 0.19825854574066845 -0.003251018980352225 0 0 0
0.005 -0.340291394111692 0.23753082237835726 0.22879783838606957 0 0 0
0.005 0.48011866527533936 0.0493747730604624 0.47933546825922596 0 0 0
0.005 -0.29045901869805113 0.07671270579674737 0.40540326377424923 0 0 0
0.005 -0.3214068498770876 -0.30279387182284595 -0.1095296082481435 0 0 0
0.005 -0.5607559747462304 -0.26243724377521893 -0.08529295465009555 0 0 0
0.005 -0.2186820527407498 -0.3963702902079596 0.2919447120376024 0 0 0
0.005 0.06321099810807404 -0.25781422185638675 -0.4997548711301018 0 0 0
0.005 0.4748482961517828 -0.4977969216698195 0.06668571319475258 0 0 0
0.005 -0.020457316345930874 -0.5596503285610454 0.3316734223653643 0 0 0
0.005 -0.06229211800377512 0.3914500766800113 -0.3154064249964922 0 0 0
0.005 0.4049063528128183 0.11167778807971082 0.2474088458843844 0 0 0
