1090
0
0.0009174311926605505 0.10621342135695375 -0.10709626152813949 -0.2722039095496567 0 0 0
0.0009174311926605505 -0.4171116651781114 -0.2825017233823684 0.3819906018275672 0 0 0
0.0009174311926605505 -0.5843499559761427 0.22484589559468357 -0.16429998081614378 0 0 0
0.0009174311926605505 0.3478510413852204 0.11486775028090451 -0.319468854315512 0 0 0
0.0009174311926605505 -0.2600035906332833 0.3002773465819542 0.23696908683492443 0 0 0
0.0009174311926605505 0.5078112168740017 -0.4408053742188474 -0.15517182247741806 0 0 0
0.0009174311926605505 0.1364038056786572 -0.0011636246015382372 0.5735389229146911 0 0 0
0.0009174311926605505 -0.16854690346909956 0.05926360079304352 0.04007992559645772 0 0 0
0.0009174311926605505 -0.2495862664338231 -0.10846507912366161 -0.1270937525623991 0 0 0
0.0009174311926605505 -0.28918167802073347 -0.5107643922181555 0.1715811084478475 0 0 0
0.0009174311926605505 -0.007268528351951613 -0.10792260173260547 0.5796699617740331 0 0 0
0.0009174311926605505 -0.26974511988259564 -0.2793027128534522 0.13840836892914316 0 0 0
0.0009174311926605505 0.03463492594875125 0.15420202655111345 0.13001618437919268 0 0 0
0.0009174311926605505 0.5650238513922963 -0.04544017771392454 0.197962074434695 0 0 0
0.0009174311926605505 -0.3680567676394888 -0.31957248208415173 -0.011740324993152721 0 0 0
0.0009174311926605505 -0.24085642495287296 -0.15969739079787107 0.1985044918400805 0 0 0
0.0009174311926605505 -0.15384105192142533 0.02021365319699592 -0.46632784710024533 0 0 0
0.0009174311926605505 0.4416488139557673 -0.36494514558504093 0.17682560480310044 0 0 0
0.0009174311926605505 -0.5159588292479005 0.3925517223476906 -0.24551873177824554 0 0 0
0.0009174311926605505 -0.29195099506557937 -0.2038350417613905 -0.20009550016044722 0 0 0
0.0009174311926605505 0.22143094729496482 -0.08787126277001005 -0.3432413417983753 0 0 0
0.0009174311926605505 0.5715907018194406 -0.0832659407322241 -0.2363945904013072 0 0 0
0.0009174311926605505 0.15593568834807864 0.003048401471456651 -0.44863880386627697 0 0 0
0.0009174311926605505 -0.04552115114551985 -0.06467861068266163 0.1495057473909533 0 0 0
0.0009174311926605505 -0.3461065827196054 -0.42117721414394316 0.023074490575857764 0 0 0
0.0009174311926605505 -0.01910204222655073 0.3653962351167401 -0.5326956598197429 0 0 0
0.0009174311926605505 0.012440805773953654 -0.5205472118190634 0.02299733003096842 0 0 0
0.0009174311926605505 0.32002864735340153 -0.21948810940290378 -0.3452767071196998 0 0 0
0.0009174311926605505 0.42052056781649627 -0.09751591767446355 0.1101211566896764 0 0 0
0.0009174311926605505 0.19620111622084604 0.5074435381938015 -0.2964985559213018 0 0 0
0.0009174311926605505 -0.2104465267955894 0.20360386433821115 0.4211796980278539 0 0 0
0.0009174311926605505 -0.2514573586205713 -0.33794982561105275 0.3053268046602659 0 0 0
0.0009174311926605505 0.6565362307932138 -0.17582550084750076 0.10621040787458594 0 0 0
0.0009174311926605505 -0.3933482515961921 0.34348645286432844 -0.23682379296762726 0 0 0
0.0009174311926605505 -0.3201061017166639 -0.1664894231750546 -0.07289923426085117 0 0 0
0.0009174311926605505 -0.15836327659925756 0.12306649855651432 -0.5562701601440302 0 0 0
0.0009174311926605505 0.040974269948377134 -0.2855927057466665 -0.27689939921281814 0 0 0
0.0009174311926605505 0.49730002851979305 -0.23286491088702488 -0.37790771307849363 0 0 0
0.0009174311926605505 0.1415855529370369 0.20972200402902394 -0.5472625372051092 0 0 0
0.0009174311926605505 0.04304577529357689 -0.05120362635394568 -0.22859123486040767 0 0 0
0.0009174311926605505 -0.508574670648672 0.21053164079804904 -0.361774527232498 0 0 0
0.0009174311926605505 0.07391109292630622 0.42340648892600485 0.31913399451517727 0 0 0
0.0009174311926605505 0.08601294074560001 0.398282737956876 -0.493405442103382 0 0 0
0.0009174311926605505 0.2930221272788585 0.1746298699783828 -0.3861612658463667 0 0 0
0.0009174311926605505 -0.5160795458586377 0.22378586751503007 0.04322753598263375 0 0 0
0.0009174311926605505 -0.04362937434473368 0.20382361745655087 -0.4098246264295853 0 0 0
0.0009174311926605505 -0.33786590847497905 -0.46557915310411785 0.1775564062371098 0 0 0
0.0009174311926605505 -0.1768940870213624 0.3749307779659034 -0.4694538998439248 0 0 0
0.0009174311926605505 0.35582841442782775 -0.14158491828572364 -0.4360459579555686 0 0 0
0.0009174311926605505 -0.28762625815740733 -0.4370850190667659 0.2102401325198091 0 0 0
0.0009174311926605505 -0.06638496148022646 -0.5974624592877431 -0.3196838303769924 0 0 0
0.0009174311926605505 0.39283645588118404 0.27199997469271026 0.000713793435009327 0 0 0
0.0009174311926605505 0.4610935824647823 0.47111275720330853 0.017434961804525327 0 0 0
0.0009174311926605505 -0.6000314835009387 0.11439519463928588 0.186054845812883 0 0 0
0.0009174311926605505 0.11770366609808088 0.24407264017746613 -0.07965245471405273 0 0 0
0.0009174311926605505 -0.15704666207455234 0.20730538783965385 0.30934090629519334 0 0 0
0.0009174311926605505 0.324199374750588 -0.04041374598644332 0.4040465012913593 0 0 0
0.0009174311926605505 0.16766855063266028 0.043233152221104486 0.5501212922805435 0 0 0
0.0009174311926605505 0.09363851197341745 -0.3055033918797408 0.2349803975946423 0 0 0
0.0009174311926605505 0.30308153338517585 -0.21356746325600282 -0.022537975167178818 0 0 0
0.0009174311926605505 0.5681667109943108 -0.25211564966436956 0.038538040942829054 0 0 0
0.0009174311926605505 0.47760663111617047 0.48637158633413297 0.09773457766958142 0 0 0
0.0009174311926605505 0.49912335545673975 -0.10244702561023356 0.25977844903739433 0 0 0
0.0009174311926605505 0.24673286654186655 0.11816749207229454 0.5741037278664025 0 0 0
0.0009174311926605505 0.2284742600030961 0.09982213241108792 0.3957326478943011 0 0 0
0.0009174311926605505 -0.4280718054225175 -0.16967497676820362 -0.3466410092772985 0 0 0
0.0009174311926605505 0.18619319229442582 -0.43356223952366285 -0.3637796365139472 0 0 0
0.0009174311926605505 0.17467842628705685 0.1957654650567307 -0.42880878159556174 0 0 0
0.0009174311926605505 -0.18109650803921978 0.1321270815583265 0.3002990952700566 0 0 0
0.0009174311926605505 -0.26719468806642876 0.2429423501945663 -0.17667132926533252 0 0 0
0.0009174311926605505 0.4752534289048287 0.5012615921033483 0.04879345552016143 0 0 0
0.0009174311926605505 0.3150277575166881 -0.41547373502899637 0.3122053376311675 0 0 0
0.0009174311926605505 -0.22044605897074906 -0.15578860257408783 -0.086638549934069 0 0 0
0.0009174311926605505 -0.2982434814316958 0.03429018824652041 0.01297578508360206 0 0 0
0.0009174311926605505 -0.20806980403863878 0.09954523764939335 -0.504241224895229 0 0 0
0.0009174311926605505 0.20945609537540782 0.03663849010020053 -0.2579390328290691 0 0 0
0.0009174311926605505 -0.6164627974508419 0.2813840529600014 0.08355651961154134 0 0 0
0.0009174311926605505 -0.032101021553710245 -0.05277685064223612 -0.07324943569772152 0 0 0
0.0009174311926605505 0.5377608078275351 0.2882429180645857 -0.09534708423428462 0 0 0
0.0009174311926605505 -0.5048303013696193 -0.2774802244981499 0.015356327005434446 0 0 0
0.0009174311926605505 -0.17561623484938374 0.1734512757225785 0.5783895379280983 0 0 0
0.0009174311926605505 -0.3417167162596293 -0.5047306533563435 -0.24437920475315497 0 0 0
0.0009174311926605505 -0.1568896966239815 0.266531144942955 0.25165608669316314 0 0 0
0.0009174311926605505 0.30438953092866183 -0.27142805672106557 0.3957230791757036 0 0 0
0.0009174311926605505 0.6716952130939275 0.11015458078809649 0.061495737045477 0 0 0
0.0009174311926605505 0.09719617977960263 0.48739780008668226 0.32240117761259046 0 0 0
0.0009174311926605505 -0.3216151380562318 -0.0868139751647696 0.3684382889615361 0 0 0
0.0009174311926605505 0.40771427746120936 -0.3361549055534831 -0.028733884406864543 0 0 0
0.0009174311926605505 -0.13584780241590236 -0.4523651464222506 -0.32271231468596745 0 0 0
0.0009174311926605505 -0.07815170217742413 -0.1663454731635003 -0.4535872377634164 0 0 0
0.0009174311926605505 0.6174915014830962 0.20850434565918866 -0.13769300796465525 0 0 0
0.0009174311926605505 0.03728983833697127 0.0816548258054034 -0.22580719848244316 0 0 0
0.0009174311926605505 -0.30950828326587376 0.012450290087944299 0.06593209402520743 0 0 0
0.0009174311926605505 0.15564942365412088 -0.4608988512222367 0.17675276328857867 0 0 0
0.0009174311926605505 -0.32573301571566937 -0.3366146147895792 0.2702212454401811 0 0 0
0.0009174311926605505 0.14984261168207372 -0.40130630498951825 0.07484148412946186 0 0 0
0.0009174311926605505 0.21340866047701224 -0.47011141985867966 -0.36783013666951686 0 0 0
0.0009174311926605505 -0.26634424823039105 0.0638250016343538 0.5461075383613994 0 0 0
0.0009174311926605505 0.07403149298225033 -0.12847390674612888 0.4035657331960347 0 0 0
0.0009174311926605505 0.23680870354213845 0.13612712782211223 0.31380087158507597 0 0 0
0.0009174311926605505 0.03733470688344928 0.12866113216898517 -0.34773957005107997 0 0 0
0.0009174311926605505 0.6361202187147262 0.09141246239748776 0.21269657847898135 0 0 0
0.0009174311926605505 0.10053699863551081 -0.5341062683278803 -0.2848630693118025 0 0 0
0.0009174311926605505 -0.12754992075724816 -0.013307358872763703 -0.3955682623056111 0 0 0
0.0009174311926605505 -0.03366361272032317 0.23011730169115774 -0.5280990059881987 0 0 0
0.0009174311926605505 -0.12881951496422323 0.5176683076846001 -0.25393641481225926 0 0 0
0.0009174311926605505 -0.457662088297582 0.16278339140106038 -0.04958084026828304 0 0 0
0.0009174311926605505 0.29477656684522996 -0.22215000497116233 -0.47387704960359356 0 0 0
0.0009174311926605505 0.05636762918237866 0.36143511920562277 0.02298439353089381 0 0 0
0.0009174311926605505 0.24167818185372053 0.38294560928457244 0.17198471961342046 0 0 0
0.0009174311926605505 0.6414594201964243 0.07464376936595568 -0.21120458938594924 0 0 0
0.0009174311926605505 0.23904777623517742 -0.24022847781685897 0.13565804540434234 0 0 0
0.0009174311926605505 -0.1821036613389956 0.03120054194518496 -0.5943180001438865 0 0 0
0.0009174311926605505 -0.18987779087763362 -0.19326729528381487 0.07825829905419966 0 0 0
0.0009174311926605505 -0.22355575197332994 -0.6221606766616917 -0.14058999043503212 0 0 0
0.0009174311926605505 -0.576048892324182 0.3197175897431838 0.2068013237481263 0 0 0
0.0009174311926605505 -0.2348036233523924 0.531972644655665 -0.07683899495125027 0 0 0
0.0009174311926605505 0.04822219746979462 0.5238944372034658 -0.09898412566350175 0 0 0
0.0009174311926605505 0.15993298544704 -0.12992464928573744 -0.031746851893042834 0 0 0
0.0009174311926605505 -0.31857636532911554 -0.2817082869440442 0.01721556818536205 0 0 0
0.0009174311926605505 0.5930400868458539 0.3419634676991982 0.06499243452787673 0 0 0
0.0009174311926605505 -0.05002695143967304 0.39213060695368585 0.3279601761302689 0 0 0
0.0009174311926605505 0.40956901058715905 0.23827438382712612 0.02264833198000372 0 0 0
0.0009174311926605505 0.16982874060155007 0.34560657947687834 -0.10489698480412919 0 0 0
0.0009174311926605505 -0.00552178929434484 0.5729283794191679 0.19365987652698138 0 0 0
0.0009174311926605505 -0.32971650488018517 0.25998744154214165 -0.4107204111438844 0 0 0
0.0009174311926605505 0.6118523488570562 0.19202505696725963 -0.07170681763081772 0 0 0
0.0009174311926605505 0.17337128625861603 0.027184183885701423 0.3623613748402506 0 0 0
0.0009174311926605505 0.17288513543219333 -0.37661457329083425 -0.27355603602436435 0 0 0
0.0009174311926605505 0.1257642999730713 -0.2798597975727291 0.27456777037793706 0 0 0
0.0009174311926605505 -0.17468985394030384 0.526980982175112 -0.27834840689789087 0 0 0
0.0009174311926605505 -0.2881224234609701 -0.4946277675128643 0.2026801393502853 0 0 0
0.0009174311926605505 -0.02059612432377618 -0.3665127165624163 -0.2563653223834495 0 0 0
0.0009174311926605505 -0.1377267200225583 -0.11471881401471551 -0.5734705563775837 0 0 0
0.0009174311926605505 0.6620714766785942 -0.04876442061109689 -0.11764945661024248 0 0 0
0.0009174311926605505 -0.09396797753301321 0.0694432482219243 -0.21799349223107925 0 0 0
0.0009174311926605505 -0.37294421765270774 -0.01674693497253734 0.5078873731203298 0 0 0
0.0009174311926605505 0.5041903003184849 0.2528643682893614 0.13578380211759986 0 0 0
0.0009174311926605505 -0.22520213407738493 -0.4153685435273727 0.15077562998510974 0 0 0
0.0009174311926605505 -0.1117487966387066 -0.20137234510723345 -0.6512980404390033 0 0 0
0.0009174311926605505 -0.23754515003378074 0.0062721821766075015 -0.6153041453391493 0 0 0
0.0009174311926605505 0.017140612556460412 0.06353915680886094 -0.1638235367819587 0 0 0
0.0009174311926605505 -0.4628209907836482 0.36852130577607833 0.058378632944254986 0 0 0
0.0009174311926605505 -0.16599485765198313 -0.1183582043879166 -0.482624383841769 0 0 0
0.0009174311926605505 0.16183778851743102 -0.4823523497511186 0.18880547029291284 0 0 0
0.0009174311926605505 -0.21225563484629834 -0.0980200609598781 -0.17524851260434043 0 0 0
0.0009174311926605505 -0.00839266165253465 0.0043490555135321015 -0.3928040656691455 0 0 0
0.0009174311926605505 -0.19540021453623815 -0.21095378476621848 0.1483513871170554 0 0 0
0.0009174311926605505 -0.11020291322537377 0.13917338190775708 -0.19109007121464086 0 0 0
0.0009174311926605505 0.2665143179668068 -0.3499719863918314 -0.1778220663263005 0 0 0
0.0009174311926605505 0.17006893041761648 0.5373576541599938 0.12148002572126664 0 0 0
0.0009174311926605505 0.07145487781457208 0.01091888304479812 0.44282338545819927 0 0 0
0.0009174311926605505 -0.37603351130907103 0.3373473910873741 0.2696852152961443 0 0 0
0.0009174311926605505 -0.521754764406722 -0.31473698916527204 0.13099188412551258 0 0 0
0.0009174311926605505 0.003980133981020403 -0.39654625006039496 -0.06692233656056834 0 0 0
0.0009174311926605505 0.21109211620665344 -0.5202873827344331 0.0843562353700831 0 0 0
0.0009174311926605505 -0.5303209025991699 0.2701435516918013 -0.026144406637696863 0 0 0
0.0009174311926605505 -0.14056146012378742 0.5138829029186323 0.2803631499958729 0 0 0
0.0009174311926605505 0.45975493156362 -0.19818230334482695 -0.4213059798739774 0 0 0
0.0009174311926605505 -0.45174565684115336 -0.2902013975459574 0.30140316845303794 0 0 0
0.0009174311926605505 -0.09906473541389062 -0.49308756972236606 -0.41734529346111043 0 0 0
0.0009174311926605505 0.4686549104089656 0.0822161099872931 -0.18086170273371086 0 0 0
0.0009174311926605505 0.11053752754552053 0.11008311635351649 -0.29816899681899756 0 0 0
0.0009174311926605505 -0.0198058682581849 0.056971120967986996 -0.6727846849830248 0 0 0
0.0009174311926605505 -0.37375309592121303 -0.0826370931478242 -0.3600693239091573 0 0 0
0.0009174311926605505 0.20822034880584234 -0.4475541669906295 0.20950849386891926 0 0 0
0.0009174311926605505 -0.15167495716955415 -0.2580665661593137 0.025622128766087257 0 0 0
0.0009174311926605505 -0.25890311508986835 -0.004206812546080222 0.4255142302335872 0 0 0
0.0009174311926605505 0.08089120963940247 0.27667972644280103 -0.4084940796106286 0 0 0
0.0009174311926605505 0.19137543098568544 0.2034965767999574 -0.5401397974568023 0 0 0
0.0009174311926605505 -0.2949572420071971 0.28747825964614393 0.28933187432464624 0 0 0
0.0009174311926605505 0.17025542138390157 -0.22460255817603683 0.41090038146581026 0 0 0
0.0009174311926605505 0.2232357557515254 0.21364279422489696 -0.45449079289149835 0 0 0
0.0009174311926605505 0.02893223758100302 -0.4141057031174722 0.41235511449990675 0 0 0
0.0009174311926605505 -0.15927886599182894 0.5225384235474451 0.03804633007291848 0 0 0
0.0009174311926605505 0.0360184270309901 0.015679637433185345 -0.10384500031258308 0 0 0
0.0009174311926605505 0.2540147997126674 -0.32942384699101646 0.17075106061946382 0 0 0
0.0009174311926605505 0.22029312611571264 0.1856850153685066 0.3376645511852786 0 0 0
0.0009174311926605505 -0.4383593730676168 0.20006646319017357 -0.4574614435169938 0 0 0
0.0009174311926605505 0.367545748911017 0.20578860534525703 -0.41243766779263047 0 0 0
0.0009174311926605505 -0.2646544313284258 0.0800527548307413 -0.058438231432504824 0 0 0
0.0009174311926605505 -0.1754998557629799 0.10574952509984692 0.47709832870487523 0 0 0
0.0009174311926605505 0.5744737218553239 0.010797110391494757 -0.1609338870682113 0 0 0
0.0009174311926605505 0.32274226095665665 0.27099850266801745 -0.06345861421369235 0 0 0
0.0009174311926605505 -0.0010092573641298252 -0.4500876177067368 0.2907412138443379 0 0 0
0.0009174311926605505 -0.039303974444246256 0.15084703220171103 -0.379374948521564 0 0 0
0.0009174311926605505 -0.4146775406600483 -0.055364458771321255 0.3410003668334791 0 0 0
0.0009174311926605505 0.5212537551178723 0.23572323293442132 0.2647788808695166 0 0 0
0.0009174311926605505 -0.06104665900917358 0.09268363423916454 -0.6666746334720614 0 0 0
0.0009174311926605505 0.31019317010520325 -0.0696135630888572 0.18096789426607418 0 0 0
0.0009174311926605505 -0.45476036938427356 0.0019387679978118153 0.3361060519418241 0 0 0
0.0009174311926605505 0.23563491698647226 -0.5015742389722372 0.22844971817070892 0 0 0
0.0009174311926605505 -0.1042733690348036 -0.18754881828163755 0.10538732151901556 0 0 0
0.0009174311926605505 0.16127236708907805 -0.25807637613757906 0.4831606242422958 0 0 0
0.0009174311926605505 -0.04856491037271966 -0.12338534455730951 -0.43694543699338817 0 0 0
0.0009174311926605505 0.25951603899769204 0.34421518662949024 -0.07400742457848944 0 0 0
0.0009174311926605505 -0.15291469852420647 -0.35027054036734906 0.055809859517576756 0 0 0
0.0009174311926605505 -0.3569631889489671 0.37195436579372876 0.2539907336527939 0 0 0
0.0009174311926605505 0.30091365006112464 0.4148848361768387 -0.38769732655757794 0 0 0
0.0009174311926605505 0.2371241016645656 0.1556297094145668 0.2558032494383325 0 0 0
0.0009174311926605505 -0.10625061499182384 0.4123920285844052 -0.3378335266107717 0 0 0
0.0009174311926605505 -0.2700869981757934 0.4278680705205437 0.04672507636449039 0 0 0
0.0009174311926605505 -0.26759482865421513 -0.3529978167248537 0.04868401431042079 0 0 0
0.0009174311926605505 0.3927851113795393 -0.060824033597422104 -0.22581878500805902 0 0 0
0.0009174311926605505 -0.5721038618764582 0.33208509300407124 0.04872768273297803 0 0 0
0.0009174311926605505 -0.6201890182545716 -0.04457663699125673 -0.2451767415235914 0 0 0
0.0009174311926605505 -0.5239478316896699 0.2965164823298376 -0.1608530794551211 0 0 0
0.0009174311926605505 -0.30793067244701544 0.2001747748861609 0.5800175059216903 0 0 0
0.0009174311926605505 -0.23408022379146123 -0.5485186378902955 0.2673085633407028 0 0 0
0.0009174311926605505 -0.4234137010202723 -0.06122423789169702 -0.05613226142385532 0 0 0
0.0009174311926605505 -0.6238334895364966 -0.03668389604126736 -0.09172753281976818 0 0 0
0.0009174311926605505 -0.4295439739281855 -0.27833850093874 -0.17460614112494904 0 0 0
0.0009174311926605505 0.21590279716593191 -0.1050551664022985 -0.29585017418752213 0 0 0
0.0009174311926605505 -0.3226797133900294 -0.06498667872421739 0.4261846009225233 0 0 0
0.0009174311926605505 0.3408184302348656 -0.27545886997610264 0.1076194276746523 0 0 0
0.0009174311926605505 -0.06102562849054418 0.07316987581535223 -0.32854430347798885 0 0 0
0.0009174311926605505 0.13932384821755006 -0.06145993075826128 -0.6256772329441912 0 0 0
0.0009174311926605505 0.3422909997257856 -0.19438692984576336 0.1311161955233913 0 0 0
0.0009174311926605505 0.1659461506267143 -0.041620333039355834 -0.2118861784778451 0 0 0
0.0009174311926605505 -0.5381863919578908 -0.1405530574199633 0.20046472314937808 0 0 0
0.0009174311926605505 -0.2546255377361609 0.18655643644578632 -0.2941225452437087 0 0 0
0.0009174311926605505 -0.042503001253391404 -0.12716018943281537 0.10603363231654869 0 0 0
0.0009174311926605505 0.3646056884737844 0.11192313721978354 0.21242613719526476 0 0 0
0.0009174311926605505 -0.10165309888900144 -0.1806371097235169 0.27836731230624556 0 0 0
0.0009174311926605505 -0.23686813372140478 -0.2611807833055556 -0.39600231083499066 0 0 0
0.0009174311926605505 -0.3237311833942486 0.15429044785953538 -0.05819032026477163 0 0 0
0.0009174311926605505 -0.45081221605157085 -0.44980812481510457 0.05764170727493662 0 0 0
0.0009174311926605505 -0.126868801029436 -0.5958631837242018 0.11139359144560959 0 0 0
0.0009174311926605505 -0.21560305196998358 0.19006075890499158 -0.29228346434995484 0 0 0
0.0009174311926605505 0.12159209478027536 -0.40858001938675204 0.09041953972886557 0 0 0
0.0009174311926605505 -0.21660487113607022 0.42836207211453353 -0.21947471304971328 0 0 0
0.0009174311926605505 0.18058537669348285 0.05897528020475428 -0.07130498044729874 0 0 0
0.0009174311926605505 -0.5544012672413762 -0.12120786337206949 0.19750427117136968 0 0 0
0.0009174311926605505 -0.4652445566268456 0.08072475633001756 0.16807544436439192 0 0 0
0.0009174311926605505 0.4792825933774811 0.23918234833732682 -0.39463940276009685 0 0 0
0.0009174311926605505 0.4210574528243963 -0.28737214667140343 -0.12373253853308609 0 0 0
0.0009174311926605505 -0.23496582120801313 0.38271548991027954 -0.45293499574092644 0 0 0
0.0009174311926605505 0.27179457093093257 0.12358030757018165 0.43291300687047063 0 0 0
0.0009174311926605505 -0.4035718635267447 0.16277684997199396 -0.4019730898980742 0 0 0
0.0009174311926605505 -0.09916758784500904 0.4118710509218883 0.36178434484424354 0 0 0
0.0009174311926605505 0.10996407469195082 0.4801072919738777 -0.4169152362119944 0 0 0
0.0009174311926605505 0.4454257258544005 -0.31835743556503304 0.07579457172767422 0 0 0
0.0009174311926605505 0.2433868834728393 -0.5237023674608934 0.2744444079628013 0 0 0
0.0009174311926605505 0.2955955707591706 0.004193353572696695 -0.1594075393334011 0 0 0
0.0009174311926605505 -0.008688583592014049 0.13308866769501476 -0.4458765128754075 0 0 0
0.0009174311926605505 0.021713663041264493 -0.3375924939363431 -0.10507811062706722 0 0 0
0.0009174311926605505 -0.07562539245831099 -0.12761703398798502 0.5819035502209483 0 0 0
0.0009174311926605505 -0.04988627025792024 0.026643624704504862 0.6769618071177129 0 0 0
0.0009174311926605505 0.15333493308340293 0.10097697836183903 0.5842951929824921 0 0 0
0.0009174311926605505 0.010099357513237308 0.34276437234394735 -0.09295757651859428 0 0 0
0.0009174311926605505 0.48403353507035607 0.017321913259123113 -0.4606977298648044 0 0 0
0.0009174311926605505 0.05353109480432702 -0.5624240320345453 -0.14445188936757036 0 0 0
0.0009174311926605505 -0.14411469554425874 0.024363721359174185 -0.018329362635251256 0 0 0
0.0009174311926605505 -0.1973295725387475 -0.20379174624591945 -0.32328337701304344 0 0 0
0.0009174311926605505 -0.14859717112194556 -0.11773261945027455 -0.13415554735091692 0 0 0
0.0009174311926605505 -0.0897611167966285 -0.16919774943065052 0.09747742043922719 0 0 0
0.0009174311926605505 0.4232434342757379 -0.1654563824655506 -0.43674099122113197 0 0 0
0.0009174311926605505 -0.005385174277926677 0.5227986849424071 0.17616880584352623 0 0 0
0.0009174311926605505 0.650037648848162 0.12679839897764528 0.07174506081556038 0 0 0
0.0009174311926605505 0.1527847377320529 -0.011290080558051696 -0.22900615553232337 0 0 0
0.0009174311926605505 -0.27705417351306766 0.33145206053909926 -0.31184152317119407 0 0 0
0.0009174311926605505 0.1039096500860132 0.49655019557623775 -0.1774699519413071 0 0 0
0.0009174311926605505 0.05476495262885342 -0.27067958785759677 -0.45880569355790646 0 0 0
0.0009174311926605505 0.41291027136481706 0.37361787503272775 -0.32228427670466236 0 0 0
0.0009174311926605505 -0.4407185863458922 -0.33149917407455637 -0.2514611866234865 0 0 0
0.0009174311926605505 0.19643449181449318 -0.550838858276232 -0.23140309172309517 0 0 0
0.0009174311926605505 0.1372633845410076 -0.20737921819640728 -0.020198891698193028 0 0 0
0.0009174311926605505 -0.19111109669353207 0.15928938624417366 0.1631153933064857 0 0 0
0.0009174311926605505 -0.09163063284554324 0.16191772089322534 -0.4302800212688214 0 0 0
0.0009174311926605505 0.25441458334280836 -0.2192419083959727 0.08369577720586253 0 0 0
0.0009174311926605505 -0.37200285601815514 -0.23549922066578433 -0.11964422125314869 0 0 0
0.0009174311926605505 -0.11150430517099066 0.26647928543347066 0.11938962706752679 0 0 0
0.0009174311926605505 0.19511163138685916 -0.3810995550948771 -0.30424754905865453 0 0 0
0.0009174311926605505 0.12167880570301907 -0.06788198983985815 -0.5534306107848403 0 0 0
0.0009174311926605505 -0.3820760308188353 0.42411480265824886 0.13772970527959433 0 0 0
0.0009174311926605505 0.16862687987183717 -0.1236736536833156 0.33926464098303916 0 0 0
0.0009174311926605505 -0.3008100533032459 0.2919553785934705 0.5350561604031813 0 0 0
0.0009174311926605505 0.27289133494539086 -0.001836360363092899 0.054988746325927554 0 0 0
0.0009174311926605505 0.5245933455440781 0.2827136923693389 -0.1614056399862828 0 0 0
0.0009174311926605505 0.043694949759608116 0.30346098822371237 -0.3927548939740555 0 0 0
0.0009174311926605505 -0.040876419379565425 -0.30440248025856853 -0.500640077143199 0 0 0
0.0009174311926605505 -0.3329395254935611 -0.25091097675986657 0.011863539125405533 0 0 0
0.0009174311926605505 0.6006192809400782 0.04651654512528321 -0.2404483756334098 0 0 0
0.0009174311926605505 0.27234558638364054 0.13586247251157188 -0.5953477661119924 0 0 0
0.0009174311926605505 0.14511905432744301 0.20273814098386284 0.2089975302013451 0 0 0
0.0009174311926605505 -0.1282211881733818 -0.06203987326879224 -0.34901721287431486 0 0 0
0.0009174311926605505 0.18100104495581154 -0.048258604799614475 0.5080836218106773 0 0 0
0.0009174311926605505 -0.6164621196588034 0.01954149679834405 0.21904016617496713 0 0 0
0.0009174311926605505 0.42568408752822606 -0.4510196831772021 0.07386027171722727 0 0 0
0.0009174311926605505 0.4582609083698526 -0.22504173327471835 0.1740485961011522 0 0 0
0.0009174311926605505 0.32870678599391 -0.5968929080022569 -0.03480554373033291 0 0 0
0.0009174311926605505 0.179200692448543 -0.16736716603344126 0.6255032913022859 0 0 0
0.0009174311926605505 0.08007093131071921 -0.04280313161611049 0.5355686286818094 0 0 0
0.0009174311926605505 0.37973504175650474 0.2322550177243757 -0.42299385290348546 0 0 0
0.0009174311926605505 -0.27978623553467336 -0.38673451623235494 0.1915291907612875 0 0 0
0.0009174311926605505 -0.14235310068768783 -0.6772018802888902 0.007647133054588366 0 0 0
0.0009174311926605505 0.10032648628817845 0.6291763640994344 -0.1283766161510536 0 0 0
0.0009174311926605505 -0.35364346631844323 -0.1988572329889423 0.2115166473824785 0 0 0
0.0009174311926605505 -0.23310125845444726 0.4726458372495969 -0.1843158202951897 0 0 0
0.0009174311926605505 -0.6165376916028084 0.0885921474481579 0.037112101755356446 0 0 0
0.0009174311926605505 0.3263173381402617 0.4526964459015602 -0.058163046690325286 0 0 0
0.0009174311926605505 -0.2437070339833198 -0.40576982751800184 -0.2881013811676466 0 0 0
0.0009174311926605505 0.2972436742992543 -0.3972799775557446 0.020288309430809937 0 0 0
0.0009174311926605505 0.21577568940132769 -0.05021614140437033 0.5964701369370834 0 0 0
0.0009174311926605505 -0.031659453913222946 0.25308657552405883 -0.5019186510777256 0 0 0
0.0009174311926605505 0.5193292524478477 -0.060944337148368936 0.06396623662495655 0 0 0
0.0009174311926605505 -0.06476512294069102 -0.41842506493187603 -0.24573857946365585 0 0 0
0.0009174311926605505 -0.6208681055487724 -0.10701019295247349 0.05691765942990105 0 0 0
0.0009174311926605505 -0.3200869752186706 -0.401949472889393 -0.44231995244843086 0 0 0
0.0009174311926605505 -0.5558559395290245 0.3351514222160325 -0.2305929041587127 0 0 0
0.0009174311926605505 0.5827011526335955 -0.3406259739481599 0.021587807529755917 0 0 0
0.0009174311926605505 -0.04524769781481729 0.12480180626456427 -0.3207965215092096 0 0 0
0.0009174311926605505 0.5138548356490561 -0.022871808748835192 -0.24004876835408714 0 0 0
0.0009174311926605505 -0.5769555947262619 -0.22972965491164557 -0.26643382172813607 0 0 0
0.0009174311926605505 -0.015624089388303767 0.27013790981857433 -0.4973808902213663 0 0 0
0.0009174311926605505 0.2892215188511665 -0.05475619145706909 -0.18604697987275406 0 0 0
0.0009174311926605505 -0.14258581278376303 -0.20390184567442485 -0.18076040288042977 0 0 0
0.0009174311926605505 0.03671987358159121 -0.19245994743098258 -0.36770967151367856 0 0 0
0.0009174311926605505 0.32608885892079775 0.5491099846198743 -0.009460123995740964 0 0 0
0.0009174311926605505 0.42231888072016605 -0.06343898853584587 0.354836524425492 0 0 0
0.0009174311926605505 -0.10354046736890735 0.06455284015405563 -0.6132807224024762 0 0 0
0.0009174311926605505 -0.29639562660043545 -0.33663540641985834 -0.14295329717995106 0 0 0
0.0009174311926605505 -0.24496872655621268 0.20290196655550105 0.5175519799125123 0 0 0
0.0009174311926605505 0.1620190914374453 -0.3426243523572901 -0.06458464903673145 0 0 0
0.0009174311926605505 0.2975599810628234 -0.4572084609873591 0.1437359799324592 0 0 0
0.0009174311926605505 -0.3808392129738409 -0.21611972289170286 0.010092254989238087 0 0 0
0.0009174311926605505 -0.51832055853793 -0.0550375726505256 -0.4202456864902864 0 0 0
0.0009174311926605505 0.4154735717001456 0.092524351761033 -0.38003843101964363 0 0 0
0.0009174311926605505 -0.4966860487884106 0.005796582698106269 0.29792401288154857 0 0 0
0.0009174311926605505 0.030332108842868376 0.34923925612493345 -0.4182619241490599 0 0 0
0.0009174311926605505 -0.5564005715282784 0.290034022688855 0.004226907482668199 0 0 0
0.0009174311926605505 0.2924079854544678 0.17080602318515117 0.5846686558834098 0 0 0
0.0009174311926605505 0.11748770902907546 -0.030801793419937853 -0.46132442498177845 0 0 0
0.0009174311926605505 -0.310478444772404 -0.10733004188985903 -0.35782514363146745 0 0 0
0.0009174311926605505 0.37909181205719805 0.1633471377577793 0.027543597536291282 0 0 0
0.0009174311926605505 -0.3391553423756361 -0.28013167502274205 0.5050765057094394 0 0 0
0.0009174311926605505 0.005584317368528497 0.5116138945504274 -0.033948692464189266 0 0 0
0.0009174311926605505 -0.24873921749417746 0.0349519254695924 0.3535160297902741 0 0 0
0.0009174311926605505 0.16665191313701563 -0.46601028526032834 0.27641827002846564 0 0 0
0.0009174311926605505 -0.2802784285889119 -0.20722439976273224 -0.08005134705263008 0 0 0
0.0009174311926605505 -0.6287322016934939 -0.07831065901647156 -0.14325338779300378 0 0 0
0.0009174311926605505 0.09348268394526275 0.11176347072886818 -0.3455741395900982 0 0 0
0.0009174311926605505 0.3378452747938891 0.457865116018628 0.04242784675223586 0 0 0
0.0009174311926605505 -0.16967639776431553 -0.09533276325055247 -0.26023891678036615 0 0 0
0.0009174311926605505 0.004836201311588558 0.04881598915534143 -0.4442860339283383 0 0 0
0.0009174311926605505 0.14969002826028294 -0.11439805355288457 -0.13782089524108546 0 0 0
0.0009174311926605505 0.20655001209397683 -0.12097206757103059 -0.2399725741773698 0 0 0
0.0009174311926605505 0.24337414160741858 -0.32608455752274096 -0.012489480654982356 0 0 0
0.0009174311926605505 0.2148962898329845 -0.08648817936126507 0.2404783102970988 0 0 0
0.0009174311926605505 0.10824808061695111 0.5742261993357248 0.3219535791763826 0 0 0
0.0009174311926605505 0.28049861442535845 -0.5017795709053039 0.16320603277947807 0 0 0
0.0009174311926605505 -0.4113371832276651 -0.017008543408713852 0.16468214852921537 0 0 0
0.0009174311926605505 -0.12064682351269358 -0.2314259495211247 -0.5436929756783119 0 0 0
0.0009174311926605505 0.36087238002492483 0.5433909881489586 0.18708530679755878 0 0 0
0.0009174311926605505 -0.1160790327680504 0.35895901552900794 -0.29617337192539084 0 0 0
0.0009174311926605505 -0.15715304020308843 0.4727507527749527 -0.06974716576914841 0 0 0
0.0009174311926605505 0.5095143163986391 -0.37824298466073636 -0.12647234475602026 0 0 0
0.0009174311926605505 0.49261365780012584 0.16854675395343136 -0.4005211696532087 0 0 0
0.0009174311926605505 0.21352926548856274 -0.06622173803611345 -0.40251844788025 0 0 0
0.0009174311926605505 0.31874732618159435 -0.4641570034104109 -0.3892481512378969 0 0 0
0.0009174311926605505 -0.5622746678276941 0.1688791932133451 0.3081122646797248 0 0 0
0.0009174311926605505 -0.313930504287278 -0.21055902354736625 -0.392476441418806 0 0 0
0.0009174311926605505 0.46008376363156245 0.07473259616801507 -0.19743203556782415 0 0 0
0.0009174311926605505 -0.2707507824285322 0.2981990973805348 0.07352938029622268 0 0 0
0.0009174311926605505 -0.506509014976095 -0.09193664634568932 -0.0914499014744341 0 0 0
0.0009174311926605505 -0.43673744219276217 0.44432214580981455 0.2312451144246577 0 0 0
0.0009174311926605505 -0.3305315867176532 -0.10760987295425742 -0.10245233623947966 0 0 0
0.0009174311926605505 -0.5052378870452007 0.19936971487322452 -0.18171093798644924 0 0 0
0.0009174311926605505 0.20439193340649411 0.0303033293474542 0.5734159429328807 0 0 0
0.0009174311926605505 0.44034635787629844 -0.07976341641334626 0.3305217781957388 0 0 0
0.0009174311926605505 0.12635982442843596 0.28428635298735944 -0.37061678012813665 0 0 0
0.0009174311926605505 -0.1567234501755773 -0.11432648641380104 0.46118110811182145 0 0 0
0.0009174311926605505 -0.11836623793498137 0.4557099520521155 -0.057918284401324266 0 0 0
0.0009174311926605505 -0.49951856380896975 0.1565712515246345 0.2744516286917129 0 0 0
0.0009174311926605505 -0.007274047430996321 -0.6591565600391657 0.20904553924119829 0 0 0
0.0009174311926605505 0.5431028112355353 0.20769145389259858 -0.23254871331695529 0 0 0
0.0009174311926605505 0.47731881068408627 -0.3001027441409764 0.181201825883186 0 0 0
0.0009174311926605505 0.2042771367836325 0.026103920896369565 0.5562580711232856 0 0 0
0.0009174311926605505 -0.2847709056741937 -0.11137889078251925 0.5457351235681102 0 0 0
0.0009174311926605505 0.30609291697159835 -0.5471429158554679 0.011369922761352371 0 0 0
0.0009174311926605505 -0.2464300284473823 0.2156008756404617 0.47514466633806907 0 0 0
0.0009174311926605505 0.0620229502533117 -0.02827402280966764 0.08216264474012741 0 0 0
0.0009174311926605505 0.5417129698202932 0.4175967018001568 0.0034020943072319205 0 0 0
0.0009174311926605505 -0.49375993774622556 -0.3442264368579734 -0.24972432989042073 0 0 0
0.0009174311926605505 -0.04619769650232051 0.18015579761365835 0.3940792432584572 0 0 0
0.0009174311926605505 -0.21172032854271225 0.3200696843473753 -0.05996362724522367 0 0 0
0.0009174311926605505 0.17333372340805012 -0.03623739024034627 -0.08243368524685009 0 0 0
0.0009174311926605505 0.011415806744719844 0.515405038793176 0.18896962966192815 0 0 0
0.0009174311926605505 -0.19222489864841658 -0.3773013390314326 -0.23219951984693624 0 0 0
0.0009174311926605505 0.23808879232268085 -0.028341036003219414 0.15240233089957753 0 0 0
0.0009174311926605505 -0.5152663919161268 0.3985703853889307 -0.002644181790511308 0 0 0
0.0009174311926605505 -0.38081648051148126 -0.11538392140753542 0.41119067279227606 0 0 0
0.0009174311926605505 -0.05027647176776382 -0.12620250327486307 0.3220656945798563 0 0 0
0.0009174311926605505 -0.1862368331420536 -0.1705487887878356 -0.548168976806612 0 0 0
0.0009174311926605505 -0.6196525624163743 -0.19876486602407906 -0.12023348736294433 0 0 0
0.0009174311926605505 -0.3404588648025401 0.17469275342380455 0.10761374285536847 0 0 0
0.0009174311926605505 0.2661453541375221 -0.4646099291759424 0.3548014058107399 0 0 0
0.0009174311926605505 0.3651250230939443 -0.3130242518984253 0.37060202953592164 0 0 0
0.0009174311926605505 0.22611489725847875 0.43876887869491826 0.11398524628341433 0 0 0
0.0009174311926605505 0.37631123051583326 -0.530887373530377 0.06487705270225415 0 0 0
0.0009174311926605505 -0.32604320633161227 0.43083334050231514 0.20096271427218998 0 0 0
0.0009174311926605505 -0.1882512060685319 0.42702900238086566 0.22354308798412204 0 0 0
0.0009174311926605505 -0.19686620467263805 0.47687602523995354 -0.1558972513969886 0 0 0
0.0009174311926605505 0.10203592299369953 -0.6334154926166535 0.03657689318177952 0 0 0
0.0009174311926605505 0.2926086560722538 0.06005795315708601 -0.15027515280757286 0 0 0
0.0009174311926605505 -0.1225483151504721 -0.25249364125418966 0.03577558787851657 0 0 0
0.0009174311926605505 -0.01815877359540235 -0.12310104973142853 -0.35346144299549187 0 0 0
0.0009174311926605505 0.1795854953890412 0.4770854201373144 -0.2557201997347341 0 0 0
0.0009174311926605505 -0.33612046860510225 -0.5069005259218942 -0.02713743502187649 0 0 0
0.0009174311926605505 -0.30801949020342184 -0.07530019917084586 0.40878359323913255 0 0 0
0.0009174311926605505 -0.007757820013199517 0.39565109056041003 -0.43460824087104855 0 0 0
0.0009174311926605505 0.34377357049840795 0.009842968255195565 -0.24856464496875005 0 0 0
0.0009174311926605505 0.38639774204467203 -0.0744039311575931 -0.1505451318559142 0 0 0
0.0009174311926605505 0.41678437041547395 -0.4195986413656795 0.20075837523626155 0 0 0
0.0009174311926605505 0.20145149593645156 0.40769727305804476 -0.3567170709043336 0 0 0
0.0009174311926605505 0.032716761737529756 0.495461381003029 -0.007441756467012051 0 0 0
0.0009174311926605505 0.4753448232820805 -0.45358389007867816 0.1985249900689378 0 0 0
0.0009174311926605505 0.1031215790773263 0.03540945216066722 -0.17487837791243832 0 0 0
0.0009174311926605505 0.35683874512129066 -0.16934738422853848 0.06012466989248771 0 0 0
0.0009174311926605505 0.3330234976974679 0.11457787071995336 -0.05807197753132778 0 0 0
0.0009174311926605505 -0.175239819072506 -0.05584137749125775 -0.5491024142631971 0 0 0
0.0009174311926605505 -0.14580954776480884 0.06711334183145798 -0.22029312279339935 0 0 0
0.0009174311926605505 -0.33906312346253825 0.25080381552758774 -0.025872199509007127 0 0 0
0.0009174311926605505 -0.16044253221883498 -0.1426811163288738 0.40025469740874936 0 0 0
0.0009174311926605505 -0.0308594048170465 -0.4117092660404265 0.38338108347766775 0 0 0
0.0009174311926605505 -0.5170291618688758 -0.03674354553545286 0.23257107010004657 0 0 0
0.0009174311926605505 -0.28952922058073816 0.515211552474768 -0.12733667788407163 0 0 0
0.0009174311926605505 0.1942374007088575 -0.20141784821953304 -0.18149315400417362 0 0 0
0.0009174311926605505 0.101293375225114 -0.23311025921348788 -0.10580268507948526 0 0 0
0.0009174311926605505 -0.3813756180028106 -0.3377670743474368 -0.08296584690780434 0 0 0
0.0009174311926605505 0.06707508530561515 0.524245171742626 0.1694463594946161 0 0 0
0.0009174311926605505 0.3078939298722827 -0.13186802527754352 -0.5969049246394609 0 0 0
0.0009174311926605505 -0.04021034723674344 -0.19439197767143773 0.45823878575029403 0 0 0
0.0009174311926605505 -0.024179639380550576 0.4481446788056204 -0.29283406196079803 0 0 0
0.0009174311926605505 0.12802353801993258 -0.11378560531685762 0.3265090643838547 0 0 0
0.0009174311926605505 0.23260793987660008 0.22909095053717562 0.22473003245548617 0 0 0
0.0009174311926605505 -0.1464496821467144 -0.47794346813511407 0.324946665252273 0 0 0
0.0009174311926605505 -0.16818839209143424 -0.21458071625811892 -0.4630489791441376 0 0 0
0.0009174311926605505 -0.11559160895522316 0.3446990298094237 -0.22674756828344356 0 0 0
0.0009174311926605505 0.37011987623224407 -0.12103919028600087 -0.09098175882384708 0 0 0
0.0009174311926605505 -0.3996629924773815 -0.4480485194878201 -0.07732213621941175 0 0 0
0.0009174311926605505 -0.2912143950210479 -0.09578246392239231 -0.5607514590531015 0 0 0
0.0009174311926605505 -0.1061029669785353 0.4818056060971522 0.38227508587791925 0 0 0
0.0009174311926605505 0.15201502319814134 0.354737554139298 -0.2065944939418783 0 0 0
0.0009174311926605505 0.4831206150808101 -0.13139565521245491 0.131928305862981 0 0 0
0.0009174311926605505 0.19489126654334554 0.237152582651399 0.5070953590850501 0 0 0
0.0009174311926605505 -0.6068407665281778 0.16246522481074105 0.04404180044477311 0 0 0
0.0009174311926605505 0.1707063723265477 0.10186460247098127 -0.4867779433307427 0 0 0
0.0009174311926605505 0.04523468898070248 -0.1348821024344273 -0.00449375812774672 0 0 0
0.0009174311926605505 0.4199966664049339 0.27320408040264405 0.13279676525824088 0 0 0
0.0009174311926605505 0.16478088327015625 0.42465944128084776 -0.520701920042957 0 0 0
0.0009174311926605505 0.33133231389988543 -0.09821685519485517 0.014391516975413762 0 0 0
0.0009174311926605505 -0.17431404891065538 0.2741262250256724 -0.5302559381230282 0 0 0
0.0009174311926605505 -0.06534643292415246 0.6361466288396243 -0.12766734795148188 0 0 0
0.0009174311926605505 0.15113584763727536 0.1922395713289004 0.15631664089334837 0 0 0
0.0009174311926605505 -0.07709138373461753 0.18236965368221567 0.3282546813261841 0 0 0
0.0009174311926605505 -0.1963349033093898 0.008238333631645724 -0.1207731737895103 0 0 0
0.0009174311926605505 0.3070966922430922 -0.0751581553180908 0.49395132456320484 0 0 0
0.0009174311926605505 -0.011055515887001918 0.005349935586506213 0.1399532055711546 0 0 0
0.0009174311926605505 -0.24844167560266428 0.23928711160871105 -0.4234691365905836 0 0 0
0.0009174311926605505 0.4055459881994037 -0.2378700133618445 -0.252637995363621 0 0 0
0.0009174311926605505 0.06535663295615482 0.4821300146222489 0.16035074497710983 0 0 0
0.0009174311926605505 0.12656811910655724 0.5198394271142688 -0.1885602115980194 0 0 0
0.0009174311926605505 -0.3888634564075026 0.3435233260110621 0.09311094669251747 0 0 0
0.0009174311926605505 -0.3821055541179168 -0.04221531024224896 -0.30384632450659876 0 0 0
0.0009174311926605505 -0.4885628721313215 0.352428317932516 0.26380433656864866 0 0 0
0.0009174311926605505 0.2846816840870561 0.4297232485353303 -0.2608288636266318 0 0 0
0.0009174311926605505 -0.009061251556972438 0.1781360600497709 0.37703790341293436 0 0 0
0.0009174311926605505 0.22245943534211216 -0.2311324044544606 0.06350157474822235 0 0 0
0.0009174311926605505 0.06414840623669402 -0.2068600154937457 -0.2863702591489272 0 0 0
0.0009174311926605505 0.39991989827173036 -0.5324710032729283 -0.05574568615488196 0 0 0
0.0009174311926605505 -0.09391468109137668 0.18154994045697334 0.4004843308128956 0 0 0
0.0009174311926605505 -0.4922539048990399 -0.34569119609298865 0.2831107699185439 0 0 0
0.0009174311926605505 -0.2492656671968273 -0.08655680994093834 -0.17334482593206835 0 0 0
0.0009174311926605505 0.10068593784374007 0.04503777257983704 0.5223885679493839 0 0 0
0.0009174311926605505 -0.08055841198473918 0.3203579737661792 0.1344157155109179 0 0 0
0.0009174311926605505 -0.5222640274193139 -0.13044939460150481 -0.15185519704270656 0 0 0
0.0009174311926605505 -0.17696915424735105 -0.3595109609158044 -0.03221733277927712 0 0 0
0.0009174311926605505 0.04644757865945747 0.3841354981906339 0.4925037694968336 0 0 0
0.0009174311926605505 0.29000834313018414 0.5395346226563978 -0.23603199319180382 0 0 0
0.0009174311926605505 0.2710273613314015 0.24154827923516112 0.048475188435752554 0 0 0
0.0009174311926605505 0.4676292627329975 0.04021083408512266 0.3754939532812045 0 0 0
0.0009174311926605505 0.10762084067115324 0.545129838374573 -0.17676179169715125 0 0 0
0.0009174311926605505 -0.023556871761476396 -0.48262767783875554 -0.3895116789694048 0 0 0
0.0009174311926605505 0.6478178028928394 0.022698964897223055 0.012272754440663673 0 0 0
0.0009174311926605505 0.3137136571874706 0.09141789673589296 -0.07283693077646057 0 0 0
0.0009174311926605505 -0.22320741372848857 -0.5254475955204874 0.35341704973155297 0 0 0
0.0009174311926605505 0.032225889141703976 0.17679526109801907 0.15933342593397296 0 0 0
0.0009174311926605505 -0.2490187042081371 0.12000479728427244 -0.2247499976493663 0 0 0
0.0009174311926605505 -0.2887508628356712 -0.06354009535692788 -0.1592171892806093 0 0 0
0.0009174311926605505 -0.0013821763028918697 0.03959363823470958 -0.31985797852510306 0 0 0
0.0009174311926605505 0.08386048073703446 -0.21865527439539584 -0.10660104834104096 0 0 0
0.0009174311926605505 -0.2922546601285934 0.21981334777380168 -0.4348960746031729 0 0 0
0.0009174311926605505 -0.05695151591754069 0.18017240738742668 0.4198492872825003 0 0 0
0.0009174311926605505 -0.21458790626698512 0.31821911393413627 0.04188059034741064 0 0 0
0.0009174311926605505 0.17529277750915007 0.036236805900471215 0.5268680555510962 0 0 0
0.0009174311926605505 0.43006831127855744 -0.12168211197038288 -0.4888941779874235 0 0 0
0.0009174311926605505 -0.31548715939830985 0.022535292766777185 0.03784495829615529 0 0 0
0.0009174311926605505 -0.1102845971293725 -0.053460990583807454 0.2185239284701752 0 0 0
0.0009174311926605505 0.6736164488041818 0.044232332755480476 -0.11417674922138295 0 0 0
0.0009174311926605505 0.43949484285331314 0.08255419395093617 -0.482428455338661 0 0 0
0.0009174311926605505 -0.00039467281195074285 -0.22380096522432927 0.29161133303114084 0 0 0
0.0009174311926605505 -0.03963695873840131 -0.2532377315843738 -0.1256713360587529 0 0 0
0.0009174311926605505 -0.05653200222212813 -0.09446119693348716 -0.0442447220776591 0 0 0
0.0009174311926605505 0.5384358494608374 0.11625450990526656 0.11914201372381181 0 0 0
0.0009174311926605505 -0.1009388851165453 0.17162391133280783 0.11889531557223702 0 0 0
0.0009174311926605505 -0.14873547777978488 -0.6344504791386846 0.18827473500739772 0 0 0
0.0009174311926605505 0.34817647396258383 0.14228260453470692 0.2840130792450642 0 0 0
0.0009174311926605505 -0.3629160130460105 -0.37446979634278216 0.019218581635202913 0 0 0
0.0009174311926605505 0.5283703265571925 0.12785522900560609 -0.271724020695927 0 0 0
0.0009174311926605505 -0.6151851684518825 -0.14943992404032458 -0.03502982826834668 0 0 0
0.0009174311926605505 -0.15095611857926508 0.45156489436691777 -0.34927928942601116 0 0 0
0.0009174311926605505 0.324884980406131 -0.5069105651869206 0.0025649383353378292 0 0 0
0.0009174311926605505 -0.36413141651296904 0.18041725269037195 -0.08093295864679237 0 0 0
0.0009174311926605505 0.021549829145941213 0.4223449368953936 -0.35287613076820323 0 0 0
0.0009174311926605505 -0.24603654570267802 0.15639132680725065 0.6190851711682112 0 0 0
0.0009174311926605505 0.12302356414261949 -0.1847388123716744 0.30575164060374205 0 0 0
0.0009174311926605505 0.19026188427642418 -0.11867276265330955 0.057064533875308805 0 0 0
0.0009174311926605505 -0.08651927052492164 -0.1724393427836498 0.11319321640445701 0 0 0
0.0009174311926605505 -0.21526834358902427 -0.44788686295929614 0.404868219731308 0 0 0
0.0009174311926605505 -0.11413082034967298 -0.14701069042063228 -0.6239452946092019 0 0 0
0.0009174311926605505 -0.31641937186328234 -0.30478473181845894 -0.31942193909164573 0 0 0
0.0009174311926605505 -0.46489641072320154 0.47802279097617373 -0.15971022097584334 0 0 0
0.0009174311926605505 0.5994072236744812 0.30757257178333136 -0.07834051355654874 0 0 0
0.0009174311926605505 0.2877567987469381 0.17073781990590228 0.06038277169635691 0 0 0
0.0009174311926605505 0.056604056352178925 0.023370356774417456 -0.4946067490400902 0 0 0
0.0009174311926605505 0.054011003328748884 -0.587629904406312 0.07765503603255051 0 0 0
0.0009174311926605505 0.3320549692233705 0.42772815496843297 0.21003283297624825 0 0 0
0.0009174311926605505 0.49463919190254296 0.33977257545887757 0.02999494551793941 0 0 0
0.0009174311926605505 -0.4387996957130745 0.009551024269832375 -0.2745988124728144 0 0 0
0.0009174311926605505 -0.1802531715371189 -0.07338345331691994 0.3546570316305964 0 0 0
0.0009174311926605505 0.024039882828397342 0.6366788470678559 -0.017078441120190344 0 0 0
0.0009174311926605505 -0.5475358919321718 0.3363475581847827 -0.08003353874989176 0 0 0
0.0009174311926605505 0.18956098599555699 0.503394766138313 -0.3835547240969528 0 0 0
0.0009174311926605505 -0.07787993451777273 -0.13957036861584624 -0.10514024033858084 0 0 0
0.0009174311926605505 -0.13295126816162586 0.10348187438844328 -0.22302087779213767 0 0 0
0.0009174311926605505 -0.11289737204231723 0.2033442437419662 0.07635859841820582 0 0 0
0.0009174311926605505 0.35717538691683515 -0.06371720045948132 0.4286094439383981 0 0 0
0.0009174311926605505 -0.10630033302106132 -0.16161965139721207 0.5919835045464809 0 0 0
0.0009174311926605505 0.277686272630479 -0.4329044729530655 -0.3228132171713222 0 0 0
0.0009174311926605505 -0.032498877260818085 0.028523822811431197 0.451422453235238 0 0 0
0.0009174311926605505 0.014064666386008172 0.29142300695022955 -0.06860534161376584 0 0 0
0.0009174311926605505 0.5470550954856108 0.1452310578435704 -0.3940574008257551 0 0 0
0.0009174311926605505 -0.03717409370877614 0.5112765368324932 -0.31503712891214497 0 0 0
0.0009174311926605505 -0.20880928221173592 -0.6097552415334423 -0.16023101050034186 0 0 0
0.0009174311926605505 -0.662809623209362 -0.1395902325164555 0.1283611857574194 0 0 0
0.0009174311926605505 -0.3827039502633887 0.014518875816641914 0.11150601407410698 0 0 0
0.0009174311926605505 -0.1438867585003195 0.2758140473902523 -0.4387644264266308 0 0 0
0.0009174311926605505 0.23296816880848464 0.3017080353216182 -0.2519800711944789 0 0 0
0.0009174311926605505 -0.2618667684675887 -0.04161387463977872 0.06745105605337248 0 0 0
0.0009174311926605505 -0.3244488581127056 -0.17336401139740287 0.11545067269249198 0 0 0
0.0009174311926605505 0.12131320206051548 -0.2052111335538324 0.366118045017421 0 0 0
0.0009174311926605505 -0.46092886406397804 0.04692851743756968 0.2675959956916291 0 0 0
0.0009174311926605505 0.1624040471722164 0.050823648671610905 0.38540234075293384 0 0 0
0.0009174311926605505 -0.1678895921460438 0.5709209457342946 -0.2690733658699929 0 0 0
0.0009174311926605505 0.3076294299543056 0.5522821734805682 0.2495252068395092 0 0 0
0.0009174311926605505 -0.614481785174157 0.15732193367511857 -0.17920933575032877 0 0 0
0.0009174311926605505 -0.22739080552339674 -0.22785225881252166 0.5167923748417034 0 0 0
0.0009174311926605505 -0.333104724409 0.12828289056476053 -0.30229998726377233 0 0 0
0.0009174311926605505 -0.44617983439002673 -0.31842766461141664 -0.42297518260892586 0 0 0
0.0009174311926605505 0.05491841645572698 -0.19062441092441224 -0.328393384163884 0 0 0
0.0009174311926605505 0.16092106853346058 -0.5233324123236446 0.20959438822914023 0 0 0
0.0009174311926605505 -0.48617524558355246 -0.2922509778411366 0.05097095074727146 0 0 0
0.0009174311926605505 0.06014902852722265 0.20453750421690955 0.4355043869308808 0 0 0
0.0009174311926605505 0.5256585485100055 -0.0038590883110751935 -0.2798451409475453 0 0 0
0.0009174311926605505 -0.21780417590288637 0.01616151547405982 0.23313848189300784 0 0 0
0.0009174311926605505 0.4805585095058134 -0.21728068909503914 -0.3166196646072771 0 0 0
0.0009174311926605505 -0.17564387698196 0.5352819796698921 0.3480094869490868 0 0 0
0.0009174311926605505 -0.4591794993542143 -0.46527255146743046 0.040928418837735965 0 0 0
0.0009174311926605505 -0.12455089791407042 -0.569631343786673 0.3228621167842993 0 0 0
0.0009174311926605505 -0.4240774289161213 -0.22057137957074455 -0.3772949082256606 0 0 0
0.0009174311926605505 -0.26042073967919377 0.3144138895066093 -0.09156515459390206 0 0 0
0.0009174311926605505 0.27871483606172814 0.06502892321139792 0.26927182959391155 0 0 0
0.0009174311926605505 -0.40995074828447775 0.3967374884263648 -0.10396117148573825 0 0 0
0.0009174311926605505 -0.02676703214393422 0.23157325266187795 -0.21760544644214252 0 0 0
0.0009174311926605505 -0.2009696620112469 -0.4650650227170925 0.2001278879633599 0 0 0
0.0009174311926605505 -0.24572521936606637 -0.34983566095573465 -0.2600207669666802 0 0 0
0.0009174311926605505 0.30850101986236056 0.40170305108483745 -0.15275503236134952 0 0 0
0.0009174311926605505 0.014688188279935564 -0.3692304789912225 -0.26282241117264465 0 0 0
0.0009174311926605505 0.10967344371689539 -0.07184602777137529 0.6611076855261733 0 0 0
0.0009174311926605505 -0.5662754792489215 -0.25364455223723964 -0.21452856496550063 0 0 0
0.0009174311926605505 -0.1452375051958761 0.511872713773917 0.2353476501846849 0 0 0
0.0009174311926605505 -0.3470795136998908 -0.030923945507301754 0.05749772500962777 0 0 0
0.0009174311926605505 0.20298914592872924 -0.002228826324516597 0.3500012937501272 0 0 0
0.0009174311926605505 0.041197530804959644 0.572898711743509 0.3692129546510437 0 0 0
0.0009174311926605505 -0.2384143981050074 -0.01232293326308891 -0.35407267899010175 0 0 0
0.0009174311926605505 -0.19474790704635517 0.08863422707781177 -0.6101298090024315 0 0 0
0.0009174311926605505 -0.20455403224289878 0.5785647505274006 -0.3047990633647159 0 0 0
0.0009174311926605505 -0.07350779939615962 0.2929315619741841 -0.35286950334185035 0 0 0
0.0009174311926605505 0.3500843293700863 -0.34527005786221476 0.33147262663162685 0 0 0
0.0009174311926605505 -0.14574570782319624 0.662662399391679 -0.1029785939856334 0 0 0
0.0009174311926605505 -0.18363009302249772 0.37570678844879557 0.013759687116387212 0 0 0
0.0009174311926605505 0.22770588725731308 -0.020898602566861792 0.2261100564270293 0 0 0
0.0009174311926605505 0.5534309552323181 -0.11708035467441003 0.1310456507477197 0 0 0
0.0009174311926605505 0.0008822541579996924 -0.2013099619760318 0.2247428766842109 0 0 0
0.0009174311926605505 0.0653766652716945 -0.6397855724679834 -0.027414580538509967 0 0 0
0.0009174311926605505 0.37124392801861794 -0.5175722457352424 0.20465744552640858 0 0 0
0.0009174311926605505 -0.49198371242461314 -0.037457414169347766 0.09173242187601406 0 0 0
0.0009174311926605505 0.6266874334229658 -0.26436596586445504 -0.10746021121339422 0 0 0
0.0009174311926605505 -0.26711022454795624 0.5684008695641403 0.0002112774409820588 0 0 0
0.0009174311926605505 0.17555823645103133 -0.09114618046385299 -0.3507588063112686 0 0 0
0.0009174311926605505 -0.11628594496686769 -0.2761211834683072 -0.3773488841323395 0 0 0
0.0009174311926605505 -0.0029526309780792737 0.41975526258807483 0.09148776103028625 0 0 0
0.0009174311926605505 -0.22801337309494701 0.13897494612823502 -0.30886873033659834 0 0 0
0.0009174311926605505 -0.25799723434868077 -0.15722428398945024 0.14688157738527166 0 0 0
0.0009174311926605505 0.1119397002516147 -0.5284727693689871 0.23452297269651445 0 0 0
0.0009174311926605505 -0.3416453399691749 0.18286036974337394 0.5512450614385802 0 0 0
0.0009174311926605505 -0.14974350570980577 0.017338575596004546 -0.5091480970794453 0 0 0
0.0009174311926605505 -0.5120554248112756 -0.006881823874267823 -0.22588627616733994 0 0 0
0.0009174311926605505 0.28346092172520276 0.14127924919967366 0.42992002538379726 0 0 0
0.0009174311926605505 0.603315050353766 0.2400814555558155 0.13634123085517016 0 0 0
0.0009174311926605505 -0.5899846794676756 -0.03480402116959819 -0.2864706633195488 0 0 0
0.0009174311926605505 -0.14278243221994447 0.3086618329236952 -0.15489407822942122 0 0 0
0.0009174311926605505 -0.4679836875700731 0.19957055202761978 0.27193505254869993 0 0 0
0.0009174311926605505 0.30373567140839053 0.43263358854175854 -0.34557196915346805 0 0 0
0.0009174311926605505 0.1450225580105621 0.5217988957654264 -0.360344300963945 0 0 0
0.0009174311926605505 -0.070606972171935 -0.36414329228452846 -0.26164529947582105 0 0 0
0.0009174311926605505 0.18961698767609078 0.20404373899251152 -0.3645959543415595 0 0 0
0.0009174311926605505 0.5535208669309777 0.16003179300560738 -0.3829203753930386 0 0 0
0.0009174311926605505 -0.04989307733514979 0.5562966801320192 -0.12923862372371372 0 0 0
0.0009174311926605505 0.20331945652647399 -0.44388082210432134 -0.15121889583307738 0 0 0
0.0009174311926605505 -0.10542742116806168 -0.5352884999004925 0.10337699248437983 0 0 0
0.0009174311926605505 0.48271228742238564 -0.271834160371322 -0.04535163031048695 0 0 0
0.0009174311926605505 0.03262139222372815 -0.41227048105944003 -0.3167103938143613 0 0 0
0.0009174311926605505 -0.5950339173775882 -0.20480684656374504 0.1609215517627301 0 0 0
0.0009174311926605505 -0.1297268362288511 0.21955378269325254 0.5675515694610049 0 0 0
0.0009174311926605505 0.38177246458779357 0.12556054886955678 0.24525377308661686 0 0 0
0.0009174311926605505 0.15264581293812526 -0.4379964205036709 0.23263211544013204 0 0 0
0.0009174311926605505 -0.21813504960245153 -0.4811192474768915 -0.23771822434359804 0 0 0
0.0009174311926605505 0.4672562914334831 -0.0656724624827364 -0.32571501053277874 0 0 0
0.0009174311926605505 -0.25185150262405903 -0.22875831873045904 -0.5556838782157585 0 0 0
0.0009174311926605505 -0.2885598530461148 0.22926799239121662 -0.07063619269205072 0 0 0
0.0009174311926605505 -0.10575059090507763 -0.13026612611978422 -0.26878352785568993 0 0 0
0.0009174311926605505 0.25621708534379045 -0.3689898798214024 -0.2601094675073293 0 0 0
0.0009174311926605505 -0.10232626928448481 -0.2978501086987278 0.2539348849097376 0 0 0
0.0009174311926605505 -0.07806398157505948 0.5000447593694491 -0.16812972373327995 0 0 0
0.0009174311926605505 0.2322704483777121 -0.08787015293248594 0.00351658279202993 0 0 0
0.0009174311926605505 0.16878826711380326 0.3738199199849621 -0.4860531695731938 0 0 0
0.0009174311926605505 0.3218909251821096 0.23802459124636394 -0.006107644393032518 0 0 0
0.0009174311926605505 0.23053834648696536 -0.2785069085658468 0.15878712467178005 0 0 0
0.0009174311926605505 0.09828640095439586 0.23883192126812164 -0.6225901882056574 0 0 0
0.0009174311926605505 -0.5270895941044378 -0.18085399062806 0.04347128357464993 0 0 0
0.0009174311926605505 0.2770129387510023 0.2227104330046239 0.23909222123576004 0 0 0
0.0009174311926605505 0.24185555428892022 0.5310678512282007 -0.009457157787334627 0 0 0
0.0009174311926605505 0.1486726068279393 0.24038841500422684 -0.2749426576099442 0 0 0
0.0009174311926605505 0.12970349553775173 -0.6247264159899453 0.1903048179939838 0 0 0
0.0009174311926605505 -0.36049900974702903 -0.4135646100821931 0.08728367683829302 0 0 0
0.0009174311926605505 0.4332140522415822 0.12923908718626995 0.04356108502528194 0 0 0
0.0009174311926605505 0.28840217218078 0.35567924598517103 -0.4313069583514216 0 0 0
0.0009174311926605505 -0.2715981386781652 0.07143299258370059 -0.4753832437776726 0 0 0
0.0009174311926605505 0.052303702123081365 -0.5325326872807543 0.16176036397645574 0 0 0
0.0009174311926605505 -0.2854310017737707 0.058647947446082475 -0.4888876832052766 0 0 0
0.0009174311926605505 0.21948689048144085 -0.16494835867818156 -0.4703192316369653 0 0 0
0.0009174311926605505 -0.24310355780500864 9.441251832236114e-05 0.5717018324819149 0 0 0
0.0009174311926605505 -0.20348330268435832 -0.10109140825485716 0.1112830548902666 0 0 0
0.0009174311926605505 -0.4794543790054979 0.4423349589775632 0.15771595276062847 0 0 0
0.0009174311926605505 0.13299722359816685 0.06663015415834711 0.47335326609530737 0 0 0
0.0009174311926605505 0.17036055329254648 0.11656011942245346 -0.07852444961677219 0 0 0
0.0009174311926605505 -0.2895909819095411 0.4793471179262543 -0.10538131987454408 0 0 0
0.0009174311926605505 -0.210154370915061 -0.4791657848509863 0.27120917445337844 0 0 0
0.0009174311926605505 -0.28767393480854797 0.007248761887549208 -0.021250683691147527 0 0 0
0.0009174311926605505 0.0801438953563616 -0.0443113534004794 0.2727355391577296 0 0 0
0.0009174311926605505 0.30830101042268876 -0.3952528387748891 -0.44590758320965523 0 0 0
0.0009174311926605505 -0.36580025048333537 0.408428341589692 0.2844890576005033 0 0 0
0.0009174311926605505 -0.040413352216809424 -0.17987581087297227 0.5872406145018529 0 0 0
0.0009174311926605505 0.002323432197348955 0.5150999676499539 0.36124819190360397 0 0 0
0.0009174311926605505 0.14891325720438947 -0.33128274689750786 -0.19356957457672638 0 0 0
0.0009174311926605505 -0.2332438789970534 -0.5575701824539911 0.07486560775316042 0 0 0
0.0009174311926605505 -0.1771485655359439 0.3484830850362633 0.44438587344334324 0 0 0
0.0009174311926605505 0.38821898498559415 -0.08098723673323949 -0.10080289119284593 0 0 0
0.0009174311926605505 -0.020957334382427886 0.08257794371287142 0.049084763540638475 0 0 0
0.0009174311926605505 0.10097861066278747 0.424985998545317 -0.4683288022162861 0 0 0
0.0009174311926605505 0.3282158471491051 0.5099208743954814 -0.3184665313775672 0 0 0
0.0009174311926605505 0.28728727007918936 -0.26824800206671 -0.366107827477349 0 0 0
0.0009174311926605505 -0.20450153443706928 0.4083225646111311 -0.20253862214234963 0 0 0
0.0009174311926605505 -0.2206938424262672 -0.16463423212457123 0.349693437482072 0 0 0
0.0009174311926605505 0.06673988282012198 0.02839634027105812 0.3665799205614321 0 0 0
0.0009174311926605505 0.05436174644383142 -0.15478751973430105 -0.0777204294229305 0 0 0
0.0009174311926605505 0.46193242874762935 0.36463705047615713 -0.12973523973817164 0 0 0
0.0009174311926605505 -0.5028269517377002 0.04341141342031484 0.09055842408222001 0 0 0
0.0009174311926605505 -0.27924514849670634 -0.1124046105218039 0.06603419179897162 0 0 0
0.0009174311926605505 0.15237946756626594 0.3300188785599751 -0.02309692490020965 0 0 0
0.0009174311926605505 0.35383734883477813 -0.30785695750756653 -0.02974058694057739 0 0 0
0.0009174311926605505 0.2962343745324046 -0.3117539541117797 -0.17486257417187304 0 0 0
0.0009174311926605505 -0.033551640341203844 -0.676999121806743 0.06149746812716385 0 0 0
0.0009174311926605505 -0.006929304583171276 0.22415591085751735 -0.6152111276540213 0 0 0
0.0009174311926605505 -0.6125556961133068 0.041644068532563465 0.3133142643446976 0 0 0
0.0009174311926605505 -0.11929990886953303 0.012103133996582867 0.4383788096879149 0 0 0
0.0009174311926605505 -0.08290551411037254 -0.1530898591248753 0.6190775808705696 0 0 0
0.0009174311926605505 0.274279994194318 0.057848415480333336 0.13726084365128666 0 0 0
0.0009174311926605505 -0.20722455575092483 0.19067266813266645 -0.1571426386482285 0 0 0
0.0009174311926605505 0.12180979924817148 0.17688567501441244 -0.5226429975795733 0 0 0
0.0009174311926605505 0.5045825717803076 -0.2358733114994834 0.2695253419290769 0 0 0
0.0009174311926605505 0.16814978857733806 -0.07640012914953004 -0.16039180137549555 0 0 0
0.0009174311926605505 -0.13892233143886196 -0.36253417802886256 0.27269469443848454 0 0 0
0.0009174311926605505 0.16256869334235843 0.5431306169266198 0.36369019369611005 0 0 0
0.0009174311926605505 0.507169204805944 0.3300061928824725 -0.22220385636948517 0 0 0
0.0009174311926605505 -0.184722661339066 -0.022206860463881234 -0.3126467690391492 0 0 0
0.0009174311926605505 0.03736500086710381 0.47275120044117164 -0.3769226067391836 0 0 0
0.0009174311926605505 0.2140249977409359 0.33133062923507045 -0.3254772112329179 0 0 0
0.0009174311926605505 0.5405617309857651 0.1768236596303435 -0.11935447652148466 0 0 0
0.0009174311926605505 0.24374268847367414 -0.1974833050176885 0.5786923360445884 0 0 0
0.0009174311926605505 -0.16258298130455406 0.054938358218082226 -0.03178750534028844 0 0 0
0.0009174311926605505 0.15159023929822785 0.18804819040176013 -0.5805486613504345 0 0 0
0.0009174311926605505 0.06859137578495114 0.2141407203747152 0.16718202091862588 0 0 0
0.0009174311926605505 -0.19060970620102605 -0.2461140993070235 -0.450409306270246 0 0 0
0.0009174311926605505 0.1975673414069438 0.358805714686244 -0.2765894324427637 0 0 0
0.0009174311926605505 -0.0965292953914216 0.24779657862518223 0.23081959740606958 0 0 0
0.0009174311926605505 0.6584999096926333 0.00836776346613877 0.18048181586080944 0 0 0
0.0009174311926605505 0.08874601125598787 0.22300095518453708 0.3172138515301386 0 0 0
0.0009174311926605505 0.18866082311103416 0.6245501656148068 0.23124521484851682 0 0 0
0.0009174311926605505 0.20826792140299774 -0.22665934629565948 -0.5557404170286692 0 0 0
0.0009174311926605505 0.07180418266832374 0.20713530283308076 -0.6487653200165314 0 0 0
0.0009174311926605505 0.14253030241428874 -0.5264908849922469 -0.06658565671757713 0 0 0
0.0009174311926605505 0.08703541372042978 0.09315488611454331 0.45020895388830273 0 0 0
0.0009174311926605505 0.33526319123637055 -0.4347931974225475 -0.29577215635254467 0 0 0
0.0009174311926605505 0.19287460227246722 -0.03347945347282799 0.16649396918181208 0 0 0
0.0009174311926605505 -0.39137181473929167 -0.3669226150840389 -0.22416924210484485 0 0 0
0.0009174311926605505 -0.042612752264804946 -0.38515079594143553 -0.42695608564756476 0 0 0
0.0009174311926605505 -0.14747275514213787 0.06789128856208299 0.09512413178307755 0 0 0
0.0009174311926605505 -0.5785484709346329 0.10192029718647558 -0.3144420228470599 0 0 0
0.0009174311926605505 0.11370775283884761 -0.1630623488877119 -0.6294538923062453 0 0 0
0.0009174311926605505 0.1200519187418222 0.23493600019670755 0.3865069642408631 0 0 0
0.0009174311926605505 -0.20967191117409145 0.05819828240880088 0.2985624102372254 0 0 0
0.0009174311926605505 -0.05648351501267564 -0.07350245494941963 0.6496486208682212 0 0 0
0.0009174311926605505 -0.14726758254288771 -0.4717117477847083 0.47891012921822934 0 0 0
0.0009174311926605505 0.3843934130153807 -0.43859685541307625 0.11647682774789792 0 0 0
0.0009174311926605505 -0.3032459480611512 0.3337821728852846 0.1519748917499346 0 0 0
0.0009174311926605505 0.6035731785132051 -0.30987975336844314 0.011655697964207972 0 0 0
0.0009174311926605505 0.02711962832020342 -0.03590475381839214 0.48012608803469964 0 0 0
0.0009174311926605505 -0.39153471225661546 0.04237680123012662 0.5023083445438449 0 0 0
0.0009174311926605505 -0.21888782326214326 -0.5276264431272117 -0.3695066028061872 0 0 0
0.0009174311926605505 -0.5848233234200156 0.2742069041662989 -0.13350726393538215 0 0 0
0.0009174311926605505 -0.0677321784130797 -0.6490521887744497 0.07648359945458012 0 0 0
0.0009174311926605505 0.5589405983239474 0.10022890813004375 0.04467286085434311 0 0 0
0.0009174311926605505 -0.2193736639129542 0.07056835658238805 0.21531044350499884 0 0 0
0.0009174311926605505 0.34177174936145455 0.25794826710869784 0.26798578906734494 0 0 0
0.0009174311926605505 -0.05753219500182135 -0.11260465153257354 -0.1889785203871977 0 0 0
0.0009174311926605505 0.12756027343212478 -0.3471460989458588 -0.032520954700345085 0 0 0
0.0009174311926605505 0.38284537639061006 -0.446102939145238 0.23330274508631516 0 0 0
0.0009174311926605505 0.15433696581788722 0.08763926970931964 -0.47405613326463203 0 0 0
0.0009174311926605505 -0.23015456832258255 0.1519689777917721 0.5584147734287037 0 0 0
0.0009174311926605505 0.4302807680868707 0.15257217181123411 0.12904730463045772 0 0 0
0.0009174311926605505 -0.4924132069306001 0.3718753298911421 0.16693813280614186 0 0 0
0.0009174311926605505 -0.35198993170662185 -0.44453290283111774 0.22694103658230272 0 0 0
0.0009174311926605505 -0.12786160607285274 -0.3404399929401409 -0.4296891699245086 0 0 0
0.0009174311926605505 0.6221768524089278 -0.1601746890312737 -0.13580907115086108 0 0 0
0.0009174311926605505 0.1474621366527309 -0.08521552442250623 0.1886913376662562 0 0 0
0.0009174311926605505 0.36010928271881976 -0.43801484245907196 0.18124801776787988 0 0 0
0.0009174311926605505 0.3646661857082753 -0.17750179961238116 -0.14693813181857024 0 0 0
0.0009174311926605505 0.45272328697885816 0.3881554639104435 -0.17845847706807808 0 0 0
0.0009174311926605505 -0.30357347889513736 -0.3491947458436326 0.2631610019695361 0 0 0
0.0009174311926605505 0.5209058274800341 -0.18768279632771334 0.32813002075975306 0 0 0
0.0009174311926605505 -0.4391117116982806 -0.49340903936774083 0.001353142437238455 0 0 0
0.0009174311926605505 -0.12069402466338416 -0.29771284173243023 0.10759786570678917 0 0 0
0.0009174311926605505 0.3912082568385486 0.37860491038843963 0.037113807161127096 0 0 0
0.0009174311926605505 0.19699211557543742 -0.4981183205533722 -0.1462974311684687 0 0 0
0.0009174311926605505 -0.007803919908593769 -0.5687537546994841 -0.32685284438835427 0 0 0
0.0009174311926605505 -0.25711850116304574 -0.036984272445682004 0.5692616725054301 0 0 0
0.0009174311926605505 -0.0029050482230535495 0.5126107260860743 -0.23655639210484855 0 0 0
0.0009174311926605505 -0.44322795531393255 0.2785339253413508 -0.235204078983834 0 0 0
0.0009174311926605505 0.6368103464723416 -0.13793594743545215 -0.11229015857958959 0 0 0
0.0009174311926605505 -0.05728466491404439 -0.11064243638640692 -0.33686575188390266 0 0 0
0.0009174311926605505 0.21838429967485695 0.338571112137677 0.3556312519217261 0 0 0
0.0009174311926605505 -0.09359809920507503 0.31682795534626756 0.5719249660353826 0 0 0
0.0009174311926605505 0.026625906482361798 0.5642550096421314 -0.1809780339621287 0 0 0
0.0009174311926605505 0.3670516492605028 -0.4250442757522414 0.32990826156180136 0 0 0
0.0009174311926605505 0.48210757442971663 0.15267479322124433 -0.43940537926086104 0 0 0
0.0009174311926605505 0.41931669871191934 0.34236014861610764 0.17834377119866324 0 0 0
0.0009174311926605505 0.3119160067849146 -0.09199720578659644 -0.3804272007342549 0 0 0
0.0009174311926605505 0.08405301286468975 0.49049098979180616 0.018523690692941745 0 0 0
0.0009174311926605505 -0.42220892380759445 -0.04817715149664013 -0.1775798520963386 0 0 0
0.0009174311926605505 -0.22789981838186038 -0.2036483472520469 -0.22710033045120434 0 0 0
0.0009174311926605505 0.6315311562327829 -0.06534116496298449 0.06558138736710037 0 0 0
0.0009174311926605505 0.399598284698738 -0.24607907665141002 0.3472574651956058 0 0 0
0.0009174311926605505 -0.045625526957370495 0.1343414296736563 -0.3176800711254683 0 0 0
0.0009174311926605505 -0.10055939981993454 0.2022777714200091 -0.25633457112199803 0 0 0
0.0009174311926605505 -0.1265280895284987 0.1411430520951661 -0.5496109622425148 0 0 0
0.0009174311926605505 0.3434229620347071 -0.41848523682905575 -0.013793653571627575 0 0 0
0.0009174311926605505 -0.030308636722868994 0.5323023527385287 -0.13842372749142012 0 0 0
0.0009174311926605505 0.08776192849751872 -0.6021161308931965 -0.07546573935790425 0 0 0
0.0009174311926605505 0.28056132227868125 -0.23166277036714125 -0.417129909336341 0 0 0
0.0009174311926605505 0.2581566116702729 0.069894846971218 0.13222684773670257 0 0 0
0.0009174311926605505 -0.01963039869864245 0.5083220046383911 0.24230895219032475 0 0 0
0.0009174311926605505 -0.10070494280725004 -0.0031301365923826125 -0.3590600893284525 0 0 0
0.0009174311926605505 0.08907247181262277 -0.45888936584162365 -0.5096232257723843 0 0 0
0.0009174311926605505 0.5041244483802735 -0.27888322733537163 -0.24921351997494554 0 0 0
0.0009174311926605505 0.34731408267740815 0.49173448650471613 -0.013517327779588363 0 0 0
0.0009174311926605505 -0.3044768821395484 -0.13127037998507524 0.23997873940362793 0 0 0
0.0009174311926605505 -0.07064614737410461 -0.1355296319249051 0.37884579341455343 0 0 0
0.0009174311926605505 -0.20923195274750625 0.6072429771646877 0.2569013567555957 0 0 0
0.0009174311926605505 0.17746275656864094 -0.3351977422730273 0.1766698610769722 0 0 0
0.0009174311926605505 -0.30678304571192955 0.47939257577611455 0.2938492151804516 0 0 0
0.0009174311926605505 0.19072895319162983 0.48909173670369005 0.14336001956117106 0 0 0
0.0009174311926605505 0.04551744164017999 -0.15459191784047852 -0.14436808652210875 0 0 0
0.0009174311926605505 0.02443822101657148 0.5255537568593039 -0.03199046936682592 0 0 0
0.0009174311926605505 -0.0031855142446686833 0.15345122590234606 -0.461046796938672 0 0 0
0.0009174311926605505 0.02237152160088606 0.44675630205747807 0.18322179829564242 0 0 0
0.0009174311926605505 0.2491082936442644 -0.09175638669826633 0.32204221795846005 0 0 0
0.0009174311926605505 -0.17718924903893496 -0.4063631087798852 0.5012908595261387 0 0 0
0.0009174311926605505 -0.11255748985673067 0.5519628818678054 0.27069980010096045 0 0 0
0.0009174311926605505 0.04158706555410317 0.022771706116008983 -0.43648976901631886 0 0 0
0.0009174311926605505 -0.3150372013984501 -0.2601832268419349 0.440121991792089 0 0 0
0.0009174311926605505 -0.05027289751737637 0.30219181400765704 -0.00040502460386445126 0 0 0
0.0009174311926605505 0.07179624224240014 -0.14705395510917937 0.6311904238676433 0 0 0
0.0009174311926605505 -0.15157009964179347 -0.4344782710550024 0.49258326950908965 0 0 0
0.0009174311926605505 0.1434941099652328 -0.597799479228113 -0.034059692730657655 0 0 0
0.0009174311926605505 -0.42541772881794854 -0.06955999698173734 -0.17589401340592323 0 0 0
0.0009174311926605505 -0.09337227266068206 -0.43295210364073167 -0.41696076821949823 0 0 0
0.0009174311926605505 0.03752740993479334 0.16010000255330223 -0.08303954419715733 0 0 0
0.0009174311926605505 -0.06945892029013255 0.4184031072853329 -0.1225612133773618 0 0 0
0.0009174311926605505 0.5060489239326993 0.3720672391980356 -0.1995685288345281 0 0 0
0.0009174311926605505 -0.1073441004297622 0.3156350235281532 -0.5203465012113889 0 0 0
0.0009174311926605505 -0.1649558749731827 -0.013146289591904033 0.04559638824839682 0 0 0
0.0009174311926605505 0.44651542989293924 0.23078888644614506 -0.39208424606047565 0 0 0
0.0009174311926605505 0.23364016453461153 -0.2501784893811707 -0.041478839654408274 0 0 0
0.0009174311926605505 -0.2543008872210993 0.03617527878377783 0.3984199565127758 0 0 0
0.0009174311926605505 0.33189330749471113 -0.09983596118463059 -0.5693017054661915 0 0 0
0.0009174311926605505 0.09086865768073948 0.28030791484296186 0.5455652312796784 0 0 0
0.0009174311926605505 -0.20223530671437628 -0.07941229331884113 -0.37824784015728735 0 0 0
0.0009174311926605505 0.05532552190519469 0.2152985716112284 -0.5101945371160607 0 0 0
0.0009174311926605505 0.19952901848000384 0.2007553351620602 -0.1058114748409735 0 0 0
0.0009174311926605505 -0.4338126551036662 -0.2642751478298364 0.1429009965318927 0 0 0
0.0009174311926605505 -0.5370376589652903 0.0002476311378289601 -0.33114180389640757 0 0 0
0.0009174311926605505 0.03259784570332079 -0.6346274241850535 0.2511295547266795 0 0 0
0.0009174311926605505 0.5420765157054473 0.24559629321584373 -0.05660069708621505 0 0 0
0.0009174311926605505 -0.10256763964246379 -0.09846021412625512 0.1388497555555159 0 0 0
0.0009174311926605505 -0.2688050818040767 0.15634286323156552 0.42514757662627506 0 0 0
0.0009174311926605505 0.30624725554386556 0.2176794036851294 0.38699520735778925 0 0 0
0.0009174311926605505 -0.6547205715297182 -0.11962321032150246 0.08233361580137238 0 0 0
0.0009174311926605505 0.030971503693376944 0.3520802641885213 -0.07704462937163191 0 0 0
0.0009174311926605505 0.17485966486171395 0.500791356233771 -0.3560188217687858 0 0 0
0.0009174311926605505 -0.13506079480679176 0.1505275924813329 0.331354185673693 0 0 0
0.0009174311926605505 0.12095560354750842 0.12732102990110808 0.30421141462983087 0 0 0
0.0009174311926605505 0.22931144846946197 0.35838251666635046 -0.20616498142125617 0 0 0
0.0009174311926605505 -0.34339185188441496 -0.22756375160018444 0.10424630923822627 0 0 0
0.0009174311926605505 -0.46938638698982005 0.41065581911461657 0.08075877513756766 0 0 0
0.0009174311926605505 -0.49223778422912773 -0.22958372094346302 0.1835448832017567 0 0 0
0.0009174311926605505 -0.014491763854316605 0.3816447313316541 0.3978308344729388 0 0 0
0.0009174311926605505 0.20916455997331443 -0.16227886416462936 0.365001312890637 0 0 0
0.0009174311926605505 0.37350402574199865 -0.18777758216635307 0.11493227138786337 0 0 0
0.0009174311926605505 -0.15720665917665871 -0.11394942296721888 -0.5692506301952143 0 0 0
0.0009174311926605505 0.089751513770944 0.21828826936751555 0.09372730393967098 0 0 0
0.0009174311926605505 -0.24919749785034376 -0.32058069578667514 -0.4083767574999409 0 0 0
0.0009174311926605505 0.23445615209957263 0.3066134656566232 0.1647687169244045 0 0 0
0.0009174311926605505 0.46367155460210707 0.19590824665482898 -0.47379524924688626 0 0 0
0.0009174311926605505 -0.254641971647294 0.17982854662418743 -0.49348657417049024 0 0 0
0.0009174311926605505 0.6365480384920015 -0.04849724579889552 -0.09622875846984481 0 0 0
0.0009174311926605505 0.12378435280716824 -0.07573476367608474 0.2066820663753421 0 0 0
0.0009174311926605505 -0.5425571904704188 -0.07890452513667445 0.3595900483113765 0 0 0
0.0009174311926605505 0.3635123675464946 -0.4112632389578896 -0.37579095382641126 0 0 0
0.0009174311926605505 -0.32443278763479005 -0.3376030706300006 0.2916441929407442 0 0 0
0.0009174311926605505 0.35942666392814954 0.02940216731988153 -0.47044996566328573 0 0 0
0.0009174311926605505 0.010118416531517535 -0.07579407121486864 -0.6594694022564377 0 0 0
0.0009174311926605505 -0.07249579463079435 0.14234184107095824 0.4673113107325515 0 0 0
0.0009174311926605505 -0.21687840666950375 0.17718414110404923 -0.2798303987692009 0 0 0
0.0009174311926605505 0.12978795505666957 -0.11242120652089292 0.5271051828914314 0 0 0
0.0009174311926605505 -0.3149390252519355 0.3220979935596338 -0.16343264801726948 0 0 0
0.0009174311926605505 0.04100263889326109 0.26579700696379205 0.5415572859830314 0 0 0
0.0009174311926605505 -0.3623683029614559 0.051199798058004675 0.22728994265661437 0 0 0
0.0009174311926605505 -0.2051566211599477 -0.24853720510929156 -0.24382225795023377 0 0 0
0.0009174311926605505 -0.01991927589794895 0.2704455718922397 0.01527005928343938 0 0 0
0.0009174311926605505 -0.27528680521317533 -0.46897188555401503 0.3540703762346832 0 0 0
0.0009174311926605505 0.31978255922567034 -0.020290454782367778 -0.44804289950848236 0 0 0
0.0009174311926605505 -0.4081607734635544 -0.24261793855312594 -0.18963341432392372 0 0 0
0.0009174311926605505 -0.037881603046174696 -0.0897750138585359 0.02011268495469391 0 0 0
0.0009174311926605505 -0.2804384258383225 -0.06210655763895944 0.37774629017608136 0 0 0
0.0009174311926605505 0.3730653965514994 0.5181613437826442 -0.029445348490078793 0 0 0
0.0009174311926605505 0.07328666827634701 -0.4834465800881999 -0.21722320490410385 0 0 0
0.0009174311926605505 0.08021718843504624 -0.522737615602414 0.13148489067968952 0 0 0
0.0009174311926605505 0.31430096704273297 0.4129583132420027 -0.13947453589204126 0 0 0
0.0009174311926605505 0.13373704163063335 0.5948739653025235 -0.1888727166838314 0 0 0
0.0009174311926605505 -0.4785141915787861 -0.2237170456444101 -0.2742134445864227 0 0 0
0.0009174311926605505 -0.1564308569422287 0.3993204999070486 0.30251669782804413 0 0 0
0.0009174311926605505 -0.41321598013063116 0.2993617137636485 0.3618817829853036 0 0 0
0.0009174311926605505 -0.0915467499672908 -0.13614946943122466 -0.15252083314197135 0 0 0
0.0009174311926605505 -0.06038395952740139 -0.20039362842236064 -0.26362580816563236 0 0 0
0.0009174311926605505 -0.23497017129689446 -0.1251995721438038 0.568453607534594 0 0 0
0.0009174311926605505 0.1443062379826468 0.279781818912 -0.5449542784410185 0 0 0
0.0009174311926605505 -0.30542133637050173 0.372862192073229 0.3153191406364695 0 0 0
0.0009174311926605505 -0.649600721987648 -0.07811496432569949 -0.06214237012047316 0 0 0
0.0009174311926605505 0.22795775326633222 0.3456242837771062 0.2822911115757308 0 0 0
0.0009174311926605505 -0.22316072320195343 -0.3006034657476053 -0.12098351650922093 0 0 0
0.0009174311926605505 -0.4508165583648594 -0.41874554792648433 -0.18337835789597917 0 0 0
0.0009174311926605505 0.14206149392963105 0.4483124058207245 0.1664189961784421 0 0 0
0.0009174311926605505 0.379401171877202 0.25032023744886317 0.12954313892262415 0 0 0
0.0009174311926605505 -0.06376805744436156 0.20566133279374268 -0.41930019421842374 0 0 0
0.0009174311926605505 0.04545441783860394 -0.194464670604802 0.4635713165761243 0 0 0
0.0009174311926605505 -0.3876138742577669 -0.038965303923813144 -0.38210563383121937 0 0 0
0.0009174311926605505 -0.3203937659289672 0.39893051488384385 -0.4435432786161671 0 0 0
0.0009174311926605505 -0.09790238852801918 0.6678631756452335 -0.11824836830095355 0 0 0
0.0009174311926605505 -0.5612654249525667 0.17306042994221882 0.3458780566954395 0 0 0
0.0009174311926605505 0.184931467767369 0.4290526537344126 -0.33646136938741134 0 0 0
0.0009174311926605505 0.17137060468761772 -0.31171299395893326 -0.18750277113905517 0 0 0
0.0009174311926605505 0.2793702146478005 0.2607568858495731 0.4783413913588752 0 0 0
0.0009174311926605505 -0.12145742700560944 -0.2880424231795119 -0.06530441678165198 0 0 0
0.0009174311926605505 -0.24241311707515012 0.06035202066265074 -0.24149334682008114 0 0 0
0.0009174311926605505 0.2534498232211532 0.3638085116270504 -0.2697913730445101 0 0 0
0.0009174311926605505 0.27522495234074995 -0.48550770943219207 0.14032476763865012 0 0 0
0.0009174311926605505 0.11244083730313446 -0.39150684295169147 0.3494146635788605 0 0 0
0.0009174311926605505 0.1608013112770738 0.23580903597204372 0.41791740911210296 0 0 0
0.0009174311926605505 0.05603615538540385 -0.31554704183651333 0.3390717333037399 0 0 0
0.0009174311926605505 0.3838564467578603 0.09269315190218756 0.5447502011839109 0 0 0
0.0009174311926605505 -0.34470321363350687 -0.20072924585814025 -0.20667930354347003 0 0 0
0.0009174311926605505 0.2982984393752254 0.32904153210550974 -0.38094994031721874 0 0 0
0.0009174311926605505 -0.00962269145089308 -0.37863557525896907 0.3661274426125838 0 0 0
0.0009174311926605505 -0.31717072775885663 -0.042462575473953344 0.46694633248580847 0 0 0
0.0009174311926605505 -0.3634373270103479 0.04681947646079834 0.21732024991428475 0 0 0
0.0009174311926605505 0.2768937021121314 0.29569714416113574 0.10792382724738367 0 0 0
0.0009174311926605505 0.2837442768742096 0.019408986309115722 0.35499158136857095 0 0 0
0.0009174311926605505 -0.2372773631507113 0.18095716148305904 0.24503918272537217 0 0 0
0.0009174311926605505 -0.23418088456247477 -0.4336934064193996 -0.3391341486015686 0 0 0
0.0009174311926605505 -0.42693589224236067 0.1399345456858952 0.21247514089643396 0 0 0
0.0009174311926605505 -0.441414993637707 0.17574495252023398 -0.3960846174738052 0 0 0
0.0009174311926605505 -0.15705766259563095 0.6287654819963121 -0.16951014784589913 0 0 0
0.0009174311926605505 0.010364068289232765 0.018130681053489358 0.4242477805814475 0 0 0
0.0009174311926605505 0.4783404788460544 0.11761703971285056 0.20648957863537204 0 0 0
0.0009174311926605505 -0.10255163349193709 0.3274223688104914 -0.08842833638808673 0 0 0
0.0009174311926605505 0.0599286878314642 -0.5272888156411906 -0.28561562076423286 0 0 0
0.0009174311926605505 0.35040035595715396 0.11310074793191409 -0.08083750255714794 0 0 0
0.0009174311926605505 -0.08524443959723334 -0.11512423511961907 0.16254513403125345 0 0 0
0.0009174311926605505 0.09467891841491138 -0.5775905071761068 0.20224928742102952 0 0 0
0.0009174311926605505 0.43839505294868586 0.11420231787256031 0.24662613425972532 0 0 0
0.0009174311926605505 0.033263640967884374 -0.4367527092838311 -0.4178484695948692 0 0 0
0.0009174311926605505 -0.5613063297802582 -0.12901738354190814 0.28621510480370643 0 0 0
0.0009174311926605505 0.4326399260463338 0.23415924782193906 0.47271245629585146 0 0 0
0.0009174311926605505 -0.4017840326696813 -0.0583796165665313 0.45671201206435535 0 0 0
0.0009174311926605505 -0.07226549709930757 -0.5117512679286779 -0.003211606337501805 0 0 0
0.0009174311926605505 0.1886531234107569 -0.20785620096250074 0.4431049840158785 0 0 0
0.0009174311926605505 0.5911641169562122 -0.14717662459554046 0.13584202866402104 0 0 0
0.0009174311926605505 -0.3471490017786775 -0.20806086617365951 0.2098333158865702 0 0 0
0.0009174311926605505 0.5308849186905756 0.33170904540283497 -0.1906169801628912 0 0 0
0.0009174311926605505 -0.14748834885790446 0.11010393562563714 -0.18653606356421915 0 0 0
0.0009174311926605505 0.10919085311741467 -0.2650229669500214 -0.02938040443484819 0 0 0
0.0009174311926605505 -0.19720032415649222 -0.015688616815309232 0.058373710347436845 0 0 0
0.0009174311926605505 0.2929967346384508 0.2245753247476785 0.29294075263967567 0 0 0
0.0009174311926605505 0.06192544155934562 0.228040803652026 0.5433101194379963 0 0 0
0.0009174311926605505 -0.10444967174543122 0.15790044727641028 -0.28370190415452473 0 0 0
0.0009174311926605505 0.35664080773962875 -0.12511707082494566 0.009752231441517356 0 0 0
0.0009174311926605505 0.5313914433155115 0.022150966139485313 0.004085383707117178 0 0 0
0.0009174311926605505 0.022758640431461925 0.27846045956844584 0.44730210994351544 0 0 0
0.0009174311926605505 0.19344427347042556 -0.06870115755446492 -0.35978329014491645 0 0 0
0.0009174311926605505 -0.20927553259219528 -0.4798772588410452 0.29871647499269766 0 0 0
0.0009174311926605505 0.36999994452750334 -0.007401655710326453 0.3419874532922286 0 0 0
0.0009174311926605505 0.4273410415592097 0.3396002287232725 0.054580070210707314 0 0 0
0.0009174311926605505 -0.12643106784029817 -0.007174526983278105 0.02606862917249034 0 0 0
0.0009174311926605505 -0.3233771896196922 0.2358319503149517 0.5153841996766385 0 0 0
0.0009174311926605505 -0.02701246858896377 -0.2864010482679681 -0.5680258537094045 0 0 0
0.0009174311926605505 0.28769377608171 -0.24568095406465598 -0.3769057233356512 0 0 0
0.0009174311926605505 0.11705768489354272 -0.6523313061926255 0.18140010178202398 0 0 0
0.0009174311926605505 0.2921976228744546 0.2856638399312444 0.11301317699214034 0 0 0
0.0009174311926605505 -0.1571106137123728 0.2301987478591845 -0.024880390083114243 0 0 0
0.0009174311926605505 0.09382002367566825 0.5721791357882119 -0.3470313538196914 0 0 0
0.0009174311926605505 -0.4455429429384773 -0.021791902843147446 0.38647018388688276 0 0 0
0.0009174311926605505 -0.1201956691541596 0.36239128026371165 -0.1857762517383922 0 0 0
0.0009174311926605505 -0.4828800441424856 0.1675082533545407 -0.21575046267307274 0 0 0
0.0009174311926605505 0.4251804296393943 -0.054043063260932944 -0.53519179910356 0 0 0
0.0009174311926605505 0.3671854350789413 -0.250111749121375 0.21038373561892612 0 0 0
0.0009174311926605505 0.14970381416644443 0.49059888597839635 -0.34656708797096003 0 0 0
0.0009174311926605505 -0.47839380479723886 -0.2231579884737681 -0.1499955251502479 0 0 0
0.0009174311926605505 -0.3785585921639701 -0.04362152997512685 -0.1679066270022471 0 0 0
0.0009174311926605505 -0.09089944546571452 0.2827857816735605 0.5940154524150967 0 0 0
0.0009174311926605505 0.01728858307990994 0.23784059698574547 -0.26238062079322394 0 0 0
0.0009174311926605505 -0.37422687067992155 0.04196129968954285 -0.28284166247023873 0 0 0
0.0009174311926605505 -0.09727094218341008 0.3794577864221122 -0.14847994133111275 0 0 0
0.0009174311926605505 0.16601125746013887 -0.2754351093528903 0.3945751418189306 0 0 0
0.0009174311926605505 0.0009797283407360997 -0.6147681527982388 0.1724970732529515 0 0 0
0.0009174311926605505 -0.34133041876822007 -0.15974038755178027 -0.33147279719423584 0 0 0
0.0009174311926605505 0.17847541253556465 -0.585200545464366 -0.1221699279933034 0 0 0
0.0009174311926605505 0.16150551235450814 0.5703011152751302 0.24976854333370932 0 0 0
0.0009174311926605505 -0.32203332360675907 0.07616358567658421 -0.3225259105474345 0 0 0
0.0009174311926605505 0.13183766950880355 0.5560403835646226 -0.32803174032585247 0 0 0
0.0009174311926605505 -0.22970240592481153 -0.15833575807310799 0.40016294840791755 0 0 0
0.0009174311926605505 0.02126464004605853 0.24709235301804058 -0.15720763341058505 0 0 0
0.0009174311926605505 0.4853697222651221 -0.29072587138227407 0.2337297701916353 0 0 0
0.0009174311926605505 -0.2723333700855942 0.6281827429119157 -0.04351831146892831 0 0 0
0.0009174311926605505 0.12440316837388732 0.434809017236723 -0.164267355994726 0 0 0
0.0009174311926605505 -0.5206287461535157 -0.006166067208342092 -0.22734755010150265 0 0 0
0.0009174311926605505 0.013455641149419564 -0.506528186442192 0.17250600538281985 0 0 0
0.0009174311926605505 0.04034440129814447 -0.4422456371588597 -0.02906477560774276 0 0 0
0.0009174311926605505 -0.4161361276433955 0.11388523389303369 0.4093980757959008 0 0 0
0.0009174311926605505 0.17601896792432242 -0.5736387324031675 -0.2811437068465866 0 0 0
0.0009174311926605505 0.3256925012976328 0.24242722510461162 0.3327366014522006 0 0 0
0.0009174311926605505 0.06843068040484666 -0.22009426307025196 0.23584547343117393 0 0 0
0.0009174311926605505 -0.13908658732201823 -0.4757275122468506 0.022246772374918945 0 0 0
0.0009174311926605505 0.1039111993966423 0.2718252361502245 0.04176622029676352 0 0 0
0.0009174311926605505 -0.09825720376530504 0.24102453367278504 0.6406109691477764 0 0 0
0.0009174311926605505 -0.3167216121968146 0.4125657943497724 -0.39796067327880114 0 0 0
0.0009174311926605505 -0.14119554014685284 -0.4326634485087221 -0.173757177832665 0 0 0
0.0009174311926605505 0.37298410891553424 0.18598392841067124 -0.22110000511701275 0 0 0
0.0009174311926605505 0.4993182517426842 -0.4171952039343524 -0.023764741718269134 0 0 0
0.0009174311926605505 -0.025843110191579612 0.4865538711088116 -0.0015195095439745792 0 0 0
0.0009174311926605505 0.29960545914155234 -0.2932175608003802 -0.2522785090451265 0 0 0
0.0009174311926605505 -0.3446229618154502 0.14101812228266372 -0.24330815832065078 0 0 0
0.0009174311926605505 -0.10078617026558677 0.558562001734887 -0.2810325884851607 0 0 0
0.0009174311926605505 -0.00889506078573673 0.48352598992514323 0.08929446299800298 0 0 0
0.0009174311926605505 0.3569725981220807 -0.11779988256722869 -0.5760652986372465 0 0 0
0.0009174311926605505 -0.11361675783969398 0.09332108892076145 -0.634276307136475 0 0 0
0.0009174311926605505 -0.4525683209193069 -0.2244947816701426 0.12877165253378922 0 0 0
0.0009174311926605505 0.4576974759633925 0.3507170403027495 -0.1710893113241333 0 0 0
0.0009174311926605505 0.3851035005235677 0.36234100962255344 -0.2548457449366133 0 0 0
0.0009174311926605505 -0.030942339681547564 -0.08707574502013192 0.631070506766992 0 0 0
0.0009174311926605505 -0.2662681981051488 0.39155965834996564 0.2904121170643222 0 0 0
0.0009174311926605505 -0.1458111124996771 0.06938520426621321 0.1814254140174013 0 0 0
0.0009174311926605505 0.059258151164728295 -0.13225811882660568 0.15128769720713311 0 0 0
0.0009174311926605505 0.08504198048321036 -0.2331669040721243 0.4639973682844054 0 0 0
0.0009174311926605505 -0.018707271909291067 -0.2544873790307076 -0.42928111233221783 0 0 0
0.0009174311926605505 0.6013297402502678 0.02612096267037499 0.2649106469617958 0 0 0
0.0009174311926605505 0.29706780582791753 -0.3932311577718932 0.26740261907048446 0 0 0
0.0009174311926605505 -0.25388160776573226 0.38714858350575543 0.2886971569515591 0 0 0
0.0009174311926605505 -0.2092578531954638 -0.22292445561190244 0.05125807253842557 0 0 0
0.0009174311926605505 0.2692105638895434 0.3575310145304114 -0.33222428829298006 0 0 0
0.0009174311926605505 0.3783294952556201 -0.2742885586436806 0.2809088355140143 0 0 0
0.0009174311926605505 -0.07448617570945072 0.3848112708420372 -0.5117507747186772 0 0 0
0.0009174311926605505 -0.018732377875908875 0.16017965646442936 0.4273192873092686 0 0 0
0.0009174311926605505 -0.14547020900185129 -0.07336846667021181 0.554596479159391 0 0 0
0.0009174311926605505 -0.529723295024105 -0.17020452626825022 -0.1757922405259054 0 0 0
0.0009174311926605505 -0.05130448290429796 -0.4560783472320598 -0.41262343206773866 0 0 0
0.0009174311926605505 0.3675902732932526 -0.10855311188006068 0.21888637082075996 0 0 0
0.0009174311926605505 0.3405353161026268 0.05902516547830665 0.19407375797501347 0 0 0
0.0009174311926605505 0.0534460690895595 -0.03011634211901024 0.15860174198063925 0 0 0
0.0009174311926605505 0.6472088393371945 0.046522309988805646 -0.09605789198237367 0 0 0
0.0009174311926605505 0.5253279109338543 0.17691296371471865 -0.4156397678009196 0 0 0
0.0009174311926605505 0.03192541722261705 -0.34862640991209176 0.11097082518920864 0 0 0
0.0009174311926605505 0.04683124725494792 -0.241772527776818 0.2038754943072113 0 0 0
0.0009174311926605505 0.12142284274568199 -0.016090505886725445 0.05646382670632019 0 0 0
0.0009174311926605505 -0.27387942765198486 -0.6067321160828055 -0.18725902081067328 0 0 0
0.0009174311926605505 0.06238279106793392 -0.23495734452063438 0.09214473683434132 0 0 0
0.0009174311926605505 -0.11616750534314096 0.4327002586207487 0.15177866444400534 0 0 0
0.0009174311926605505 0.19911651773189645 -0.11389487139574433 0.04662375582731632 0 0 0
0.0009174311926605505 -0.5732561795257162 0.0820987794113028 0.1676909033986857 0 0 0
0.0009174311926605505 0.1477554988727096 0.6099435767919005 -0.27478467133174217 0 0 0
0.0009174311926605505 0.08790785213203912 -0.4422124037032735 0.13296899160592393 0 0 0
0.0009174311926605505 -0.23585299340639224 -0.5622430178094038 -0.005823187851660436 0 0 0
0.0009174311926605505 0.23577391399073389 -0.10103784866039327 0.04026706915045877 0 0 0
0.0009174311926605505 -0.14361824848789276 -0.03873221754476807 -0.07274784951689214 0 0 0
0.0009174311926605505 0.026705568884356837 -0.39693872668484753 -0.3025769569573701 0 0 0
0.0009174311926605505 -0.40268137371103974 -0.1546236155841293 0.43001254583096926 0 0 0
0.0009174311926605505 -0.1257710957692686 0.40070751292654877 0.4475255648331335 0 0 0
0.0009174311926605505 0.4832037262788463 -0.3074317954652162 0.1906285661570986 0 0 0
0.0009174311926605505 -0.15745918864242925 0.0037595973880240816 -0.4001567474965386 0 0 0
0.0009174311926605505 0.4078277100879464 -0.10358408714311561 0.09039412047931393 0 0 0
0.0009174311926605505 -0.46026806268161646 0.017429613959575378 0.36628020574933906 0 0 0
0.0009174311926605505 0.2987917739534162 0.2914123225576179 0.46833087769282983 0 0 0
0.0009174311926605505 -0.24129363633273632 0.587849066586559 0.07831001904494705 0 0 0
0.0009174311926605505 -0.09108787872482887 0.5844331419516415 -0.21664500904006562 0 0 0
0.0009174311926605505 -0.527643903588003 -0.27629740962234456 0.05531279243642347 0 0 0
0.0009174311926605505 -0.10825779620110287 0.11698980179477132 -0.15800411317852436 0 0 0
0.0009174311926605505 0.1804353888802682 -0.6507876796817691 0.14539231147817128 0 0 0
0.0009174311926605505 -0.005682945313109943 0.1655707928358586 0.1412135085547497 0 0 0
0.0009174311926605505 0.037495505048922864 -0.1628688505194994 0.3157837436413822 0 0 0
0.0009174311926605505 0.43144817585865003 -0.03832290149883298 -0.1839016365694327 0 0 0
0.0009174311926605505 -0.09599525251454587 0.25732661096191484 0.07609609115965947 0 0 0
0.0009174311926605505 0.3421394204043901 0.16113642523740135 0.2296523294968335 0 0 0
0.0009174311926605505 -0.28403812493791086 -0.4599168896637945 0.3577572579196904 0 0 0
0.0009174311926605505 0.25129416747189304 -0.25641916088580724 -0.49218242485743857 0 0 0
0.0009174311926605505 0.01888309607215049 0.13402255396548662 -0.0870910292587207 0 0 0
0.0009174311926605505 -0.26029695405209624 0.5753060772983684 -0.182032206403239 0 0 0
0.0009174311926605505 0.17001237891535598 0.09947193825275152 -0.5807248907897635 0 0 0
0.0009174311926605505 -0.006939162095933653 0.09306534244194584 0.48696324900153065 0 0 0
0.0009174311926605505 -0.3051933664888602 -0.43581987300455993 -0.041778883608710134 0 0 0
0.0009174311926605505 -0.4506180250751015 -0.08946334690031284 -0.03968457163547251 0 0 0
0.0009174311926605505 0.2821690159505753 0.07043953894421903 0.055509133921934066 0 0 0
0.0009174311926605505 -0.46954063544270774 0.17925344343508812 -0.09932522369541162 0 0 0
0.0009174311926605505 0.32610321866120534 -0.0024804526818106797 0.35635683192144574 0 0 0
0.0009174311926605505 -0.46845527408013377 -0.19344987602821045 -0.23239254616521796 0 0 0
0.0009174311926605505 -0.09175056628593617 0.3207685178189391 0.1759145100557214 0 0 0
0.0009174311926605505 0.13836799450987167 0.5467162214276647 -0.1851077521164783 0 0 0
0.0009174311926605505 -0.4804310475409526 -0.19545744809689325 -0.37706964657181957 0 0 0
0.0009174311926605505 0.4218519877296365 0.15663507124522713 0.11046143782480682 0 0 0
0.0009174311926605505 -0.24358428625139236 -0.43660618048897737 -0.15774826064271516 0 0 0
0.0009174311926605505 -0.3636472919731367 -0.11392502895384618 0.21973815011902972 0 0 0
0.0009174311926605505 0.07563483059922714 0.22946558032773554 0.24373194773519016 0 0 0
0.0009174311926605505 0.5358913251421823 -0.2934508276841227 -0.00044025698023052255 0 0 0
0.0009174311926605505 -0.32307200587469304 0.1793360303247323 -0.36307382134618166 0 0 0
0.0009174311926605505 0.3530589541124837 -0.22002651759584826 -0.25130312334235116 0 0 0
0.0009174311926605505 0.1317504250898473 -0.26946817988078736 0.16923033239520932 0 0 0
0.0009174311926605505 -0.3706537425316067 0.5825745105616568 -0.006817007737690918 0 0 0
0.0009174311926605505 -0.5748022648436114 -0.21081168321658228 0.28042420956808567 0 0 0
0.0009174311926605505 -0.5638289672728192 -0.2948964364302429 -0.062448677826416464 0 0 0
0.0009174311926605505 0.0062910234656760764 -0.23727598622910775 0.19490055268930823 0 0 0
0.0009174311926605505 -0.3975547594258976 0.08865361528657827 0.11095233955565213 0 0 0
0.0009174311926605505 -0.5043372542562525 0.35183443359169253 -0.0846329794091809 0 0 0
0.0009174311926605505 0.316394458657299 -0.16147821552962943 0.06694054409423071 0 0 0
0.0009174311926605505 -0.1809487562356276 0.4011877511238787 0.3176134870559795 0 0 0
0.0009174311926605505 -0.5696151223480326 0.17987175279534623 0.15472409876921311 0 0 0
0.0009174311926605505 0.3785111802906851 0.3366140573792324 0.1825720804090357 0 0 0
0.0009174311926605505 -0.1539861022111502 -0.05986070599699201 0.5075180843556582 0 0 0
0.0009174311926605505 -0.05091774560809699 0.16303481382668572 -0.6473185776047502 0 0 0
0.0009174311926605505 0.5133534251173261 0.22184281610522888 0.05099911591748967 0 0 0
