330
0
0.0030303030303030303 -0.26977969319852585 0.6126709740264086 -0.00784996494915696 0 0 0
0.0030303030303030303 -0.18509754864860986 -0.45938090136084964 0.13472194947051036 0 0 0
0.0030303030303030303 -0.1277934830420819 0.5591496830906506 -0.22604383014913715 0 0 0
0.0030303030303030303 -0.2660793150759553 0.5159897040560368 0.3459281041063434 0 0 0
0.0030303030303030303 0.21914092332566867 -0.18754102849767756 -0.3092201033461274 0 0 0
0.0030303030303030303 0.15550437153855556 0.3106029892884892 0.20439611952437275 0 0 0
0.0030303030303030303 -0.5039706107061707 -0.23833656812528015 0.30017550683111616 0 0 0
0.0030303030303030303 -0.5246258676870944 -0.11910925677184882 -0.26692418224212494 0 0 0
0.0030303030303030303 0.04579944666597041 -0.1324941393907094 0.4460369222321261 0 0 0
0.0030303030303030303 -0.11559796856131434 -0.08653037255534354 0.6095766674368326 0 0 0
0.0030303030303030303 -0.14053552790049284 -0.27199081365688144 -0.313855748408299 0 0 0
0.0030303030303030303 0.19259048744258173 0.516817089054428 -0.27382264131190004 0 0 0
0.0030303030303030303 0.5222204280581506 0.2871384372093613 -0.07208462260346066 0 0 0
0.0030303030303030303 0.21329599293338483 -0.11979292287297257 0.582355453901232 0 0 0
0.0030303030303030303 0.22254206408862542 0.4365920861948576 -0.2553932311394014 0 0 0
0.0030303030303030303 -0.11647092694639612 -0.04760503473913354 -0.03742156006095908 0 0 0
0.0030303030303030303 0.24642014429716208 0.5193583808654292 -0.38099404367385953 0 0 0
0.0030303030303030303 -0.4004091197089019 0.3000431400851045 0.0973631264462725 0 0 0
0.0030303030303030303 -0.35567442111815295 -0.01989147080617202 0.1997126444105265 0 0 0
0.0030303030303030303 -0.08235481169150954 0.06917418136824618 0.38960798969466476 0 0 0
0.0030303030303030303 0.16948895642151537 0.6432858144180854 -0.09689156610544271 0 0 0
0.0030303030303030303 0.015684106070439324 -0.43475943595005145 -0.3629684419984453 0 0 0
0.0030303030303030303 0.5714786010864012 0.048426264586015566 -0.10617792885867817 0 0 0
0.0030303030303030303 -0.12704831651857604 -0.3152598386960197 -0.5791769552374179 0 0 0
0.0030303030303030303 -0.12755459522947632 0.5854076659442797 0.04246921764321908 0 0 0
0.0030303030303030303 0.17859843322488736 0.0852822304467355 -0.2506977517348685 0 0 0
0.0030303030303030303 -0.17975128940229357 -0.5332990145005444 0.2239209959833661 0 0 0
0.0030303030303030303 -0.0798249463146089 0.17390526251559563 0.5084116997903918 0 0 0
0.0030303030303030303 -0.19038727071348277 0.1268907807458406 0.09258215018122318 0 0 0
0.0030303030303030303 -0.3477941821767215 -0.15266302882652646 0.284925537229559 0 0 0
0.0030303030303030303 0.5036093203177489 -0.04961874885539589 0.4008155146662871 0 0 0
0.0030303030303030303 0.12055488473626047 0.3802187635703992 -0.3727754125537809 0 0 0
0.0030303030303030303 -0.03585394412711624 -0.09293238258390667 0.24576348103000029 0 0 0
0.0030303030303030303 0.19207365380985406 0.523428131840901 -0.36489931801292147 0 0 0
0.0030303030303030303 0.4458952082962894 0.3854759866517691 0.1197618563784604 0 0 0
0.0030303030303030303 0.3739925569714105 -0.5490970106383433 0.04086852604216924 0 0 0
0.0030303030303030303 -0.3006928021413958 -0.3073963052238556 -0.46772012704176585 0 0 0
0.0030303030303030303 0.48688688997486923 0.14848161728636072 0.04127150465144848 0 0 0
0.0030303030303030303 0.3237923150921336 -0.24128514024798306 -0.03675412230962832 0 0 0
0.0030303030303030303 -0.11738560373355589 -0.49424460183334307 0.22083906475531256 0 0 0
0.0030303030303030303 0.23486924211517457 0.12549516178903086 0.0662519213136661 0 0 0
0.0030303030303030303 0.0750804690193209 0.4850212668516786 -0.08162864595001802 0 0 0
0.0030303030303030303 -0.25506973981563663 -0.2042073642567322 -0.2405510554006606 0 0 0
0.0030303030303030303 -0.30136284852718886 -0.09156809068509421 0.4038451320005227 0 0 0
0.0030303030303030303 0.3990711279116279 -0.19176643293200585 -0.21267891623275872 0 0 0
0.0030303030303030303 0.3288454018687299 0.3442473309048327 -0.4610694082290824 0 0 0
0.0030303030303030303 -0.34331637273937027 0.3193077700409998 -0.07563117361714386 0 0 0
0.0030303030303030303 -0.3457976264186003 0.0239736104068491 -0.3942339919466366 0 0 0
0.0030303030303030303 0.35707981670521494 0.2589969430041065 -0.33186487444024276 0 0 0
0.0030303030303030303 -0.1189753141131434 -0.35394254601220887 -0.45897167343998113 0 0 0
0.0030303030303030303 0.2295769802403356 -0.2339988448032829 0.22178019740617413 0 0 0
0.0030303030303030303 -0.02457442350179287 -0.1204292303048302 0.6425004335675424 0 0 0
0.0030303030303030303 -0.21228462418500008 0.5716080573565241 -0.2459654621023681 0 0 0
0.0030303030303030303 0.4088673484565911 0.10365273378540081 -0.0795080131839297 0 0 0
0.0030303030303030303 0.3232340315626353 0.3680689814028646 0.31834125099289406 0 0 0
0.0030303030303030303 -0.4049844647950687 0.20952157023502618 0.16829642999396524 0 0 0
0.0030303030303030303 -0.19967321793420748 0.29753933904172014 -0.5669039940947875 0 0 0
0.0030303030303030303 -0.09375613705882024 0.2553620886684477 0.38863010479504834 0 0 0
0.0030303030303030303 -0.19794706628670783 0.16663956354678708 0.0341582789818696 0 0 0
0.0030303030303030303 0.24688610769789512 -0.4311517937692437 0.3511262962185404 0 0 0
0.0030303030303030303 -0.02898860344455135 0.21411883139079715 -0.6087798152641688 0 0 0
0.0030303030303030303 0.23797903774826065 0.2145085287644236 0.5008887290153365 0 0 0
0.0030303030303030303 0.062345455440289674 0.45861089295251234 -0.33305502652352875 0 0 0
0.0030303030303030303 0.4386440386930765 -0.11472306562646706 0.23297664326651124 0 0 0
0.0030303030303030303 -0.3562597789313352 0.08291162599473538 -0.19560376039079191 0 0 0
0.0030303030303030303 -0.19796950145578454 0.3383307587723179 -0.36486014290214197 0 0 0
0.0030303030303030303 -0.14566500498033144 0.24781382862910514 0.07583181518999935 0 0 0
0.0030303030303030303 0.0419564763362321 0.5507532495763735 0.04256535572489489 0 0 0
0.0030303030303030303 0.49131714593455195 -0.02494608363592675 -0.1746993053376548 0 0 0
0.0030303030303030303 0.40747262552835617 -0.015844655251373706 0.5469332309569389 0 0 0
0.0030303030303030303 0.16905424697780336 -0.35440365293980086 -0.35310638678382394 0 0 0
0.0030303030303030303 0.40819464164628194 -0.23363815589120854 -0.2273975309299454 0 0 0
0.0030303030303030303 -0.0162767697118303 -0.4321085680842878 0.22562304179643883 0 0 0
0.0030303030303030303 -0.1669726731747546 0.268695600264578 -0.27924848559882376 0 0 0
0.0030303030303030303 -0.24774460370414592 -0.12938051361490183 -0.12526275473861084 0 0 0
0.0030303030303030303 -0.44758719071295283 -0.11492540835977735 -0.46635029360002095 0 0 0
0.0030303030303030303 0.3197853703945236 -0.39387443621328977 -0.18689273635758502 0 0 0
0.0030303030303030303 0.0617600951804624 -0.407275895878102 0.5537704288198885 0 0 0
0.0030303030303030303 -0.2897398393367777 0.008728959542898089 -0.22491995425708644 0 0 0
0.0030303030303030303 -0.25974456842991395 0.4701007839919217 0.25554243848669733 0 0 0
0.0030303030303030303 0.4442064923336406 -0.0037715430072216127 -0.41908633084392966 0 0 0
0.0030303030303030303 0.5400077657935394 0.06908160493374046 -0.1989940841767093 0 0 0
0.0030303030303030303 0.41128505733177134 0.1357925012091991 0.043870953712267804 0 0 0
0.0030303030303030303 -0.4275340581626125 0.36557183379631697 -0.012501306896847282 0 0 0
0.0030303030303030303 0.26583539975384324 -0.2131635454912576 -0.07631066815695399 0 0 0
0.0030303030303030303 -0.06876265443588815 -0.19206529176290196 0.5137871229167249 0 0 0
0.0030303030303030303 -0.11757724337933523 0.059109703401205776 -0.2745721063850067 0 0 0
0.0030303030303030303 -0.06811042368202794 -0.055164997710315335 0.1993984657831009 0 0 0
0.0030303030303030303 0.5957857248146645 0.10896929068645178 -0.18400295261561878 0 0 0
0.0030303030303030303 -0.36119461768781946 0.31904660247232464 -0.029496513074698617 0 0 0
0.0030303030303030303 -0.012480390538269428 0.3966818643389056 -0.08811118274840035 0 0 0
0.0030303030303030303 0.15137797492897542 0.36510805899198706 0.23199616140092108 0 0 0
0.0030303030303030303 0.19732171634825799 0.0986405774821814 0.09001377608941248 0 0 0
0.0030303030303030303 0.19981459748216018 0.46614714183427197 0.40206073251902696 0 0 0
0.0030303030303030303 -0.3119884700170925 -0.3105267651273183 0.23488553815869473 0 0 0
0.0030303030303030303 -0.22773622236960098 -0.37273158157290864 0.24948491071855927 0 0 0
0.0030303030303030303 -0.3740024139623639 0.2599075012943325 0.041982476263241024 0 0 0
0.0030303030303030303 -0.05953481367754357 0.1802159351365185 -0.604771445511015 0 0 0
0.0030303030303030303 0.2724466339693794 0.07174776288299835 0.09311063041043112 0 0 0
0.0030303030303030303 0.17404257869063977 0.418223069405107 -0.5128655302693041 0 0 0
0.0030303030303030303 0.001395648825803145 -0.3126701276843034 0.031223711781889672 0 0 0
0.0030303030303030303 0.39600375391193127 -0.4481835769134135 0.12781999941380703 0 0 0
0.0030303030303030303 0.02876172151416193 0.6404042495414971 -0.1304649801683458 0 0 0
0.0030303030303030303 0.603159021481748 0.1087591919467887 0.29049045518400957 0 0 0
0.0030303030303030303 -0.4109819670795717 -0.14564680656752488 -0.024224804085873082 0 0 0
0.0030303030303030303 0.3100298454927415 -0.37519317367710026 0.16181289885908418 0 0 0
0.0030303030303030303 -4.164223765591297e-05 0.17442263418237908 -0.48560389133340326 0 0 0
0.0030303030303030303 -0.07604648762120386 0.34791078123414276 -0.42180982899032965 0 0 0
0.0030303030303030303 -0.2384119015706948 0.0004286970049437246 -0.16558444972714587 0 0 0
0.0030303030303030303 -0.061990047973965796 -0.13105339238692812 -0.05354587473422835 0 0 0
0.0030303030303030303 0.29017835220342936 0.35128432803488785 0.3590613615586648 0 0 0
0.0030303030303030303 -0.32262067195213273 -0.37421032314734265 0.3073640828602175 0 0 0
0.0030303030303030303 -0.27790823606171544 -0.06223719927681129 0.20813501804415066 0 0 0
0.0030303030303030303 -0.6393931571659858 -0.08940383160441281 0.12875277708400124 0 0 0
0.0030303030303030303 0.4771567408768078 -0.20772184229511886 0.30898836877882907 0 0 0
0.0030303030303030303 -0.5185472206312771 0.37812419923258145 0.04861645061773714 0 0 0
0.0030303030303030303 0.1952179719948872 0.13284526363002394 -0.230826396956185 0 0 0
0.0030303030303030303 -0.37992867485771875 -0.27830878337090853 -0.25156492925178087 0 0 0
0.0030303030303030303 -0.6248735371368973 -0.05480863231589268 -0.2004132756802543 0 0 0
0.0030303030303030303 0.16296758174926781 -0.38538782414012596 0.31301491635105494 0 0 0
0.0030303030303030303 -0.2683939394323484 0.21405925706797968 -0.027181560668335443 0 0 0
0.0030303030303030303 -0.3765497365525983 0.46158585951018316 -0.03997692066582803 0 0 0
0.0030303030303030303 -0.3345535263654656 0.10182934285302031 0.5352771635102351 0 0 0
0.0030303030303030303 0.41656758082665496 0.5184578267901028 0.16868746143733684 0 0 0
0.0030303030303030303 -0.20431024482625326 -0.25149298001416187 -0.3260787287625864 0 0 0
0.0030303030303030303 0.21426285593989955 -0.3691250992756934 -0.44078431657639805 0 0 0
0.0030303030303030303 -0.21831995075462454 -0.5677607851636334 -0.06571873165040346 0 0 0
0.0030303030303030303 -0.36530412729985584 -0.3476329753325242 -0.2963066831462312 0 0 0
0.0030303030303030303 -0.3301017990199201 0.31342637551468533 -0.42778296433842145 0 0 0
0.0030303030303030303 -0.4023832157028098 -0.4518262753798536 0.0439547059870101 0 0 0
0.0030303030303030303 -0.07026698336183117 0.3405158725290675 0.2144243047242272 0 0 0
0.0030303030303030303 0.3877658378936066 -0.37911413377355574 -0.31226882185423294 0 0 0
0.0030303030303030303 0.24593628474484236 0.388661560507302 0.3665742948027838 0 0 0
0.0030303030303030303 -0.09867729929872773 0.002392362284756478 -0.20932559406818552 0 0 0
0.0030303030303030303 0.08811850377875212 -0.226822472569137 -0.22250501028986724 0 0 0
0.0030303030303030303 -0.42811400991898635 0.2821788637681889 -0.46405939345309277 0 0 0
0.0030303030303030303 0.1827959713493986 -0.2428102153354259 -0.2548089961006541 0 0 0
0.0030303030303030303 -0.37830250471328436 -0.4017071681132951 0.09820026559091764 0 0 0
0.0030303030303030303 -0.26235647773734605 0.3696737821001522 -0.1684797009644464 0 0 0
0.0030303030303030303 0.3890890223242134 -0.0816258153736203 0.3404672374587939 0 0 0
0.0030303030303030303 0.26532967259311774 0.21344758850687018 -0.42466028748195533 0 0 0
0.0030303030303030303 -0.40789433132339475 -0.3136141067205276 0.4557982192308044 0 0 0
0.0030303030303030303 0.18822789878508453 -0.302371761205619 0.36174510111898883 0 0 0
0.0030303030303030303 0.3858205035675607 -0.43049438333000223 -0.03841177513260537 0 0 0
0.0030303030303030303 0.07250215846624898 -0.32302996476823015 0.0455557400194573 0 0 0
0.0030303030303030303 -0.2190246585693699 0.004935546950861727 -0.3259162149383218 0 0 0
0.0030303030303030303 -0.22869013571919347 -0.16846258039371304 0.442422481185313 0 0 0
0.0030303030303030303 -0.371111750972216 0.18585021368188276 0.4710713642075301 0 0 0
0.0030303030303030303 -0.3454440114931467 -0.5714276943565246 -0.00647211496302876 0 0 0
0.0030303030303030303 0.335821010810731 0.24787666202812123 -0.48162539171741026 0 0 0
0.0030303030303030303 0.2743474918413037 -0.08403968370296647 -0.23091178934639536 0 0 0
0.0030303030303030303 -0.4150277580431421 -0.39909506461058564 0.36968639034069 0 0 0
0.0030303030303030303 0.47360404338340384 -0.1250819753933728 -0.26334633042991284 0 0 0
0.0030303030303030303 0.5676562331942264 -0.0736480910767123 0.1005951009391301 0 0 0
0.0030303030303030303 0.2666632047329767 -0.21254722728580938 -0.17188685682139612 0 0 0
0.0030303030303030303 -0.5202671985696025 -0.048674327506084525 -0.34583677740484253 0 0 0
0.0030303030303030303 0.46153834956894346 -0.19696520122410296 -0.4487686018201748 0 0 0
0.0030303030303030303 0.2552002823808185 0.4482090481903328 0.07034650499354995 0 0 0
0.0030303030303030303 0.47161173862878597 -0.1815330916125571 -0.3249485285026377 0 0 0
0.0030303030303030303 0.21633319249198174 0.26984643210648074 0.33880441194644045 0 0 0
0.0030303030303030303 -0.12267425139688681 -0.05699411741628346 0.34443768262744806 0 0 0
0.0030303030303030303 -0.07077964765195961 0.504598826648154 0.31662939655437483 0 0 0
0.0030303030303030303 -0.21057365233282246 0.15404947725237877 0.32507909320047795 0 0 0
0.0030303030303030303 0.11796551133994225 -0.06929779353550304 -0.19505102034430966 0 0 0
0.0030303030303030303 -0.09758814606413362 -0.30500423946877986 -0.3640296526369977 0 0 0
0.0030303030303030303 -0.6185353133593106 0.05818742664560437 0.05801174221186833 0 0 0
0.0030303030303030303 0.34761206530476907 0.23465044361988682 -0.09491809226415926 0 0 0
0.0030303030303030303 0.06608483762378677 -0.5259410086194126 -0.0938541976702331 0 0 0
0.0030303030303030303 -0.1325252744794252 -0.08583128675550089 -0.4678050755860944 0 0 0
0.0030303030303030303 0.15222244239028782 -0.5530451482292119 0.3604844844335522 0 0 0
0.0030303030303030303 0.5983875491526448 -0.2916414261925311 -0.007261355778459636 0 0 0
0.0030303030303030303 0.26655945723430635 -0.6072494316138713 -0.1272262508161489 0 0 0
0.0030303030303030303 0.6000628044694191 -0.20287238205538322 0.11395311599027229 0 0 0
0.0030303030303030303 -0.41668201816919176 -0.14004674968958122 -0.1945919152187172 0 0 0
0.0030303030303030303 0.2759257964642579 0.0423593762866857 0.30442721126577926 0 0 0
0.0030303030303030303 -0.38613414130993795 0.39105987970233 -0.008104774696545962 0 0 0
0.0030303030303030303 0.1625935537369919 0.3172846349385382 -0.4598567163073316 0 0 0
0.0030303030303030303 0.08051893002986103 -0.21629429014080662 0.4495303673195446 0 0 0
0.0030303030303030303 0.07770713978935787 0.20385676225601787 -0.6477078677493574 0 0 0
0.0030303030303030303 -0.48261625065200725 -0.1965893320147628 -0.02845884151907356 0 0 0
0.0030303030303030303 0.39087097943017646 -0.21773263989949573 -0.23705233088352873 0 0 0
0.0030303030303030303 -0.284563561759425 -0.03269788637029431 0.5270116745574199 0 0 0
0.0030303030303030303 -0.1512689709424019 0.2797255141802219 0.11570236768176612 0 0 0
0.0030303030303030303 0.07962987267873246 -0.05997138540620542 -0.08950388603003824 0 0 0
0.0030303030303030303 0.13348416551031508 -0.4309543400174533 0.4725967489197507 0 0 0
0.0030303030303030303 0.00906347587326559 0.15888312096034957 -0.5395752836379665 0 0 0
0.0030303030303030303 0.13437728109033983 -0.32019038022168705 0.049487666169169886 0 0 0
0.0030303030303030303 0.04276550745982678 -0.11956473951675775 -0.32618189253078633 0 0 0
0.0030303030303030303 -0.38188841936051426 0.010650539512167542 0.4474676893630439 0 0 0
0.0030303030303030303 0.25477168767142444 -0.1131209807087794 0.25848370510326296 0 0 0
0.0030303030303030303 0.19096522809642125 -0.05425050712752149 0.5525891186074523 0 0 0
0.0030303030303030303 0.6502352284721887 0.02113748522496989 0.17676250162094168 0 0 0
0.0030303030303030303 -0.5077088515082381 0.12256278833616856 0.38880061531544335 0 0 0
0.0030303030303030303 -0.3243493046203694 0.2720529149594986 -0.09430006683388724 0 0 0
0.0030303030303030303 -0.10525959685156464 0.46517297885714914 0.3312933214628747 0 0 0
0.0030303030303030303 -0.5477797924372587 -0.15796855929786674 -0.26513629290194735 0 0 0
0.0030303030303030303 -0.0931802781012343 -0.4406234977968616 -0.27558305925296506 0 0 0
0.0030303030303030303 0.3704455613911144 0.01322601815219226 -0.2874628100711611 0 0 0
0.0030303030303030303 -0.12960888729000142 0.03863118052991174 -0.27443287402747313 0 0 0
0.0030303030303030303 0.5946635145496162 0.13672378059622317 -0.04408082314895977 0 0 0
0.0030303030303030303 -0.1327614773265251 -0.48967125930433886 0.35378449131766176 0 0 0
0.0030303030303030303 0.23890372373296398 0.3787754641200917 -0.016513318475624324 0 0 0
0.0030303030303030303 0.10729435947283622 -0.44467721373936536 0.4753906876259113 0 0 0
0.0030303030303030303 -0.28310388017800947 -0.4118468189960681 0.053428117244443886 0 0 0
0.0030303030303030303 -0.47857541617598987 0.18379297145393392 0.4052149103354056 0 0 0
0.0030303030303030303 -0.020345966404644044 0.19557841143391402 -0.13191771487733434 0 0 0
0.0030303030303030303 -0.041569220526501784 0.4964578455027467 0.47708314925231615 0 0 0
0.0030303030303030303 -0.3147733674339495 -0.3336605389995734 0.5090920944820229 0 0 0
0.0030303030303030303 -0.017428116955223182 0.467791744207719 0.1601963536339007 0 0 0
0.0030303030303030303 0.38778456467258077 -0.23904224859971157 -0.3680134550214438 0 0 0
0.0030303030303030303 -0.17655174594553225 -0.47290499299460337 0.12287801643609116 0 0 0
0.0030303030303030303 0.3643823204355891 0.055809842588474996 0.27674133886769176 0 0 0
0.0030303030303030303 -0.08086957476316875 0.004539679484389059 0.396991091221785 0 0 0
0.0030303030303030303 0.4664897976193343 0.04271685477262592 0.3984503820380259 0 0 0
0.0030303030303030303 0.00737848463376105 -0.447582970147077 0.12507441365445957 0 0 0
0.0030303030303030303 0.01770010868183388 0.1277400802392297 0.5352306209847338 0 0 0
0.0030303030303030303 0.21157829107039064 0.418162410165718 0.16454477716972182 0 0 0
0.0030303030303030303 -0.29467198194654426 0.4355701694897165 0.09234699076714926 0 0 0
0.0030303030303030303 0.17478143958368048 0.24441146238251424 -0.4861226292551759 0 0 0
0.0030303030303030303 0.4775876972601567 -0.24562494399243806 -0.021088105835255673 0 0 0
0.0030303030303030303 -0.29654121340282086 0.6129361565701666 0.10939716436782432 0 0 0
0.0030303030303030303 0.1945530423640019 -0.24266367676088108 -0.5912026403857304 0 0 0
0.0030303030303030303 -0.03399169299665548 -0.04174188817081904 0.4351585124657357 0 0 0
0.0030303030303030303 -0.24612118918048695 0.07936355012912605 -0.189843455568072 0 0 0
0.0030303030303030303 -0.03950667181575329 -0.2181925902737773 0.5521515380388848 0 0 0
0.0030303030303030303 0.017082127616671314 0.5595135738573405 -0.21112604054085407 0 0 0
0.0030303030303030303 -0.18822986377566592 -0.11626945253514057 0.6022629388775891 0 0 0
0.0030303030303030303 -0.02800450082950351 -0.20257703411033587 0.4333466906548379 0 0 0
0.0030303030303030303 0.22364443611751464 -0.26512079655318116 -0.43625662059989573 0 0 0
0.0030303030303030303 -0.2792381141805702 0.40784373721987616 -0.038568915582067646 0 0 0
0.0030303030303030303 0.33417015859327687 0.5374040860088006 -0.2649760475427334 0 0 0
0.0030303030303030303 0.24855577261249875 0.2983158344444917 -0.4382518548111925 0 0 0
0.0030303030303030303 -0.3074901852980764 0.047835539662197224 -0.09968458338710696 0 0 0
0.0030303030303030303 0.3957609453843786 0.2603906075394537 -0.28084661368962616 0 0 0
0.0030303030303030303 -0.20921575903392153 0.5523532397476959 0.082542706757227 0 0 0
0.0030303030303030303 -0.3878469667829552 -0.2207717637313042 -0.19450475159968328 0 0 0
0.0030303030303030303 0.11224270289934668 -0.5468061358227431 0.14743720165996724 0 0 0
0.0030303030303030303 -0.288237328879897 -0.11780699726519678 -0.18768610655069068 0 0 0
0.0030303030303030303 -0.24912832217843853 -0.5310689046653664 0.2804788907878746 0 0 0
0.0030303030303030303 0.5549249154309944 -0.13546819112691602 -0.09962767684654263 0 0 0
0.0030303030303030303 0.01527205205993859 -0.2574183247105425 0.09582379876588368 0 0 0
0.0030303030303030303 -0.4543767273623738 0.21219320555477553 0.05598936589704388 0 0 0
0.0030303030303030303 0.3297316137608434 -0.41480771341053063 -0.009757644381518913 0 0 0
0.0030303030303030303 -0.11639673854839691 -0.10253317813274297 0.30481226714907067 0 0 0
0.0030303030303030303 -0.28202637661367913 -0.47411567908733276 -0.05140731084795357 0 0 0
0.0030303030303030303 0.06354732163651133 0.4443345774470094 -0.2698548587741314 0 0 0
0.0030303030303030303 -0.2775010765359325 -0.4370045761930306 -0.24995437994227637 0 0 0
0.0030303030303030303 0.15149111230974238 0.22992755769363243 -0.07854431946794485 0 0 0
0.0030303030303030303 -0.4317370295599672 0.02548310012369529 -0.25166475566723145 0 0 0
0.0030303030303030303 -0.6340464355861718 0.2702223732875432 -0.03184374228000424 0 0 0
0.0030303030303030303 -0.19849182202640234 -0.4051968389104685 -0.5132638425732019 0 0 0
0.0030303030303030303 -0.3492729856436631 -0.3548773806171279 -0.32696259659194854 0 0 0
0.0030303030303030303 -0.4792491374536638 0.4613832380059826 -0.13454025400099137 0 0 0
0.0030303030303030303 -0.2786078746801461 0.0038902202338150847 0.6227918428614745 0 0 0
0.0030303030303030303 0.6543977615868508 0.06062360336547299 -0.08628701480832719 0 0 0
0.0030303030303030303 -0.0895741516119303 -0.34045821907373086 -0.27814426149480903 0 0 0
0.0030303030303030303 -0.15596469424468098 -0.41274313171286114 -0.3093628878699916 0 0 0
0.0030303030303030303 0.46878177353387074 -0.07402868801957206 -0.2660756216263638 0 0 0
0.0030303030303030303 -0.3562195046032394 0.29437307815908975 0.24044477366612804 0 0 0
0.0030303030303030303 -0.43098599642055063 -0.22003986819380572 -0.24284292072468563 0 0 0
0.0030303030303030303 -0.003914682233878213 0.4324159015737812 0.23336616942845628 0 0 0
0.0030303030303030303 0.377361623783267 -0.2868164199382825 0.19074617728389331 0 0 0
0.0030303030303030303 -0.28132329361166625 0.37521416671039565 0.4154273033567526 0 0 0
0.0030303030303030303 0.6472478837393227 -0.00011589401578692763 0.24851463002460442 0 0 0
0.0030303030303030303 0.17825929144358635 -0.2906180100481145 0.5034827609879367 0 0 0
0.0030303030303030303 -0.3929835823293973 -0.039009728865160624 0.04714047061667013 0 0 0
0.0030303030303030303 0.14240818729208105 -0.28605222651699724 -0.4112499918032534 0 0 0
0.0030303030303030303 -0.10071810985691196 0.5282583500682853 0.3838956746279717 0 0 0
0.0030303030303030303 -0.0625672993543859 -0.3173547212966067 0.2690865853822323 0 0 0
0.0030303030303030303 0.22312685289356876 -0.18324832527057083 -0.35003988954019777 0 0 0
0.0030303030303030303 -0.3754020534231998 0.01852343655530584 0.4119630663657723 0 0 0
0.0030303030303030303 -0.026248904959401072 -0.0030000080828835205 0.3797779208084216 0 0 0
0.0030303030303030303 -0.18982046213661172 0.030628581751433664 -0.028240613777788512 0 0 0
0.0030303030303030303 0.5410401518612268 0.053772774458975325 -0.38290052443030964 0 0 0
0.0030303030303030303 0.464101371631681 -0.07561066333716705 0.2248415383653968 0 0 0
0.0030303030303030303 -0.3041263802575629 -0.028801360448525163 -0.47835617624862237 0 0 0
0.0030303030303030303 -0.3346287428993458 -0.31873420404280334 0.3385386353384078 0 0 0
0.0030303030303030303 -0.6144748671548833 -0.03878048858580423 -0.27191498397482167 0 0 0
0.0030303030303030303 -0.27943583259327226 -0.12516818768299728 0.418824095526771 0 0 0
0.0030303030303030303 0.46638642534745395 -0.2187175775353962 -0.002482323888758316 0 0 0
0.0030303030303030303 0.18626388664892954 -0.3268683617916161 -0.49058776258685904 0 0 0
0.0030303030303030303 0.12354563116154801 -0.6059454970058158 -0.28321081546951765 0 0 0
0.0030303030303030303 0.4591551000490616 -0.10465975564220596 0.3522557879358237 0 0 0
0.0030303030303030303 0.6000489998751596 0.2555686068381699 -0.0529330036810201 0 0 0
0.0030303030303030303 0.4233653892926515 0.25505266703912793 -0.3693443936840799 0 0 0
0.0030303030303030303 -0.05714447510312344 0.34624615477321635 -0.2595801819926208 0 0 0
0.0030303030303030303 0.4505794784956365 0.315169985111295 0.3011504570163359 0 0 0
0.0030303030303030303 0.049691379623231266 0.2886599478382523 0.13200530661249862 0 0 0
0.0030303030303030303 0.4069425816207699 -0.24932483087968793 -0.4670537248544588 0 0 0
0.0030303030303030303 -0.14700728191751608 -0.1539476224813764 -0.4182075629985757 0 0 0
0.0030303030303030303 0.6854936854207613 -0.0859058434021683 0.020133371207140916 0 0 0
0.0030303030303030303 0.0933486875289077 -0.47377792036213034 -0.0026801105632718956 0 0 0
0.0030303030303030303 0.17769479321768616 0.1704661273035393 -0.5623401417257109 0 0 0
0.0030303030303030303 -0.34995428035784937 -0.30300704290502184 -0.19689157359254922 0 0 0
0.0030303030303030303 0.03885478739125829 0.5594306585478717 -0.1778744161941989 0 0 0
0.0030303030303030303 -0.14496098276042338 -0.17235471872725036 0.06418267379553919 0 0 0
0.0030303030303030303 -0.11307015829000268 0.20531678848864027 -0.19415639420188763 0 0 0
0.0030303030303030303 -0.5922709806185243 -0.08633586263120661 0.1702175066392015 0 0 0
0.0030303030303030303 0.5009611000463882 0.13443719846530625 0.3089838561095765 0 0 0
0.0030303030303030303 0.33960864481017206 0.13321112769387897 0.2517038415907888 0 0 0
0.0030303030303030303 0.09982859008476681 0.5120864719492049 -0.10820114163532198 0 0 0
0.0030303030303030303 -0.3990926135984817 -0.4292055183496918 0.11276764059199682 0 0 0
0.0030303030303030303 0.004558832972677174 -0.0360509799747518 -0.1568550648894086 0 0 0
0.0030303030303030303 -0.16920814364917566 -0.31491013188317624 -0.5572128602175292 0 0 0
0.0030303030303030303 -0.45935497331801245 -0.27091414945387565 0.4148556284089594 0 0 0
0.0030303030303030303 0.1622709602567794 0.16939397689225863 -0.14784594288177985 0 0 0
0.0030303030303030303 0.03596578894047606 -0.3353496704640806 -0.5371312521721697 0 0 0
0.0030303030303030303 -0.5596832302415183 -0.05761250401120748 -0.36070486926994966 0 0 0
0.0030303030303030303 -0.08458491257576774 0.23809873720511535 -0.1954539446593155 0 0 0
0.0030303030303030303 -0.28415325611247855 0.18757735295630096 0.023940853267004094 0 0 0
0.0030303030303030303 0.1009325846848713 0.3218864855545639 0.24004852823204512 0 0 0
0.0030303030303030303 -0.11807084894765935 -0.03481616369103251 -0.06696892493336572 0 0 0
0.0030303030303030303 0.5822173859344857 0.13351100994578705 0.011767975027723193 0 0 0
0.0030303030303030303 -0.05244715493340326 0.12342528077600189 0.6018262196216966 0 0 0
0.0030303030303030303 -0.24468901799320025 0.1397922659578746 -0.5407748928609969 0 0 0
0.0030303030303030303 0.6163098960455827 0.1533016338236711 0.09147796803431858 0 0 0
0.0030303030303030303 -0.30495382771769236 -0.23991114995115098 0.09673986218282805 0 0 0
0.0030303030303030303 0.2201718830749328 -0.22143533042538674 0.512527726909206 0 0 0
0.0030303030303030303 0.3375506749365194 -0.03846311241280669 0.45010031372681214 0 0 0
0.0030303030303030303 0.049568958061484814 0.41935923828637783 -0.15890105766156945 0 0 0
0.0030303030303030303 -0.03203171055089082 -0.14211566307857737 0.5658596096881974 0 0 0
0.0030303030303030303 -0.10271046308893335 -0.011370213944400749 -0.5322191307726156 0 0 0
0.0030303030303030303 -0.42071419506956714 -0.3426085059991007 -0.08826767747153323 0 0 0
0.0030303030303030303 -0.528852572619595 0.3071486055684859 -0.11311651150842307 0 0 0
0.0030303030303030303 -0.28786399481251457 -0.4601884745794558 -0.3557403718024489 0 0 0
0.0030303030303030303 0.369494892723201 -0.4770111009514847 0.07963315239770863 0 0 0
0.0030303030303030303 0.4999150282354817 -0.0910345164569259 0.0010355691172819193 0 0 0
0.0030303030303030303 -0.38459606282176817 0.39812844341107545 -0.06818923791674589 0 0 0
0.0030303030303030303 0.48414251741589137 -0.10125385529773581 -0.2731151470825987 0 0 0
0.0030303030303030303 -0.2305296477735492 -0.31425551794110357 -0.2825391343094973 0 0 0
