1060
0
0.0009433962264150943 0.21232369126545392 0.5415051217604997 0.3564027226262108 0 0 0
0.0009433962264150943 0.18678584636038414 0.30693929560203786 0.0937123947648949 0 0 0
0.0009433962264150943 -0.22562204252725057 -0.11109482094748843 -0.30387869045497556 0 0 0
0.0009433962264150943 0.263573883498977 -0.35628283828437396 -0.2606371642719506 0 0 0
0.0009433962264150943 -0.4478344690662465 0.4960721518549092 -0.044783086778441596 0 0 0
0.0009433962264150943 -0.08914549016617854 0.41945971175625824 0.4096581306223288 0 0 0
0.0009433962264150943 0.6216226444328588 -0.16695802514215313 0.06462690001415686 0 0 0
0.0009433962264150943 0.06097916448604116 -0.569458744163302 -0.0424108842856848 0 0 0
0.0009433962264150943 0.4740679145104521 -0.0517692642349687 0.25110440235188425 0 0 0
0.0009433962264150943 -0.18311326728393965 -0.11443449897253592 -0.0662091750810131 0 0 0
0.0009433962264150943 0.38749154039796785 0.03125590229399559 0.3167998288603761 0 0 0
0.0009433962264150943 -0.07646842917651987 -0.34538813213803704 0.17185115552271982 0 0 0
0.0009433962264150943 -0.5109012587602825 -0.18144208060132522 0.38851124735967696 0 0 0
0.0009433962264150943 0.31749556899900333 -0.16295225298308055 0.4591262363497569 0 0 0
0.0009433962264150943 0.08223214433807968 0.14836104835043445 0.204048580759646 0 0 0
0.0009433962264150943 0.10177824385199842 0.5574589315301206 -0.1275366444722687 0 0 0
0.0009433962264150943 -0.042475462429406516 0.23977588787595228 0.026780249958434383 0 0 0
0.0009433962264150943 -0.4043341704098936 0.16978238700931983 -0.413471057600287 0 0 0
0.0009433962264150943 -0.27715865524235006 -0.5479349044099218 0.2404425562294606 0 0 0
0.0009433962264150943 0.013591682491527144 -0.011517025526273258 -0.4764445705285762 0 0 0
0.0009433962264150943 -0.21088917342033947 -0.5736746827217871 0.18427652017514468 0 0 0
0.0009433962264150943 -0.45079863228669487 -0.22816958772157775 0.3822936798414006 0 0 0
0.0009433962264150943 0.028161320392136202 0.21968830303496625 0.1250179930673069 0 0 0
0.0009433962264150943 0.12669570556325882 0.5652915298717702 -0.0872564864472605 0 0 0
0.0009433962264150943 -0.4486172253908519 -0.09335111671534418 0.3920282660160647 0 0 0
0.0009433962264150943 0.05339098127678981 0.324495822801774 -0.11851897427615009 0 0 0
0.0009433962264150943 -0.18440544181671958 -0.1825408931772665 -0.333679846140439 0 0 0
0.0009433962264150943 -0.4367308079436082 -0.353692899538954 -0.0453644341347457 0 0 0
0.0009433962264150943 -0.4470860953416431 0.017143618227860286 -0.049186671463078264 0 0 0
0.0009433962264150943 -0.17248186548617772 -0.25550138863190747 0.363198633235072 0 0 0
0.0009433962264150943 -0.24855502755722397 0.23546246196928444 -0.32893303331239215 0 0 0
0.0009433962264150943 0.34120948886970504 -0.4865671354239455 0.25641169238242106 0 0 0
0.0009433962264150943 -0.17287515627786795 0.12607294391316246 -0.4291080416956825 0 0 0
0.0009433962264150943 -0.3406279909689267 0.039249704948696465 -0.4271680266104022 0 0 0
0.0009433962264150943 0.23036532392472853 0.2749813161208628 -0.30740436574064484 0 0 0
0.0009433962264150943 -0.5037354564789638 -0.057394609171011926 -0.19892640515510385 0 0 0
0.0009433962264150943 -0.012934025316176325 0.6122969904149793 0.18783904274355215 0 0 0
0.0009433962264150943 -0.2782860141415251 -0.013690416251215523 -0.18015259114748633 0 0 0
0.0009433962264150943 -0.16320355244003049 -0.1338291357379889 0.4138233212551463 0 0 0
0.0009433962264150943 -0.5210225461011395 -0.35870070168294216 -0.01934357408436439 0 0 0
0.0009433962264150943 0.5087570096410745 0.06786122721221897 0.42513145303006455 0 0 0
0.0009433962264150943 -0.15555678592846375 -0.10642537369768894 -0.41853626088626955 0 0 0
0.0009433962264150943 0.023130660114136184 0.16034906012702305 -0.09788947013094354 0 0 0
0.0009433962264150943 -0.2772427730503575 0.001793315469775944 -0.23598520877339096 0 0 0
0.0009433962264150943 0.06627771049920396 -0.20443258379062249 -0.495757908396924 0 0 0
0.0009433962264150943 -0.2070196531038122 0.08087873315146236 0.46445204524852 0 0 0
0.0009433962264150943 -0.44535650451718956 -0.1972987104650367 -0.4743822948180511 0 0 0
0.0009433962264150943 0.15146448491120276 0.0052968316484042505 0.03858089206170151 0 0 0
0.0009433962264150943 0.22235868265240483 0.32289843340221525 0.16255187999603304 0 0 0
0.0009433962264150943 -0.05284873794408867 0.3027719623700984 0.14646354493878883 0 0 0
0.0009433962264150943 0.43028937683006224 -0.3637379220739198 -0.1969664490762177 0 0 0
0.0009433962264150943 0.567089500860531 0.19836292363321523 0.07176847353895743 0 0 0
0.0009433962264150943 -0.3977299622676193 -0.24186982816059244 0.3322685900091236 0 0 0
0.0009433962264150943 0.3795943002287168 -0.02809501036654671 0.34536702359314464 0 0 0
0.0009433962264150943 0.1963457102632368 0.043343967113197 -0.5993118912977461 0 0 0
0.0009433962264150943 0.36021797407038686 0.0919002599782067 -0.31920035977791494 0 0 0
0.0009433962264150943 0.04794845953284962 -0.038109550753802755 -0.1486390562247186 0 0 0
0.0009433962264150943 0.00921633909699342 0.1585770548905683 -0.5458751333239226 0 0 0
0.0009433962264150943 0.20027920445811298 0.48640785892032107 0.2630747795474718 0 0 0
0.0009433962264150943 -0.16656679651872908 0.04179184918068651 -0.022523030624459178 0 0 0
0.0009433962264150943 0.40694605725770017 0.3710864271954446 -0.21004150247802703 0 0 0
0.0009433962264150943 0.15501248331419606 0.6205091386017336 -0.08931249259823398 0 0 0
0.0009433962264150943 0.3567865930251866 0.5386641262331857 -0.2180999621128133 0 0 0
0.0009433962264150943 0.2842737160060671 0.20125134273940004 -0.5308232892090982 0 0 0
0.0009433962264150943 0.23222488022234264 0.03119652428913811 -0.1490818939629502 0 0 0
0.0009433962264150943 -0.07645513667652394 -0.37480937801968245 0.4929535162526574 0 0 0
0.0009433962264150943 -0.24113149412618182 0.08409240409714289 0.32003482644981923 0 0 0
0.0009433962264150943 0.601330851894601 -0.018465548825051574 0.19148773115646564 0 0 0
0.0009433962264150943 -0.10256275175770445 -0.09564285301427337 0.3896765522455954 0 0 0
0.0009433962264150943 0.3637513300142468 -0.45731638667940866 -0.20100932347929792 0 0 0
0.0009433962264150943 0.2763611127787558 -0.32530759613828364 -0.40440328054907004 0 0 0
0.0009433962264150943 0.23846818713625745 0.07044019097932289 0.641606998201756 0 0 0
0.0009433962264150943 0.3300167360812301 0.2813609420857666 0.45441807109583005 0 0 0
0.0009433962264150943 -0.44741988962079726 0.2071033928167893 -0.4466118043641266 0 0 0
0.0009433962264150943 0.21518594812129918 -0.25128692013425025 -0.409526684004214 0 0 0
0.0009433962264150943 -0.5435659812793336 0.40647975887560306 -0.06475338106226072 0 0 0
0.0009433962264150943 -0.3392761335629706 0.4335880782182438 0.3875341930216347 0 0 0
0.0009433962264150943 0.3513732830097512 0.11549775291153841 -0.25638827348805676 0 0 0
0.0009433962264150943 -0.3802636057558991 0.3590278680476399 -0.1437374136109291 0 0 0
0.0009433962264150943 -0.18562832392284642 0.0629528454293771 0.5976591326727214 0 0 0
0.0009433962264150943 0.2101136438662519 -0.3419376839631982 0.053003860837090085 0 0 0
0.0009433962264150943 0.2063852357117318 -0.10929684458277618 0.3413881440431791 0 0 0
0.0009433962264150943 0.37326896187789965 0.5106389717379165 -0.2202403520140612 0 0 0
0.0009433962264150943 0.4436553587936539 -0.03548847254747912 0.29840978734867535 0 0 0
0.0009433962264150943 0.13221019437507509 -0.26466397683784815 0.2840243914025688 0 0 0
0.0009433962264150943 -0.20646280681786816 -0.21191237084621126 -0.6072176186461186 0 0 0
0.0009433962264150943 -0.23447748238642777 0.5567649959563781 0.036152550198315175 0 0 0
0.0009433962264150943 0.5901631431020153 -0.29239404849234596 -0.19646511483384776 0 0 0
0.0009433962264150943 0.1745958545524171 -0.10747800233808574 0.647608299680446 0 0 0
0.0009433962264150943 -0.3915474117880473 0.2790105137173099 -0.03677440219216205 0 0 0
0.0009433962264150943 0.32128358110002203 0.30982811218157813 -0.4715727811616329 0 0 0
0.0009433962264150943 -0.347453349295756 -0.04302680599389173 -0.16950968113324377 0 0 0
0.0009433962264150943 -0.38454654258852305 -0.40725945106961764 0.051966602214207604 0 0 0
0.0009433962264150943 0.02467274918699578 0.3989515858023556 0.19355933104865083 0 0 0
0.0009433962264150943 -0.1596615900382283 -0.20002236803770687 0.5174810764825006 0 0 0
0.0009433962264150943 0.11191544611851242 -0.2962443364236718 -0.027163967212420436 0 0 0
0.0009433962264150943 0.12511565688374338 -0.31432291410926555 -0.5634795520516672 0 0 0
0.0009433962264150943 0.1655888460999971 -0.34757008878244905 0.4163868134798354 0 0 0
0.0009433962264150943 0.08495736147891209 0.3182369871532675 -0.11467328308891599 0 0 0
0.0009433962264150943 0.017540775030003092 -0.2530986238309221 -0.29626555519491976 0 0 0
0.0009433962264150943 -0.35189583047750256 0.23863202392011607 0.11391283039887967 0 0 0
0.0009433962264150943 -0.09553293057205306 0.43557721188645687 -0.1520317521044739 0 0 0
0.0009433962264150943 -0.24289707728668736 0.4441080103872715 -0.2065186649585252 0 0 0
0.0009433962264150943 -0.5174504614474796 -0.28582425185653004 -0.18881813450200025 0 0 0
0.0009433962264150943 0.38843304080498287 0.05933920190721332 -0.5537987157252364 0 0 0
0.0009433962264150943 0.15787332125380935 -0.40538288364505776 -0.014672315228944237 0 0 0
0.0009433962264150943 -0.3133165579751454 -0.17646521498049836 -0.36266131206415053 0 0 0
0.0009433962264150943 0.07528040144667694 0.10861027422588912 -0.13534849329763468 0 0 0
0.0009433962264150943 0.1599679276030221 -0.1701904630118378 -0.19035082853093216 0 0 0
0.0009433962264150943 -0.06625501746812253 0.6676704525493937 0.13873530884874535 0 0 0
0.0009433962264150943 0.18669056097122963 0.5590930056008699 0.3619509736338049 0 0 0
0.0009433962264150943 -0.346533039116725 -0.2641719226120179 0.07896804044840852 0 0 0
0.0009433962264150943 0.23957416231013928 -0.54584496827302 0.10607193681578374 0 0 0
0.0009433962264150943 0.1613249160731033 -0.36412938858378185 -0.40918219963960495 0 0 0
0.0009433962264150943 -0.49435255697276775 0.05186492718418764 0.450377045157806 0 0 0
0.0009433962264150943 0.09875912411849039 -0.1964920193819328 -0.1877650011295877 0 0 0
0.0009433962264150943 -0.5003058298712033 -0.33265265196483446 -0.0688836025880554 0 0 0
0.0009433962264150943 0.2874956070426726 -0.14539945685125194 0.46072866694635833 0 0 0
0.0009433962264150943 -0.024677805151994293 -0.2203731448600921 0.018328033839312193 0 0 0
0.0009433962264150943 0.103303542641739 0.3815831114845468 0.2563118448528496 0 0 0
0.0009433962264150943 -0.2786811369288826 -0.008736335256025345 0.4495908919729551 0 0 0
0.0009433962264150943 -0.2554216079713986 0.3323055328886933 -0.4690123181275357 0 0 0
0.0009433962264150943 -0.3416961712150862 0.2700943799597349 -0.3131647615011565 0 0 0
0.0009433962264150943 0.5400603446833424 -0.3178327449260592 0.1268488048866679 0 0 0
0.0009433962264150943 -0.14611424797690986 0.6483858765887381 -0.027596921164145125 0 0 0
0.0009433962264150943 0.018296002931124475 -0.5717016203116857 0.33312465779671857 0 0 0
0.0009433962264150943 0.4294352729776714 -0.37624627469683264 0.16183822867623535 0 0 0
0.0009433962264150943 0.35601931025626243 0.3470222979258708 0.1427210458494672 0 0 0
0.0009433962264150943 -0.4403371260392091 0.17914336740032538 0.4509967815054236 0 0 0
0.0009433962264150943 -0.3006797191436505 0.5005396338817255 -0.1456416225087969 0 0 0
0.0009433962264150943 -0.13937699667517933 0.21947328028562377 -0.20941769748690925 0 0 0
0.0009433962264150943 0.29890299700524553 0.5762621140837412 0.14760680870223514 0 0 0
0.0009433962264150943 -0.30093771083035503 0.4074263406057674 0.3236499588700238 0 0 0
0.0009433962264150943 0.2082840288731543 -0.5857462838810942 0.1455161486698206 0 0 0
0.0009433962264150943 0.2702441648333536 -0.2095662145913409 0.5361460676891718 0 0 0
0.0009433962264150943 -0.2662090865129804 0.45627158423453257 -0.191884545114098 0 0 0
0.0009433962264150943 0.6373444592297963 -0.06910662393079794 -0.22054162336485986 0 0 0
0.0009433962264150943 0.48105620437109026 0.20364274541377575 0.0797617724255892 0 0 0
0.0009433962264150943 0.09453834363245671 0.5087854684581468 -0.416063878403278 0 0 0
0.0009433962264150943 -0.18057450887500692 -0.016565604579435112 -0.35109190201595486 0 0 0
0.0009433962264150943 -0.5270614598838613 0.17598260285088113 0.23137133816172034 0 0 0
0.0009433962264150943 -0.34028962044403965 -0.4104470073898706 -0.19981226468842062 0 0 0
0.0009433962264150943 0.11738704959239668 -0.3110370056189496 -0.5165827366025101 0 0 0
0.0009433962264150943 0.08676689527683391 -0.14194853323810386 0.40514954184082386 0 0 0
0.0009433962264150943 0.1942030896581298 -0.39629332368608305 0.1474368628248897 0 0 0
0.0009433962264150943 0.5254414585514218 0.004598701152529977 0.09985434004388866 0 0 0
0.0009433962264150943 -0.34888944320124765 -0.005802061927854709 -0.3608687093490049 0 0 0
0.0009433962264150943 0.11814749164049891 -0.6152839563528931 0.12440802672259656 0 0 0
0.0009433962264150943 -0.23876318788489614 -0.546262943063028 -0.09794187452162638 0 0 0
0.0009433962264150943 0.06302358420153578 0.2793413474712943 -0.36468141219842604 0 0 0
0.0009433962264150943 -0.5507178357038048 -0.08269605243446446 0.29181557363115407 0 0 0
0.0009433962264150943 -0.1922095492007471 0.5017008650071326 0.22749529760939272 0 0 0
0.0009433962264150943 0.4213945791919565 -0.13823558743831296 -0.424208361564879 0 0 0
0.0009433962264150943 0.2685915753619486 0.020895159423107663 0.017816128011566647 0 0 0
0.0009433962264150943 -0.4332892622010387 -0.08504834934344478 0.4142670042236531 0 0 0
0.0009433962264150943 0.17542994576826776 -0.05947556013636691 0.6292871394838359 0 0 0
0.0009433962264150943 0.32922936986675727 0.44317148215711116 0.3591106707647934 0 0 0
0.0009433962264150943 -0.09307341634728244 0.48081778847306805 -0.07838992237318052 0 0 0
0.0009433962264150943 0.2210563223425957 0.6361958612829693 0.005217651818312314 0 0 0
0.0009433962264150943 0.05757134038116994 0.3037767026013184 0.5730205144364867 0 0 0
0.0009433962264150943 -0.5031707877103377 -0.1456074191932328 -0.08044057188457954 0 0 0
0.0009433962264150943 -0.07382930008840675 0.33644700276731876 -0.01985910793898203 0 0 0
0.0009433962264150943 0.4540726158636421 0.16878014777373115 -0.22225105703376852 0 0 0
0.0009433962264150943 0.004684305971047547 0.03010502178098294 -0.6411555882180631 0 0 0
0.0009433962264150943 0.27403197679275765 0.40291299719830626 -0.16281975673651086 0 0 0
0.0009433962264150943 -0.19104384548413006 -0.19775660589384988 -0.30986690859660865 0 0 0
0.0009433962264150943 -0.19141786617952072 0.4916774194633662 0.3250774852741063 0 0 0
0.0009433962264150943 0.6895370303339052 0.0031665008013981445 -0.07180596475837484 0 0 0
0.0009433962264150943 -0.5378609637974774 0.3470596982688646 0.012559293492620513 0 0 0
0.0009433962264150943 0.4114644320285777 0.07422960957333595 0.4769499330003717 0 0 0
0.0009433962264150943 -0.1697040315913117 -0.41722178565372164 -0.06904542389657091 0 0 0
0.0009433962264150943 0.25846437692048085 -0.09202172695559063 0.0165476636891632 0 0 0
0.0009433962264150943 -0.4817677522656841 -0.48056154154323394 -0.03037638113688296 0 0 0
0.0009433962264150943 0.31347860611705064 -0.5197441091150864 0.17041698386826845 0 0 0
0.0009433962264150943 -0.06210275756714975 0.49522413910730534 0.33377690616543126 0 0 0
0.0009433962264150943 0.521601728843768 -0.0033508745961743783 0.10795216839805168 0 0 0
0.0009433962264150943 0.24322578283090224 -0.10372335725229516 0.19609408626082342 0 0 0
0.0009433962264150943 -0.2664316107667197 -0.2660564041389403 0.4742522520216445 0 0 0
0.0009433962264150943 0.24098176661164913 0.24062568405223697 0.5483591296193455 0 0 0
0.0009433962264150943 -0.41720208539929365 -0.1297954220437361 0.27734954613503265 0 0 0
0.0009433962264150943 0.1327717785101188 0.6017495974957526 0.1568346935230472 0 0 0
0.0009433962264150943 0.5777123820525496 -0.35452408424868265 0.03416308347463858 0 0 0
0.0009433962264150943 0.034921232854377704 -0.11454756901954703 0.09898249015948153 0 0 0
0.0009433962264150943 0.20949711932185153 -0.5066102717319895 -0.24435006802546344 0 0 0
0.0009433962264150943 0.06973592326899809 -0.17109510937332162 0.1628141402201311 0 0 0
0.0009433962264150943 0.36559579198768144 0.33258822016847184 -0.4585840793675515 0 0 0
0.0009433962264150943 -0.2682267904253868 0.01729471833254019 -0.5680781069756787 0 0 0
0.0009433962264150943 0.29338854871335757 -0.23656280064929444 -0.3893357316826891 0 0 0
0.0009433962264150943 0.5229481601713226 0.021522794514092534 -0.042255811332805995 0 0 0
0.0009433962264150943 0.042489080490266805 -0.1202894732852748 0.29714743967606005 0 0 0
0.0009433962264150943 0.03182573952789793 0.02481368440128422 0.37233506795783483 0 0 0
0.0009433962264150943 -0.1838166639635479 0.1367807995466279 0.505155446551927 0 0 0
0.0009433962264150943 0.18127208626480934 0.17996336577081556 -0.24044082400122646 0 0 0
0.0009433962264150943 -0.12361215201194599 0.23059511164501267 -0.4386584530658531 0 0 0
0.0009433962264150943 -0.12330652872910715 -0.3744342823746255 -0.41005526304497236 0 0 0
0.0009433962264150943 -0.24105633848753563 0.062183606089581435 -0.5106187851387641 0 0 0
0.0009433962264150943 0.5819136101602632 -0.33824587725194655 0.1622177712484304 0 0 0
0.0009433962264150943 0.07372539571089949 -0.3488576855186579 0.2911923587992062 0 0 0
0.0009433962264150943 0.31659604823047727 -0.36196852941218394 -0.1579503734968929 0 0 0
0.0009433962264150943 0.5566655229236777 -0.0023298648889282835 -0.0726208547607362 0 0 0
0.0009433962264150943 0.034480506047916845 -0.3026563916806909 0.3498823522383624 0 0 0
0.0009433962264150943 0.030451165741493542 -0.0670460813075558 0.4173645450238051 0 0 0
0.0009433962264150943 -0.35990348254895194 0.08109681286724497 0.28222894462856335 0 0 0
0.0009433962264150943 -0.6341055146285863 0.17524654417233404 0.10712793219716753 0 0 0
0.0009433962264150943 0.42659441667784087 0.28596356224310837 -0.06380392338878157 0 0 0
0.0009433962264150943 0.6533699402290694 0.15762700353223616 -0.015229958081085876 0 0 0
0.0009433962264150943 -0.3733716231338807 0.08991647365872521 0.24758478240587892 0 0 0
0.0009433962264150943 0.29114799122106877 0.3872369852072904 -0.4361918159489692 0 0 0
0.0009433962264150943 0.13211445911442735 -0.526666412000271 -0.4280425803959405 0 0 0
0.0009433962264150943 0.19615360611313953 0.4787551389355798 0.3670054358099617 0 0 0
0.0009433962264150943 0.14842691603882568 0.18107949875542262 -0.15018179480458219 0 0 0
0.0009433962264150943 0.20056990426420412 -0.1144455756088782 -0.3082314707701564 0 0 0
0.0009433962264150943 -0.558584245873661 -0.33247047036703464 0.05735088581682485 0 0 0
0.0009433962264150943 -0.06392289983270813 -0.278287772844108 -0.04127908773106766 0 0 0
0.0009433962264150943 0.4175235573522471 -0.014605939572844647 -0.4644754923613285 0 0 0
0.0009433962264150943 0.3305482651299649 0.13653861443294987 0.5287673261642056 0 0 0
0.0009433962264150943 0.32588459854587704 0.2877809489924654 0.052425034459690774 0 0 0
0.0009433962264150943 0.0069800762121163245 -0.6823172944233681 0.027683697845325306 0 0 0
0.0009433962264150943 -0.19115985043535952 0.43499059830237924 0.4043812703790917 0 0 0
0.0009433962264150943 -0.27452190716818625 0.0088591170866395 -0.3328728449630992 0 0 0
0.0009433962264150943 0.4364127677233599 -0.4488478726882973 0.056329314149659165 0 0 0
0.0009433962264150943 -0.4798790275642271 -0.2607483670536405 0.1722621770666252 0 0 0
0.0009433962264150943 0.12367742603019606 0.6169960075807049 0.168657115411891 0 0 0
0.0009433962264150943 0.581238980640443 -0.2752876521987786 -0.018179431245531008 0 0 0
0.0009433962264150943 0.08940306918199759 0.12170095545356904 -0.25217652629696224 0 0 0
0.0009433962264150943 -0.5394856806278165 -0.030348343111810814 -0.0870710668359752 0 0 0
0.0009433962264150943 0.41026779688269177 0.23037963305361117 -0.3139382262009684 0 0 0
0.0009433962264150943 0.066783969161204 0.3319756447867441 0.3178329774743429 0 0 0
0.0009433962264150943 -0.1497501353581586 0.20966792815632998 0.4500933512954356 0 0 0
0.0009433962264150943 -0.6083993082977222 0.07588233969162968 -0.24510950803357023 0 0 0
0.0009433962264150943 -0.15353107747505243 -0.510793048152845 -0.3195607134739771 0 0 0
0.0009433962264150943 -0.02789311439350369 -0.24047098289810528 0.11273122410303678 0 0 0
0.0009433962264150943 0.21263129354924784 0.31416458222947985 0.16079284521603038 0 0 0
0.0009433962264150943 -0.11806365748347479 -0.2500542388757846 0.6152393066113931 0 0 0
0.0009433962264150943 -0.1381357704162139 0.4971552649643363 0.038925552832562785 0 0 0
0.0009433962264150943 -0.1613755004826437 0.3515283239213047 -0.2824626771368802 0 0 0
0.0009433962264150943 0.1937111708563757 0.12833519470709348 -0.14947069220335749 0 0 0
0.0009433962264150943 0.38235792604138313 0.01394441545260586 0.5136871564819916 0 0 0
0.0009433962264150943 0.4592620431087666 -0.04626336286499997 0.3087101549221425 0 0 0
0.0009433962264150943 0.3231326671226006 -0.25816252585301597 0.14416091827000785 0 0 0
0.0009433962264150943 -0.3330733012178137 -0.5818369270024665 -0.0009127176768769328 0 0 0
0.0009433962264150943 0.23578142265783447 0.011867947092802538 0.08511879120333889 0 0 0
0.0009433962264150943 0.12631738101822007 0.032858142935762794 0.022436764666014863 0 0 0
0.0009433962264150943 -0.43849849735909824 0.20259886968610621 0.20032404766453452 0 0 0
0.0009433962264150943 -0.024884246388955616 0.016754524601147455 0.2441758070202582 0 0 0
0.0009433962264150943 -0.08716433020254734 0.2555638869122565 0.1868831772852175 0 0 0
0.0009433962264150943 0.23164987593323547 -0.2699599102349209 -0.4293418697207634 0 0 0
0.0009433962264150943 0.1324233312757764 -0.5974379100942389 0.26967035240562837 0 0 0
0.0009433962264150943 -0.47667014679441344 0.3995529853421411 -0.22044508559086584 0 0 0
0.0009433962264150943 -0.5367360066477678 -0.014759078896680529 -0.09314466462957982 0 0 0
0.0009433962264150943 0.30388319606689557 0.20074072318963704 -0.3674490866998634 0 0 0
0.0009433962264150943 -0.24573297964607937 0.1023365761526699 0.10227717491944227 0 0 0
0.0009433962264150943 0.5521770159687985 -0.2650810189555631 0.08862129455218344 0 0 0
0.0009433962264150943 -0.19778177987429604 -0.4957932422202577 0.40124505814640743 0 0 0
0.0009433962264150943 0.15463713330091908 -0.5506109150847445 -0.282859074630017 0 0 0
0.0009433962264150943 0.1388646636085305 -0.3554558725636326 0.25054897525645387 0 0 0
0.0009433962264150943 -0.02049649613253528 -0.5363612231957257 -0.3045698338074146 0 0 0
0.0009433962264150943 -0.09926446285217566 -0.4657607399115063 0.32317776741749576 0 0 0
0.0009433962264150943 -0.161560920475189 -0.03692859552109372 0.22526968385780516 0 0 0
0.0009433962264150943 -0.28685421254615384 0.4109115186677822 -0.2046367289889877 0 0 0
0.0009433962264150943 -0.16079231775494268 0.3868985816698255 -0.10727574978508549 0 0 0
0.0009433962264150943 -0.1142176790516612 -0.22733727323745068 0.1800641081449679 0 0 0
0.0009433962264150943 0.5476248111357397 0.10321795100809081 -0.4015141208460407 0 0 0
0.0009433962264150943 -0.16179302087797132 -0.5826621735609204 -0.223933831421986 0 0 0
0.0009433962264150943 -0.04521213009892498 0.22089116925958055 -0.3437243313156373 0 0 0
0.0009433962264150943 -0.21111426343337583 -0.3653272856356714 -0.032550626012877476 0 0 0
0.0009433962264150943 -0.33998147131868073 0.024343625869949096 -0.28083423783192324 0 0 0
0.0009433962264150943 0.18057092467592126 0.4520808049237577 -0.18414608307414576 0 0 0
0.0009433962264150943 0.2910111376188629 -0.3363866920361755 0.3148633826194976 0 0 0
0.0009433962264150943 0.3399811074715692 -0.3910773290543793 0.4381300418166002 0 0 0
0.0009433962264150943 -0.4532027610317228 0.2943209394008158 0.28087655685651786 0 0 0
0.0009433962264150943 0.15206858806368034 -0.0061857797502543384 -0.2041876176643041 0 0 0
0.0009433962264150943 0.09792583318966434 -0.3264300072246655 0.539929977657946 0 0 0
0.0009433962264150943 -0.2547570059968765 -0.4620571923172444 -0.08610654600286605 0 0 0
0.0009433962264150943 0.3061784161600545 -0.3666037826651742 0.03755175825168118 0 0 0
0.0009433962264150943 -0.6128019646247618 0.25564675222004635 -0.049451948621151966 0 0 0
0.0009433962264150943 -0.3431016948121925 -0.2287272557559759 0.3692906790903593 0 0 0
0.0009433962264150943 0.0816488309219221 0.0785225468443699 0.4789340239799844 0 0 0
0.0009433962264150943 0.14722541647836498 0.06048666391966241 0.002121155760897468 0 0 0
0.0009433962264150943 0.2321755933874465 0.1993159702009202 -0.28731576865533076 0 0 0
0.0009433962264150943 0.4947662484580306 0.11556341943018297 0.4104983242262014 0 0 0
0.0009433962264150943 -0.11786936967157878 -0.4279388419562478 0.1626333984351835 0 0 0
0.0009433962264150943 0.2378607262422977 -0.002049284421022158 -0.2765080569221077 0 0 0
0.0009433962264150943 -0.28110271264877346 -0.38703044098920203 0.1041095723418014 0 0 0
0.0009433962264150943 -0.16380766866876148 -0.5734293403431374 -0.21827025987388865 0 0 0
0.0009433962264150943 -0.0026911704111766675 -0.01398698843203889 -0.20615560706459066 0 0 0
0.0009433962264150943 -0.5144541108669871 -0.20456997920885212 0.17344974388389975 0 0 0
0.0009433962264150943 0.270437645202335 0.014131983559802342 0.445945871019892 0 0 0
0.0009433962264150943 0.34021544548430094 -0.08260418734710301 -0.10986576108811037 0 0 0
0.0009433962264150943 -0.3029284180912632 -0.1702119220601672 0.19086933136205428 0 0 0
0.0009433962264150943 -0.09723178864912979 0.0741486740837663 0.21856985038018753 0 0 0
0.0009433962264150943 -0.3256391283191581 0.22522971108499368 0.02710299978055896 0 0 0
0.0009433962264150943 -0.23497075066970408 -0.6147967595073831 0.08514088403204646 0 0 0
0.0009433962264150943 0.31160657609469095 0.420776619851036 -0.2935730696853025 0 0 0
0.0009433962264150943 -0.23311520004273942 0.17870935103281751 0.5850381479625322 0 0 0
0.0009433962264150943 0.3659678520728377 -0.3313246606808444 -0.14988929625303427 0 0 0
0.0009433962264150943 0.2930643972778298 -0.3248313187853521 -0.30592290473631695 0 0 0
0.0009433962264150943 -0.2025412145867634 0.4598854443660051 0.0719846057287807 0 0 0
0.0009433962264150943 0.14917920142901456 -0.06234949268072686 -0.13465704015603336 0 0 0
0.0009433962264150943 -0.558805915067138 0.19912811164166214 0.24835929608572146 0 0 0
0.0009433962264150943 0.013039721525052502 -0.3906176127276588 -0.4037106204779189 0 0 0
0.0009433962264150943 0.055540037487401335 -0.4234325783217353 0.20341825146987044 0 0 0
0.0009433962264150943 -0.37567584695042333 -0.3727181849055614 -0.00022539840392868892 0 0 0
0.0009433962264150943 -0.5402140787748494 -0.025770519018869658 0.12536878878736818 0 0 0
0.0009433962264150943 0.4930800244628736 0.007218227906700261 -0.42259180388265655 0 0 0
0.0009433962264150943 -0.09667295132809746 -0.06855330489620524 0.3478960434160424 0 0 0
0.0009433962264150943 -0.1141411555617446 -0.0029789610931709168 -0.6272623323281128 0 0 0
0.0009433962264150943 0.22480088760325234 -0.41634860499438364 0.3093549430418434 0 0 0
0.0009433962264150943 -0.24066294407676703 -0.06422191149643643 0.6263094714759919 0 0 0
0.0009433962264150943 0.0028985362181219113 0.0823580870803593 -0.29661709689799126 0 0 0
0.0009433962264150943 0.4846118136674128 0.03756332052423852 -0.14629886149956323 0 0 0
0.0009433962264150943 -0.6241623320590158 0.03730175374704348 -0.01696532720812842 0 0 0
0.0009433962264150943 -0.11994897476131239 0.2686566288537841 -0.37533983235900387 0 0 0
0.0009433962264150943 0.319711138789911 -0.23975623952155042 0.5003625680959451 0 0 0
0.0009433962264150943 0.04808466718866987 -0.07686137435890358 -0.6827487408897216 0 0 0
0.0009433962264150943 0.26029893735109566 -0.08500243259397422 0.37880252361747707 0 0 0
0.0009433962264150943 -0.23181345981955184 0.5150117711803991 -0.32177707760477764 0 0 0
0.0009433962264150943 0.19094593672805774 -0.181745546153108 0.3837083665109417 0 0 0
0.0009433962264150943 -0.1902238504659245 -0.08989255765264617 -0.4544199767148066 0 0 0
0.0009433962264150943 0.37394526936399175 -0.11915786091088933 0.31725133530936844 0 0 0
0.0009433962264150943 -0.4450463989534167 -0.5044845066344762 0.13184300438797975 0 0 0
0.0009433962264150943 -0.4769398063094362 -0.09454164853558703 0.4455907245353599 0 0 0
0.0009433962264150943 0.20481803622602435 0.5587360567406513 -0.3079121403338676 0 0 0
0.0009433962264150943 0.06230524963585077 0.21311315280714196 -0.39190370264296676 0 0 0
0.0009433962264150943 -0.14576847572597465 0.32988272499945437 -0.0798646832382688 0 0 0
0.0009433962264150943 -0.4767417202761106 -0.42219075660456856 -0.25625672460101745 0 0 0
0.0009433962264150943 -0.09938188221496107 -0.12209645679781055 0.012486614721050894 0 0 0
0.0009433962264150943 0.2917675559738211 0.5632513679626345 0.21063940821557559 0 0 0
0.0009433962264150943 -0.028328361237728236 -0.42242443514977185 -0.014811613112694105 0 0 0
0.0009433962264150943 -0.18193041808017935 0.13521512260160454 -0.5035623241384665 0 0 0
0.0009433962264150943 -0.5726245525646145 -0.3399728097197321 -0.046649731409158936 0 0 0
0.0009433962264150943 -0.16484166062201885 -0.13920694030616282 0.37187346498734253 0 0 0
0.0009433962264150943 0.12039698377725969 0.016007542165977127 0.6112867290361348 0 0 0
0.0009433962264150943 -0.09823289397669409 0.5839226196406657 -0.15486616932889916 0 0 0
0.0009433962264150943 0.07051415109015956 0.1466707560482642 0.0010220916447062443 0 0 0
0.0009433962264150943 -0.17815202309285721 -0.26593884993425865 -0.5320273778221214 0 0 0
0.0009433962264150943 -0.16853722323915885 0.2405488635142102 -0.2937109678768969 0 0 0
0.0009433962264150943 0.039047044411979204 0.3308578205533854 -0.2416511861816551 0 0 0
0.0009433962264150943 0.11140733527860028 0.10398798276296618 0.5965018790937705 0 0 0
0.0009433962264150943 -0.3783626875437523 -0.23896799165915852 0.4182421597145605 0 0 0
0.0009433962264150943 0.25844441353713354 -0.4957565524297606 0.3075836792556353 0 0 0
0.0009433962264150943 0.09275239208479909 -0.30140852338092966 -0.10757495065835357 0 0 0
0.0009433962264150943 0.1175929625890854 0.12805220684380747 0.0033834042674876254 0 0 0
0.0009433962264150943 -0.33779261299649094 0.3018830040845952 0.17546204443607846 0 0 0
0.0009433962264150943 0.1465214623481269 0.010799789992894878 -0.5084567713148622 0 0 0
0.0009433962264150943 0.5276386057133667 0.09791963555817719 0.17975882017685613 0 0 0
0.0009433962264150943 0.4044316834903011 0.27395994761533066 0.1865021127610196 0 0 0
0.0009433962264150943 0.023169181216346257 0.4203891617779491 0.39531982013045336 0 0 0
0.0009433962264150943 -0.4502005525030605 -0.3298686204791435 0.03792058678212455 0 0 0
0.0009433962264150943 -0.47619119007333777 0.19479008222045446 0.4397177420457798 0 0 0
0.0009433962264150943 0.3925188843257134 -0.10029910814769968 -0.48769286581607163 0 0 0
0.0009433962264150943 -0.26435359599530056 0.16307705230646896 -0.365927408396447 0 0 0
0.0009433962264150943 0.17169480268588105 -0.33106044020838815 -0.2732569822897673 0 0 0
0.0009433962264150943 -0.21297724200731072 -0.24651236335313587 -0.4732628611054333 0 0 0
0.0009433962264150943 0.3626247633781714 -0.4075384489664931 -0.37240922431260653 0 0 0
0.0009433962264150943 -0.11985519710600769 -0.5680806270745415 0.16838518408048359 0 0 0
0.0009433962264150943 -0.380867581711875 -0.14693552866342735 -0.23857319596858775 0 0 0
0.0009433962264150943 0.03349753983969607 0.4025637912353974 -0.05789621538400002 0 0 0
0.0009433962264150943 -0.4224132005957125 0.29135242599262207 -0.23826497360734702 0 0 0
0.0009433962264150943 -0.5473254392999861 0.29205023334469193 -0.06412830889674934 0 0 0
0.0009433962264150943 0.2807107962151494 0.31805598160080767 -0.5424498069188602 0 0 0
0.0009433962264150943 0.4361545701756648 -0.32049128333045823 0.2856019471178947 0 0 0
0.0009433962264150943 0.41146395378301664 -0.3201855186977952 -0.38325585604091084 0 0 0
0.0009433962264150943 -0.34551879417160597 -0.24273858958413624 -0.050932415248143854 0 0 0
0.0009433962264150943 0.376475172210341 0.08385184290785647 -0.2862899182500957 0 0 0
0.0009433962264150943 -0.14370577262647277 0.20666214249946854 0.06981857801958205 0 0 0
0.0009433962264150943 -0.639376680055004 0.09118306052085647 0.1746552689043542 0 0 0
0.0009433962264150943 0.3780896219382089 -0.17070701396542295 -0.29127192601553803 0 0 0
0.0009433962264150943 0.22792355422605512 0.37024081939616454 0.5136025133676336 0 0 0
0.0009433962264150943 0.4433984467753915 -0.3612411193274229 -0.0013848800319098819 0 0 0
0.0009433962264150943 0.4976439002164381 -0.10133149313082125 0.021633055650306893 0 0 0
0.0009433962264150943 0.02648504101334732 -0.16943273259208966 0.6575611609842518 0 0 0
0.0009433962264150943 0.3761630353366733 -0.1056372762194244 -0.18163807936401596 0 0 0
0.0009433962264150943 -0.45456433852776484 0.0770906727839085 -0.4345340503363824 0 0 0
0.0009433962264150943 -0.2064882473326989 0.18842959323031672 0.12074067512018487 0 0 0
0.0009433962264150943 0.3380768242075364 0.2934267191099485 -0.07129163123507955 0 0 0
0.0009433962264150943 -0.01302470072003105 -0.3493341327595269 -0.1338829133327045 0 0 0
0.0009433962264150943 -0.37031299096579084 0.08125504135256553 -0.040158945493239784 0 0 0
0.0009433962264150943 0.10442862932962628 -0.172044178381823 0.508917368161878 0 0 0
0.0009433962264150943 0.318276638944303 0.1369699749581475 0.3934336407011941 0 0 0
0.0009433962264150943 -0.17150094045430384 -0.09339605844502782 -0.2606885191246987 0 0 0
0.0009433962264150943 0.24189166384316646 0.2728145316792421 -0.3119270014167935 0 0 0
0.0009433962264150943 -0.02400370692562193 -0.3398331657353453 0.17315740523300158 0 0 0
0.0009433962264150943 -0.09402561635942093 -0.3014308865610856 -0.2583397635794446 0 0 0
0.0009433962264150943 -0.4948379827427453 -0.1776998547234934 -0.37601983403619693 0 0 0
0.0009433962264150943 -0.407261407494813 0.2573922041322467 0.35491851005394454 0 0 0
0.0009433962264150943 0.179592927321724 -0.6539096047811294 0.04156319803936193 0 0 0
0.0009433962264150943 -0.36951462164726884 0.5757970770357943 -0.03465842351401077 0 0 0
0.0009433962264150943 -0.21575104949328386 -0.24566449441268062 -0.15149725272528802 0 0 0
0.0009433962264150943 0.42097898164371017 0.12230103888759469 0.5312538460480433 0 0 0
0.0009433962264150943 0.5212485983686006 0.26377387624152165 -0.05259560038250762 0 0 0
0.0009433962264150943 -0.09019301246483355 0.560497279595973 0.21820822339599208 0 0 0
0.0009433962264150943 0.23883561785162222 0.186686525772547 -0.256018561495529 0 0 0
0.0009433962264150943 -0.6130037857838873 -0.19202671580645828 0.23345776242124386 0 0 0
0.0009433962264150943 0.25207799249399315 0.00011476790941466439 0.18928068103470305 0 0 0
0.0009433962264150943 -0.0942318738302238 0.03514316468834059 -0.2834401893911163 0 0 0
0.0009433962264150943 0.07415757562101509 0.2841163431827504 -0.20977900152890677 0 0 0
0.0009433962264150943 -0.49970851361964463 -0.3840995888266539 -0.26976762386558384 0 0 0
0.0009433962264150943 -0.4113187278730071 -0.39232798585594697 -0.21743992039603882 0 0 0
0.0009433962264150943 0.25605737620838603 0.13550668894715323 -0.5679626641399891 0 0 0
0.0009433962264150943 -0.48064678553369666 0.2577993445610791 -0.05768036706636019 0 0 0
0.0009433962264150943 -0.5034504490794167 0.36929589491051495 0.2632472950027336 0 0 0
0.0009433962264150943 -0.5348979295502463 0.20511263271252755 0.09416920663871732 0 0 0
0.0009433962264150943 -0.1513283460207122 0.1308743675438639 0.02616228327975682 0 0 0
0.0009433962264150943 -0.4937540803907014 0.04243544968368997 0.2730972003530945 0 0 0
0.0009433962264150943 0.3793792201948679 0.2848539064160391 0.37169201156213166 0 0 0
0.0009433962264150943 0.06671884744395062 -0.4342412362164932 0.37194387394458284 0 0 0
0.0009433962264150943 -0.09863243643316741 -0.4342168514347607 0.3422431206513665 0 0 0
0.0009433962264150943 0.019106689614633632 -0.24146652829278706 0.6346728123030927 0 0 0
0.0009433962264150943 -0.44907256350386643 -0.024615524429801465 0.20349915613812583 0 0 0
0.0009433962264150943 -0.5184612709406182 0.2393578204152731 -0.3223559034884705 0 0 0
0.0009433962264150943 0.04951551967887776 0.03665201242203287 -0.3734778626973874 0 0 0
0.0009433962264150943 0.22000803163653004 -0.2642817494346606 -0.4012440900380907 0 0 0
0.0009433962264150943 0.21721087463143035 0.07322773521465953 0.09918766855529443 0 0 0
0.0009433962264150943 0.19806447298044524 0.22024273123959637 -0.16104088582547288 0 0 0
0.0009433962264150943 -0.29818322958130383 -0.30819038069576876 0.07268924972451267 0 0 0
0.0009433962264150943 -0.18279778653045134 0.2239473472325022 -0.2610991392689273 0 0 0
0.0009433962264150943 0.5410978402351231 -0.10722601160731231 -0.31640669909396124 0 0 0
0.0009433962264150943 0.07220057350151371 -0.1666288766882803 -0.4352356309322806 0 0 0
0.0009433962264150943 -0.6299904325940644 0.16964628673776827 0.0019558535311889483 0 0 0
0.0009433962264150943 0.22324272570586803 0.02127795223831515 0.4553700178488463 0 0 0
0.0009433962264150943 -0.2509794489268748 0.2378493296199488 0.5096818704299276 0 0 0
0.0009433962264150943 0.05985310452282558 -0.38245861756015215 0.18858695154883232 0 0 0
0.0009433962264150943 0.23230331008924218 0.2758867155967225 -0.027471837454755198 0 0 0
0.0009433962264150943 -0.13316910221338604 0.34669516275658424 -0.35218269640542255 0 0 0
0.0009433962264150943 0.45074326145566906 0.2334739408268893 -0.3955255872628905 0 0 0
0.0009433962264150943 0.6864985028797216 -0.04847330109935889 -0.02824020715388028 0 0 0
0.0009433962264150943 0.23035256427465595 -0.5727729429575147 0.14151427295839228 0 0 0
0.0009433962264150943 -0.203054337055149 0.02848174573970437 -0.020250592723694987 0 0 0
0.0009433962264150943 -0.512021093740829 0.17695723427199 -0.42465468672454465 0 0 0
0.0009433962264150943 0.03716463542595097 -0.5288678150869914 -0.33209560567367946 0 0 0
0.0009433962264150943 0.25992569720996644 0.5522649688629657 0.300408071239459 0 0 0
0.0009433962264150943 0.15225991704230982 0.4224580307813499 -0.09124641158949018 0 0 0
0.0009433962264150943 -0.07775797535378201 -0.5614374706966606 -0.2507936646526728 0 0 0
0.0009433962264150943 -0.24628975554451826 -0.03411534168032588 0.02704044190737828 0 0 0
0.0009433962264150943 -0.5947592105301812 -0.03511178607131617 0.2967316607223154 0 0 0
0.0009433962264150943 -0.22448697676438953 0.4153027843047273 -0.47942347552105824 0 0 0
0.0009433962264150943 0.22124359603133179 -0.025061488949872555 -0.3002002621694487 0 0 0
0.0009433962264150943 -0.10653462570557028 0.4666324851969935 0.18544095711611258 0 0 0
0.0009433962264150943 -0.2749700397871067 -0.6318683099094183 0.06826175924888443 0 0 0
0.0009433962264150943 0.31833131394019154 -0.2425525733489897 -0.15762622755195843 0 0 0
0.0009433962264150943 0.6036054631228642 0.04246477077092836 0.12773708688288896 0 0 0
0.0009433962264150943 -0.15222728601069502 0.2890200021061021 0.1306531173476405 0 0 0
0.0009433962264150943 0.08433926030440062 0.3451490865924756 0.27111383308481457 0 0 0
0.0009433962264150943 -0.5915901521792637 0.005896658285788842 -0.3566345909733958 0 0 0
0.0009433962264150943 -0.4887293860669656 0.41712695561724983 0.2535839163048057 0 0 0
0.0009433962264150943 0.2165553268834565 0.45570314551649255 0.40180714588237193 0 0 0
0.0009433962264150943 -0.47738918340898573 -0.17764031583649958 0.2690986713655926 0 0 0
0.0009433962264150943 -0.45045846675993095 -0.45534014153767005 0.2023377211243428 0 0 0
0.0009433962264150943 -0.11679181967808523 0.2872069889049737 0.27043995015380445 0 0 0
0.0009433962264150943 -0.2635852036035923 0.3755838092131769 0.09991600022033033 0 0 0
0.0009433962264150943 0.5763329465782997 -0.10964623614687477 0.16541616809680976 0 0 0
0.0009433962264150943 0.15333509013737748 0.28609870372804674 -0.4342175040723957 0 0 0
0.0009433962264150943 0.2541595970454295 0.06969763799838825 -0.2534244357589775 0 0 0
0.0009433962264150943 -0.3427013143367562 -0.4311012170612258 -0.007527576787543393 0 0 0
0.0009433962264150943 -0.42037860827285517 -0.12433163815308312 -0.0743987065483078 0 0 0
0.0009433962264150943 0.22189107657128318 -0.08089085330297081 0.059335259352210325 0 0 0
0.0009433962264150943 -0.02489807745637779 -0.2585820883419044 0.6371150450435241 0 0 0
0.0009433962264150943 -0.30836185075223393 -0.328728753482199 0.42260874499689277 0 0 0
0.0009433962264150943 -0.5800716667689104 0.14063930810376762 -0.22103496706271347 0 0 0
0.0009433962264150943 -0.042634055683717774 0.10021652422978929 -0.45688552586559267 0 0 0
0.0009433962264150943 -0.009127529831840174 0.17458243351086844 0.054708325164622484 0 0 0
0.0009433962264150943 0.14222028866697042 0.3782290131397894 -0.14773295566257913 0 0 0
0.0009433962264150943 0.15218230640378566 0.06163581125603608 -0.1616406733750866 0 0 0
0.0009433962264150943 0.32546841870055326 -0.3380826517945161 -0.2818818046562651 0 0 0
0.0009433962264150943 0.4031974680620253 -0.20670658451028742 -0.09992149693366985 0 0 0
0.0009433962264150943 0.33361223920464705 -0.3049752142781028 -0.06267605570366763 0 0 0
0.0009433962264150943 0.4787155050262862 -0.20226781274424271 0.3482815085421005 0 0 0
0.0009433962264150943 -0.33281409768202547 0.053077233313996754 0.4591095068584846 0 0 0
0.0009433962264150943 -0.3897581627901964 0.16415068531465282 0.43936945744053446 0 0 0
0.0009433962264150943 -0.1912576557462514 -0.3817383099452675 -0.06967182532154553 0 0 0
0.0009433962264150943 -0.2229610027920211 0.37638347474272815 0.5264941036092997 0 0 0
0.0009433962264150943 -0.14575749221462123 0.15037946672942606 -0.2445115447057251 0 0 0
0.0009433962264150943 -0.3699356648147677 0.4106502938401468 0.33762290928966243 0 0 0
0.0009433962264150943 0.19249464053999246 0.06982522894007694 -0.16380021403293438 0 0 0
0.0009433962264150943 0.06860032873470777 -0.21518959905913074 0.18079779028758142 0 0 0
0.0009433962264150943 -0.06707878257884124 -0.2866021797648968 -0.2528450855906325 0 0 0
0.0009433962264150943 0.15681844037091047 -0.28272798539020755 -0.2105397564727128 0 0 0
0.0009433962264150943 0.5175061803359591 -0.027312736893683773 -0.3379311487671958 0 0 0
0.0009433962264150943 0.46683585437408254 0.4762156097797257 -0.16968411698237593 0 0 0
0.0009433962264150943 0.09099404011521586 -0.38865350687155564 -0.45913043432721645 0 0 0
0.0009433962264150943 0.2839438301332592 -0.4901620013741059 -0.06836367238930624 0 0 0
0.0009433962264150943 -0.6478853191097501 0.016417261301051683 -0.05903945053229194 0 0 0
0.0009433962264150943 -0.13842672612453294 -0.6088771469805794 -0.2638190616144032 0 0 0
0.0009433962264150943 -0.2873773872617497 -0.07253819709709025 0.5020642770430247 0 0 0
0.0009433962264150943 -0.09258645527631726 0.2866522605662856 0.36827341590394813 0 0 0
0.0009433962264150943 -0.12692799119033496 0.2336549049346655 0.5439228813867025 0 0 0
0.0009433962264150943 -0.6105402495810264 0.20585132942630183 0.13324057477119491 0 0 0
0.0009433962264150943 0.2403796795103329 -0.4138551397956818 -0.023302124668841656 0 0 0
0.0009433962264150943 -0.4214335192345237 -0.36568981905014497 -0.04675858687785821 0 0 0
0.0009433962264150943 -0.3503338607418873 -0.48251878407104615 0.04640300554601674 0 0 0
0.0009433962264150943 -0.24869197617996847 -0.29382339780349226 0.2726327273844554 0 0 0
0.0009433962264150943 0.18433638853270384 -0.5320262774443284 0.04291294903552767 0 0 0
0.0009433962264150943 -0.05915285109633789 0.2834218909701821 0.5667609305421263 0 0 0
0.0009433962264150943 -0.4965783129335655 -0.15541572099696285 0.3475974784321815 0 0 0
0.0009433962264150943 0.09524889478861477 0.5579194413527557 -0.16167481335210943 0 0 0
0.0009433962264150943 0.10923609456678729 0.38421500166463896 -0.3910585178515838 0 0 0
0.0009433962264150943 0.42502665441411014 -0.44910059592408624 -0.034090966759072625 0 0 0
0.0009433962264150943 -0.35153337466959833 0.046297802422048326 0.3485884787585747 0 0 0
0.0009433962264150943 -0.5284658800888111 -0.3097836243334755 -0.30848543303862225 0 0 0
0.0009433962264150943 -0.1779290497452285 -0.47975852933037216 -0.24995278826956166 0 0 0
0.0009433962264150943 0.4759210363064135 -0.28957635238524604 0.2458806432425475 0 0 0
0.0009433962264150943 -0.30038511199654344 0.3409376359998147 0.0745301606350201 0 0 0
0.0009433962264150943 0.4839814393327802 -0.4378322878270348 0.189240296286668 0 0 0
0.0009433962264150943 -0.2938993524431445 -0.34031218728832946 -0.17255658147020647 0 0 0
0.0009433962264150943 -0.23138883861920756 0.3196552947562087 0.3961362928833496 0 0 0
0.0009433962264150943 -0.014875404498291587 0.2763848169413303 0.45584041381886387 0 0 0
0.0009433962264150943 0.4328868056376482 -0.27341279935717466 -0.354898573192351 0 0 0
0.0009433962264150943 -0.2929325677186526 0.2315369989178088 -0.5452466453977657 0 0 0
0.0009433962264150943 -0.10651853802170824 0.04301527635019251 -0.13187829515569974 0 0 0
0.0009433962264150943 0.14242116982471 0.13848435764785813 0.23573651184477737 0 0 0
0.0009433962264150943 -0.33522399815611803 0.10220255145075 -0.21616376691608075 0 0 0
0.0009433962264150943 -0.1170423004554049 0.20020995737425057 -0.1250581878550051 0 0 0
0.0009433962264150943 -0.48014935810413706 -0.17013853500617032 0.11418295236472246 0 0 0
0.0009433962264150943 -0.10962362453219147 0.11826546799194942 -0.229057308182326 0 0 0
0.0009433962264150943 0.487351186899528 0.2515845341603266 -0.17537197385989772 0 0 0
0.0009433962264150943 0.6018824305398126 0.15533821810387177 0.06359502754880489 0 0 0
0.0009433962264150943 -0.2500999491979913 -0.08009900535179187 0.4001692354460072 0 0 0
0.0009433962264150943 0.010872431515709054 0.5380086017894661 -0.142202263961351 0 0 0
0.0009433962264150943 -0.3324098672561474 0.012317033336969789 0.17550920720732796 0 0 0
0.0009433962264150943 0.36104599523355896 -0.47034756287584634 0.11511546389203818 0 0 0
0.0009433962264150943 -0.11717774975935756 0.5223563128519966 0.351098844481188 0 0 0
0.0009433962264150943 0.026591172015096243 0.267950693172101 -0.477098789578914 0 0 0
0.0009433962264150943 0.21060591001190315 0.35193100361437896 0.5072534445514836 0 0 0
0.0009433962264150943 0.10138210277137653 -0.07227682422612866 -0.5692903522484694 0 0 0
0.0009433962264150943 0.23175843498873533 0.2622199519114324 0.24261920274929136 0 0 0
0.0009433962264150943 0.4234122427532836 0.04913746749359098 0.4351515241041459 0 0 0
0.0009433962264150943 -0.3590096774309827 0.18064401922832332 -0.5133155583854607 0 0 0
0.0009433962264150943 0.32539778646559625 0.4871332324480354 -0.0298393905916815 0 0 0
0.0009433962264150943 0.40846777365792847 0.3163884570080055 0.11654999574660252 0 0 0
0.0009433962264150943 -0.03988523214272258 0.10471083888765835 -0.05598480663159556 0 0 0
0.0009433962264150943 0.11207370116117053 -0.2560354532594804 -0.32655578080421305 0 0 0
0.0009433962264150943 -0.4130156384783908 -0.05094868607055094 0.24592438455337762 0 0 0
0.0009433962264150943 -0.08046673076672567 -0.5366957363466796 0.1862587555937009 0 0 0
0.0009433962264150943 -0.1614943078984249 -0.04251635805978165 -0.3343488507188342 0 0 0
0.0009433962264150943 -0.10956481125370991 0.24820723657083593 0.5954100715866626 0 0 0
0.0009433962264150943 0.18693275666955925 0.3605576689676044 -0.12619208487636902 0 0 0
0.0009433962264150943 0.39579872199659655 -0.15295024202214227 0.4090476562360948 0 0 0
0.0009433962264150943 -0.6416856006546731 -0.11338670002221168 -0.2162755599382482 0 0 0
0.0009433962264150943 0.41845169564460344 -0.04391460770067327 -0.34464898820741696 0 0 0
0.0009433962264150943 0.07574968920080329 0.2906561386720403 0.012355746107396539 0 0 0
0.0009433962264150943 -0.6494676975485582 -0.17661143607637633 0.04297292835084968 0 0 0
0.0009433962264150943 0.10123470089166074 -0.4558758546939311 0.43129347791182127 0 0 0
0.0009433962264150943 0.03430687821946703 -0.09689671674741919 -0.09760331910999523 0 0 0
0.0009433962264150943 -0.5324475053201968 -0.22747131798597042 -0.28441337666402966 0 0 0
0.0009433962264150943 0.4988763377253326 -0.2689377134622768 -0.2183771626026496 0 0 0
0.0009433962264150943 0.11152935217449961 0.06630982128925184 -0.3215406589003401 0 0 0
0.0009433962264150943 -0.246067800262258 -0.25937044102102536 -0.03176845065383603 0 0 0
0.0009433962264150943 0.33362739948362685 0.016900555846470218 -0.39759474217147267 0 0 0
0.0009433962264150943 -0.6522168625771255 -0.04700176467807757 -0.029687060397863712 0 0 0
0.0009433962264150943 0.4651119402597648 0.04853617953977571 0.27579574040115107 0 0 0
0.0009433962264150943 0.2818773544985598 0.00453050132160779 -0.21259654451269033 0 0 0
0.0009433962264150943 -0.15351868904483698 0.5340845758596439 0.299469979681223 0 0 0
0.0009433962264150943 0.16537795616089734 0.0763259824138281 -0.18258894268799034 0 0 0
0.0009433962264150943 0.43017876054579984 0.4750976931597392 0.17017781699742807 0 0 0
0.0009433962264150943 0.524178916402584 -0.12092451548069598 -0.19188214969229178 0 0 0
0.0009433962264150943 -0.029591735389128206 -0.09519394378634095 -0.2751855830539801 0 0 0
0.0009433962264150943 -0.21729764774571228 -0.14815576432786912 -0.47904099112051995 0 0 0
0.0009433962264150943 0.22826630612142657 0.40295542550854346 -0.10953229774652457 0 0 0
0.0009433962264150943 -0.16323226183567865 -0.32567005463697485 -0.5002066223962374 0 0 0
0.0009433962264150943 0.01307531415392725 -0.16272976100547767 0.5004709980948817 0 0 0
0.0009433962264150943 -0.5563048075952383 0.1314520615159726 0.20583163010787375 0 0 0
0.0009433962264150943 -0.24776608192680444 0.3351000694318421 0.4360353912780587 0 0 0
0.0009433962264150943 -0.46092765317236645 -0.08991033839358585 0.12905670569847263 0 0 0
0.0009433962264150943 0.031474402611347964 -0.37642345800532945 0.44116631854080185 0 0 0
0.0009433962264150943 0.2591522325699825 0.18786900062783235 -0.30828425839918955 0 0 0
0.0009433962264150943 -0.25736500447386795 0.2805808959601013 0.11120182853538751 0 0 0
0.0009433962264150943 -0.28298017902518463 -0.4015322316752702 0.15770169197450873 0 0 0
0.0009433962264150943 -0.17869166842949144 0.3219577698336522 -0.1869375571394804 0 0 0
0.0009433962264150943 0.06295293533531968 0.48678514695494757 0.4645626281624852 0 0 0
0.0009433962264150943 -0.1296643499045861 0.20815152310970472 0.47650008888965106 0 0 0
0.0009433962264150943 0.30585683343037784 0.19004367374096287 0.39588280362381995 0 0 0
0.0009433962264150943 0.22558982501398428 0.3808622477996232 -0.47310443338585123 0 0 0
0.0009433962264150943 -0.31170733248380617 0.25325382027027726 0.559008362549524 0 0 0
0.0009433962264150943 0.2312884240821919 0.047347243061324436 0.04750056669840043 0 0 0
0.0009433962264150943 -0.1981788141075098 0.15678049763425814 0.27414081636565607 0 0 0
0.0009433962264150943 0.32488943236867635 0.5109776018254094 0.1383949345583616 0 0 0
0.0009433962264150943 -0.5993105099693744 -0.02522861302021 0.0547104886808617 0 0 0
0.0009433962264150943 0.49252809442635825 0.10808419491921047 0.24698603476454853 0 0 0
0.0009433962264150943 -0.2522520658356223 -0.5069175888936109 0.15394241617886706 0 0 0
0.0009433962264150943 0.5276361676745651 0.08227783518290162 0.16964156870981442 0 0 0
0.0009433962264150943 0.03281479066436302 0.5149894117653397 0.39904844312608356 0 0 0
0.0009433962264150943 -0.30470393153672154 -0.06284573976563054 -0.38052375917097875 0 0 0
0.0009433962264150943 -0.6736343560915018 0.03231458224748641 0.15346674533861304 0 0 0
0.0009433962264150943 -0.041702163958826935 0.03176169296537285 -0.10959762076312735 0 0 0
0.0009433962264150943 -0.06274995616548606 0.03155324819871734 0.3483610953297914 0 0 0
0.0009433962264150943 0.009650405417702379 -0.12746092918988067 0.3338582146389627 0 0 0
0.0009433962264150943 0.16098703871820097 0.4468844413097207 -0.36592167532977155 0 0 0
0.0009433962264150943 -0.24161991571140234 -0.03168776995534161 -0.4623551193736324 0 0 0
0.0009433962264150943 0.21038188839191427 0.4254642443988568 0.08645001097810777 0 0 0
0.0009433962264150943 -0.5139664086439547 -0.1679802040762925 -0.08144521061681174 0 0 0
0.0009433962264150943 0.6782350754706811 0.029021967093439155 -0.006975689306836662 0 0 0
0.0009433962264150943 -0.015447520989607335 -0.3451860408008798 -0.2933452247113391 0 0 0
0.0009433962264150943 -0.08449913785903813 -0.3040550166439466 0.34785164491652903 0 0 0
0.0009433962264150943 0.14036137097345275 0.47899597953040396 0.11384202542550398 0 0 0
0.0009433962264150943 -0.16953160948270452 -0.017122248569496016 0.5437317527329592 0 0 0
0.0009433962264150943 -0.46237366030010174 0.09968746558446215 -0.12330033597444187 0 0 0
0.0009433962264150943 0.517033983238393 0.024972075985121543 -0.015015803520013114 0 0 0
0.0009433962264150943 -0.17462058119230117 -0.37529805198694005 0.34296872220070157 0 0 0
0.0009433962264150943 0.29010021123948304 0.3743241219298503 -0.1553062537184374 0 0 0
0.0009433962264150943 -0.18330259833700802 0.23878962172600393 -0.5121991247287532 0 0 0
0.0009433962264150943 -0.04939114224482236 -0.47301521982100664 -0.08080343165674032 0 0 0
0.0009433962264150943 0.18597157040557705 -0.3918615641031607 -0.4723789494661577 0 0 0
0.0009433962264150943 -0.2349661142738248 0.36565548315959456 -0.4490912066418072 0 0 0
0.0009433962264150943 -0.206295806398975 -0.18825109243086133 0.3049490302246237 0 0 0
0.0009433962264150943 0.596417331701983 0.07215774370468828 0.13063298016587593 0 0 0
0.0009433962264150943 -0.6226906696914234 0.18722315528725117 0.23285905271358925 0 0 0
0.0009433962264150943 0.23812710047342828 0.4779854539435504 0.15566330555760577 0 0 0
0.0009433962264150943 -0.0068759809857337545 0.3855841425464008 0.18893028880949428 0 0 0
0.0009433962264150943 0.37681118233239896 -0.057202508511794856 -0.2346498957666629 0 0 0
0.0009433962264150943 -0.22411402754698737 -0.1271182059997296 0.5367315985056036 0 0 0
0.0009433962264150943 -0.10640668322659474 -0.11632902986619179 -0.49805963498281086 0 0 0
0.0009433962264150943 -0.00040800188905286986 -0.08364419877253262 -0.43687263802609266 0 0 0
0.0009433962264150943 0.14403470577650732 -0.43917910096924145 0.22206973952489736 0 0 0
0.0009433962264150943 0.0850869418219375 -0.36972119954522076 0.10813523554319791 0 0 0
0.0009433962264150943 0.25938025996393366 -0.2223838499218949 -0.06285424915052291 0 0 0
0.0009433962264150943 -0.11224979990438456 -0.4679015579721884 0.166726135436246 0 0 0
0.0009433962264150943 0.2728937958780518 -0.2043037199750666 -0.2404176277392258 0 0 0
0.0009433962264150943 -0.1732963215849694 -0.28986182303087005 -0.09357417762550295 0 0 0
0.0009433962264150943 -0.26420977703876874 -0.5060258497005956 0.046203684545014265 0 0 0
0.0009433962264150943 -0.0829427814383862 -0.41160198548137633 0.14283437579119249 0 0 0
0.0009433962264150943 -0.06490886851061115 0.026160232286452045 0.5937838894915238 0 0 0
0.0009433962264150943 0.3136723779507594 0.14492658681052817 -0.1309329873213723 0 0 0
0.0009433962264150943 -0.31580412213181913 0.11271672269256902 -0.32069150257339324 0 0 0
0.0009433962264150943 -0.084469051449531 -0.02260129002270363 0.10370122492238787 0 0 0
0.0009433962264150943 -0.44922761646359144 -0.21916628760081705 -0.297382580242398 0 0 0
0.0009433962264150943 0.10505443760452336 -0.28399987040904506 0.2902087114897082 0 0 0
0.0009433962264150943 -0.299717056084073 0.031768889891962214 0.01015437135961911 0 0 0
0.0009433962264150943 0.11472476782143616 -0.35326825458240685 0.26558665658533526 0 0 0
0.0009433962264150943 -0.3051301501074741 -0.508612777258018 -0.35747843366268495 0 0 0
0.0009433962264150943 -0.4173002420107947 -0.031853376816580875 -0.38872090540765947 0 0 0
0.0009433962264150943 -0.3075897340308204 -0.23678781861990034 -0.4411617054550172 0 0 0
0.0009433962264150943 -0.15600548645582302 0.23212001411151692 0.42143933084673674 0 0 0
0.0009433962264150943 0.0847413724084396 -0.586047982048084 0.05383597258286855 0 0 0
0.0009433962264150943 0.19415350060801878 -0.34043770274425356 -0.21306117487865872 0 0 0
0.0009433962264150943 -0.0882734152514057 0.4770459302888841 0.29427014605282575 0 0 0
0.0009433962264150943 -0.45087088235934203 0.19515171740672588 -0.37824624120274514 0 0 0
0.0009433962264150943 0.1863362681353979 0.3810614946398348 -0.39465110369147627 0 0 0
0.0009433962264150943 -0.5225252544851461 -0.13676924854794112 0.08698726092062715 0 0 0
0.0009433962264150943 -0.038274647969653096 0.5015027940044224 0.11886645899591332 0 0 0
0.0009433962264150943 0.5604010987994573 0.17257311662971356 0.300758075247744 0 0 0
0.0009433962264150943 0.2564010569538905 -0.525834324687037 0.07935004514585368 0 0 0
0.0009433962264150943 0.08206459115472632 -0.47554413752718233 0.03318449334060983 0 0 0
0.0009433962264150943 -0.3059419086056815 0.06572706673208839 -0.6109492489817592 0 0 0
0.0009433962264150943 0.08952431810590743 -0.15805795809855464 0.22970588897791575 0 0 0
0.0009433962264150943 0.3154133796954296 0.27250682429089484 0.48738482407564354 0 0 0
0.0009433962264150943 -0.07478557483821095 0.36744447427470517 0.21074088415266776 0 0 0
0.0009433962264150943 -0.025333443363682207 0.3759321421319655 0.30825738844533407 0 0 0
0.0009433962264150943 -0.03497320282133728 0.13821374349572427 0.12505367693437014 0 0 0
0.0009433962264150943 0.2924200141871395 0.37129714899777816 0.4019940926487502 0 0 0
0.0009433962264150943 -0.1189487359795159 -0.6615693517546947 -0.05598806357056013 0 0 0
0.0009433962264150943 -0.3611518156448287 0.04768700771638542 -0.30160042103393553 0 0 0
0.0009433962264150943 0.029435546736654997 -0.06695019008710562 0.017167192045215284 0 0 0
0.0009433962264150943 -0.13228025377728087 -0.1831662021236081 -0.4835854635928856 0 0 0
0.0009433962264150943 -0.25524136402090436 0.039480933069826106 0.2546181820990531 0 0 0
0.0009433962264150943 -0.098686216213159 -0.3397209748639646 -0.3874485968817554 0 0 0
0.0009433962264150943 0.13498997910073982 0.10983124545605974 0.2435681076943474 0 0 0
0.0009433962264150943 0.3881914778077201 0.33236115944063443 0.2892310074960844 0 0 0
0.0009433962264150943 0.09722610883246277 -0.16108001507176686 -0.00037598367185726067 0 0 0
0.0009433962264150943 -0.5526784994779509 0.027604539776693204 -0.010920205532234295 0 0 0
0.0009433962264150943 -0.15130217829037085 0.06743495031786664 -0.2993854079220612 0 0 0
0.0009433962264150943 0.6205404254274904 0.018575352671006972 -0.21343405137017152 0 0 0
0.0009433962264150943 -0.2792183895775623 -0.11352689640753136 -0.5483260585396399 0 0 0
0.0009433962264150943 0.10146943153433628 -0.6486825775585124 -0.06062084326858031 0 0 0
0.0009433962264150943 0.5987004486983142 -0.29439581211671767 -0.09604072754875537 0 0 0
0.0009433962264150943 0.07583848453297462 0.2189111097568319 0.17664844670666524 0 0 0
0.0009433962264150943 0.18073610063882475 0.4167989161049229 0.1900381150466071 0 0 0
0.0009433962264150943 -0.44115191826577405 -0.4257491946639724 -0.16985197353269985 0 0 0
0.0009433962264150943 -0.4937947358460502 0.09532128398816753 -0.05875150817469531 0 0 0
0.0009433962264150943 -0.3473683811825795 -0.5517017159806378 0.0892792257653893 0 0 0
0.0009433962264150943 -0.0629683822577371 -0.13998835688094596 -0.29042170414718094 0 0 0
0.0009433962264150943 -0.532304693577474 0.32044182763001344 0.25586167248187813 0 0 0
0.0009433962264150943 0.23939528280516365 0.07367146418026341 0.48863398006079506 0 0 0
0.0009433962264150943 -0.012837377909821947 -0.6700771248224981 0.09018366369661428 0 0 0
0.0009433962264150943 0.24151058683900228 -0.45918204706222226 0.30683264146446754 0 0 0
0.0009433962264150943 -0.27418295557983646 0.2141890285936515 -0.34232339545239626 0 0 0
0.0009433962264150943 -0.2328007986754622 0.08506484693164572 0.15730847503509462 0 0 0
0.0009433962264150943 -0.03628274772452636 0.21494487091303058 0.01816225572714357 0 0 0
0.0009433962264150943 -0.24642398954980632 -0.5845115352089045 -0.2507330098408851 0 0 0
0.0009433962264150943 -0.24421321739410753 -0.04956188982077441 0.057441883996870245 0 0 0
0.0009433962264150943 2.0838426562709942e-06 0.23503165005091162 -0.21418901212254565 0 0 0
0.0009433962264150943 -0.40370887418229634 -0.5366237483928512 -0.14661004643334555 0 0 0
0.0009433962264150943 0.325086645753625 0.3181282407228243 0.2515278552425928 0 0 0
0.0009433962264150943 -0.6011221951243138 -0.09724967838821749 0.19537642137514757 0 0 0
0.0009433962264150943 0.2384527255148447 -0.41527199885437077 0.33714714320434125 0 0 0
0.0009433962264150943 0.24977873996618452 -0.5376836366765719 -0.06543444352992238 0 0 0
0.0009433962264150943 -0.12691169171004982 0.34236196051940765 -0.0021376234558060743 0 0 0
0.0009433962264150943 -0.30671320419788656 -0.28596983312276136 -0.4183594855449943 0 0 0
0.0009433962264150943 -0.4378935962863736 -0.10286089992684654 0.007889245527622388 0 0 0
0.0009433962264150943 0.34190032902106676 0.26268349019901926 -0.2177345855983022 0 0 0
0.0009433962264150943 0.5188614593542553 -0.13283831394402365 0.4270498129360821 0 0 0
0.0009433962264150943 0.3931001348991672 0.22345728146020521 -0.23717100513285228 0 0 0
0.0009433962264150943 -0.12946588782865467 -0.4476814700098581 -0.16102921254018487 0 0 0
0.0009433962264150943 -0.44198780956402967 -0.40874589828227065 0.1964666229196851 0 0 0
0.0009433962264150943 0.3388960530197545 -0.24768062687133346 0.529547823931455 0 0 0
0.0009433962264150943 -0.015151546309585175 -0.45685407109651344 -0.06700522193521778 0 0 0
0.0009433962264150943 -0.24705853577632725 0.1390662528844355 0.1728579821689319 0 0 0
0.0009433962264150943 0.2565838384451621 -0.0740280797318258 0.5601307845979424 0 0 0
0.0009433962264150943 0.07357844521996562 -0.3090628224953068 -0.024037553570914152 0 0 0
0.0009433962264150943 -0.23527296444597162 -0.04535271072603638 0.44624038911518227 0 0 0
0.0009433962264150943 -0.060005249379719364 -0.16270837164051816 0.4467209529887498 0 0 0
0.0009433962264150943 0.29223610121747134 0.19619880369701215 0.5070422282524015 0 0 0
0.0009433962264150943 0.4584551456235122 -0.004113758474967505 0.454441060547622 0 0 0
0.0009433962264150943 0.17159474306563863 -0.09659666489744886 0.4111987722021311 0 0 0
0.0009433962264150943 -0.15984161628181323 -0.2576886843785589 -0.2642584702630337 0 0 0
0.0009433962264150943 0.2893644496300755 0.21620865767693906 0.04205941785512646 0 0 0
0.0009433962264150943 0.26255467793213993 -0.08686780097241338 0.42033062498001095 0 0 0
0.0009433962264150943 0.4917777940226818 0.2708641967224285 0.33275748898412033 0 0 0
0.0009433962264150943 -0.17768008795144705 0.32757226085746205 0.07362795134597254 0 0 0
0.0009433962264150943 -0.008423420364555952 0.2408311198199436 -0.5521852718689502 0 0 0
0.0009433962264150943 -0.39583232118482725 0.2187929782132516 -0.1610700361473622 0 0 0
0.0009433962264150943 0.463191021377004 0.117626430639204 -0.4041439630225356 0 0 0
0.0009433962264150943 -0.02539293318374528 0.4142187561546312 0.020270157911218487 0 0 0
0.0009433962264150943 -0.19018154335136406 -0.06532933093719359 -0.4779554825423672 0 0 0
0.0009433962264150943 0.5831413579470388 -0.0668255506913536 0.23974311936858184 0 0 0
0.0009433962264150943 -0.10978158456148628 0.26533199591565887 -0.11773902612953792 0 0 0
0.0009433962264150943 0.07277474931744161 0.08914654020741704 -0.3986536416338065 0 0 0
0.0009433962264150943 0.15477000293508822 0.2642117688676189 0.43341280814658845 0 0 0
0.0009433962264150943 0.02066315384076186 0.19453225936358592 0.5105840310801709 0 0 0
0.0009433962264150943 -0.6186474847560611 -0.07499301247764156 0.16608248549923882 0 0 0
0.0009433962264150943 0.18207098921291312 -0.3462232367721962 0.479274724674263 0 0 0
0.0009433962264150943 0.16301511159117407 -0.31966451788520567 0.3565676964933495 0 0 0
0.0009433962264150943 -0.4538517342682083 -0.028423074315330327 0.21202229367687384 0 0 0
0.0009433962264150943 -0.1801232117124352 -0.12102689160557989 -0.010592352889320061 0 0 0
0.0009433962264150943 -0.3920290862890403 0.338344709148491 0.1362634568642929 0 0 0
0.0009433962264150943 0.22863235214175312 -0.5081959987667073 -0.09890887094625538 0 0 0
0.0009433962264150943 0.11906236745693907 -0.4945547261148563 -0.37093231807070043 0 0 0
0.0009433962264150943 0.16018252031097374 -0.40189677890675607 0.26724477241620154 0 0 0
0.0009433962264150943 -0.40474086367906204 -0.29768614024227935 0.19440154972827586 0 0 0
0.0009433962264150943 -0.18860401870250326 0.31795836515044695 0.09731071155295369 0 0 0
0.0009433962264150943 0.21486505179093898 -0.2444448598842522 0.07533288772716645 0 0 0
0.0009433962264150943 0.16942730804784262 -0.38670296001831794 -0.5482808546265165 0 0 0
0.0009433962264150943 -0.044519497915784474 -0.5804083768521014 -0.03961338952545306 0 0 0
0.0009433962264150943 0.363415766907982 -0.5035952707273822 -0.0712049092286427 0 0 0
0.0009433962264150943 0.19878237701083973 -0.37779924424654143 0.5200391795867151 0 0 0
0.0009433962264150943 -0.3838347055748908 0.4757404662322934 -0.13090568792249074 0 0 0
0.0009433962264150943 0.06936381090783872 0.46863518269240567 0.4473488161758092 0 0 0
0.0009433962264150943 -0.3684743307472318 -0.24136945564025084 0.3665277004455758 0 0 0
0.0009433962264150943 0.29758918975546633 0.05162339918048565 0.3125186846954159 0 0 0
0.0009433962264150943 0.28907603105281304 -0.43448299001782886 0.41148610288616627 0 0 0
0.0009433962264150943 -0.1723732756526655 0.09325242161254219 0.40802678864808845 0 0 0
0.0009433962264150943 -0.6508039803014054 0.15070361439559096 0.14968938920359295 0 0 0
0.0009433962264150943 -0.2368736210393507 0.4791327434307585 0.32955033077370915 0 0 0
0.0009433962264150943 0.06158992799229266 0.11125677235382624 -0.24099569978504037 0 0 0
0.0009433962264150943 0.12788350484152608 0.07286606902558987 -0.04360443890123478 0 0 0
0.0009433962264150943 0.27599951434210396 0.06340773843206354 0.5054190805487645 0 0 0
0.0009433962264150943 0.014259560851977948 0.08407057919608822 0.1408915267645079 0 0 0
0.0009433962264150943 -0.2599368408367995 0.016457363356457262 -0.01575974779336411 0 0 0
0.0009433962264150943 -0.07733751723678534 -0.4795997679010957 -0.09408642787017737 0 0 0
0.0009433962264150943 0.3826129317088386 0.42448908380564593 0.02315538053462426 0 0 0
0.0009433962264150943 -0.26435777024235724 -0.31761077635198437 0.39300511977091646 0 0 0
0.0009433962264150943 -0.054226652850891836 0.03241357063526208 -0.4954285915563391 0 0 0
0.0009433962264150943 -0.11869659869426827 -0.12260152370315694 -0.0911163174024292 0 0 0
0.0009433962264150943 -0.32761222123880146 -0.0650321167040934 -0.5885005867228923 0 0 0
0.0009433962264150943 -0.3745439135400776 0.3449815614345055 0.3411787147702577 0 0 0
0.0009433962264150943 0.4864886789448469 0.06751451275036136 0.023993891157649286 0 0 0
0.0009433962264150943 -0.48060721414234714 0.21915718097888578 -0.32391858341987884 0 0 0
0.0009433962264150943 -0.3793090251600502 -0.3951401465534535 -0.0849950147270231 0 0 0
0.0009433962264150943 -0.06843114554182955 0.5269066595187669 0.3928723541927738 0 0 0
0.0009433962264150943 0.5110590052495331 -0.0011783668103940983 0.24594593945337279 0 0 0
0.0009433962264150943 -0.10431573062762116 -0.463878946862303 0.31406189863967177 0 0 0
0.0009433962264150943 0.3096640410933335 -0.034920769806127176 0.5424617856153355 0 0 0
0.0009433962264150943 -0.3512981406267958 0.5613815389996871 -0.05031489548192454 0 0 0
0.0009433962264150943 -0.23560161218983616 0.47089148704973754 0.037263187404352575 0 0 0
0.0009433962264150943 -0.11886201172161313 -0.35667823198263376 -0.3193928370518442 0 0 0
0.0009433962264150943 0.2513219858680053 -0.3574749927570921 0.13675608846310944 0 0 0
0.0009433962264150943 0.1824702111353399 -0.3281518821975465 -0.543307928575637 0 0 0
0.0009433962264150943 -0.44668426140918516 0.2944727214625379 0.42832830122036375 0 0 0
0.0009433962264150943 0.5732101063739075 0.2786464126450645 0.23174088871993426 0 0 0
0.0009433962264150943 -0.52966136095817 0.17561222821958275 -0.1834952897711016 0 0 0
0.0009433962264150943 -0.02666834399982597 0.30827322428951076 0.6165526289540102 0 0 0
0.0009433962264150943 -0.4043078829303974 -0.05548220594176393 0.49902808711500524 0 0 0
0.0009433962264150943 -0.5525189288760822 0.03719279730079679 0.10364725306581715 0 0 0
0.0009433962264150943 -0.05726952061758528 -0.379105260602657 0.22825416785246266 0 0 0
0.0009433962264150943 -0.41506306107317525 -0.5012943874986034 0.09537909741736629 0 0 0
0.0009433962264150943 -0.171168689849993 -0.1602934685537392 0.044605132397949075 0 0 0
0.0009433962264150943 -0.0943617320759981 -0.48856045618691485 -0.049033035570411214 0 0 0
0.0009433962264150943 -0.08368336641811835 -0.6343260540173677 -0.07768131975392939 0 0 0
0.0009433962264150943 -0.4089173420969581 -0.3646463354541492 -0.2639359180110603 0 0 0
0.0009433962264150943 0.11573721003555663 0.23677922899709883 -0.044291283520054375 0 0 0
0.0009433962264150943 -0.2403259390346195 0.23521528468817546 -0.3037410950322932 0 0 0
0.0009433962264150943 0.4091402834718274 0.05411758359820655 -0.0323128303221781 0 0 0
0.0009433962264150943 -0.02752168006075655 0.503492417415341 0.29306967113534904 0 0 0
0.0009433962264150943 0.3033292836233014 -0.4138088078201241 -0.1149489845182341 0 0 0
0.0009433962264150943 -0.4873573565771279 0.23197591041276244 0.35429909764716994 0 0 0
0.0009433962264150943 0.16979401546186149 -0.24543313542332226 0.2705602343670321 0 0 0
0.0009433962264150943 0.23566581637332462 -0.472213994075265 -0.2327176249242666 0 0 0
0.0009433962264150943 -0.0977235495101042 0.040789593164130125 0.21776532661976394 0 0 0
0.0009433962264150943 0.12881700806559918 0.12278883149256213 -0.6503461203488448 0 0 0
0.0009433962264150943 -0.20789287126212938 -0.08719480445626251 -0.6508801550229169 0 0 0
0.0009433962264150943 0.21921516753333387 0.6058094280742041 -0.20643176488024956 0 0 0
0.0009433962264150943 -0.5355176820629102 -0.008091787282712969 -0.17465036626696592 0 0 0
0.0009433962264150943 -0.23922681392490794 -0.07778424286765717 -0.1605215906776467 0 0 0
0.0009433962264150943 0.2856387848675644 -0.620016693479247 0.051929363357037954 0 0 0
0.0009433962264150943 -0.42508449334226567 -0.14293946390896312 -0.08801853783092857 0 0 0
0.0009433962264150943 0.24730322826498555 0.06651531170787764 -0.44576900959676935 0 0 0
0.0009433962264150943 0.15459406567387515 0.6658924753371742 -0.11437659074378025 0 0 0
0.0009433962264150943 -0.1278349923108 -0.2199983012514044 0.2269631677029133 0 0 0
0.0009433962264150943 -0.36507635300397534 0.11456708597344811 0.5610802092809373 0 0 0
0.0009433962264150943 -0.6482574229370167 0.021721066966368153 -0.10107612462058037 0 0 0
0.0009433962264150943 -0.4731422256279512 0.046559317602038804 -0.3844454771676989 0 0 0
0.0009433962264150943 0.03038086843599116 0.00777740287476807 0.6397845314598692 0 0 0
0.0009433962264150943 -0.3015181407125196 -0.4521520219760671 -0.12600923508515163 0 0 0
0.0009433962264150943 -0.5158005342119331 0.07856583353141436 0.3221824682151788 0 0 0
0.0009433962264150943 -0.5446204811303648 0.03233902478140808 -0.20349051130846044 0 0 0
0.0009433962264150943 0.17529201457562546 0.6392371636746005 0.0020992814251048313 0 0 0
0.0009433962264150943 -0.02589612345998011 0.4541381226856764 -0.5110277119808754 0 0 0
0.0009433962264150943 -0.2709777459431427 -0.5211755989889043 -0.3476639728838373 0 0 0
0.0009433962264150943 -0.15211828128016072 -0.1289120571254392 0.37243306222269806 0 0 0
0.0009433962264150943 0.5142150264272028 0.13000617701487846 -0.11320921057871498 0 0 0
0.0009433962264150943 0.15952257969800332 0.40285455775912454 0.011347831207287782 0 0 0
0.0009433962264150943 -0.557210954299558 0.27172191797938783 0.2534722035863986 0 0 0
0.0009433962264150943 0.34018608516532295 0.48155299203393753 -0.003507161133389448 0 0 0
0.0009433962264150943 -0.5113953472159536 -0.048484834768414635 0.11930769214392445 0 0 0
0.0009433962264150943 0.12739425066480917 -0.4382636668997086 -0.42308160578657145 0 0 0
0.0009433962264150943 -0.363851304172355 0.39551847159384335 0.19241436756269742 0 0 0
0.0009433962264150943 0.11555564935663751 0.4481410102550285 0.32716002383527515 0 0 0
0.0009433962264150943 -0.1549845422023914 -0.6683843440170639 0.049042922278315616 0 0 0
0.0009433962264150943 -0.31173236018867184 -0.11129841656405808 -0.5733679326062627 0 0 0
0.0009433962264150943 0.5356154501562623 -0.2258189512621165 -0.20726555996254106 0 0 0
0.0009433962264150943 0.2313798433005914 0.4302091325361648 0.023633059840509677 0 0 0
0.0009433962264150943 -0.24590829897239985 0.012843128248501534 -0.5398841226997939 0 0 0
0.0009433962264150943 -0.4974866198811159 0.041675131504205466 -0.3878512499757777 0 0 0
0.0009433962264150943 -0.15851818540867546 -0.2785548469012046 -0.40163160284384114 0 0 0
0.0009433962264150943 -0.3359881153197913 0.11346556612951104 0.03623085449108966 0 0 0
0.0009433962264150943 -0.40156846642630273 -0.18160724169774733 -0.21263243656073488 0 0 0
0.0009433962264150943 -0.10752596453447834 0.14468439772116007 -0.38339015029886125 0 0 0
0.0009433962264150943 -0.2647784143885546 0.30630779204216757 0.2605859432796812 0 0 0
0.0009433962264150943 0.2097786647495219 0.4441112948952686 -0.3757999485304683 0 0 0
0.0009433962264150943 -0.444419588571813 -0.4208985183008836 0.2613682198515577 0 0 0
0.0009433962264150943 0.0749501445194835 -0.010832553680103957 -0.08697228380579101 0 0 0
0.0009433962264150943 -0.41135871697846293 -0.45937768377413035 -0.0577247420372114 0 0 0
0.0009433962264150943 0.3509077143076431 0.40562373900853443 -0.10218640974250608 0 0 0
0.0009433962264150943 -0.021326758427572777 0.34334301264538186 -0.11065694901957382 0 0 0
0.0009433962264150943 -0.1963233863613178 0.22674739090072563 0.5474046153482099 0 0 0
0.0009433962264150943 -0.28835135163311554 0.41646067531611497 -0.01075668951307899 0 0 0
0.0009433962264150943 0.01981331613134426 -0.6638230543324556 0.09673111324448998 0 0 0
0.0009433962264150943 0.5276334744923559 -0.31576608117087307 0.1274912084985324 0 0 0
0.0009433962264150943 -0.26551036177965437 0.10716918847531474 -0.20882380104362883 0 0 0
0.0009433962264150943 0.394242458350386 -0.27300195508903274 0.05680212771243747 0 0 0
0.0009433962264150943 -0.2530081622647929 0.48182047976097003 0.05957517036208003 0 0 0
0.0009433962264150943 -0.07587422068257908 -0.07700650523943509 -0.4273006142155836 0 0 0
0.0009433962264150943 0.4335143776716079 0.05773424913300142 0.19833718030553585 0 0 0
0.0009433962264150943 0.18322802168543206 0.21306491322435114 0.4783201289655724 0 0 0
0.0009433962264150943 0.07393846001833448 0.42117136703198965 -0.3383971523751154 0 0 0
0.0009433962264150943 -0.4464667034783706 0.4526167917152713 0.027374757098929697 0 0 0
0.0009433962264150943 -0.56374566283987 -0.012243387922498747 -0.0967342563655447 0 0 0
0.0009433962264150943 -0.23862774395683226 -0.03516526223941244 0.05115557896408278 0 0 0
0.0009433962264150943 -0.01860627843615847 -0.24018914255052806 -0.4822271274918645 0 0 0
0.0009433962264150943 -0.15273205839984716 0.30277318750664106 -0.5821757780571701 0 0 0
0.0009433962264150943 0.38469180361625344 0.4206166562030566 0.04704666930038415 0 0 0
0.0009433962264150943 0.09334779185538632 -0.06844884284879443 -0.40817883241321556 0 0 0
0.0009433962264150943 -0.17609844448040246 0.3261389678855047 0.5823630967321185 0 0 0
0.0009433962264150943 0.12847779831685732 -0.5070590957250473 0.12545105738261159 0 0 0
0.0009433962264150943 0.1814678744964502 0.23229687230796214 -0.3877597475296601 0 0 0
0.0009433962264150943 -0.03592503752306149 0.48328610120039345 -0.39346266339248287 0 0 0
0.0009433962264150943 -0.14028783130727338 -0.6044327727178137 0.2592463134608141 0 0 0
0.0009433962264150943 -0.35022836655830303 -0.320183824940272 0.3257484285347688 0 0 0
0.0009433962264150943 0.028360362604095583 -0.024265230371215998 -0.0879634118454607 0 0 0
0.0009433962264150943 -0.3484029944212364 0.3685133511025849 -0.032463523637022935 0 0 0
0.0009433962264150943 -0.020464521766269138 0.2707162497369087 0.1451929115674108 0 0 0
0.0009433962264150943 0.18559544471766706 0.456275152804159 -0.3326115427389065 0 0 0
0.0009433962264150943 -0.4588139050390286 -0.06831388433240497 -0.29702872545782466 0 0 0
0.0009433962264150943 -0.12343355807881264 -0.5095688655120097 0.30456897439586406 0 0 0
0.0009433962264150943 -0.11063914548920552 0.6353552023292052 0.09984709367175786 0 0 0
0.0009433962264150943 0.11088935339157822 0.01573572798893988 -0.4938766535345876 0 0 0
0.0009433962264150943 -0.32078536267402447 0.43925254615203435 -0.019791563312083496 0 0 0
0.0009433962264150943 0.39010048682409 0.27924611143189043 0.32650295309125665 0 0 0
0.0009433962264150943 -0.19305518159734544 -0.21915582989979848 0.1757606991012461 0 0 0
0.0009433962264150943 -0.26581981679870637 -0.011387515460080646 -0.13076074814895586 0 0 0
0.0009433962264150943 -0.37387615442077526 0.4615167346900009 -0.018236475870169758 0 0 0
0.0009433962264150943 -0.6144561149254992 0.2257488225912183 -0.05803618246083965 0 0 0
0.0009433962264150943 -0.2817896194438275 0.5658789527575717 0.16302379620057128 0 0 0
0.0009433962264150943 0.30420058372468506 -0.0603061106316208 0.18200825087063446 0 0 0
0.0009433962264150943 0.28753347745857627 0.17035591826380608 -0.18357099980231728 0 0 0
0.0009433962264150943 0.012491967146683897 0.42563319444909364 -0.5447310817441146 0 0 0
0.0009433962264150943 -0.4670481268718258 0.2761826726909044 -0.36156784143020754 0 0 0
0.0009433962264150943 0.33233047099318824 -0.04499765837367559 -0.46907449297434567 0 0 0
0.0009433962264150943 0.39350315502980415 0.32916400555992625 0.08980900340943387 0 0 0
0.0009433962264150943 -0.009968389205380412 0.4686799058657947 -0.05102392658554606 0 0 0
0.0009433962264150943 -0.09448622890298256 -0.16374390834503308 -0.37454705253721604 0 0 0
0.0009433962264150943 -0.4352904319438572 -0.06468865637525716 0.22781823472369753 0 0 0
0.0009433962264150943 -0.06418045490870804 -0.6008441618995372 -0.05069257796847015 0 0 0
0.0009433962264150943 0.37080830385836294 0.15374542875394784 0.1329824784166109 0 0 0
0.0009433962264150943 -0.39589378998461966 -0.5334197794820975 -0.0007997580598209877 0 0 0
0.0009433962264150943 0.35445096844393503 -0.1389566682278065 0.43113818928646264 0 0 0
0.0009433962264150943 0.11564762968467251 -0.16186728133102005 -0.24701108042395364 0 0 0
0.0009433962264150943 -0.3217457807309812 -0.3350384160102892 0.3844384980422601 0 0 0
0.0009433962264150943 0.32681713485758485 0.25976419836563924 -0.2941556701916621 0 0 0
0.0009433962264150943 0.37938565671941876 -0.4796814944661572 -0.11913286718133805 0 0 0
0.0009433962264150943 -0.5029571057848704 0.41484122247608257 -0.07932512980074226 0 0 0
0.0009433962264150943 0.2510945327060837 0.11483803555375963 0.5862312321961535 0 0 0
0.0009433962264150943 0.6145422119770563 0.0705115603017941 0.15328854085880433 0 0 0
0.0009433962264150943 0.07627990026287912 -0.036567640149523906 0.34012518944507975 0 0 0
0.0009433962264150943 -0.17342176085966135 0.17295863699058547 -0.13968398784187958 0 0 0
0.0009433962264150943 0.022991369058248175 0.3652148833906493 -0.5441488133512512 0 0 0
0.0009433962264150943 -0.27027474625842246 -0.3087250951207411 -0.43310100746694524 0 0 0
0.0009433962264150943 -0.2669559862722111 0.09393816142311029 -0.07457779750328394 0 0 0
0.0009433962264150943 -0.37162152647174096 -0.2405091775144568 -0.22101088516038492 0 0 0
0.0009433962264150943 0.3048669088478158 0.28550823724557667 -0.4789721284945382 0 0 0
0.0009433962264150943 -0.6027732254353694 -0.20702548934330572 -0.098850642919415 0 0 0
0.0009433962264150943 0.20110671263508556 -0.04264215065693377 0.03118989323329257 0 0 0
0.0009433962264150943 -0.5153204610450057 0.21056936740274507 0.04700311599670817 0 0 0
0.0009433962264150943 0.054058941123879906 0.4890480902230384 0.32925049561618375 0 0 0
0.0009433962264150943 0.4372485078508022 -0.03111625376687929 -0.07188689801820404 0 0 0
0.0009433962264150943 0.2390030478299929 0.19054917468503565 -0.5248896064196018 0 0 0
0.0009433962264150943 -0.17984008564549628 -0.15573743807529167 0.24295496370792558 0 0 0
0.0009433962264150943 -0.5644376735434418 -0.23955316411874292 -0.12706493793798038 0 0 0
0.0009433962264150943 0.49326893533631494 -0.4329311962826497 0.0656649150028781 0 0 0
0.0009433962264150943 0.2756948302628328 0.1352143580139758 0.20277677212093423 0 0 0
0.0009433962264150943 -0.448097755664085 -0.3148712165320721 -0.09640170905490257 0 0 0
0.0009433962264150943 -0.10109934692489071 0.01923998875793869 0.36870848868052236 0 0 0
0.0009433962264150943 -0.028384301472243554 -0.2733211666148726 -0.5408270981961023 0 0 0
0.0009433962264150943 0.24259803954872924 0.18351498509915917 -0.48478740025354766 0 0 0
0.0009433962264150943 0.08796713792764745 -0.639097944350036 -0.020247411287111626 0 0 0
0.0009433962264150943 0.2376418189961465 -0.5430206219362839 -0.33913195299176635 0 0 0
0.0009433962264150943 -0.40706265243665035 0.059770497408988536 -0.12782025404454422 0 0 0
0.0009433962264150943 0.4600455594171844 0.2834398169106963 -0.38430807967162733 0 0 0
0.0009433962264150943 -0.5302155877104693 -0.18626461656281065 0.1054333129914124 0 0 0
0.0009433962264150943 0.37353340229037135 -0.49750516486772556 0.10771961559238778 0 0 0
0.0009433962264150943 -0.0295496626602155 -0.2283500861120493 0.12777475565049998 0 0 0
0.0009433962264150943 -0.45887169655538845 -0.07614398977373572 0.0742207941195535 0 0 0
0.0009433962264150943 -0.019641898667781196 -0.37020358480532617 0.2347321211424038 0 0 0
0.0009433962264150943 -0.36587267064450185 0.5545253252778911 -0.03996017802446309 0 0 0
0.0009433962264150943 0.6279987847500499 0.20718259842523296 -0.09607574145674146 0 0 0
0.0009433962264150943 0.03663722991624103 0.18320874918364 0.33488787092699207 0 0 0
0.0009433962264150943 -0.3216428158257402 0.4796335022109236 0.0749940678009735 0 0 0
0.0009433962264150943 0.2687798002711704 -0.4026347261541224 -0.17910771714579124 0 0 0
0.0009433962264150943 -0.32389483793488205 -0.22486097703406924 0.12345457933895389 0 0 0
0.0009433962264150943 -0.2982520629700463 0.12529366987796273 -0.45327651265381413 0 0 0
0.0009433962264150943 0.1837487341017744 -0.16005929122209175 -0.2832088129470381 0 0 0
0.0009433962264150943 0.6130386943451257 -0.16038007052350736 0.1646947289612626 0 0 0
0.0009433962264150943 -0.03006617651484243 -0.515020606961892 0.4162927025324149 0 0 0
0.0009433962264150943 -0.1741649434198836 -0.6121306279016524 0.2733730587611295 0 0 0
0.0009433962264150943 -0.3931494096641843 0.20986557610180598 0.2493221516321039 0 0 0
0.0009433962264150943 0.6375600554714388 -0.10185069338486041 0.06694120028287384 0 0 0
0.0009433962264150943 0.12127592470608924 0.0666633801785019 -0.1572964057354388 0 0 0
0.0009433962264150943 -0.6221778396930335 -0.19124506372498667 -0.011915565797579745 0 0 0
0.0009433962264150943 0.6593882840870015 0.11449997890168274 -0.09383323241219128 0 0 0
0.0009433962264150943 0.241253422511003 -0.17335464080836882 0.38578677366516384 0 0 0
0.0009433962264150943 -0.4228839212329712 0.13683980619360434 0.09825031649218734 0 0 0
0.0009433962264150943 0.6244575098500504 0.050803778420558755 0.11309738387152282 0 0 0
0.0009433962264150943 0.18322859082554685 0.35636495780259625 -0.24168083117204253 0 0 0
0.0009433962264150943 -0.41920185550735467 -0.24808572269925225 -0.10329719620007101 0 0 0
0.0009433962264150943 0.1602479240915743 0.41509947327624386 0.056122026118655854 0 0 0
0.0009433962264150943 0.5299179278042779 -0.1536965441630707 -0.2978873718021105 0 0 0
0.0009433962264150943 -0.07875306113559431 0.23296891791948948 -0.20208707054640537 0 0 0
0.0009433962264150943 0.17569289510073238 -0.21904611830707366 -0.5858079139133326 0 0 0
0.0009433962264150943 -0.05348448094403721 -0.14079521213932164 -0.3634691497757838 0 0 0
0.0009433962264150943 0.27933184803827144 0.0022087197036121976 -0.6117724546589095 0 0 0
0.0009433962264150943 0.09490622224642836 0.4749862792745239 0.035763546853711296 0 0 0
0.0009433962264150943 -0.053663629155581836 0.5990449519959822 0.24185653182971104 0 0 0
0.0009433962264150943 -0.19828084461202478 -0.5493539681710738 -0.0777086336798119 0 0 0
0.0009433962264150943 -0.19757898380263553 0.4115262907630781 -0.05442407943891406 0 0 0
0.0009433962264150943 -0.5972107806905884 -0.33630179338394506 -0.06501581732994705 0 0 0
0.0009433962264150943 0.03157590281464603 -0.4029924075950485 -0.4437380275815296 0 0 0
0.0009433962264150943 -0.044534084607322444 -0.12688176178178145 0.5525536024019458 0 0 0
0.0009433962264150943 0.23245544050236527 -0.10314012623003659 -0.33728629305890534 0 0 0
0.0009433962264150943 0.5845832235842844 -0.14386498476579307 0.10433065401238019 0 0 0
0.0009433962264150943 -0.31119821654142826 -0.41162326663909143 0.2613447988889175 0 0 0
0.0009433962264150943 0.48934768107687177 0.07507178693055463 -0.4310878002772236 0 0 0
0.0009433962264150943 0.013311167235303002 -0.3621203205403164 0.41239194419374275 0 0 0
0.0009433962264150943 0.03141389683604915 0.21260745652172938 0.5617698120419125 0 0 0
0.0009433962264150943 -0.14008805821317272 -0.5939683596789155 -0.23625625380235746 0 0 0
0.0009433962264150943 0.30881002261529245 -0.28802219464461115 0.13657083513722232 0 0 0
0.0009433962264150943 -0.1691420314460322 -0.06574980331291275 -0.1686966414121657 0 0 0
0.0009433962264150943 0.4353244936123059 0.2517016378063673 0.18951996069978924 0 0 0
0.0009433962264150943 -0.3561725117384806 -0.01724781424607309 -0.0990067995618742 0 0 0
0.0009433962264150943 0.39350423548279295 0.12789186894831112 0.2982227194705324 0 0 0
0.0009433962264150943 0.4929767847899835 0.2912622316569092 -0.15340876435279807 0 0 0
0.0009433962264150943 0.020301449192115018 0.19311313366197458 0.41420777534796044 0 0 0
0.0009433962264150943 0.030650536468593184 -0.0756861246980675 0.5703496746679069 0 0 0
0.0009433962264150943 -0.03937154387313725 0.3141852367648531 -0.5664981399418823 0 0 0
0.0009433962264150943 -0.40049498036594205 0.026121351824030515 -0.12213564119272166 0 0 0
0.0009433962264150943 -0.06428228415288526 -0.42998226154586344 0.37519554967701674 0 0 0
0.0009433962264150943 0.270577042624064 0.39699231574294375 0.16959021916706357 0 0 0
0.0009433962264150943 -0.21186012140810814 0.49773792486284546 0.34357180115662733 0 0 0
0.0009433962264150943 -0.1827774700017065 -0.1393647443655144 -0.37958399263276565 0 0 0
0.0009433962264150943 -0.21268494296353757 0.44965655467025767 -0.4130339578575036 0 0 0
0.0009433962264150943 0.15736133358524215 -0.0026137925535864425 0.10190448286033373 0 0 0
0.0009433962264150943 0.6041406506818756 0.2012909078768853 -0.18903176068967872 0 0 0
0.0009433962264150943 0.024820315669714835 -0.4053062860435262 0.40702378037325393 0 0 0
0.0009433962264150943 0.564803545305746 0.05087922176041612 -0.2696820938901458 0 0 0
0.0009433962264150943 0.5414585150340734 -0.3303994788721103 0.07309501386493145 0 0 0
0.0009433962264150943 0.23861738017366452 0.24982494753771264 0.30224986046252694 0 0 0
0.0009433962264150943 -0.5117953928950848 0.15886219661388207 0.41067321984116933 0 0 0
0.0009433962264150943 0.022383682490168467 0.26158790022060424 -0.17904832126633566 0 0 0
0.0009433962264150943 -0.28675389724615813 0.46260774554040757 0.12026197709042041 0 0 0
0.0009433962264150943 0.18816449621476597 -0.04782672960284632 -0.5831889641073608 0 0 0
0.0009433962264150943 0.36696385548148536 -0.531152757768719 0.21661578226649286 0 0 0
0.0009433962264150943 0.1773316054882857 0.4664725152496712 -0.273615257993455 0 0 0
0.0009433962264150943 -0.16456834249017538 0.24269455859970063 -0.6210284825903517 0 0 0
0.0009433962264150943 0.03148407219489202 0.15002137549836744 -0.26972387978486284 0 0 0
0.0009433962264150943 -0.5889039747905316 0.2092026230827573 0.29858355083365734 0 0 0
0.0009433962264150943 -0.2652743586504474 -0.29774417832924827 0.10556802655364893 0 0 0
0.0009433962264150943 -0.4754035094082678 0.0718444007095944 0.08731371297424288 0 0 0
0.0009433962264150943 -0.3687799336713378 0.5251150984027637 -0.021891591001737345 0 0 0
0.0009433962264150943 -0.07934230854397217 0.25773341942026323 0.5235329232312651 0 0 0
0.0009433962264150943 -0.3590349335912002 -0.4406269499015934 -0.3348635190430455 0 0 0
0.0009433962264150943 -0.4087120235777737 0.047876640090919104 0.2764244256072684 0 0 0
0.0009433962264150943 0.2436336881513766 -0.10895467785273016 -0.24063616386794132 0 0 0
0.0009433962264150943 -0.01397810934915408 -0.005302060372512555 0.4878655430282845 0 0 0
0.0009433962264150943 0.3024372368985352 0.35485156607390667 0.05200371078429246 0 0 0
0.0009433962264150943 -0.3789608091451378 0.20410148684478385 -0.1866860148952644 0 0 0
0.0009433962264150943 -0.03733091624504559 -0.3270882072405548 0.4867842159282166 0 0 0
0.0009433962264150943 0.5612999233988727 -0.022671925649504987 0.08681980925176903 0 0 0
0.0009433962264150943 -0.14519513520859467 0.10656570245142319 0.27226587400987673 0 0 0
0.0009433962264150943 -0.062175204327764175 -0.21652554034454788 -0.0653969017073378 0 0 0
0.0009433962264150943 -0.01866292709982908 -0.6424174370088057 0.031121283806888556 0 0 0
0.0009433962264150943 0.11865607592407106 -0.23414775020693823 -0.6255525797114718 0 0 0
0.0009433962264150943 -0.2384951688161107 -0.19105654703248293 0.49382034848992834 0 0 0
0.0009433962264150943 -0.2832253688507951 0.1139779714102649 -0.6179954238808653 0 0 0
0.0009433962264150943 0.0981723344769882 -0.28423536040838476 0.4545166593961431 0 0 0
0.0009433962264150943 0.5507398884516311 0.3475909562690376 -0.18877646654160432 0 0 0
0.0009433962264150943 -0.025692489662455582 -0.11262213052343616 0.0010996915636886564 0 0 0
0.0009433962264150943 -0.47413853019823576 -0.00368731954043108 0.06795359861663082 0 0 0
0.0009433962264150943 -0.5464210711280623 0.08303710046767611 -0.10439013259721476 0 0 0
0.0009433962264150943 0.3385694664350488 -0.37950300266937387 -0.15962643840592328 0 0 0
0.0009433962264150943 0.14961545962556497 -0.17829184615144583 -0.13470924758753386 0 0 0
0.0009433962264150943 0.28356518635162153 0.0809430027579868 -0.5453300647084939 0 0 0
0.0009433962264150943 -0.2952829182355594 0.45399100761655714 0.15146501568406867 0 0 0
0.0009433962264150943 -0.008856227819098944 0.4088787540881514 -0.551313286472938 0 0 0
0.0009433962264150943 -0.2793266851846386 0.3611120659687037 0.07406850303384076 0 0 0
0.0009433962264150943 0.22025704913661118 -0.1331643194099383 -0.26623835797499706 0 0 0
0.0009433962264150943 -0.6766437208292355 -0.09925925183434406 -0.09004383500757397 0 0 0
0.0009433962264150943 0.3590051482919249 0.09184673904399969 0.36218540259820664 0 0 0
0.0009433962264150943 -0.4196803864737175 -0.3655914272966391 0.08431219284774977 0 0 0
0.0009433962264150943 0.656615557621538 -0.1921908262745835 -0.029202675539602544 0 0 0
0.0009433962264150943 -0.1620520587244032 -0.5236747704652513 -0.11327473281377291 0 0 0
0.0009433962264150943 -0.0969213458959518 0.27893262110616984 0.5707348007548599 0 0 0
0.0009433962264150943 0.0011422592721156007 0.6267348833917199 -0.2945338710714615 0 0 0
0.0009433962264150943 0.2332120814757138 -0.0940449129620462 0.617595923012578 0 0 0
0.0009433962264150943 -0.23046882424973586 -0.1077450760425797 0.5066022254574414 0 0 0
0.0009433962264150943 -0.030981839563540198 -0.5563824095563192 0.08180117467874846 0 0 0
0.0009433962264150943 -0.3773562352066238 0.29416928017417504 -0.06892750699103707 0 0 0
0.0009433962264150943 -0.25427482426891307 0.1702875862235325 -0.02788710656721728 0 0 0
0.0009433962264150943 -0.2987188116906381 -0.5265748436481311 0.022081769686661243 0 0 0
0.0009433962264150943 -0.08176312836002728 0.028709409908937375 0.1736014604042519 0 0 0
0.0009433962264150943 0.29783100003841123 0.42644669674916685 -0.3384167411737967 0 0 0
0.0009433962264150943 0.2863057639885611 0.24549602255521105 -0.009999601165103499 0 0 0
0.0009433962264150943 0.2500748173853341 -0.19252695000620307 0.16277324126881212 0 0 0
0.0009433962264150943 -0.11789168256522557 0.4397828439640671 -0.4918982712926948 0 0 0
0.0009433962264150943 0.26589981305742594 -0.10518435199464159 -0.3500879891968729 0 0 0
0.0009433962264150943 0.39019698707948375 -0.4435741541885361 0.34529083795055426 0 0 0
0.0009433962264150943 -0.2806570024105342 -0.2882917436521649 0.1771451978863382 0 0 0
0.0009433962264150943 -0.6270826539902924 -0.054139760482320616 0.2528482671787422 0 0 0
0.0009433962264150943 -0.1932522170476753 0.31391729080970815 0.3612317667231699 0 0 0
0.0009433962264150943 0.14852239852503216 0.3613173608883833 0.5313238181239905 0 0 0
0.0009433962264150943 -0.174570991510257 0.6032090356931092 -0.03909913338940138 0 0 0
0.0009433962264150943 0.5214476890204915 0.21771731444425838 -0.35244149077269843 0 0 0
0.0009433962264150943 0.16421203069728377 -0.15070100126796718 0.48058447148602773 0 0 0
0.0009433962264150943 -0.41627062736175346 0.05922055989954076 -0.4794576342248969 0 0 0
0.0009433962264150943 0.4178872639309658 -0.48998325168626616 -0.22231677285967538 0 0 0
0.0009433962264150943 0.5834509651508438 0.024203491609821402 0.006180040434330641 0 0 0
0.0009433962264150943 -0.5866299003084455 -0.16941892264786998 -0.06206738246774433 0 0 0
0.0009433962264150943 -0.05029968622205496 -0.19623025876023367 -0.3766506036046835 0 0 0
0.0009433962264150943 0.14515233821479645 -0.12651527895110196 0.3194656976026713 0 0 0
0.0009433962264150943 -0.2998362378523153 -0.09330240328680198 0.37583300706582784 0 0 0
0.0009433962264150943 -0.1840385419554399 -0.2313276764317914 0.13468205276240394 0 0 0
0.0009433962264150943 0.22971750748676384 0.4836742959355133 0.07052186064869284 0 0 0
