1020
0
0.000980392156862745 0.014641909020742134 -0.30554355002813743 0.06803427566107784 0 0 0
0.000980392156862745 -0.4041507590518901 0.09025455297305121 0.1406919799734939 0 0 0
0.000980392156862745 0.4220842258888009 -0.10641631329764249 -0.21730392500017506 0 0 0
0.000980392156862745 0.11054058276240661 0.12153948469658402 0.6143655576363952 0 0 0
0.000980392156862745 0.23087526113144202 -0.029697124253700354 -0.24049749576170845 0 0 0
0.000980392156862745 0.23513869100115267 0.640193542184491 0.036981059376164256 0 0 0
0.000980392156862745 -0.22262598399356798 -0.20727298589997195 0.5526631772929934 0 0 0
0.000980392156862745 0.5196701340653056 -0.39255205918414265 -0.023063887935173753 0 0 0
0.000980392156862745 -0.06614308292031051 0.40139537328950264 -0.1732564584535484 0 0 0
0.000980392156862745 0.45355874250132877 -0.041155762891725046 0.07696682846698646 0 0 0
0.000980392156862745 -0.20995953349449542 0.4987762460193336 0.07752920371804788 0 0 0
0.000980392156862745 -0.43107675124294037 -0.46440024899371163 0.08053584406153794 0 0 0
0.000980392156862745 -0.22027899769817802 0.4472930949548292 0.40679438230422027 0 0 0
0.000980392156862745 -0.34232063723677875 0.19756501468884227 0.5340294597728177 0 0 0
0.000980392156862745 -0.28586907485368374 -0.05134898314203479 -0.49172681125509005 0 0 0
0.000980392156862745 0.3613848685351208 0.23805460887394983 0.14669898542778986 0 0 0
0.000980392156862745 0.5507484076432122 -0.11424960870292962 0.11023181416101481 0 0 0
0.000980392156862745 0.3155715574114551 -0.355449723492442 0.4716666089319815 0 0 0
0.000980392156862745 -0.38393478768351974 -0.19656493532181993 -0.016647982795763353 0 0 0
0.000980392156862745 -0.09727817761411744 0.05704983153280649 -0.002543175589613865 0 0 0
0.000980392156862745 0.33786434880987254 -0.11731584339786594 0.06980267611378038 0 0 0
0.000980392156862745 0.2934916104965237 -0.21485872810709455 0.01878047268694718 0 0 0
0.000980392156862745 -0.2515956496280857 -0.10724685485922913 0.04512360848205992 0 0 0
0.000980392156862745 0.33893273957933123 -0.003302206871925563 0.22385077243855683 0 0 0
0.000980392156862745 -0.112983258161836 0.3468142976814764 -0.11389407074246874 0 0 0
0.000980392156862745 0.3709211206839781 -0.2454778074348228 -0.5053689472498841 0 0 0
0.000980392156862745 -0.35482256190308115 -0.2937254300491205 -0.11442480364159953 0 0 0
0.000980392156862745 -0.047574093040084704 -0.4837148660236801 -0.45051011014269826 0 0 0
0.000980392156862745 -0.15443786735356238 0.5003604970741671 -0.36570105584769785 0 0 0
0.000980392156862745 0.6435532161904384 0.07679356260648991 -0.10166834434340824 0 0 0
0.000980392156862745 -0.34614707170181414 -0.34136530044911256 -0.2768286304113518 0 0 0
0.000980392156862745 -0.455133442183407 0.08308755373366238 0.19347367563545848 0 0 0
0.000980392156862745 0.2014601065769913 0.43974912534774613 -0.10507150164137186 0 0 0
0.000980392156862745 -0.18234593608513897 0.5476506043031708 0.26629881309768066 0 0 0
0.000980392156862745 -0.3381224999393267 -0.44130084361784033 0.092864811964866 0 0 0
0.000980392156862745 -0.3975432674036349 0.3044531823649374 -0.370655571214369 0 0 0
0.000980392156862745 0.629640065686338 -0.21715739778591706 0.1229816455575753 0 0 0
0.000980392156862745 -0.017544108862544785 0.29266601117008917 -0.6125818211024517 0 0 0
0.000980392156862745 0.17053947063407218 0.044994112703138814 -0.4409935985131788 0 0 0
0.000980392156862745 0.5474233372908376 0.2585644809070922 0.28518782125609987 0 0 0
0.000980392156862745 0.23028191192824854 0.39823556153551504 0.38441765164312325 0 0 0
0.000980392156862745 -0.29402781142005774 -0.4710121578514231 0.3693714288792532 0 0 0
0.000980392156862745 -0.5465988735262078 0.38781586197172135 -0.013960399210561816 0 0 0
0.000980392156862745 -0.2548282669978728 -0.2566510605917291 0.0890731394675188 0 0 0
0.000980392156862745 0.38891368358930073 -0.3937151703256053 0.24294168274457262 0 0 0
0.000980392156862745 -0.3972612420019057 0.1295891172258408 0.45266742369667085 0 0 0
0.000980392156862745 -0.002517401716585665 -0.0266097836703052 0.6120970091012767 0 0 0
0.000980392156862745 0.09302369893716296 0.5336853447137578 -0.367637558384114 0 0 0
0.000980392156862745 0.10344913637490406 -0.19364473938055105 0.1350905596070855 0 0 0
0.000980392156862745 0.47751395405251706 -0.07312034397506732 0.20070991514082878 0 0 0
0.000980392156862745 -0.05477099382400921 -0.43515081892920304 0.05497450120918065 0 0 0
0.000980392156862745 -0.1630903734664964 0.31741014122871725 0.3025902090387195 0 0 0
0.000980392156862745 0.2913971340805865 0.5645298559928267 0.18946248649799347 0 0 0
0.000980392156862745 0.17064051785650677 0.6227424958698998 0.008111843460858645 0 0 0
0.000980392156862745 0.3602279568302191 0.05871040621712079 -0.0299762995738163 0 0 0
0.000980392156862745 -0.3178047393690578 -0.032263257773091844 0.34202375705220434 0 0 0
0.000980392156862745 -0.266747103393871 0.6310143384684361 0.04361601223962131 0 0 0
0.000980392156862745 0.46801144501856257 -0.43083477613884996 -0.1787893570865298 0 0 0
0.000980392156862745 -0.1663121215154912 -0.06255129264911898 -0.2748619666110871 0 0 0
0.000980392156862745 -0.324177328173008 -0.16091918720230095 0.17194378050965467 0 0 0
0.000980392156862745 -0.19772720859479223 0.1299442720144345 0.15531087912887914 0 0 0
0.000980392156862745 0.37755182882691435 0.14195388812436352 -0.2329643701018981 0 0 0
0.000980392156862745 0.40488127474088337 0.026489531920513985 0.3340662445411718 0 0 0
0.000980392156862745 0.647897582977187 -0.013940180762473144 0.187690443027681 0 0 0
0.000980392156862745 0.15002162995483972 -0.3748881722982593 0.4261367861516248 0 0 0
0.000980392156862745 -0.6275099113669071 -0.1318253717879185 -0.06216254198900178 0 0 0
0.000980392156862745 0.08022668273410014 0.4919755459578641 0.2945925905018613 0 0 0
0.000980392156862745 0.5747707985032258 -0.024076984985925313 0.127184776227102 0 0 0
0.000980392156862745 0.553386391446432 -0.03535778573449017 0.20739950593465034 0 0 0
0.000980392156862745 -0.653610774237373 0.004177859480753159 0.00950432035467777 0 0 0
0.000980392156862745 -0.3453052439516977 0.056443905098581056 -0.35528797118010713 0 0 0
0.000980392156862745 0.284416522050921 0.17020559147227582 -0.2699027202257821 0 0 0
0.000980392156862745 0.245351540939323 -0.04590767089471411 -0.6322709147973042 0 0 0
0.000980392156862745 -0.0682843746342845 0.26054935515687233 -0.507842468930583 0 0 0
0.000980392156862745 0.2998917649976556 -0.36612738095468195 -0.3337395116879097 0 0 0
0.000980392156862745 0.18651023560001978 -0.6215824280450779 0.19712767608417556 0 0 0
0.000980392156862745 0.13407536424508756 -0.2162069286440696 -0.3705180215205545 0 0 0
0.000980392156862745 0.20601039309503538 -0.09781801834149711 0.486913182499685 0 0 0
0.000980392156862745 0.03411345615097108 0.49610574806480684 0.33788070537136583 0 0 0
0.000980392156862745 -0.09907460133800207 0.33353656456358816 -0.4964164508853946 0 0 0
0.000980392156862745 -0.044567509169035305 0.048824973922070664 0.14062659001690486 0 0 0
0.000980392156862745 -0.024935838667206868 0.12967256952020134 -0.4514183425210553 0 0 0
0.000980392156862745 0.05347070382759942 0.17075054115817878 -0.5055613417690352 0 0 0
0.000980392156862745 0.39192242206003225 0.46094984525932553 -0.25481385911279336 0 0 0
0.000980392156862745 -0.4110275252185425 -0.07302864071918753 -0.05034801362697569 0 0 0
0.000980392156862745 0.5434906403833158 0.18994628637272645 -0.17004601973944938 0 0 0
0.000980392156862745 -0.02026120369283869 -0.1679511081504258 -0.03688281805268157 0 0 0
0.000980392156862745 -0.22877465160880492 0.4064103936437525 0.22726710039453 0 0 0
0.000980392156862745 -0.45567196309042185 0.25737171384442525 0.45243464788518056 0 0 0
0.000980392156862745 0.4703818683307165 0.05260620839548284 -0.193470671538127 0 0 0
0.000980392156862745 0.5912690929780374 -0.0775601526321444 0.2993830406714179 0 0 0
0.000980392156862745 0.44575743747040275 0.10353427302432124 0.27103529013545474 0 0 0
0.000980392156862745 -0.6203576612090066 -0.19267330734741217 0.07439785664104569 0 0 0
0.000980392156862745 0.6269562935602737 -0.21568414248212836 -0.01794607093227038 0 0 0
0.000980392156862745 -0.11348008858541635 -0.6088920881574973 -0.21851250913914824 0 0 0
0.000980392156862745 -0.20482999488725712 -0.07037549178116365 -0.3070094084878074 0 0 0
0.000980392156862745 -0.43880666401269236 -0.03697093849686975 0.06869264617449342 0 0 0
0.000980392156862745 0.18161354534939292 0.22566668632789522 0.5811435975250742 0 0 0
0.000980392156862745 0.25566372803280785 -0.48345091404555457 -0.10633427516734091 0 0 0
0.000980392156862745 -0.29956578982305637 -0.1431690944120274 -0.09433156827156412 0 0 0
0.000980392156862745 -0.07453504954392888 0.1092454616196799 -0.32387898333569204 0 0 0
0.000980392156862745 0.34078240662774684 -0.2995094943908959 -0.45613334071019834 0 0 0
0.000980392156862745 -0.1911861731122526 0.05041520272456969 -0.647322526039732 0 0 0
0.000980392156862745 0.28973449753374547 0.3907528629017177 -0.3862926707495305 0 0 0
0.000980392156862745 0.314244185273491 -0.004867369676004246 -0.4496992180744633 0 0 0
0.000980392156862745 -0.01687935081171049 -0.6055690498925842 -0.10253856110415373 0 0 0
0.000980392156862745 0.3757242461529243 -0.2993390356392204 0.10988595708556985 0 0 0
0.000980392156862745 -0.11063889611252528 0.09201845969903005 -0.2830371236863423 0 0 0
0.000980392156862745 0.4113178872745067 0.16132300560302 0.30900579510118165 0 0 0
0.000980392156862745 0.21766812510486344 -0.27894850002136345 0.05029340579032415 0 0 0
0.000980392156862745 -0.2738115512580895 0.3259250042533126 0.07519447185808374 0 0 0
0.000980392156862745 -0.019027337193439884 -0.23065865694444815 -0.2741649448624605 0 0 0
0.000980392156862745 -0.4026037010356294 -0.13920988627765932 0.4521445273286371 0 0 0
0.000980392156862745 0.32180530971959487 -0.1811995621480083 -0.15269734573877547 0 0 0
0.000980392156862745 0.0911013266890665 0.20951093533952234 -0.5543170446129971 0 0 0
0.000980392156862745 0.49747524051540293 0.021731820999226124 -0.05052511888359052 0 0 0
0.000980392156862745 0.1652949135128893 -0.10136410162114748 -0.2969522824252372 0 0 0
0.000980392156862745 0.2044550263056979 -0.13324536153477062 -0.6241893265822669 0 0 0
0.000980392156862745 0.032464497700929955 -0.4039531083336606 0.07723841911599817 0 0 0
0.000980392156862745 -0.2684899886522373 -0.2777128423921556 -0.5751251997582117 0 0 0
0.000980392156862745 0.27623015526097966 -0.2369091135440071 0.08180228568213194 0 0 0
0.000980392156862745 -0.4561370020160186 -0.1468611524633554 -0.2526990479320783 0 0 0
0.000980392156862745 -0.45031418114425037 -0.05167333684505274 -0.10768320953626839 0 0 0
0.000980392156862745 -0.24439296470043056 0.02030528063011498 -0.47340571290481387 0 0 0
0.000980392156862745 -0.268844915212747 -0.009161048491479131 0.5375341077449702 0 0 0
0.000980392156862745 0.32344380385069554 0.19685759546822487 -0.36617090720187356 0 0 0
0.000980392156862745 0.30905578773417675 -0.52349086934319 -0.31819409171638935 0 0 0
0.000980392156862745 -0.22774227608429873 0.5646436412991227 -0.1011816650160831 0 0 0
0.000980392156862745 -0.0788316580862999 0.642306598684964 -0.1471373363162879 0 0 0
0.000980392156862745 -0.20880549134422163 -0.5913530676010688 -0.06689086137176274 0 0 0
0.000980392156862745 0.11157689275486396 -0.4200738779466956 -0.4318648950180572 0 0 0
0.000980392156862745 -0.01905406943567538 0.033500607005656886 0.5882702737518066 0 0 0
0.000980392156862745 -0.18303736454765737 0.22565882647396668 0.06962838902015976 0 0 0
0.000980392156862745 0.35738500901962816 0.058132378686298385 -0.014185984676747757 0 0 0
0.000980392156862745 0.6021561161541215 0.17499493830862933 0.28570943011107935 0 0 0
0.000980392156862745 0.35283827643255644 -0.12929996855258555 -0.10726119627722307 0 0 0
0.000980392156862745 -0.3126669133839467 0.32806830997514524 0.37845483111206485 0 0 0
0.000980392156862745 -0.5925584167701138 -0.15666980959073706 0.048505886473130554 0 0 0
0.000980392156862745 -0.23069785758250783 0.2666954625704968 0.06417185854738004 0 0 0
0.000980392156862745 0.24459100258655328 0.06548997470006608 -0.04086879557692389 0 0 0
0.000980392156862745 0.02293916982710756 0.08302083147931036 0.5783217816212196 0 0 0
0.000980392156862745 -0.04397630549047509 -0.4622757201967897 -0.4397580606809449 0 0 0
0.000980392156862745 -0.5051820462581901 0.29994937109641445 -0.1463701208864713 0 0 0
0.000980392156862745 0.12941334338710683 -0.4809321436404594 -0.23954628879988668 0 0 0
0.000980392156862745 0.049401395264518304 0.3061522722694292 0.23945121265196215 0 0 0
0.000980392156862745 -0.4632511606714111 0.3188182919818321 -0.13320249469277737 0 0 0
0.000980392156862745 -0.31116655087440304 0.3873016817011663 -0.3980625891698083 0 0 0
0.000980392156862745 0.29544898416760185 0.17446260317194578 0.08377034888804201 0 0 0
0.000980392156862745 0.13770345171270953 -0.1673508042825245 0.48645712595993174 0 0 0
0.000980392156862745 -0.2955585180647248 0.5173099899146884 0.18141273345972572 0 0 0
0.000980392156862745 -0.519053939939117 -0.30501702464874786 -0.2778252827404927 0 0 0
0.000980392156862745 -0.2916305708637517 0.211388266555527 -0.19421550505582238 0 0 0
0.000980392156862745 0.13490318508932522 0.6421469106876769 -0.13009857869405334 0 0 0
0.000980392156862745 0.3678623314668312 0.10848663326197416 -0.3551343598315925 0 0 0
0.000980392156862745 0.353934429559854 0.04440316945397128 0.4785162453252568 0 0 0
0.000980392156862745 0.11645508456146157 -0.08289196688248464 0.2938571501102127 0 0 0
0.000980392156862745 0.0045125864330580875 -0.03723815631693885 0.28266090271629385 0 0 0
0.000980392156862745 -0.10648087073560875 -0.09333401608716359 0.30373505077058016 0 0 0
0.000980392156862745 -0.3176454265234931 0.17812138513957215 0.5609364031383681 0 0 0
0.000980392156862745 -0.04869387586946505 0.6464932801191623 -0.0709636537144394 0 0 0
0.000980392156862745 -0.27385639577532556 -0.4650514314000388 0.25074618375434754 0 0 0
0.000980392156862745 0.289690138375646 -0.28419512619674675 -0.49477380425128187 0 0 0
0.000980392156862745 -0.31059835941216707 0.38667823551335 0.2309150904760457 0 0 0
0.000980392156862745 -0.37493137101858154 -0.07113937413241768 0.01749577796797254 0 0 0
0.000980392156862745 0.050015482216775896 0.27443273668522283 0.500151920601929 0 0 0
0.000980392156862745 0.153658974216962 0.5150225242583049 0.16447667236601785 0 0 0
0.000980392156862745 -0.013303151694035864 0.4099367296061717 -0.5272172853548921 0 0 0
0.000980392156862745 0.2728736451740211 0.08876834418019403 0.6010950599484236 0 0 0
0.000980392156862745 -0.1564082451809395 -0.2566393000582098 0.5963498763993688 0 0 0
0.000980392156862745 -0.27430596719172196 0.043745536090029055 -0.11910694982421137 0 0 0
0.000980392156862745 -0.4235106906799433 -0.09520517802273287 -0.30071944151165525 0 0 0
0.000980392156862745 -0.07299483963398053 -0.08433442494789067 0.07393373188035954 0 0 0
0.000980392156862745 -0.29142786316111596 -0.3568253954530479 -0.5044077766963884 0 0 0
0.000980392156862745 -0.305555369720453 -0.3290542911198516 -0.34436654018994656 0 0 0
0.000980392156862745 -0.032069890825735775 -0.6188293408243672 0.22683947087568776 0 0 0
0.000980392156862745 -0.23990890686183847 0.3252187357065174 0.5088109675218929 0 0 0
0.000980392156862745 -0.1620974191255071 -0.2685136945411257 0.024404059540120447 0 0 0
0.000980392156862745 -0.5085024286924623 -0.030274317191854163 -0.2706472340014558 0 0 0
0.000980392156862745 -0.33892383557149686 -0.06294807492143621 0.12414060911676834 0 0 0
0.000980392156862745 -0.013530951129025774 -0.3908188349014819 0.4365677604936066 0 0 0
0.000980392156862745 -0.14182516744355703 -0.5410741697297193 -0.40916505061298314 0 0 0
0.000980392156862745 -0.35123448951833114 0.12448297513404133 -0.457003036095153 0 0 0
0.000980392156862745 0.2646414130706932 0.313166215065733 0.3303866636887432 0 0 0
0.000980392156862745 -0.3693150666800215 -0.07448059462623098 0.5378893648891159 0 0 0
0.000980392156862745 -0.5526145541987475 -0.3091104906667345 -0.0550804010715382 0 0 0
0.000980392156862745 -0.19971290820912263 -0.10576143464707499 -0.06458884990775556 0 0 0
0.000980392156862745 -0.014241379605669985 -0.215709708679338 -0.583271754904104 0 0 0
0.000980392156862745 -0.026305001415046096 0.3663872330698427 0.29873590363416325 0 0 0
0.000980392156862745 -0.37190548640654597 -0.2490133535928263 0.39645802677183484 0 0 0
0.000980392156862745 -0.14430189699467472 0.3822994252612062 -0.02388942976437072 0 0 0
0.000980392156862745 0.20989671415514036 -0.29919546229735994 0.46060151224155127 0 0 0
0.000980392156862745 0.11385701083307853 0.3215973015901406 0.03783473609436182 0 0 0
0.000980392156862745 -0.41010693946843885 0.012113458981586975 0.31849170679224104 0 0 0
0.000980392156862745 -0.477982942921828 -0.11675230670939744 -0.38082399860980426 0 0 0
0.000980392156862745 -0.1345669695282708 -0.08037870375522588 0.2637950154158876 0 0 0
0.000980392156862745 0.3887501810235975 0.22354080788246122 0.43277675683731187 0 0 0
0.000980392156862745 -0.47766630117843106 -0.3373440233024692 0.3360880346963767 0 0 0
0.000980392156862745 0.6395727385860699 0.015762009158082346 0.10989439500073626 0 0 0
0.000980392156862745 0.3875945085108086 -0.0872494497665016 -0.1637359532963534 0 0 0
0.000980392156862745 0.3721564479817727 -0.3642029894195688 -0.2975798481443353 0 0 0
0.000980392156862745 -0.18499586059679385 -0.17951671350316847 0.17759935836149535 0 0 0
0.000980392156862745 0.25864362938189706 -0.3641075206052132 -0.2685640085432521 0 0 0
0.000980392156862745 -0.16776503897137873 -0.0514114776266583 -0.11111166389230072 0 0 0
0.000980392156862745 -0.6323866362187384 0.06965142527850167 0.21782873103369377 0 0 0
0.000980392156862745 -0.16348514776957732 -0.6624637988596 -0.045841983367296134 0 0 0
0.000980392156862745 0.044500292457825934 -0.6455407486619322 0.06004376086258882 0 0 0
0.000980392156862745 -0.179141285168243 0.551235624808007 0.15795137474640666 0 0 0
0.000980392156862745 -0.008185996051160223 -0.2338142626279013 -0.28097582463114196 0 0 0
0.000980392156862745 0.09658169364189893 0.09479597674174182 0.4539487677107063 0 0 0
0.000980392156862745 -0.23154026187819096 0.3758281312658257 -0.012651875001676824 0 0 0
0.000980392156862745 -0.09221652981444364 0.542883443622928 -0.22695165882619575 0 0 0
0.000980392156862745 0.08761302995450608 0.12032553857378064 0.15878509809719815 0 0 0
0.000980392156862745 0.4672740239020954 0.03033282286008379 -0.4254431538147164 0 0 0
0.000980392156862745 -0.04081801874358654 0.5677370152332648 0.2418146974909933 0 0 0
0.000980392156862745 -0.32450915155804533 -0.5788578282192521 0.06909098510278389 0 0 0
0.000980392156862745 -0.29210072917734314 -0.4813562728680501 0.05494325571136835 0 0 0
0.000980392156862745 0.4901134997534398 -0.1293595019069367 -0.3309044567887059 0 0 0
0.000980392156862745 -0.3101549269498503 -0.15698367817628922 -0.237338815998063 0 0 0
0.000980392156862745 0.11746603069285268 0.26528564079586237 0.5818022972160946 0 0 0
0.000980392156862745 -0.2854955072093846 0.39089978320996915 -0.06982074663056165 0 0 0
0.000980392156862745 -0.07083911029273565 0.24766479992532647 -0.3492881199504977 0 0 0
0.000980392156862745 0.30357324122112783 -0.38591244623491516 -0.0981963022743323 0 0 0
0.000980392156862745 0.08705647627167763 -0.5837557363889184 -0.025177021556054245 0 0 0
0.000980392156862745 -0.0225132391469446 -0.5711258801205763 0.039184503622405074 0 0 0
0.000980392156862745 0.05289328687821608 -0.5946531634158199 -0.15789249650860068 0 0 0
0.000980392156862745 -0.045329422687380036 0.045248746884807664 0.32008393243042405 0 0 0
0.000980392156862745 -0.06037848801611475 -0.004302288367001271 -0.5594267834526239 0 0 0
0.000980392156862745 0.188983062639 -0.5995349756106654 -0.02387683133358169 0 0 0
0.000980392156862745 -0.6159620266110427 0.23135768888024447 0.21188453351123807 0 0 0
0.000980392156862745 0.39738006457467173 0.47327326384188506 0.22632868290648572 0 0 0
0.000980392156862745 -0.13431653318980277 -0.482367652832182 0.16234263299311377 0 0 0
0.000980392156862745 -0.07832047825829018 0.2995127662267236 -0.3977230929571904 0 0 0
0.000980392156862745 -0.13200334279974682 0.07069998601295144 -0.45903714338915313 0 0 0
0.000980392156862745 0.009347866866890788 0.5458416672256454 0.2248503929532148 0 0 0
0.000980392156862745 -0.38697430441235675 -0.4476304146936262 0.004570244630051218 0 0 0
0.000980392156862745 -0.040407244364713886 0.5905005464846156 -0.24503637805896242 0 0 0
0.000980392156862745 0.16526060564758407 -0.4680963720697798 -0.05839884892221799 0 0 0
0.000980392156862745 0.43806604605236343 0.30088403472427744 0.23422288613280987 0 0 0
0.000980392156862745 -0.09652664951579738 0.14629179660691144 0.43688606333097374 0 0 0
0.000980392156862745 0.23934200501285396 0.070087442398522 0.5967274266204023 0 0 0
0.000980392156862745 0.5387899789389894 -0.37278343621716536 0.17414549931430223 0 0 0
0.000980392156862745 -0.08488492382296042 -0.2836683394445544 0.030939568000316893 0 0 0
0.000980392156862745 -0.3628070596402469 -0.17537504046869012 -0.3888951754769528 0 0 0
0.000980392156862745 -0.30128974583131307 -0.37375582338897834 0.2426499383928117 0 0 0
0.000980392156862745 0.15485534039767979 -0.023679344337149414 -0.36757925446757705 0 0 0
0.000980392156862745 -0.5082304201606069 -0.15640948069713678 0.18576226913481073 0 0 0
0.000980392156862745 -0.3074695964594457 -0.05430116582140305 -0.43637138011535237 0 0 0
0.000980392156862745 0.252151571287123 -0.33791429342362705 -0.14677706081501632 0 0 0
0.000980392156862745 -0.570553092881268 -0.2417719421342491 0.1665168068097596 0 0 0
0.000980392156862745 0.2875676275870374 -0.528262774412342 -0.23608094350093103 0 0 0
0.000980392156862745 -0.38651978364437806 -0.4747095053874483 0.2169286068349338 0 0 0
0.000980392156862745 -0.06258025042859358 -0.4696010464876594 0.1762030862411962 0 0 0
0.000980392156862745 -0.35312887155570405 0.012017194730542425 -0.06518666745976014 0 0 0
0.000980392156862745 -0.03644372917826625 0.21804402631231828 -0.6106902678745472 0 0 0
0.000980392156862745 0.3788846862050311 0.15044676975087135 0.016513548763657983 0 0 0
0.000980392156862745 -0.5709048977603223 0.2634678280691527 0.1393970289045951 0 0 0
0.000980392156862745 -0.28964029869470004 -0.003938395249000839 -0.22472053598290517 0 0 0
0.000980392156862745 0.097483942946542 0.2462714863259897 0.452470234249544 0 0 0
0.000980392156862745 -0.527380007600747 0.28847062251945327 -0.22242649814264348 0 0 0
0.000980392156862745 -0.2211403113343808 0.16685832722870786 -0.16345338401488976 0 0 0
0.000980392156862745 0.11549035233277456 -0.07587552765303836 0.26600794010422585 0 0 0
0.000980392156862745 0.49886573113482957 0.1683094315327812 -0.22912737169415026 0 0 0
0.000980392156862745 0.42445973756848915 -0.33223186085776524 0.34187533402069037 0 0 0
0.000980392156862745 -0.1334521055592958 0.29437665017989517 -0.1918583705300334 0 0 0
0.000980392156862745 -0.04999582349331262 0.1894678835802342 0.28526082129013763 0 0 0
0.000980392156862745 0.09931305424179551 -0.5013542247671102 -0.3934781752174331 0 0 0
0.000980392156862745 0.19688246547933883 -0.49312047691156413 0.03888598747028873 0 0 0
0.000980392156862745 0.21405782923381506 -0.04132648445960337 0.25904782043449004 0 0 0
0.000980392156862745 0.1327212165153398 -0.37924825705018234 -0.1492587093685221 0 0 0
0.000980392156862745 0.23191623015188637 0.03517409429662276 -0.5037944944532952 0 0 0
0.000980392156862745 0.058930868915151084 -0.4452345264969325 -0.09484334495844657 0 0 0
0.000980392156862745 -0.03797848526174484 -0.16641607518149 0.5390510236776392 0 0 0
0.000980392156862745 -0.455604713118904 0.28530344676571073 -0.029305210695130788 0 0 0
0.000980392156862745 0.3774689566514565 0.3265327366580338 -0.4737608244393991 0 0 0
0.000980392156862745 -0.6832211574787562 0.033895465970407136 0.02809164579966389 0 0 0
0.000980392156862745 -0.2609522236635738 0.3472705980482539 0.2329005819649672 0 0 0
0.000980392156862745 0.13695779871793087 -0.22167948274360497 -0.4029691756905157 0 0 0
0.000980392156862745 -0.23265443889144752 -0.4127942715492456 0.4361812224624623 0 0 0
0.000980392156862745 0.45104375996861856 -0.08847376962947981 -0.3183295470295311 0 0 0
0.000980392156862745 0.6827376992989687 -0.018852336387665827 -0.06098106786415956 0 0 0
0.000980392156862745 0.2743890541292124 0.19796384173721432 -0.3734130246461951 0 0 0
0.000980392156862745 0.20993407872149814 0.49572571319677866 0.28954764048762727 0 0 0
0.000980392156862745 -0.379292145763171 -0.540943306898136 -0.01732407902414273 0 0 0
0.000980392156862745 0.5187768451487264 -0.3963334130166832 0.04234248539297829 0 0 0
0.000980392156862745 -0.25177247901936095 0.5780101203340318 -0.212332692305012 0 0 0
0.000980392156862745 -0.02246427144966951 0.23040984663507394 -0.5372531017950872 0 0 0
0.000980392156862745 -0.3704180656813251 0.11732822167938499 -0.2951005019778876 0 0 0
0.000980392156862745 -0.25102193610423584 -0.10196293229567244 0.08380552193685492 0 0 0
0.000980392156862745 0.4452642434057189 -0.21456409446954713 0.2775700221972051 0 0 0
0.000980392156862745 0.3071291174697176 -0.2930387493147476 -0.5252723406578865 0 0 0
0.000980392156862745 -0.17151096499083837 -0.19970538349011777 -0.3309061032606934 0 0 0
0.000980392156862745 0.34994149923231876 0.06786442743526555 -0.40362338544077864 0 0 0
0.000980392156862745 -0.36996151347248896 0.03876162800123531 0.42824390641397014 0 0 0
0.000980392156862745 -0.12906636912640804 0.5400999209835904 -0.2607948261674762 0 0 0
0.000980392156862745 0.18105645563561878 0.11077207479577741 0.04530602661757174 0 0 0
0.000980392156862745 0.4002865138434279 -0.1142109149623113 0.282601524167045 0 0 0
0.000980392156862745 0.3310390256226869 -0.3492890461760934 -0.48506537700043045 0 0 0
0.000980392156862745 -0.41036514121287354 -0.2661598470645415 0.4151773389630634 0 0 0
0.000980392156862745 0.6186809717769797 -0.10993805016398309 -0.09619577274938898 0 0 0
0.000980392156862745 0.2539376323204304 0.11426996273510316 0.45128479068161426 0 0 0
0.000980392156862745 -0.2937483078449402 0.2193285414238308 0.14087473202876497 0 0 0
0.000980392156862745 0.16332694174956588 -0.023629982838246556 -0.04110606746959686 0 0 0
0.000980392156862745 -0.4499974808563855 -0.14006888608681373 0.29063645643569336 0 0 0
0.000980392156862745 -0.2214351437713659 0.4992286884150447 0.30230334840157563 0 0 0
0.000980392156862745 0.06700343302519592 -0.018030583693565472 -0.34807156406117146 0 0 0
0.000980392156862745 0.36689078245878903 -0.174060705435937 -0.5595042443248706 0 0 0
0.000980392156862745 0.04662478164604618 0.014276661689074923 0.3835262765733308 0 0 0
0.000980392156862745 -0.4261346632502301 -0.23770414007444893 -0.24625175308419694 0 0 0
0.000980392156862745 -0.3661983434191298 0.08861036898832653 0.20285222018591037 0 0 0
0.000980392156862745 -0.563288071937064 -0.3663173599734192 -0.13823880661625304 0 0 0
0.000980392156862745 -0.633285120066574 -0.15849494260807295 0.10700341301186013 0 0 0
0.000980392156862745 -0.2746842052261423 0.2790052155404038 -0.22763719342466124 0 0 0
0.000980392156862745 0.31491138827023885 0.17842898386160383 0.5355555180561652 0 0 0
0.000980392156862745 -0.17653540830524397 -0.3765117683627161 -0.1551374582420267 0 0 0
0.000980392156862745 0.2679443580010709 -0.04312677682906042 0.3154414347390549 0 0 0
0.000980392156862745 -0.10804955718244809 0.20291206819537225 0.04898070617673293 0 0 0
0.000980392156862745 0.10853993837399763 0.17681609521673494 -0.04014589269193053 0 0 0
0.000980392156862745 0.5397652472975539 0.29331385194011417 0.05559403602519564 0 0 0
0.000980392156862745 0.09347055641967604 -0.4078422211866762 0.2595865146821463 0 0 0
0.000980392156862745 -0.27288711745806155 -0.4245887527756584 0.013576199256278948 0 0 0
0.000980392156862745 0.1587624970159733 -0.40204007621275073 0.3067767821738394 0 0 0
0.000980392156862745 -0.29418007628278287 0.27348671380471884 0.028743828690069816 0 0 0
0.000980392156862745 0.5458450326308067 0.1842293196443009 -0.17474343483111243 0 0 0
0.000980392156862745 -0.09193896808946862 0.5608248364786351 0.36185315842762916 0 0 0
0.000980392156862745 -0.5276795006974169 -0.2469644584817009 -0.07895754907974517 0 0 0
0.000980392156862745 0.16490356088322594 -0.27054792202556444 0.49134190210842005 0 0 0
0.000980392156862745 -0.44862023155791764 0.2874228666476275 -0.19421910463158498 0 0 0
0.000980392156862745 0.599985776699554 0.09020679273675955 0.21355953196446364 0 0 0
0.000980392156862745 0.04263400553275993 0.5115206357060601 0.24249836712720596 0 0 0
0.000980392156862745 0.16495893883148105 0.25969219830898516 0.05064877411639919 0 0 0
0.000980392156862745 -0.18625212700427352 -0.10061486984167471 0.5159747266576417 0 0 0
0.000980392156862745 -0.41223962741399467 -0.17005894500198085 0.3552910070204467 0 0 0
0.000980392156862745 -0.10065276825239843 0.27414268565670724 -0.3632402793904886 0 0 0
0.000980392156862745 0.5741699879887893 0.21076648277753007 0.2129516523303503 0 0 0
0.000980392156862745 -0.21380724567963177 -0.620927004891273 -0.15601548733890028 0 0 0
0.000980392156862745 0.1066085920960855 0.3169026974597193 0.24945493878152622 0 0 0
0.000980392156862745 0.07367621726759235 -0.35232960149671577 0.27353965649791456 0 0 0
0.000980392156862745 -0.17994929422095784 -0.06368116410946476 -0.10175430319266975 0 0 0
0.000980392156862745 -0.21099012262987632 -0.1884955510338734 0.12401537676593033 0 0 0
0.000980392156862745 0.05162294876910935 -0.3104007866910426 -0.49124156342105535 0 0 0
0.000980392156862745 0.009431823810792451 0.07230310852276706 0.21907728732670984 0 0 0
0.000980392156862745 -0.43896531200838823 0.21091037898146586 0.2510784312451548 0 0 0
0.000980392156862745 0.504860847077525 -0.008579743252115874 -0.10461035707855253 0 0 0
0.000980392156862745 -0.24432505515572614 -0.13826561035435775 -0.19434463137455799 0 0 0
0.000980392156862745 -0.029899864343943202 -0.4837290246011535 0.4409928948341021 0 0 0
0.000980392156862745 0.5106438797152278 0.19952126728931663 0.12365869092019632 0 0 0
0.000980392156862745 0.4373019246356156 0.09531952370339522 0.5210821246786347 0 0 0
0.000980392156862745 -0.38620251927846283 0.45006323388298075 0.13624129977727656 0 0 0
0.000980392156862745 0.10269342521389722 0.36403853737472724 -0.039657201386094625 0 0 0
0.000980392156862745 0.44424004521900967 -0.35746797046299494 -0.15242104245832658 0 0 0
0.000980392156862745 -0.437444958007106 -0.3526544320583241 0.19020607731041145 0 0 0
0.000980392156862745 -0.1530479055571754 -0.18438844555171993 -0.15145098927873513 0 0 0
0.000980392156862745 0.13833410348482353 -0.6432087014091525 0.06010640775667167 0 0 0
0.000980392156862745 0.09177851034931654 0.2417525279170651 -0.30029671927643814 0 0 0
0.000980392156862745 -0.10884773442824154 0.5100637355895319 -0.45337069609100805 0 0 0
0.000980392156862745 -0.05479822134162337 -0.045510427991821076 -0.09492687691937543 0 0 0
0.000980392156862745 -0.07789090466865202 -0.0978576036626482 -0.538847680487688 0 0 0
0.000980392156862745 -0.19386531407600588 0.24292169090545168 -0.5868551665430631 0 0 0
0.000980392156862745 -0.08005435005302561 -0.43137661097898905 0.4965309298295019 0 0 0
0.000980392156862745 0.22025319782340347 0.6139000687492356 -0.13914172850985143 0 0 0
0.000980392156862745 0.22357499074382522 0.1161192939709289 -0.02533372582271137 0 0 0
0.000980392156862745 0.1304538662985895 -0.15346760935534468 -0.4354421442313105 0 0 0
0.000980392156862745 0.06911754091764649 0.25871384728255103 -0.14413992280593887 0 0 0
0.000980392156862745 0.32490555250407466 0.059550873422253604 0.46021325861722107 0 0 0
0.000980392156862745 0.2607839259945664 -0.10453793795300195 -0.06806045396990909 0 0 0
0.000980392156862745 0.31919379686605104 0.41034678839398436 0.21776293988502238 0 0 0
0.000980392156862745 0.10307728399958287 0.5827202424074536 0.15408218534122653 0 0 0
0.000980392156862745 -0.18600050034615648 0.5158449533694478 -0.1292008343379974 0 0 0
0.000980392156862745 -0.19059970918476127 -0.3377336674670149 -0.45281125513797527 0 0 0
0.000980392156862745 0.20861308323932362 -0.13598279831826995 0.5390485087314989 0 0 0
0.000980392156862745 -0.0295746534773398 0.16783540559187182 -0.07291718159816703 0 0 0
0.000980392156862745 -0.3107487087510422 -0.03951694363385973 0.021444395697148497 0 0 0
0.000980392156862745 -0.40728616732484324 -0.23510644957966817 -0.053428169028026586 0 0 0
0.000980392156862745 -0.16167348778658713 -0.011748146088865688 0.1622797327851148 0 0 0
0.000980392156862745 0.4128184824981608 0.11648595322859767 0.14800821841835493 0 0 0
0.000980392156862745 0.20694065428284403 -0.35406751932251124 -0.05786464234682869 0 0 0
0.000980392156862745 0.23311637966061946 0.5689413832011101 0.09815388065774353 0 0 0
0.000980392156862745 0.08260270896168391 0.339226073386364 0.20113860388750598 0 0 0
0.000980392156862745 0.27632203582436415 0.43040614644701736 0.2058516522216592 0 0 0
0.000980392156862745 0.5415971545837993 0.1794448100292601 0.06909692581617666 0 0 0
0.000980392156862745 0.0270772020398053 -0.5825027590238372 -0.2393174541270446 0 0 0
0.000980392156862745 0.31056263912672627 0.4031357798483535 -0.03097089422921658 0 0 0
0.000980392156862745 0.040434553056647324 -0.47488810401427717 -0.0732326395559429 0 0 0
0.000980392156862745 0.47969477920122905 -0.15373391655240234 0.44943427964383253 0 0 0
0.000980392156862745 0.4251195367497537 0.06602626317791496 -0.2954001079306336 0 0 0
0.000980392156862745 -0.2722445748922508 0.5860559674617519 -0.07067979872975114 0 0 0
0.000980392156862745 0.36292115196787 -0.1606653829802635 0.1531860331131729 0 0 0
0.000980392156862745 0.03905851421822518 -0.025988859356621128 -0.6910474115129744 0 0 0
0.000980392156862745 0.40603057638316403 -0.27534638431613023 0.4637100103579891 0 0 0
0.000980392156862745 -0.042340312200919716 0.08825739092324963 -0.1284017957151566 0 0 0
0.000980392156862745 0.4417101573971913 0.0028826483323291237 0.30420120472050993 0 0 0
0.000980392156862745 0.3034899920821904 0.2143881432862442 -0.05789325725080585 0 0 0
0.000980392156862745 0.24104096330605432 -0.23315488384827895 -0.12447681445933285 0 0 0
0.000980392156862745 0.5333078709925096 -0.1617843188376848 -0.09619456714987193 0 0 0
0.000980392156862745 -0.16567143801799997 -0.25197115612348353 0.23424354048678078 0 0 0
0.000980392156862745 -0.4723503210451069 0.40658755946969244 -0.24253597415435996 0 0 0
0.000980392156862745 -0.26301149819268377 -0.3588358877368159 0.2968170444561355 0 0 0
0.000980392156862745 0.17793640458319102 0.11671725406200407 -0.15844177630588244 0 0 0
0.000980392156862745 0.5425970454548602 0.15843830131918413 0.3668994007297466 0 0 0
0.000980392156862745 0.19447505388412323 0.34703200605713824 0.3158830529775954 0 0 0
0.000980392156862745 -0.058758989304799114 -0.02606115620511258 -0.5363385345964347 0 0 0
0.000980392156862745 -0.3072537055687117 -0.28883114960860873 0.044778658495039536 0 0 0
0.000980392156862745 0.06162528276910897 0.3149400265152818 -0.5412708554013852 0 0 0
0.000980392156862745 -0.111613347184262 -0.3511634481029664 0.47143000968080456 0 0 0
0.000980392156862745 0.19233516796378375 -0.12392994734361434 -0.5174939523558981 0 0 0
0.000980392156862745 -0.24367699466116685 0.09594872517102895 -0.511880367491344 0 0 0
0.000980392156862745 -0.03915857680912297 0.6446046209850773 -0.2403974783449976 0 0 0
0.000980392156862745 -0.05692596237323542 0.4246864142124984 0.2206722208373853 0 0 0
0.000980392156862745 -0.052890900378648256 -0.5076332126345414 -0.3529655879724706 0 0 0
0.000980392156862745 -0.255712156383514 0.13668061464828143 -0.4135336354001314 0 0 0
0.000980392156862745 -0.5362251560907071 0.13907894673611454 -0.19238255626996326 0 0 0
0.000980392156862745 -0.35843181422764625 -0.21022090832004622 0.39133421795543855 0 0 0
0.000980392156862745 -0.2713853292853397 0.35219664195190087 0.07573149075135266 0 0 0
0.000980392156862745 -0.054584371312854464 -0.22623605166131874 -0.25709449139623486 0 0 0
0.000980392156862745 -0.28971280472984806 0.40479537099656643 0.41482056690179203 0 0 0
0.000980392156862745 -0.3539020011957297 0.04186102313102841 0.48586760171553034 0 0 0
0.000980392156862745 0.10390926839960991 0.04975497165529121 0.3255464279006094 0 0 0
0.000980392156862745 0.14896788041746126 0.3786347016441324 -0.4943047268285672 0 0 0
0.000980392156862745 -0.3948068786292253 0.13711096970184872 -0.12826245349067214 0 0 0
0.000980392156862745 0.04970724781833628 -0.16759339966321832 -0.5571609627743818 0 0 0
0.000980392156862745 -0.15054498475272995 -0.0879429407346328 -0.4953955655093863 0 0 0
0.000980392156862745 0.48856482243004357 -0.03391616449325099 0.1746464779079317 0 0 0
0.000980392156862745 -0.46817721252966116 0.15675585920985294 -0.17196980503161155 0 0 0
0.000980392156862745 -0.5048382917121056 -0.026258909846676653 -0.06031364082475467 0 0 0
0.000980392156862745 0.10395045363228061 -0.0335308610806151 -0.04566383735681051 0 0 0
0.000980392156862745 0.346489913197992 0.5565948576960317 0.102645966538478 0 0 0
0.000980392156862745 -0.06856230741778112 0.19733600074688767 0.11103469347228283 0 0 0
0.000980392156862745 -0.4086811687932199 -0.21375743523002516 0.3557308028668209 0 0 0
0.000980392156862745 -0.06588584957763892 -0.6109337089969856 -0.07232379972728163 0 0 0
0.000980392156862745 0.17447655819905133 -0.09340722500845972 -0.12030816626528322 0 0 0
0.000980392156862745 0.02176021265881281 -0.08869200258484593 0.6780883906901718 0 0 0
0.000980392156862745 -0.23844612291476125 0.02806434474541696 0.5751066825435623 0 0 0
0.000980392156862745 -0.35501247523117685 0.059500504178879726 0.19349375279721043 0 0 0
0.000980392156862745 -0.3450382985633796 -0.06342527114019098 -0.31918949821999143 0 0 0
0.000980392156862745 -0.37878051325423207 0.02380252827062366 0.17658886970867468 0 0 0
0.000980392156862745 0.4359767370300839 -0.38469152704629844 -0.07756149001320815 0 0 0
0.000980392156862745 0.0820277524014572 -0.4587732676629737 0.28459076978164016 0 0 0
0.000980392156862745 -0.1924215050126196 -0.34906260255749927 -0.47403135185477757 0 0 0
0.000980392156862745 0.0006243810357391466 -0.28612910523308505 0.6307057164639719 0 0 0
0.000980392156862745 0.29977635475291003 -0.49639992506166264 -0.10127816484465198 0 0 0
0.000980392156862745 -0.4709525644133754 -0.11640311935818184 -0.33844895651299545 0 0 0
0.000980392156862745 -0.476704598570127 0.25121080801131757 -0.1294382733483013 0 0 0
0.000980392156862745 -0.47716995255379946 -0.18572262596181396 -0.049835261264380586 0 0 0
0.000980392156862745 0.2254591522001927 -0.16911087824541338 0.5429497195616653 0 0 0
0.000980392156862745 0.38277841395007134 0.2065393660842387 -0.14362103906407647 0 0 0
0.000980392156862745 -0.04428670545974692 -0.17753904356338443 -0.3562799545371772 0 0 0
0.000980392156862745 -0.39713155263827976 -0.18746013774013906 -0.4324549376130217 0 0 0
0.000980392156862745 -0.04668474145104348 -0.3843662306663147 -0.2528561302134764 0 0 0
0.000980392156862745 0.4405714338214057 0.36968535725815216 0.09595525911133669 0 0 0
0.000980392156862745 0.12459553519221866 0.5858095120237814 0.09946202479899709 0 0 0
0.000980392156862745 -0.4275860542669746 0.07779416269772226 -0.4027651092320553 0 0 0
0.000980392156862745 0.2883024451993657 -0.329612302936361 -0.5184731419481019 0 0 0
0.000980392156862745 0.005625820829337386 -0.02727100853644533 -0.10880630952654176 0 0 0
0.000980392156862745 0.4418087076336012 -0.1745176315434141 -0.26442967680248997 0 0 0
0.000980392156862745 -0.09995084371368934 -0.5281882138727038 0.11848654454347814 0 0 0
0.000980392156862745 -0.3561595437031514 -0.3747525003412646 0.01583995910239739 0 0 0
0.000980392156862745 -0.14590495548782217 -0.2709624111849326 -0.2946579081509986 0 0 0
0.000980392156862745 -0.28725690324160336 0.09428903734252345 0.054081550932849436 0 0 0
0.000980392156862745 -0.10715366174552338 -0.001767803894569167 0.2700947431465625 0 0 0
0.000980392156862745 -0.4651160127966676 -0.13566728675340084 0.4290962579333017 0 0 0
0.000980392156862745 0.14827479972110383 -0.017166170607025598 0.32962329399571083 0 0 0
0.000980392156862745 -0.5630029551277685 -0.2204082077062481 0.04322882482196451 0 0 0
0.000980392156862745 0.46540480959976466 0.4389917486126625 -0.1442181603060578 0 0 0
0.000980392156862745 -0.17669384933476961 -0.11878612472478244 -0.06100412197871521 0 0 0
0.000980392156862745 0.18649830740462292 -0.6582415154708291 0.0656059271914025 0 0 0
0.000980392156862745 -0.22444313812360087 0.16251195571281907 -0.27825030688829716 0 0 0
0.000980392156862745 -0.11768393908652482 -0.08958616872368617 0.6028806238632313 0 0 0
0.000980392156862745 0.11015773619144971 -0.17283570373410892 0.459503718762629 0 0 0
0.000980392156862745 0.1162521550322938 -0.295710664176714 0.031716870224013614 0 0 0
0.000980392156862745 -0.05316914338524378 -0.08085857438239516 0.3153004217330551 0 0 0
0.000980392156862745 -0.5264199799669114 0.05918434899054011 -0.404004645696257 0 0 0
0.000980392156862745 -0.35608303613220993 0.15817435046473444 0.3384341589866207 0 0 0
0.000980392156862745 -0.17706035261016845 0.22566206620261756 -0.2399325673523053 0 0 0
0.000980392156862745 0.21404164479328597 -0.07921622380521681 -0.5495576540048869 0 0 0
0.000980392156862745 0.520301180245735 -0.09403538947718079 -0.17415250482439232 0 0 0
0.000980392156862745 -0.06422995204477325 -0.23441466605289263 0.40299786619826133 0 0 0
0.000980392156862745 0.13925779185850623 0.11363447490150623 -0.4519450353958518 0 0 0
0.000980392156862745 -0.2953086718597499 0.294502620674106 0.0010739866581596768 0 0 0
0.000980392156862745 0.3544657108556717 0.015900965368725872 -0.2701968648984203 0 0 0
0.000980392156862745 0.315721863079797 0.5062167401352011 0.016946887731623398 0 0 0
0.000980392156862745 0.3676007509482453 -0.131579723054227 -0.5615234661579075 0 0 0
0.000980392156862745 0.38132142600625024 0.19451734572662302 0.5031354683133189 0 0 0
0.000980392156862745 -0.2233784055004036 -0.24510963671291067 -0.29312055821778854 0 0 0
0.000980392156862745 -0.22767184810518792 0.29170336554851034 -0.06743646668100073 0 0 0
0.000980392156862745 -0.40505703528764914 0.1513495098268874 -0.1817725479158428 0 0 0
0.000980392156862745 -0.16444658942961046 -0.3539933229644831 0.30222307223483397 0 0 0
0.000980392156862745 0.41068438057158213 -0.16875204240189542 -0.36229433841464015 0 0 0
0.000980392156862745 0.2663507818070635 -0.2355961392304053 -0.32877458472828397 0 0 0
0.000980392156862745 -0.41300212666425357 -0.39881369011331175 -0.26332770874353423 0 0 0
0.000980392156862745 -0.01263955928785097 -0.48682719933494806 -0.26221353284048426 0 0 0
0.000980392156862745 0.32741654436797507 -0.2089860793379187 0.0425904644883218 0 0 0
0.000980392156862745 0.09769772307492092 0.04674877536639887 -0.19825595890359032 0 0 0
0.000980392156862745 0.16723169439381086 -0.19424196623932988 0.40140703564661745 0 0 0
0.000980392156862745 -0.4042589721227633 0.20259102201640405 0.09713369321095831 0 0 0
0.000980392156862745 -0.11861152314102563 0.14979210113043617 0.07861413590857204 0 0 0
0.000980392156862745 0.40097600570017244 -0.4371201299985357 0.2756985700109961 0 0 0
0.000980392156862745 -0.33216787318924873 0.3927252061718983 0.16611804648650147 0 0 0
0.000980392156862745 -0.2167897091646464 0.11758680250681192 -0.16573029614078233 0 0 0
0.000980392156862745 0.11746879972553777 -0.07936119874689698 0.11502918559184072 0 0 0
0.000980392156862745 0.13704745059191956 0.1730029820318403 -0.43394904482681046 0 0 0
0.000980392156862745 0.13260019205521015 -0.4011809915942517 0.39979226877137675 0 0 0
0.000980392156862745 -0.13042326128388934 -0.09812645661791132 0.20741410453931433 0 0 0
0.000980392156862745 0.0853745633841153 -0.09964076287368272 -0.09077738568101142 0 0 0
0.000980392156862745 0.19850395195781526 0.20356485978372638 -0.5362398538560021 0 0 0
0.000980392156862745 -0.14983663888814253 0.2735936643490325 -0.18995162286958392 0 0 0
0.000980392156862745 0.42989402693575274 0.21177585951535643 -0.4518542780469814 0 0 0
0.000980392156862745 -0.1506122466927265 0.035577324017859194 -0.6563741414143611 0 0 0
0.000980392156862745 0.019414508178307695 0.5397075274981289 -0.4204861046804435 0 0 0
0.000980392156862745 -0.08099817840983703 -0.5467983753365292 0.37069848406448097 0 0 0
0.000980392156862745 -0.2567035761800323 -0.005294948951731191 -0.5592022965354034 0 0 0
0.000980392156862745 -0.44738142429475247 -0.15527173639096203 0.11964264969120074 0 0 0
0.000980392156862745 -0.24763456506663864 0.10363519380590605 0.5596937897824866 0 0 0
0.000980392156862745 0.5485359626333556 -0.20654545400466984 0.06929647556796671 0 0 0
0.000980392156862745 0.6141668670734696 0.0758772534086071 -0.00012619439268281125 0 0 0
0.000980392156862745 0.31615484372740404 0.3275711794700541 -0.32557569047203244 0 0 0
0.000980392156862745 0.4431205274616069 -0.00798821884048799 -0.3084577190386623 0 0 0
0.000980392156862745 0.3751919795795547 -0.2713095148480844 -0.023910153322201876 0 0 0
0.000980392156862745 0.6239657642187607 -0.18703799249863926 -0.23088627299485429 0 0 0
0.000980392156862745 0.395736416727684 -0.08507645770729662 0.467409384578429 0 0 0
0.000980392156862745 -0.34569998959602666 -0.38288869941510595 0.12371513739667833 0 0 0
0.000980392156862745 -0.3008611343453693 0.4010054237869806 0.4086134871135215 0 0 0
0.000980392156862745 0.44129308528218575 -0.13312441676326936 -0.42157359080520046 0 0 0
0.000980392156862745 0.3108938574774598 -0.1231406976300288 -0.14450597926351164 0 0 0
0.000980392156862745 -0.14166940933463298 -0.0640041036425523 0.06682852824591928 0 0 0
0.000980392156862745 -0.2904321704046595 0.32183936682302317 0.09360143841887748 0 0 0
0.000980392156862745 -0.06158448299881174 -0.2545335317143938 -0.30919585960508456 0 0 0
0.000980392156862745 0.10285000090160132 -0.3324369442851687 -0.5770552430889084 0 0 0
0.000980392156862745 -0.2172210006271681 0.5415137380743595 0.04912935197418922 0 0 0
0.000980392156862745 -0.23541935544599765 0.2580392828531918 0.0037145056235117044 0 0 0
0.000980392156862745 0.4528072350592086 -0.37504603511460083 0.14977636896136964 0 0 0
0.000980392156862745 -0.316318135678085 0.059439552131391744 0.457862192406136 0 0 0
0.000980392156862745 -0.036176525578813686 0.1595327243848817 0.15557245855747245 0 0 0
0.000980392156862745 0.5776763660248386 -0.3133645624300684 -0.1460043283284014 0 0 0
0.000980392156862745 0.23076713623270814 0.20796411569116457 -0.06115827089475169 0 0 0
0.000980392156862745 0.608404845640701 0.02810423623109443 0.15440451283758014 0 0 0
0.000980392156862745 0.29132662718795077 0.4054054444306222 0.00925087835987944 0 0 0
0.000980392156862745 -0.46303116613369694 -0.09325531451203271 0.02714251229518879 0 0 0
0.000980392156862745 0.08369173009543697 -0.2317698108312604 -0.23736950356717482 0 0 0
0.000980392156862745 0.16157703077496366 -0.28506361465534946 -0.6015990342147781 0 0 0
0.000980392156862745 -0.3334643587345181 -0.05638395536390047 0.013790432852947808 0 0 0
0.000980392156862745 -0.4019189677854562 0.11582612903112496 -0.47538785017189117 0 0 0
0.000980392156862745 0.3879831169346491 0.37957074960721543 0.11742546210136483 0 0 0
0.000980392156862745 0.5632164394089352 -0.1716715371297101 0.1596923422900857 0 0 0
0.000980392156862745 0.0433050175418814 0.19991892799011504 -0.08529574680942036 0 0 0
0.000980392156862745 0.3566376805684007 0.32688563837563933 -0.09798449489418122 0 0 0
0.000980392156862745 -0.07238668020591979 0.3242940109445835 0.03861830424731268 0 0 0
0.000980392156862745 0.12536889185826713 0.6460691481567346 0.14965023026524565 0 0 0
0.000980392156862745 -0.08353536799178585 -0.31085903863490694 -0.2553778934582364 0 0 0
0.000980392156862745 0.5383994504724464 -0.3295721780371883 0.11470620466943693 0 0 0
0.000980392156862745 0.14698936478307584 -0.1312757086345658 0.38725114309198194 0 0 0
0.000980392156862745 -0.4100072210389419 -0.31581203361298815 0.14478581446209002 0 0 0
0.000980392156862745 0.66167368673743 0.0636970021618964 -0.1643274995964317 0 0 0
0.000980392156862745 -0.15403964246599494 0.2682659568269794 0.3053937475552824 0 0 0
0.000980392156862745 0.2173924227561437 0.04541429268056863 -0.5274945695405914 0 0 0
0.000980392156862745 -0.005684602460438783 -0.6501313261798718 -0.013749965374080025 0 0 0
0.000980392156862745 0.2800520572607321 -0.2834767915305536 0.2599561063443432 0 0 0
0.000980392156862745 0.49497426158164115 0.23956769981456663 0.33939463124647107 0 0 0
0.000980392156862745 0.4091848270523753 0.2709334109693655 -0.14218061344620314 0 0 0
0.000980392156862745 0.5801448937291125 -0.03562479296466804 -0.2580131095414167 0 0 0
0.000980392156862745 -0.5883342297262758 0.1444676480948365 -0.12435176613765674 0 0 0
0.000980392156862745 0.48579682764886606 -0.44381543454462924 0.039473490530964425 0 0 0
0.000980392156862745 -0.467951027326544 -0.29633037848844596 0.07261686944163784 0 0 0
0.000980392156862745 -0.2225042514225555 -0.36126684299169787 0.2780815827066897 0 0 0
0.000980392156862745 0.247786631054317 0.4411885188209781 -0.2158666700387179 0 0 0
0.000980392156862745 -0.06138984541544015 -0.13359031229869606 0.42550471975993803 0 0 0
0.000980392156862745 -0.486512598824932 0.06164727295980075 -0.35516360653183393 0 0 0
0.000980392156862745 -0.1568166561251635 0.18167807581031434 -0.07539168132774927 0 0 0
0.000980392156862745 -0.287522948213026 -0.3822080352048251 -0.12977782715765093 0 0 0
0.000980392156862745 -0.05654367776992695 -0.467723211290344 -0.26876193688751254 0 0 0
0.000980392156862745 0.1345776855852472 -0.5677722107559622 0.04925428860317024 0 0 0
0.000980392156862745 0.3455753558188867 0.025872076705265194 0.5073260223170971 0 0 0
0.000980392156862745 -0.11232766899783297 -0.24763374952693812 0.049364757710656425 0 0 0
0.000980392156862745 -0.33380462935286564 -0.29036487820376816 -0.1458231162880267 0 0 0
0.000980392156862745 -0.025924476651423018 -0.009084139546629386 -0.1622897201285523 0 0 0
0.000980392156862745 -0.29463003837601837 -0.37117454204327993 0.46027089985358044 0 0 0
0.000980392156862745 0.145808360051079 0.5769947355587054 0.045370138410894705 0 0 0
0.000980392156862745 0.22176325038003436 -0.009983161805399631 -0.120813421894624 0 0 0
0.000980392156862745 -0.3036237749786863 0.43288110189468754 -0.25738805315190516 0 0 0
0.000980392156862745 -0.20465811473066522 -0.0624659966950049 0.32958838187752254 0 0 0
0.000980392156862745 -0.5338869231581189 -0.20875948179003911 -0.23214869086477166 0 0 0
0.000980392156862745 0.15517035314691857 -0.21690986917352212 0.5094800187202112 0 0 0
0.000980392156862745 -0.33654031082762353 0.18635665812766053 -0.056108088592367295 0 0 0
0.000980392156862745 -0.05954607886879008 0.1583359465429357 0.1800201472032214 0 0 0
0.000980392156862745 -0.14812419476582303 -0.10578558406643859 0.046125380519841254 0 0 0
0.000980392156862745 0.0939799519008579 0.08409417695242492 -0.45893860093886696 0 0 0
0.000980392156862745 -0.15843948137713731 0.5234213032966684 -0.33837713399613 0 0 0
0.000980392156862745 0.216333553581172 0.44139441344605634 0.19348375566857287 0 0 0
0.000980392156862745 0.07046156062459553 -0.4901583804061741 0.01603262761356753 0 0 0
0.000980392156862745 0.5028036474411576 0.0518891265289452 -0.1333979468856326 0 0 0
0.000980392156862745 0.5015412541726594 0.026644643028633036 0.07468039154726716 0 0 0
0.000980392156862745 -0.07848650732992679 -0.4704304557990329 0.03019067954525536 0 0 0
0.000980392156862745 0.24362244384516582 -0.17034372255409538 0.36249580018498356 0 0 0
0.000980392156862745 0.5030089641994585 -0.41842841576268686 -0.20332674163224945 0 0 0
0.000980392156862745 -0.029865181506768822 -0.14410907163191333 0.21206860475377384 0 0 0
0.000980392156862745 -0.15078784524040476 -0.48750989273119194 0.35871832009998383 0 0 0
0.000980392156862745 0.3026672397919586 -0.1258125574624504 0.3403995297905934 0 0 0
0.000980392156862745 0.11407680116841896 0.14599534102006334 -0.6601202025538996 0 0 0
0.000980392156862745 0.32818735993574555 0.1914401058918265 0.18651284305914081 0 0 0
0.000980392156862745 -0.5425274762558956 0.1499578871423789 0.2498580994077687 0 0 0
0.000980392156862745 0.027468242485669682 0.49932928919386554 -0.02691007447514373 0 0 0
0.000980392156862745 0.012884206314677701 -0.00581646385985509 0.36839583956337363 0 0 0
0.000980392156862745 0.5537737505175486 -0.37571115183543075 0.171194478061744 0 0 0
0.000980392156862745 -0.4330516721006591 -0.08428814353397641 0.10418084058608679 0 0 0
0.000980392156862745 -0.19825688801971816 -0.009457747820610478 -0.09428103966317304 0 0 0
0.000980392156862745 -0.17358574383289316 0.031008877711703506 0.6218665142827923 0 0 0
0.000980392156862745 0.47650155713103726 0.2573018063794452 0.16013360626733694 0 0 0
0.000980392156862745 -0.08769868581888672 0.33434335537305665 -0.3635279412193304 0 0 0
0.000980392156862745 0.04773148721330343 0.3971040971426978 0.40977358149905446 0 0 0
0.000980392156862745 0.3823899269903213 -0.43817073885393365 -0.05657868394511154 0 0 0
0.000980392156862745 0.16581965211561137 -0.03385576732125968 -0.024973837155033412 0 0 0
0.000980392156862745 -0.44868662237189366 0.04572604484626276 0.22523720098379174 0 0 0
0.000980392156862745 0.24198719364054405 -0.22722879787261605 -0.36683741794827757 0 0 0
0.000980392156862745 0.1447932082531146 0.01269345300316202 0.6631837794311435 0 0 0
0.000980392156862745 0.002089390456031727 0.4746627747964225 0.41276725841753475 0 0 0
0.000980392156862745 -0.42050168659892057 0.5258408657706204 0.0834490667907681 0 0 0
0.000980392156862745 0.32146605827965785 -0.086939775539361 -0.22405381169034788 0 0 0
0.000980392156862745 0.4466018010684025 0.19366678352509706 -0.1262232528035792 0 0 0
0.000980392156862745 -0.1000723654016253 -0.2809066204609631 -0.32792091140449203 0 0 0
0.000980392156862745 -0.5462874981538077 -0.09078725981545077 0.38005779411153645 0 0 0
0.000980392156862745 -0.06647006098837686 -0.10636107416783781 -0.4783932437606969 0 0 0
0.000980392156862745 0.13178776187173621 -0.5594576768160345 0.29239771715574164 0 0 0
0.000980392156862745 0.4458119889199978 -0.10911731721044815 0.29178152867458595 0 0 0
0.000980392156862745 -0.42280277008641 0.3938412312543587 -0.31307833434259347 0 0 0
0.000980392156862745 0.09587580496548902 -0.5858786332186245 0.2888402747327348 0 0 0
0.000980392156862745 0.23875365120639822 -0.15961341523705194 0.05628162296957715 0 0 0
0.000980392156862745 -0.3024176761702224 -0.09912084276565879 -0.12355368937361372 0 0 0
0.000980392156862745 -0.11644061822473019 -0.2798293678945741 0.10841312798351682 0 0 0
0.000980392156862745 -0.02470586353197748 -0.3013767337904078 -0.03744492772608953 0 0 0
0.000980392156862745 -0.2535736182558568 0.12471346986581587 0.5824448740432088 0 0 0
0.000980392156862745 -0.3090461546229687 0.3616279025618401 -0.34900302483618495 0 0 0
0.000980392156862745 0.42518343160437466 0.17558230656946347 -0.5173906863243862 0 0 0
0.000980392156862745 0.5795472755873838 -0.03362552699395578 -0.21156878082718933 0 0 0
0.000980392156862745 -0.09191997174532919 0.062457161137872884 0.6143847043005783 0 0 0
0.000980392156862745 0.2041513805386068 -0.08582502952106402 0.2686321531725382 0 0 0
0.000980392156862745 0.3609907840248978 -0.10244452103608115 -0.37241864335346 0 0 0
0.000980392156862745 -0.19771534307056154 0.09947372743670126 -0.0010964901432383041 0 0 0
0.000980392156862745 0.5093475036306225 0.0660032081522523 -0.09518412514880441 0 0 0
0.000980392156862745 0.4228389754799006 0.1771627273520709 -0.3184786105761222 0 0 0
0.000980392156862745 0.1349349981135946 0.16506234456211874 -0.2834162622619902 0 0 0
0.000980392156862745 -0.306043185453956 0.22555122234222152 0.4699946508773751 0 0 0
0.000980392156862745 -0.16779816590228663 -0.2770425326137479 0.05685303763730912 0 0 0
0.000980392156862745 -0.048406778174976024 -0.5332523676872375 0.27385080766909725 0 0 0
0.000980392156862745 -0.1313552190439141 0.5305818266143113 -0.31498104343951544 0 0 0
0.000980392156862745 -0.6567005185982737 0.0023773551763152647 -0.08362737622798112 0 0 0
0.000980392156862745 -0.1289831989397176 0.4461457908696571 0.23341375670206532 0 0 0
0.000980392156862745 0.06173686689832339 -0.5362574224137827 -0.14263122670345507 0 0 0
0.000980392156862745 -0.1540698275988407 0.3908670229699302 0.4884174407745467 0 0 0
0.000980392156862745 -0.22328022797260103 -0.4054234968647583 -0.5112455254307783 0 0 0
0.000980392156862745 -0.5307396500455814 -0.233820551103209 -0.000867474407722903 0 0 0
0.000980392156862745 0.04000313562854856 -0.11022606800649636 -0.4344885418940206 0 0 0
0.000980392156862745 0.25814637371835597 0.03222622939271642 -0.0009352205862432645 0 0 0
0.000980392156862745 -0.5216895609332479 0.3758639762390697 -0.09511620427526042 0 0 0
0.000980392156862745 -0.25357963285961965 -0.09237136058513226 0.22637608076298524 0 0 0
0.000980392156862745 0.5386681211185488 -0.3515706850059378 -0.2126363567076816 0 0 0
0.000980392156862745 0.07758249008274741 0.4101993370946691 0.18073403674696323 0 0 0
0.000980392156862745 0.2539880758698465 0.29414539021349023 0.3498875373423524 0 0 0
0.000980392156862745 -0.293621589305771 0.1336679523336543 0.4430472401072109 0 0 0
0.000980392156862745 -0.28992234131067307 0.19853368356714277 -0.2827061090177758 0 0 0
0.000980392156862745 0.4223670302939966 0.056992243582699546 0.19998854549704967 0 0 0
0.000980392156862745 0.1552524146474674 0.10079118998226133 0.5007102787689145 0 0 0
0.000980392156862745 0.09499417594553584 -0.15284176502415198 0.08441589795520571 0 0 0
0.000980392156862745 0.13421399998278669 0.03526553698197077 0.2195545280981878 0 0 0
0.000980392156862745 0.0028136299062414966 -0.6509686637753972 0.17250388533781766 0 0 0
0.000980392156862745 0.0039126012189868754 -0.6200112524842072 -0.1847295003757819 0 0 0
0.000980392156862745 -0.5685342951003295 -0.3397975391548041 0.053054107633816856 0 0 0
0.000980392156862745 0.15880867035108154 -0.34052102890254154 0.30914030830903094 0 0 0
0.000980392156862745 0.1081314457576659 -0.5625781727387539 -0.30575773430504954 0 0 0
0.000980392156862745 -0.5309309390419914 0.06564097382833625 -0.20069799787092096 0 0 0
0.000980392156862745 -0.4492439669294015 0.20404679317967708 -0.40643726104459504 0 0 0
0.000980392156862745 0.30491518322145605 0.3976957682337258 -0.41157922261138163 0 0 0
0.000980392156862745 0.25999665801337524 -0.3975690182914405 -0.5009624164837266 0 0 0
0.000980392156862745 0.06573802648670192 0.5862109519936448 -0.03355158275557035 0 0 0
0.000980392156862745 -0.4042506334676113 -0.4320357826548875 0.19607795050284074 0 0 0
0.000980392156862745 -0.19436575519378418 -0.5545949501223201 0.14890291258561117 0 0 0
0.000980392156862745 -0.3364377243278576 -0.45421949595081196 0.004618804789750956 0 0 0
0.000980392156862745 0.04219499884822371 -0.011030076309440272 -0.382997190297851 0 0 0
0.000980392156862745 -0.5126668520040326 -0.29074961425683477 -0.23462231064291883 0 0 0
0.000980392156862745 0.1801531018398666 0.4045361589681025 0.3250832163350186 0 0 0
0.000980392156862745 -0.44486496884848914 0.19002697018696554 0.23127493746074934 0 0 0
0.000980392156862745 -0.1915691858832732 -0.22174957873088919 0.1353524741876751 0 0 0
0.000980392156862745 -0.19373431219714962 -0.08986246026805206 0.43258863415641186 0 0 0
0.000980392156862745 0.2396597757831395 0.5069593829076989 0.11678103504804203 0 0 0
0.000980392156862745 -0.04394581162974891 0.47460111021222473 -0.0033835515357455463 0 0 0
0.000980392156862745 0.4751658479918298 -0.4449132596860035 0.18106940662816579 0 0 0
0.000980392156862745 0.12916456785414068 -0.4894294237169408 0.37914451377990593 0 0 0
0.000980392156862745 0.01903314541990416 -0.041081233933731774 -0.6659509672785678 0 0 0
0.000980392156862745 -0.09406660571602146 0.3743925031455948 -0.5525692477333823 0 0 0
0.000980392156862745 0.3092550907187369 -0.20605395314331118 0.03342056708963157 0 0 0
0.000980392156862745 0.3431311972670509 -0.055220694279169445 -0.09423970878084746 0 0 0
0.000980392156862745 0.1552802073720417 0.2941118367596442 0.02726174400852036 0 0 0
0.000980392156862745 0.131366204743676 0.06509055631174669 0.34101704908503194 0 0 0
0.000980392156862745 0.18493307724773606 0.17649555581355691 -0.28690061863953575 0 0 0
0.000980392156862745 -0.17007073758775287 0.017885345482971705 0.04350157334443371 0 0 0
0.000980392156862745 -0.05340403519221433 -0.13633706806432724 -0.5290608001852087 0 0 0
0.000980392156862745 0.05342020144229229 -0.10007026800410783 0.4145702430840748 0 0 0
0.000980392156862745 -0.2562504800595715 -0.013747969487455778 0.053534538219126716 0 0 0
0.000980392156862745 -0.35799743697079456 -0.47872846180379336 -0.30336385032426555 0 0 0
0.000980392156862745 -0.4468386338733297 -0.16698840611701748 0.09131717816212621 0 0 0
0.000980392156862745 -0.21152353118015169 -0.3526974383032186 0.4656289321906681 0 0 0
0.000980392156862745 0.2317619294139558 -0.3999823154939487 0.26003465208686644 0 0 0
0.000980392156862745 -0.3578251269616706 0.21587536642365057 0.35020967507383294 0 0 0
0.000980392156862745 0.3341783515368818 0.02218202176425724 0.5903368148323402 0 0 0
0.000980392156862745 -0.49094117200955606 -0.21712306911233475 0.3083332306995548 0 0 0
0.000980392156862745 -0.16197771441836364 0.4045110018364115 -0.2150986422462389 0 0 0
0.000980392156862745 -0.22291890437430126 -0.3151280095455796 0.4483610921052949 0 0 0
0.000980392156862745 -0.003708506581292276 0.1004964407039202 0.39882695884255426 0 0 0
0.000980392156862745 0.45863235049350753 0.2052055445839752 -0.2739757546892274 0 0 0
0.000980392156862745 0.25499171032948204 0.42852743268541915 -0.32854709695705725 0 0 0
0.000980392156862745 -0.04915747521194072 0.3889124678185318 -0.13549444504770752 0 0 0
0.000980392156862745 0.15594321835739505 -0.08258461712772201 0.37688121029097676 0 0 0
0.000980392156862745 -0.1782961878078531 0.22646108641024143 0.27308992084201067 0 0 0
0.000980392156862745 -0.41502828779035034 0.039482192613640436 0.21628949913125342 0 0 0
0.000980392156862745 -0.10850602975562325 0.25114674039464263 -0.373145015801607 0 0 0
0.000980392156862745 -0.10027405307978668 0.6309496453813359 -0.08524625288908795 0 0 0
0.000980392156862745 -0.05731766880937046 0.27825265283086176 -0.38602034179054767 0 0 0
0.000980392156862745 0.5696346468908837 -0.07156913804649168 -0.010157005770419657 0 0 0
0.000980392156862745 0.07416956146671941 -0.03151768276688244 -0.6211118953383042 0 0 0
0.000980392156862745 0.3537893783704313 -0.09096423664337777 0.5797791598049838 0 0 0
0.000980392156862745 0.16693483510902246 0.3878321179719907 0.455035105706768 0 0 0
0.000980392156862745 -0.4181882905636264 -0.02753148182504099 -0.5114201516986353 0 0 0
0.000980392156862745 0.27767026220677793 -0.023576437689270736 -0.1253181932787848 0 0 0
0.000980392156862745 0.0551768123542189 -0.3502220502418168 0.08077756237364264 0 0 0
0.000980392156862745 0.323884416279901 -0.11475982942631428 -0.4939614842505994 0 0 0
0.000980392156862745 -0.3263601856956544 0.19742336497223248 -0.13098912936069854 0 0 0
0.000980392156862745 -0.08365454047559955 -0.6276717478349269 0.19575746214383846 0 0 0
0.000980392156862745 0.2749442531650414 -0.4627228662391435 0.02941725796978124 0 0 0
0.000980392156862745 -0.32035742952953883 -0.5260992429199418 -0.2505472570770936 0 0 0
0.000980392156862745 -0.27847036578154527 -0.1415960053503815 0.46655241418371585 0 0 0
0.000980392156862745 0.4229762353323243 0.11082845985140903 0.2107586331706155 0 0 0
0.000980392156862745 -0.5185759800994402 0.021516521417587312 -0.12182963143677607 0 0 0
0.000980392156862745 0.3545950946947715 0.350970215729436 0.37151750147270485 0 0 0
0.000980392156862745 -0.3021148446885608 -0.04406102455867607 0.5408057744790294 0 0 0
0.000980392156862745 0.22532093226487745 -0.27849626955837675 0.5123897951237802 0 0 0
0.000980392156862745 0.6408396283869294 0.025723830482559093 0.08655959723134131 0 0 0
0.000980392156862745 -0.03936202414599469 0.015553971552895937 0.45371098327966203 0 0 0
0.000980392156862745 0.13924057607268248 0.05522167197034538 0.03807095453936093 0 0 0
0.000980392156862745 0.45206339777459253 0.27906935743078604 -0.20636602190098513 0 0 0
0.000980392156862745 -0.0920522070376166 0.550871968163023 -0.1048256093465803 0 0 0
0.000980392156862745 0.3816956719215616 0.1348310243853693 0.5004889035303601 0 0 0
0.000980392156862745 -0.590758285127058 0.18298446596360202 0.02565784539056832 0 0 0
0.000980392156862745 0.07086442824705402 0.17504195899334668 -0.6400611197232893 0 0 0
0.000980392156862745 0.4613770561803962 -0.09798103674946718 -0.39746743795639106 0 0 0
0.000980392156862745 -0.1788284627716191 0.3470046927989949 0.30737757044668657 0 0 0
0.000980392156862745 0.4114987618146635 0.0015300239700049522 0.2524315242064177 0 0 0
0.000980392156862745 -0.2494464567386513 0.27906535939557886 -0.03923804694873284 0 0 0
0.000980392156862745 0.40838444881015395 -0.20011186743746637 -0.4556991145423479 0 0 0
0.000980392156862745 -0.12129509438079934 0.6369308487376264 -0.06587096059126252 0 0 0
0.000980392156862745 0.022490040782334964 0.22006600983306632 -0.4619349320975929 0 0 0
0.000980392156862745 0.06581792168501764 0.33327682519526847 0.5931256730075297 0 0 0
0.000980392156862745 -0.4167958404702349 0.3662258432548062 0.41375128762314917 0 0 0
0.000980392156862745 -0.440295604651079 0.06680337137868281 -0.3081011031559122 0 0 0
0.000980392156862745 0.28226519602331585 -0.5018846687589756 -0.13952553367498735 0 0 0
0.000980392156862745 -0.386713008015938 0.14065693578685995 0.2965894278355029 0 0 0
0.000980392156862745 0.21221093376875644 0.34801678406207076 0.35548380467696056 0 0 0
0.000980392156862745 -0.4264273739202226 -0.4907085176302661 0.2356167223826922 0 0 0
0.000980392156862745 -0.04228385364154018 0.3137562434978851 -0.20473573032972747 0 0 0
0.000980392156862745 0.450808043304555 0.11190127946198013 -0.43206263106420767 0 0 0
0.000980392156862745 -0.021305450433555435 0.35218600666448036 0.03357060673083545 0 0 0
0.000980392156862745 -0.19153265539331663 0.014674110288031986 -0.5796808117547828 0 0 0
0.000980392156862745 0.15379518140279758 0.3816808258957513 -0.310481168025912 0 0 0
0.000980392156862745 -0.20047970798622597 0.2565047470394796 -0.13107183086451063 0 0 0
0.000980392156862745 -0.10394069615419682 -0.39025736000551936 0.11380216075508888 0 0 0
0.000980392156862745 0.023943591487905817 0.05922101964320863 0.6105226288183939 0 0 0
0.000980392156862745 0.0009062943305506323 -0.34773632586637004 -0.45041464653581054 0 0 0
0.000980392156862745 -0.17472815377062975 -0.15948317048444297 -0.03691294943321048 0 0 0
0.000980392156862745 -0.24461513860664694 0.13640802127919013 0.046430070683602616 0 0 0
0.000980392156862745 -0.07148729414838285 -0.6155985811965884 -0.2724649924978539 0 0 0
0.000980392156862745 -0.3926319646933869 -0.287297176307538 0.4134757256051216 0 0 0
0.000980392156862745 -0.09250531266291181 -0.18893152996006193 0.0626807844128747 0 0 0
0.000980392156862745 0.3381622403647234 -0.2626076197028401 -0.42085913697149513 0 0 0
0.000980392156862745 -0.3111745921544276 -0.14380499527750196 -0.12674474071148564 0 0 0
0.000980392156862745 0.2721244795711961 0.36470283339738463 -0.2434610336755721 0 0 0
0.000980392156862745 0.19707806573099035 0.5675050909688637 -0.22216361347998712 0 0 0
0.000980392156862745 0.10818991970271435 0.42288492050574283 -0.373812592899366 0 0 0
0.000980392156862745 -0.5040681374010655 0.17930460148254704 -0.047199171805068586 0 0 0
0.000980392156862745 -0.1265687546377856 -0.36030730875617667 -0.5194379191725529 0 0 0
0.000980392156862745 -0.29051973906352485 0.09007023771970198 0.15813532143062684 0 0 0
0.000980392156862745 -0.5423110009177887 -0.030140975687484056 0.3745484381573272 0 0 0
0.000980392156862745 0.205197572809901 -0.06528236782026756 -0.37447738484886944 0 0 0
0.000980392156862745 -0.20266070137275063 -0.3746148324269193 -0.5066615530015027 0 0 0
0.000980392156862745 -0.375324562162042 -0.3693632313976274 -0.16942667398712982 0 0 0
0.000980392156862745 -0.17209982946057437 -0.005539588479709177 0.5437362307514163 0 0 0
0.000980392156862745 -0.1752846166122205 0.05435852438413649 0.3219387717367663 0 0 0
0.000980392156862745 -0.6441449166405472 -0.09050185902014327 0.18538233510696592 0 0 0
0.000980392156862745 -0.3507801445800205 -0.22851916512252185 -0.36034542485830584 0 0 0
0.000980392156862745 0.5960009357774119 0.11251252217191379 -0.16323022543341226 0 0 0
0.000980392156862745 -0.6315297965558906 -0.04822817656698164 0.13746632563353361 0 0 0
0.000980392156862745 -0.16951470726120418 -0.4612804287691977 0.13651110568760466 0 0 0
0.000980392156862745 0.33586681157073317 -0.1524716678035293 0.5108882532274267 0 0 0
0.000980392156862745 -0.16885959099687645 -0.1892833267813851 0.5852684869780709 0 0 0
0.000980392156862745 0.3427123399802867 -0.2560092899825066 0.22053734384583587 0 0 0
0.000980392156862745 0.593765249081344 -0.18856927160666287 -0.23067454217398803 0 0 0
0.000980392156862745 -0.1859946067217743 -0.3724759225620407 -0.016930773947509734 0 0 0
0.000980392156862745 -0.0928963088476701 0.6417017225368822 0.17159107181628577 0 0 0
0.000980392156862745 0.16644843458141043 0.0316570635900445 -0.36488223148323734 0 0 0
0.000980392156862745 0.17426904081133884 -0.4623656952490297 -0.4364996550968674 0 0 0
0.000980392156862745 0.1039160527702311 -0.5928443732607139 0.020894094386955588 0 0 0
0.000980392156862745 -0.4204590576003553 -0.2569103613590869 0.19796669031667366 0 0 0
0.000980392156862745 0.1452708490512274 -0.05767917631726154 -0.06000609619824852 0 0 0
0.000980392156862745 0.0079017605287919 0.11557297652796641 0.37786569644077905 0 0 0
0.000980392156862745 0.2639772672763608 0.2506174585739136 0.30281377621793326 0 0 0
0.000980392156862745 0.32732017759625304 0.32673084791750057 0.4353116106643797 0 0 0
0.000980392156862745 0.15461676208736486 0.2964798705373973 0.4290217440094325 0 0 0
0.000980392156862745 -0.06500231547361905 -0.1897933412366997 -0.3578051741817637 0 0 0
0.000980392156862745 0.0829760975366615 0.35961147818193295 -0.2755740516877154 0 0 0
0.000980392156862745 0.31709100556142217 0.3577125355979079 -0.018053233340891026 0 0 0
0.000980392156862745 -0.11436622485584334 0.1968121189225088 -0.6003981045223703 0 0 0
0.000980392156862745 -0.10359314837748924 -0.5192505970044405 -0.34244621862785446 0 0 0
0.000980392156862745 -0.11928599594711081 0.45054098349276195 0.03968392429779058 0 0 0
0.000980392156862745 -0.3521060054170339 0.06493925927525199 -0.5597923470556131 0 0 0
0.000980392156862745 -0.3533316237414567 -0.37801798738350345 0.38877454771539294 0 0 0
0.000980392156862745 0.22813495162876976 -0.07669976665881793 -0.3374627959168168 0 0 0
0.000980392156862745 -0.4625599587272295 0.40086854997439153 -0.1705398257926162 0 0 0
0.000980392156862745 -0.05378507755368851 0.41678128102970213 0.25745922760064394 0 0 0
0.000980392156862745 -0.3115912556425432 -0.08519447796511925 0.1647579166627246 0 0 0
0.000980392156862745 0.11985477743575648 0.40913137096992475 0.5023769510713075 0 0 0
0.000980392156862745 -0.2661111767325386 0.34333335952589783 0.03374041844227372 0 0 0
0.000980392156862745 -0.4103281946087093 0.34185760480075045 -0.2282931374955544 0 0 0
0.000980392156862745 -0.185789243422716 -0.5687899522200836 -0.03533250844595391 0 0 0
0.000980392156862745 -0.08914036821957305 0.0607978445582202 -0.6834428049436987 0 0 0
0.000980392156862745 0.3404560984125627 0.16260048652566225 -0.23991860045310162 0 0 0
0.000980392156862745 0.6190458923718162 -0.24566699194816002 -0.07220999255053409 0 0 0
0.000980392156862745 0.14199093215665287 -0.3407273903718235 0.2525909677439532 0 0 0
0.000980392156862745 -0.34663097334272186 0.1690504850330126 0.097967355215891 0 0 0
0.000980392156862745 -0.4908644851976178 0.3010415474399419 0.3331606448023931 0 0 0
0.000980392156862745 -0.42531718123865925 0.2828320656820311 0.31092774330302136 0 0 0
0.000980392156862745 0.16693598471948173 0.035779526107395786 0.23083798575351872 0 0 0
0.000980392156862745 -0.48032065834813475 -0.17409588847169308 0.25499739887606304 0 0 0
0.000980392156862745 -0.17314364999471982 -0.4680735079032572 -0.37525329023783965 0 0 0
0.000980392156862745 -0.16160482430684756 -0.0032239753071909827 0.29475317943535934 0 0 0
0.000980392156862745 0.2776156987285376 0.27586285616552736 0.42125240594916913 0 0 0
0.000980392156862745 0.27521593230455277 -0.3311438702216068 0.13867138194583936 0 0 0
0.000980392156862745 -0.5575459460974254 -0.391579925545234 -0.09079497618109511 0 0 0
0.000980392156862745 0.36384574930939756 0.5042583629644284 0.28160639341397925 0 0 0
0.000980392156862745 -0.28597681375963313 0.12500870322618443 0.2684589403975102 0 0 0
0.000980392156862745 0.11150773980941987 -0.016228101896036705 0.05560853160747969 0 0 0
0.000980392156862745 -0.5379614758701806 0.1898212016524494 -0.3692833213503586 0 0 0
0.000980392156862745 -0.09017496811235526 0.01445791723322245 0.2912880096868674 0 0 0
0.000980392156862745 -0.15485977358338274 -0.5865758387732217 -0.18056160966482615 0 0 0
0.000980392156862745 -0.21671528812825805 -0.4433989609172962 0.30459241011824817 0 0 0
0.000980392156862745 0.533887268412986 -0.17228283159460706 -0.17746276169381958 0 0 0
0.000980392156862745 0.15472426536968367 0.19694027926195448 -0.5279133991102708 0 0 0
0.000980392156862745 0.40017058552013585 -0.3390818489113183 0.4451886231405035 0 0 0
0.000980392156862745 -0.436894782051264 0.12929472862395197 0.4341267411227374 0 0 0
0.000980392156862745 -0.05910622904800522 -0.39441070028278336 0.4665110798846167 0 0 0
0.000980392156862745 -0.3706071881330847 -0.3320277245563625 0.44750991318042244 0 0 0
0.000980392156862745 0.5179224697905392 -0.0717896613801011 -0.2791422899385558 0 0 0
0.000980392156862745 -0.45750708157153136 -0.44179535104792533 0.2622205897892093 0 0 0
0.000980392156862745 0.1245156233775626 0.31520525565196156 0.11910378554952386 0 0 0
0.000980392156862745 -0.21209457754812558 -0.3855844456637574 0.03465636264114322 0 0 0
0.000980392156862745 -0.21515003437900362 0.17460430963311818 0.0845336689599836 0 0 0
0.000980392156862745 -0.11434084447020545 0.33703186966236404 -0.4575889407917473 0 0 0
0.000980392156862745 -0.2781362981772935 -0.4112835809557672 -0.2163524459542658 0 0 0
0.000980392156862745 0.4380006215925686 0.06091940082696261 -0.06917988924930325 0 0 0
0.000980392156862745 0.3000620352594682 -0.3282759933361123 -0.5130490967836158 0 0 0
0.000980392156862745 -0.13328015245810315 0.47756161885062376 0.08435428907868263 0 0 0
0.000980392156862745 0.490092512951474 0.42182978968464013 0.24018965314457924 0 0 0
0.000980392156862745 -0.06880642385979083 0.5317756659085029 0.18007457982007388 0 0 0
0.000980392156862745 0.5601704126343643 0.0707034516028125 0.012417106509207175 0 0 0
0.000980392156862745 0.13461619482346232 -0.2193311267687775 0.013352504112317469 0 0 0
0.000980392156862745 0.012010230112922427 -0.1503672255023151 0.08236023176747484 0 0 0
0.000980392156862745 -0.6576865716838638 0.01327443041874562 -0.21633008700131418 0 0 0
0.000980392156862745 -0.4462602291400602 -0.13559128741583112 0.4422865363041268 0 0 0
0.000980392156862745 -0.33057375405029504 0.11285982996836934 -0.5199991766212995 0 0 0
0.000980392156862745 0.05360353438214924 -0.059133681882419936 0.48983575059275863 0 0 0
0.000980392156862745 -0.16000936046680095 0.24279796726828592 -0.5472636851239899 0 0 0
0.000980392156862745 0.24009091988591572 -0.14922088856941512 -0.28387923257739817 0 0 0
0.000980392156862745 -0.3164428041745487 -0.2938374807014098 -0.4909568988036434 0 0 0
0.000980392156862745 -0.2806640711376056 0.3759840670165045 -0.4189113522342697 0 0 0
0.000980392156862745 -0.213216121382616 0.08555012352239072 0.2533062468902489 0 0 0
0.000980392156862745 0.08528765288200088 -0.20626608299303234 -0.4742511923087419 0 0 0
0.000980392156862745 -0.4773367731760807 0.10103994602932358 0.13184094908739652 0 0 0
0.000980392156862745 0.42364307566304493 0.3075590258272458 -0.016063861828531412 0 0 0
0.000980392156862745 0.2907629131105249 -0.165028898186805 -0.46021479959982375 0 0 0
0.000980392156862745 0.3741213126052298 -0.06677175585640625 0.5026074568108645 0 0 0
0.000980392156862745 -0.26755155979485723 -0.6255351445799148 0.09515505428229824 0 0 0
0.000980392156862745 0.564339691142915 -0.2553755019534587 0.010792586273779632 0 0 0
0.000980392156862745 -0.4698747582886219 0.0434120245437152 -0.081111575024915 0 0 0
0.000980392156862745 0.10967400467927739 0.3865904878218708 0.13097995723086894 0 0 0
0.000980392156862745 0.10183785198077938 0.06769895765599447 0.02800595049971946 0 0 0
0.000980392156862745 -0.5138889507561918 0.03601779168961599 -0.1424019816165163 0 0 0
0.000980392156862745 -0.1152432217632293 -0.01504407529762798 0.5355662901389141 0 0 0
0.000980392156862745 0.569636749891058 -0.02454677391752751 -0.19016146134979883 0 0 0
0.000980392156862745 0.29870733221969503 -0.1594154311566711 0.06419055446094084 0 0 0
0.000980392156862745 0.5276907648612537 0.14864985711365725 -0.2529877600349003 0 0 0
0.000980392156862745 0.3795233134100707 0.10986116807000582 -0.2781908496096296 0 0 0
0.000980392156862745 0.19703049006805287 -0.2865686462060079 -0.5160979172142209 0 0 0
0.000980392156862745 -0.5919194335157073 0.2899137007317152 -0.21008938771402763 0 0 0
0.000980392156862745 0.18006263735122335 0.5050214819006857 0.38234632358125803 0 0 0
0.000980392156862745 -0.3992765024243906 -0.5641240220312099 0.024908378283195753 0 0 0
0.000980392156862745 0.3526867502313648 -0.03349480791509578 -0.018421604814328668 0 0 0
0.000980392156862745 0.5517733396652469 -0.21482244356186486 -0.15844168097617162 0 0 0
0.000980392156862745 0.18187597641476544 -0.360564629529521 -0.4493030997837972 0 0 0
0.000980392156862745 0.3148519792559455 -0.2384436596217 0.49076070497536506 0 0 0
0.000980392156862745 -0.30515410239597823 -0.2785345866889343 -0.3921126053344193 0 0 0
0.000980392156862745 -0.030894328152915904 0.5896815359086074 0.0724935640078387 0 0 0
0.000980392156862745 -0.03318012360379008 0.36518232886539626 -0.5149771400913266 0 0 0
0.000980392156862745 -0.07403280705618613 0.13524157305937762 0.599568182723192 0 0 0
0.000980392156862745 0.1663122158219112 0.37506045419673034 -0.47667084974928825 0 0 0
0.000980392156862745 -0.04363987270174474 0.5771849249239982 0.04520177843232876 0 0 0
0.000980392156862745 0.007250245973773517 0.3003770672108929 -0.2045951024974658 0 0 0
0.000980392156862745 0.2630839382649903 0.06603667284142735 0.38437721321819085 0 0 0
0.000980392156862745 -0.3515123239505667 -0.08449461006301659 -0.0723977517048642 0 0 0
0.000980392156862745 -0.250448229087418 -0.10351074942159033 -0.549157992717718 0 0 0
0.000980392156862745 0.5799377938305337 -0.24718193208132597 -0.27157116290571465 0 0 0
0.000980392156862745 -0.13939670234020848 -0.08202954247609007 0.31666002057697734 0 0 0
0.000980392156862745 -0.5021918199942329 0.1635985247841144 0.2219417292146884 0 0 0
0.000980392156862745 -0.2577327273785849 -0.2687656111515087 0.4858258083658529 0 0 0
0.000980392156862745 0.05770334616992436 0.32294322120308516 0.05777121675714366 0 0 0
0.000980392156862745 -0.01312543821330755 0.6414281702411558 0.250101760159214 0 0 0
0.000980392156862745 -0.09924253947681905 0.48768441960202336 -0.04927345771736576 0 0 0
0.000980392156862745 -0.2092253811485991 -0.2768174004396417 -0.11638846696428426 0 0 0
0.000980392156862745 -0.28069313876313845 -0.09494945443972153 0.23372710791190848 0 0 0
0.000980392156862745 0.23892358325102456 0.05796285311587114 0.4576057999090246 0 0 0
0.000980392156862745 0.10581212415805195 0.6345416506613718 -0.19022407091275964 0 0 0
0.000980392156862745 -0.4954232482253236 -0.30659551434383736 -0.3108391418879069 0 0 0
0.000980392156862745 0.13493128837228957 0.18365461077780723 -0.38534569156024184 0 0 0
0.000980392156862745 -0.003377988265343856 0.37622333295717153 -0.5745993942825052 0 0 0
0.000980392156862745 -0.5800215406630954 0.2667382934548214 -0.04206482280582578 0 0 0
0.000980392156862745 0.23586597141557814 0.007323868855356933 0.09212097923307644 0 0 0
0.000980392156862745 0.26208462053241416 -0.04166984356027773 -0.15103138288885423 0 0 0
0.000980392156862745 -0.3924698476261746 7.003197740011875e-05 0.5230649979436174 0 0 0
0.000980392156862745 -0.5895304984024047 0.04381579970926272 -0.18757459126902926 0 0 0
0.000980392156862745 -0.31824391246444983 -0.5086368558094679 0.052429977817148476 0 0 0
0.000980392156862745 -0.18363753289377407 0.19044678944405605 0.46456402606557595 0 0 0
0.000980392156862745 -0.11609380296010202 0.16009249013511598 0.5128580815850153 0 0 0
0.000980392156862745 0.02516977129632584 0.40100966932785126 0.5109293474573893 0 0 0
0.000980392156862745 -0.01092728939196214 -0.29195316293762497 -0.35465502715532077 0 0 0
0.000980392156862745 -0.02037985351355554 -0.4034890561279632 -0.011280457347906494 0 0 0
0.000980392156862745 0.06872501751683048 -0.14802545395846692 -0.11844833760202195 0 0 0
0.000980392156862745 -0.08438601095302674 0.22838456701591167 0.2439067945655706 0 0 0
0.000980392156862745 -0.5609170922574737 0.39343493971609006 0.054053237369793256 0 0 0
0.000980392156862745 0.4762520305879693 0.27208340649279217 -0.1198801170216217 0 0 0
0.000980392156862745 -0.4385422178520881 0.09509176274603344 0.37863385161464497 0 0 0
0.000980392156862745 -0.28928620808991307 -0.3613161534008102 -0.012720312716184543 0 0 0
0.000980392156862745 0.017289392890211978 0.27044349540246254 0.24845653893745043 0 0 0
0.000980392156862745 -0.24197852834947123 0.0017340388488210783 -0.07630038278392322 0 0 0
0.000980392156862745 -0.19734270094374348 0.0883890588256553 0.5886036166821795 0 0 0
0.000980392156862745 0.11045207325314463 0.5342523456969471 -0.16032078391379534 0 0 0
0.000980392156862745 0.17131661631770287 -0.4527999121225088 -0.16041220877201162 0 0 0
0.000980392156862745 -0.11803631903901776 0.11768019296123568 0.24537217390512453 0 0 0
0.000980392156862745 0.07212383004947123 -0.45972800383082363 -0.042218766951614604 0 0 0
0.000980392156862745 0.07782464938330996 0.43700212251092396 -0.1407665347760742 0 0 0
0.000980392156862745 0.10800286532443808 -0.18832989062634725 -0.021275926612699437 0 0 0
0.000980392156862745 -0.5155959087425954 -0.051331065697609306 -0.053161562944082495 0 0 0
0.000980392156862745 0.07921229876416566 -0.10986244284428323 -0.4047150292794728 0 0 0
0.000980392156862745 -0.07050881391141706 0.6164013811056677 0.1042343502778769 0 0 0
0.000980392156862745 0.26083081718475404 -0.2986212887933417 -0.5228219916604637 0 0 0
0.000980392156862745 -0.06938267851800799 -0.18100307761405723 -0.5753130504213073 0 0 0
0.000980392156862745 -0.5328558828318384 0.04677907050185035 -0.2894486289841626 0 0 0
0.000980392156862745 -0.34195105013171206 -0.04135607688838467 -0.08656994263376822 0 0 0
0.000980392156862745 -0.05845676796514054 0.3581961664045203 0.5606237217270786 0 0 0
0.000980392156862745 -0.1958970951084114 -0.08934889659782855 0.03699511578646092 0 0 0
0.000980392156862745 -0.2776092245607746 0.44939812275309626 0.09406817204030998 0 0 0
0.000980392156862745 0.44419830523484255 0.3941921605289513 -0.1712646261831356 0 0 0
0.000980392156862745 -0.518939546591192 -0.21422777298045387 0.3676947769586258 0 0 0
0.000980392156862745 0.14340579197686637 0.48160173002262685 -0.23574442219300992 0 0 0
0.000980392156862745 -0.0836182356777013 -0.42561788918082977 0.09951567952959518 0 0 0
0.000980392156862745 -0.23769431240376682 -0.08099831607088898 -0.11216011066060774 0 0 0
0.000980392156862745 0.4101473481082368 0.11155955125051395 0.09432576848717793 0 0 0
0.000980392156862745 -0.40053710198948966 0.20352659085091193 -0.2972495254209086 0 0 0
0.000980392156862745 -0.15050226093694213 -0.5340707849012588 -0.09809977069208303 0 0 0
0.000980392156862745 0.0861559700256694 0.031748926583579085 0.47817204594796764 0 0 0
0.000980392156862745 0.2634882639909894 -0.034063662824486106 -0.15473664672657722 0 0 0
0.000980392156862745 0.498123547872688 -0.01701730454200795 0.3862714787735616 0 0 0
0.000980392156862745 -0.3042429559378028 0.3061102956238015 -0.4900810827621748 0 0 0
0.000980392156862745 -0.2619485404170384 -0.3820288273545379 0.3807044615703273 0 0 0
0.000980392156862745 -0.4438630332729837 0.2811076051130764 0.3992231648025501 0 0 0
0.000980392156862745 -0.05567750561935317 -0.589704131512257 -0.1877710739790464 0 0 0
0.000980392156862745 0.30902963525965726 0.07824718777843818 0.5340671182967408 0 0 0
0.000980392156862745 -0.540395625821295 -0.28914032507759857 -0.09940504801858403 0 0 0
0.000980392156862745 0.2559280930377359 0.04088585408573883 -0.38801188655171887 0 0 0
0.000980392156862745 -0.16371132974288033 -0.3433694159530199 -0.3149111009715584 0 0 0
0.000980392156862745 0.07720684481049378 -0.46898504596430607 -0.19067502020133092 0 0 0
0.000980392156862745 -0.1198833241176859 0.5178722183891639 -0.36952022070472007 0 0 0
0.000980392156862745 0.019139182188289684 0.5687605002018762 0.1515926390734679 0 0 0
0.000980392156862745 0.21006068682592027 0.32972615649716236 0.46732671142283266 0 0 0
0.000980392156862745 0.19046089795270027 0.3429663917110012 -0.030178542030048616 0 0 0
0.000980392156862745 -0.30620905693255507 0.10658409626094106 -0.09469424796549977 0 0 0
0.000980392156862745 -0.3395631722158528 -0.09109972672183192 0.014393451729804796 0 0 0
0.000980392156862745 -0.22073715852825376 -0.5443686969744299 0.19256367059938148 0 0 0
0.000980392156862745 0.1585058596280098 -0.20763071127151703 0.5029135995215296 0 0 0
0.000980392156862745 0.022373327998382264 0.07751078161704403 -0.03519515859691219 0 0 0
0.000980392156862745 -0.10372059923878879 0.05017407074685079 0.6786040612709546 0 0 0
0.000980392156862745 -0.12791461459591985 -0.20528618897356096 -0.6382752236476331 0 0 0
0.000980392156862745 0.10576912076150377 0.40218398828410684 -0.21773060325136345 0 0 0
0.000980392156862745 0.33799341884043316 -0.353020013575493 0.03861040140509491 0 0 0
0.000980392156862745 -0.008955361779058734 0.4862643945196544 -0.21786597298548513 0 0 0
0.000980392156862745 -0.2212480521189448 -0.37783868649777536 -0.21112617396924552 0 0 0
0.000980392156862745 0.27570348578464504 -0.39480023582084806 -0.06294351895638868 0 0 0
0.000980392156862745 0.13409550010620505 -0.11816505053568663 0.49568088522792775 0 0 0
0.000980392156862745 0.21833834774303598 0.4430325649349056 -0.3964990274973568 0 0 0
0.000980392156862745 0.0008016717381608495 0.646720006301648 0.21776546152329518 0 0 0
0.000980392156862745 -0.43308893487526023 0.5239837935791887 0.06622459953905906 0 0 0
0.000980392156862745 0.3078263345189083 0.4468724734420042 0.1230591915251872 0 0 0
0.000980392156862745 -0.10021519392442019 0.4122327600713214 0.5020614596215289 0 0 0
0.000980392156862745 0.2044668363556839 -0.1479290113973486 0.08341368702607996 0 0 0
0.000980392156862745 0.140699072480235 0.1622768427293005 0.2278701120127431 0 0 0
0.000980392156862745 -0.32445203889920826 -0.11332002864788612 -0.394971629987672 0 0 0
0.000980392156862745 0.05169825683327868 0.5316063552154247 0.31341787685194367 0 0 0
0.000980392156862745 -0.3137511633932323 -0.19801824626550335 -0.422280047473154 0 0 0
0.000980392156862745 -0.2299063418802986 -0.09772357789669767 0.1495844247539354 0 0 0
0.000980392156862745 -0.2606410053328591 0.2617996223882747 -0.22169647871322656 0 0 0
0.000980392156862745 -0.13900683355289156 -0.02245065486538708 -0.24930652260722477 0 0 0
0.000980392156862745 -0.5187573040707393 0.35893999403799237 -0.2547080233993101 0 0 0
0.000980392156862745 -0.1011743147959229 -0.33600565405144983 -0.08420892784922815 0 0 0
0.000980392156862745 0.5047135885536911 0.0019645790276683643 0.000509739783855715 0 0 0
0.000980392156862745 0.16088702826921183 -0.352187420199796 -0.13688678676724791 0 0 0
0.000980392156862745 0.322048248044439 -0.1417989437398335 0.13771474722175903 0 0 0
0.000980392156862745 0.01956386772104909 0.48735135395049123 -0.03869935484223376 0 0 0
0.000980392156862745 0.07135121058535666 -0.6659891735484416 0.07346923178501319 0 0 0
0.000980392156862745 -0.6278877480407666 0.08040890567981115 -0.09411128494635003 0 0 0
0.000980392156862745 0.3687247879649097 0.1927247831317785 -0.4531998639728137 0 0 0
0.000980392156862745 -0.08513130256317418 0.3485676569251612 0.29960046778290605 0 0 0
0.000980392156862745 0.005762286238837423 0.22552337425514732 0.11736863442479449 0 0 0
0.000980392156862745 -0.33444300072799893 0.04977333457565304 -0.04312207073000005 0 0 0
0.000980392156862745 -0.10405118294213211 0.33736618771126103 -0.006476420481935229 0 0 0
0.000980392156862745 0.09608460206287642 0.27190138668152025 -0.25176354058095224 0 0 0
0.000980392156862745 0.16269053667436748 0.16394439815191153 0.5602552560931552 0 0 0
0.000980392156862745 -0.043761427712617956 0.3283095506647949 0.2141721843404681 0 0 0
