660
0
0.0015151515151515152 0.17879897610537504 -0.20133666936087646 -0.47771262642174334 0 0 0
0.0015151515151515152 0.3149825753883561 0.32301660467266935 0.4886987997207271 0 0 0
0.0015151515151515152 0.5582185991019714 -0.4038385753567754 -0.05868250859668356 0 0 0
0.0015151515151515152 0.3766807727882179 -0.25167346399754237 0.37139177833515263 0 0 0
0.0015151515151515152 -0.1752598336695499 -0.5970685811305344 0.19924057758390926 0 0 0
0.0015151515151515152 -0.13761225373892047 0.13890010602866706 0.4213790576015729 0 0 0
0.0015151515151515152 0.007260916111472986 -0.4453039394792916 -0.4113034302282144 0 0 0
0.0015151515151515152 0.24118238124120425 -0.501152624122471 0.014277270888925612 0 0 0
0.0015151515151515152 -0.18447213615063796 -0.32882814203450894 0.5154553614438581 0 0 0
0.0015151515151515152 0.07485871465213005 -0.3262453943817154 0.25045078726293085 0 0 0
0.0015151515151515152 0.03721529027059771 0.2008994714228566 -0.3257034035148006 0 0 0
0.0015151515151515152 0.45826614436296315 0.12172887654994805 -0.21495186674432917 0 0 0
0.0015151515151515152 -0.16502986411781342 -0.5984952064984376 0.08543984302725477 0 0 0
0.0015151515151515152 -0.18283958395987204 0.5888411988975714 -0.31593281218403046 0 0 0
0.0015151515151515152 0.3654616847582677 0.3107397562415178 -0.18719988298647142 0 0 0
0.0015151515151515152 0.2175825648105965 -0.06226345958917702 -0.41556107891371924 0 0 0
0.0015151515151515152 0.012948103719540525 -0.1062135605517031 -0.4115369852445689 0 0 0
0.0015151515151515152 0.10375136539779689 -0.15942695638561 -0.5670237042952146 0 0 0
0.0015151515151515152 -0.05539433601669201 0.273878573668184 0.39768380216553173 0 0 0
0.0015151515151515152 -0.45486518091256223 0.0955408151393392 0.11038468002428684 0 0 0
0.0015151515151515152 -0.01234716215225127 0.3416474140398248 0.41724938390994115 0 0 0
0.0015151515151515152 0.06559129610963663 -0.6011452726319372 -0.04202311253557004 0 0 0
0.0015151515151515152 -0.26495430193516734 -0.18902047942959646 -0.09270108672865425 0 0 0
0.0015151515151515152 -0.21696496212219823 0.25044189951335327 -0.2590096260400562 0 0 0
0.0015151515151515152 -0.2980595780196639 -0.422627338806353 -0.12402344470820156 0 0 0
0.0015151515151515152 -0.2820121039754452 -0.5850679618962283 0.03079403702816536 0 0 0
0.0015151515151515152 0.25027923524336676 0.4046511319426878 0.451713623138825 0 0 0
0.0015151515151515152 -0.0212546332256147 0.06594431845660635 -0.32591964862895373 0 0 0
0.0015151515151515152 -0.17484434930359175 -0.3686797188806388 0.03705048488186222 0 0 0
0.0015151515151515152 -0.11433382146643528 -0.48174352589070796 -0.2265576424022853 0 0 0
0.0015151515151515152 0.08641268855040375 0.01532630678627434 0.07166008379624914 0 0 0
0.0015151515151515152 -0.3243008265269666 0.4508626668964266 0.07022258677433171 0 0 0
0.0015151515151515152 0.5249668478724325 0.21508501991645615 0.16740365771643284 0 0 0
0.0015151515151515152 0.39787377576408794 -0.10479583020470555 0.38168540505738174 0 0 0
0.0015151515151515152 -0.22408825036996502 0.5920896680903963 0.2597206232890862 0 0 0
0.0015151515151515152 -0.13564564824815092 0.21083953596180027 0.5477887741292401 0 0 0
0.0015151515151515152 0.09081352114468517 -0.5046398420615071 0.02723720160930252 0 0 0
0.0015151515151515152 0.3929485299990273 0.19030559369187067 -0.2053579324787275 0 0 0
0.0015151515151515152 -0.243747473158507 -0.5139446381241859 -0.23509241851584892 0 0 0
0.0015151515151515152 0.29882390501815775 -0.2786685965186641 -0.41068350628049016 0 0 0
0.0015151515151515152 -0.09788961214262343 -0.5424786137379505 -0.33771704337383174 0 0 0
0.0015151515151515152 -0.026470864379715537 0.0540934166639167 0.12029499407798419 0 0 0
0.0015151515151515152 -0.5531426812462437 -0.3736148841117456 0.03310460427290038 0 0 0
0.0015151515151515152 0.017148087055590205 0.46779225565903293 -0.33147680652383044 0 0 0
0.0015151515151515152 -0.27399292439291345 -0.3563255082229964 -0.11692313636177791 0 0 0
0.0015151515151515152 -0.06832667907557534 0.2198476813162947 0.32649550304403685 0 0 0
0.0015151515151515152 -0.30311352256405144 0.49268798724147855 0.14036738601797474 0 0 0
0.0015151515151515152 -0.1759600078504646 0.12485559281195342 -0.5435461510820069 0 0 0
0.0015151515151515152 0.0637526817967332 -0.3145363068677131 -0.31750410529652967 0 0 0
0.0015151515151515152 0.03139487973207653 -0.0723015008130074 0.1466473639291448 0 0 0
0.0015151515151515152 -0.17924164722945646 -0.4258200299266726 0.1628225925169565 0 0 0
0.0015151515151515152 0.0778106629875053 0.3765807216464519 -0.35914034235223513 0 0 0
0.0015151515151515152 0.0807839379885381 0.17826955550656626 -0.5931141741625786 0 0 0
0.0015151515151515152 -0.03732941686984909 -0.11767499206361647 -0.25243084677980554 0 0 0
0.0015151515151515152 0.5669130202184209 0.3517535128836313 0.01814225676459635 0 0 0
0.0015151515151515152 -0.1780814798985064 -0.40807348316622044 -0.20864688992870786 0 0 0
0.0015151515151515152 -0.2636607281064721 -0.25849769822475643 -0.4238761332313994 0 0 0
0.0015151515151515152 -0.5021015627557882 0.2568108526113956 -0.20297335183361653 0 0 0
0.0015151515151515152 -0.040043352072254804 -0.3059802549366556 -0.5996009193187885 0 0 0
0.0015151515151515152 0.20098274610227024 0.059204037296807406 -0.6068744782723995 0 0 0
0.0015151515151515152 -0.1270871534656651 0.2291760110988946 -0.5576940762173533 0 0 0
0.0015151515151515152 -0.06974114587871004 0.1762817385699917 -0.33209733418602744 0 0 0
0.0015151515151515152 -0.25903183773511346 0.3824652653765347 -0.023650737147786843 0 0 0
0.0015151515151515152 0.03849263219964899 0.5669547829994793 0.029143437514324664 0 0 0
0.0015151515151515152 0.03159129740119848 0.5398375322548948 0.1571266803205838 0 0 0
0.0015151515151515152 -0.36734856524331366 0.1163001403871967 0.12542175960453822 0 0 0
0.0015151515151515152 0.21045279785492335 0.0948578617419553 -0.23795291716114939 0 0 0
0.0015151515151515152 -0.5046538628366627 0.036176871207900294 -0.25274448434243063 0 0 0
0.0015151515151515152 -0.16975634595932268 0.2369756827829415 0.2832236562164307 0 0 0
0.0015151515151515152 -0.34151613447795665 -0.1490288455126755 -0.4171575574896286 0 0 0
0.0015151515151515152 0.22679082187485305 0.055209328479244195 -0.4012732636489542 0 0 0
0.0015151515151515152 0.2513063233634026 -0.39188002490922064 0.17507266284692752 0 0 0
0.0015151515151515152 0.38006151827559187 -0.2522493458640987 0.38522240306890865 0 0 0
0.0015151515151515152 0.031301119725140165 -0.24460132545540145 -0.003211574342408546 0 0 0
0.0015151515151515152 -0.19297510700096718 0.47550912427082187 0.00744113527807179 0 0 0
0.0015151515151515152 0.14304598041792874 -0.3381359675864845 -0.1022254588785187 0 0 0
0.0015151515151515152 -0.37414459499144714 -0.45182564792318797 0.04015936261976037 0 0 0
0.0015151515151515152 -0.147404214155446 0.06944080187684457 -0.6163551791701528 0 0 0
0.0015151515151515152 0.06800184235227578 -0.4602503283229343 -0.05205781226035967 0 0 0
0.0015151515151515152 -0.4315129572531313 0.3859918144844482 0.12046101834376102 0 0 0
0.0015151515151515152 -0.3189611571326461 -0.3630452769986716 -0.08351443264960165 0 0 0
0.0015151515151515152 -0.16441798502406665 0.20271283924810893 -0.028585010052543405 0 0 0
0.0015151515151515152 -0.2282495511500297 -0.031621595410371114 0.011910501038427803 0 0 0
0.0015151515151515152 0.13640820927015682 -0.1173688953025155 0.05423140169503602 0 0 0
0.0015151515151515152 0.2908439059636762 -0.20762744175163117 0.255138602839626 0 0 0
0.0015151515151515152 -0.19167224779476136 0.17415782816263742 0.140555391132843 0 0 0
0.0015151515151515152 -0.4418532465269928 -0.07134093923133922 0.03395873403291024 0 0 0
0.0015151515151515152 -0.30673199053150413 -0.24209225810168175 -0.13812343755536927 0 0 0
0.0015151515151515152 0.29404296142529907 -0.14230156860433374 0.5964685921855664 0 0 0
0.0015151515151515152 -0.16304618053276082 0.43477926388745025 0.29626052437942185 0 0 0
0.0015151515151515152 -0.21859075394040722 -0.19445258778173766 -0.31950236149965766 0 0 0
0.0015151515151515152 0.0040137493847240665 0.6303414958556435 0.11967713674520283 0 0 0
0.0015151515151515152 0.4520063651882128 0.3691715520314047 0.3600847045082853 0 0 0
0.0015151515151515152 -0.2030720031639726 -0.27803685282933727 -0.21761019641738905 0 0 0
0.0015151515151515152 0.4348379420995076 -0.011945932067302479 -0.2392947296574236 0 0 0
0.0015151515151515152 0.310377123160648 0.11383900827612661 -0.35305336581936514 0 0 0
0.0015151515151515152 -0.25939907499655185 -0.4457100321596194 -0.008299417763977976 0 0 0
0.0015151515151515152 0.08363591144850568 -0.18538078306856842 0.4302066777880091 0 0 0
0.0015151515151515152 -0.015920648684592302 -0.17318934150569032 0.36279341402713705 0 0 0
0.0015151515151515152 0.218692651928352 0.45064898676724124 -0.15804382988276766 0 0 0
0.0015151515151515152 0.2449793862042226 0.05582931501827466 0.29991917472409985 0 0 0
0.0015151515151515152 -0.09580951218082105 0.01839088961823675 0.6355315056833521 0 0 0
0.0015151515151515152 -0.14566201697988843 -0.007133201626957446 0.4815402397093245 0 0 0
0.0015151515151515152 -0.49852257995604726 0.2354271746225477 0.2887275192231282 0 0 0
0.0015151515151515152 0.2689803299523791 -0.024658076586544238 0.47233724512053243 0 0 0
0.0015151515151515152 0.5048515230782935 0.13773311160222612 -0.2488510453249187 0 0 0
0.0015151515151515152 -0.08484703969196133 -0.38976029398242656 -0.440912423555463 0 0 0
0.0015151515151515152 -0.35393066058565914 -0.1903447896521979 -0.1439588798812579 0 0 0
0.0015151515151515152 0.40288862255865754 -0.46546983405782916 0.28211544504963476 0 0 0
0.0015151515151515152 -0.2966413836736698 -0.09897504780260394 0.2779074529571494 0 0 0
0.0015151515151515152 0.20252497481883733 -0.4365781165056499 -0.3373940023901229 0 0 0
0.0015151515151515152 0.12232178517314289 0.09096695399993997 -0.2503422977473197 0 0 0
0.0015151515151515152 0.14335685664355144 0.4325207562323694 0.13345984935998625 0 0 0
0.0015151515151515152 0.11880900230780857 -0.20511451843942455 0.09051526583328771 0 0 0
0.0015151515151515152 0.26754295707642434 -0.3944425954083988 0.4381577127037747 0 0 0
0.0015151515151515152 0.44188625970511464 0.14627612829268918 0.37409568724750986 0 0 0
0.0015151515151515152 -0.5882797645306199 0.26638255464154403 0.0877907115293988 0 0 0
0.0015151515151515152 0.0016183387354374273 -0.31174492450803365 0.5780702885705041 0 0 0
0.0015151515151515152 -0.13927039613973385 0.39612881659280247 -0.25878842090772053 0 0 0
0.0015151515151515152 0.14553727648996545 -0.42194822111582597 0.2778790304016397 0 0 0
0.0015151515151515152 -0.12166528697185132 -0.028068331722950392 -0.061516834451753065 0 0 0
0.0015151515151515152 0.05851432250940585 -0.3978531288541234 0.47309680470094034 0 0 0
0.0015151515151515152 -0.2815412439922766 0.09071069187318131 0.17335653270328705 0 0 0
0.0015151515151515152 -0.24199665864762815 -0.553456936062522 0.30664712446176534 0 0 0
0.0015151515151515152 -0.14663266925892643 0.3584890343987222 0.5382480484120931 0 0 0
0.0015151515151515152 0.17620294898351557 -0.48172512112713034 -0.05783245975387453 0 0 0
0.0015151515151515152 -0.25889057566231116 0.41211388361578954 0.4436208440266127 0 0 0
0.0015151515151515152 0.06681004749937773 0.5025064921712278 0.12129684421253084 0 0 0
0.0015151515151515152 -0.07645641832785567 -0.10589794069167688 -0.0013447062949968518 0 0 0
0.0015151515151515152 -0.010620069246138751 0.3602816737576725 -0.34072393121278527 0 0 0
0.0015151515151515152 0.36400194147088155 0.49696638055462733 0.07480407731514056 0 0 0
0.0015151515151515152 -0.6445937089312515 -0.2276249537262009 -0.006555615280714162 0 0 0
0.0015151515151515152 -0.16452781341342507 0.20896053322294172 -0.014552355944472295 0 0 0
0.0015151515151515152 0.4032298037858458 0.40393847872810246 0.1564028757490471 0 0 0
0.0015151515151515152 -0.26953117074129096 0.3401205804685855 -0.01940628609184502 0 0 0
0.0015151515151515152 0.3706682971948314 0.23895745448984423 -0.526168925198161 0 0 0
0.0015151515151515152 -0.19411545564881577 -0.2813364399227722 0.5585126231013663 0 0 0
0.0015151515151515152 -0.22314350495944374 -0.1587139047282852 -0.3824142352077574 0 0 0
0.0015151515151515152 -0.24922740811976146 0.12644578498600703 0.38283442689135583 0 0 0
0.0015151515151515152 0.22862792684264932 0.3222703758757999 0.4387243131979657 0 0 0
0.0015151515151515152 -0.06125377582823348 -0.3247358586964693 -0.49357370680665746 0 0 0
0.0015151515151515152 -0.04933920387108198 -0.003989584643853349 -0.27802414700607025 0 0 0
0.0015151515151515152 0.15021006621720517 0.16309593112226967 -0.4773750048609404 0 0 0
0.0015151515151515152 -0.04348716734104844 -0.4085364862342767 0.37596516698167304 0 0 0
0.0015151515151515152 -0.08428808323135838 -0.34625681803002933 -0.4743950365273 0 0 0
0.0015151515151515152 -0.5212178371419325 -0.3179486520971289 -0.06793898876460307 0 0 0
0.0015151515151515152 -0.5954687455357287 0.10874806856761288 -0.13285555487261064 0 0 0
0.0015151515151515152 -0.021453986422459548 -0.04120022535352647 -0.014507198665827066 0 0 0
0.0015151515151515152 -0.5777206648431212 0.0152787045969709 -0.1412144243631246 0 0 0
0.0015151515151515152 -0.6051751394738304 0.09052594094443202 0.2813505030103313 0 0 0
0.0015151515151515152 -0.11072010452145595 0.48806352895368965 0.2561118852583382 0 0 0
0.0015151515151515152 -0.05212239406561837 0.4533186301629293 0.3008674765268045 0 0 0
0.0015151515151515152 0.386449100083284 -0.2504267166335331 0.18086755413811023 0 0 0
0.0015151515151515152 -0.19900745209156567 -0.5142524991015277 0.2943642749262075 0 0 0
0.0015151515151515152 0.08675232397825812 0.06297692638799762 0.3754857670923727 0 0 0
0.0015151515151515152 -0.22768278160081643 0.2554971878857816 0.0454943547505302 0 0 0
0.0015151515151515152 0.4283876231785897 -0.4345331888947921 0.056764409216596284 0 0 0
0.0015151515151515152 0.05250676829646611 0.599687513536494 -0.0991423239639491 0 0 0
0.0015151515151515152 0.07450502154834479 0.11383003598402719 0.633693827299693 0 0 0
0.0015151515151515152 -0.5369800811193371 0.29129086429232254 0.09484383189911248 0 0 0
0.0015151515151515152 0.20976029767059876 -0.1113682523963618 0.20752904019340893 0 0 0
0.0015151515151515152 0.48020165370397117 0.1780350497358407 -0.15983312935689786 0 0 0
0.0015151515151515152 0.204509177452659 0.4544250117957088 -0.38263757615964505 0 0 0
0.0015151515151515152 -0.06964199144521573 0.6105734899855939 0.04055213543247094 0 0 0
0.0015151515151515152 0.11964771274403435 0.16600525509935088 -0.2987372103877865 0 0 0
0.0015151515151515152 0.08190421010448679 0.11899504869756782 -0.3038957439022332 0 0 0
0.0015151515151515152 0.3753253566393737 -0.4460627121619841 0.07521105896143995 0 0 0
0.0015151515151515152 0.1053763721249058 0.2394282402243384 -0.481399219972524 0 0 0
0.0015151515151515152 0.18159270845286135 0.4767922384717513 -0.11089814555711966 0 0 0
0.0015151515151515152 0.0475639966394155 -0.048680889606722955 -0.31261701362669947 0 0 0
0.0015151515151515152 0.08972981184931063 0.22144306042851838 0.13876077265892528 0 0 0
0.0015151515151515152 -0.20432852912541233 0.030400719105723784 0.45812899453831557 0 0 0
0.0015151515151515152 -0.41786850731477243 0.2056900323506673 -0.1086456789865162 0 0 0
0.0015151515151515152 -0.46295014790263034 0.08909273847044359 0.23357094016948626 0 0 0
0.0015151515151515152 0.45697235198390534 -0.16374966054613838 0.33970084486681135 0 0 0
0.0015151515151515152 0.3025479152951332 -0.03408458128085243 -0.5238182313461002 0 0 0
0.0015151515151515152 -0.5791365613686199 -0.0164773452199037 -0.3226783168271183 0 0 0
0.0015151515151515152 -0.0450274776416428 0.5448528264772786 0.12976631770818126 0 0 0
0.0015151515151515152 0.4578840822005661 -0.39428712566650215 -0.02291430837530139 0 0 0
0.0015151515151515152 0.025256925043745496 0.4827238564736858 0.4037336800709697 0 0 0
0.0015151515151515152 -0.4066726864576845 -0.02956243999302558 -0.5496653562699649 0 0 0
0.0015151515151515152 0.577089640953119 0.09662152970443323 -0.1443795853991567 0 0 0
0.0015151515151515152 -0.3073320014738395 -0.00671072238949627 0.4160540115667926 0 0 0
0.0015151515151515152 0.41977045441883526 0.486963863130418 0.21346828215866265 0 0 0
0.0015151515151515152 -0.45770270778499383 -0.10630766388755367 -0.3673389068056528 0 0 0
0.0015151515151515152 -0.48216902720302796 0.13428770325557202 0.26939991227109017 0 0 0
0.0015151515151515152 -0.17640252859851388 -0.07942899706250395 0.20400349914871163 0 0 0
0.0015151515151515152 -0.23670950787096692 -0.1672826029991856 -0.08690103559233943 0 0 0
0.0015151515151515152 -0.06891453878036212 -0.48806614455890435 -0.37724226265668404 0 0 0
0.0015151515151515152 -0.5767168403975026 0.2788932983176096 0.13968762376738478 0 0 0
0.0015151515151515152 0.14972655749569436 0.2861232465068387 -0.600372863376122 0 0 0
0.0015151515151515152 0.3293035698449922 0.20668991753759294 0.19626820867206882 0 0 0
0.0015151515151515152 -0.03379005862005821 -0.1322302526127061 0.4576038487950741 0 0 0
0.0015151515151515152 -0.04583775781488706 0.1018215222697462 -0.2692208734202389 0 0 0
0.0015151515151515152 0.1837510581247784 -0.09724525462167548 -0.47056470564339536 0 0 0
0.0015151515151515152 0.11858803636015902 0.521997281927252 -0.3579486760481952 0 0 0
0.0015151515151515152 0.18764297064068047 -0.4473355557455406 0.13803645464987827 0 0 0
0.0015151515151515152 0.15309321784310875 0.12868649062533227 0.31590941727585353 0 0 0
0.0015151515151515152 -0.4273512347191625 0.2638702872075514 -0.022131846362140054 0 0 0
0.0015151515151515152 0.3936756657162526 -0.35091282805269297 -0.15260602111910035 0 0 0
0.0015151515151515152 0.12982726232102285 0.6185680600456319 -0.07060412617765983 0 0 0
0.0015151515151515152 -0.08507641178599175 -0.15722140888483008 0.24331656770306193 0 0 0
0.0015151515151515152 0.6022948199700452 0.1967309368607333 -0.2450369830429055 0 0 0
0.0015151515151515152 0.2577581392114468 0.24940543559467687 0.015506083093177551 0 0 0
0.0015151515151515152 -0.1516508735290575 -0.14055837368058585 -0.24133150886124885 0 0 0
0.0015151515151515152 0.25884982003461665 -0.057330574275414777 0.2159022919396961 0 0 0
0.0015151515151515152 -0.6044634833526853 -0.05098953815021658 0.3276970677410452 0 0 0
0.0015151515151515152 -0.07797793176620463 -0.4368867844461707 0.4994248426456859 0 0 0
0.0015151515151515152 0.014111259069020965 -0.18322527785940287 0.19397417396534006 0 0 0
0.0015151515151515152 0.42632477654786005 0.12484546203038545 -0.3155967198694399 0 0 0
0.0015151515151515152 -0.6182115285457336 -0.2545345654025749 -0.06176429832745727 0 0 0
0.0015151515151515152 -0.25610580601054084 0.4925498878096418 -0.12928879222958237 0 0 0
0.0015151515151515152 0.44259335157802926 0.3067360869541551 -0.2982991658173951 0 0 0
0.0015151515151515152 -0.088943888530441 0.32731940366473805 0.20256354524013087 0 0 0
0.0015151515151515152 0.4867771224735245 -0.29540406939146246 0.06077117543471847 0 0 0
0.0015151515151515152 0.04097421545417343 -0.044372607242048945 0.5203355066853786 0 0 0
0.0015151515151515152 -0.08263979022198013 0.12280243989842637 0.37081499645277155 0 0 0
0.0015151515151515152 0.3349520525458644 -0.2500773703479524 -0.3639695485945049 0 0 0
0.0015151515151515152 -0.15647792440858566 -0.06433496393779538 0.19963214032601995 0 0 0
0.0015151515151515152 -0.06892713820307217 0.13877293349132722 0.3238773182498542 0 0 0
0.0015151515151515152 0.11575337330545246 0.25533166771371185 0.329323002564913 0 0 0
0.0015151515151515152 -0.15073478793441455 -0.1406020168765214 0.2594763108807299 0 0 0
0.0015151515151515152 0.4819104587939205 -0.24904522770224027 -0.4225296932779552 0 0 0
0.0015151515151515152 0.05509744873278569 0.11503570441575119 -0.10909141591084773 0 0 0
0.0015151515151515152 -0.26141639256322424 -0.04353482213180977 -0.3017374741306784 0 0 0
0.0015151515151515152 0.5679462046308735 -0.024221797410539175 0.08069638351240191 0 0 0
0.0015151515151515152 0.4938140679744209 -0.19794683479352376 0.008399020967589413 0 0 0
0.0015151515151515152 0.30477816122932255 -0.44269459797941907 -0.39887305196996403 0 0 0
0.0015151515151515152 0.12259050850167683 -0.3518019327015823 -0.37252848600123584 0 0 0
0.0015151515151515152 0.12689515780519864 -0.10280722127907299 0.1803762019085572 0 0 0
0.0015151515151515152 0.07790501703614383 0.4692565893166268 0.20862798144454314 0 0 0
0.0015151515151515152 0.14528408029898005 -0.46654395527942893 0.05399926255111103 0 0 0
0.0015151515151515152 -0.4954568235481824 -0.40360699590112636 0.2558319919975374 0 0 0
0.0015151515151515152 -0.5568095191854291 -0.10286000331961533 -0.1468812987791962 0 0 0
0.0015151515151515152 0.02566069598638589 0.4838988448006537 0.18852753265863978 0 0 0
0.0015151515151515152 0.11131443344021652 0.6280742758574679 -0.12817014949979386 0 0 0
0.0015151515151515152 0.17463850165686232 -0.32516072245548416 0.47322659507954035 0 0 0
0.0015151515151515152 0.22464429937446753 0.16308495606243076 -0.4960122674453385 0 0 0
0.0015151515151515152 -0.2079865490351084 0.32386523311596255 -0.379192007732572 0 0 0
0.0015151515151515152 -0.1640607000322838 -0.27126065763501117 0.004318142345802705 0 0 0
0.0015151515151515152 0.47634824708127477 0.2179675877817988 -0.09758770484300025 0 0 0
0.0015151515151515152 0.485032709265688 0.28137353800994436 -0.2538394473054477 0 0 0
0.0015151515151515152 -0.5471976374316461 -0.042092665001512444 -0.12981085127438868 0 0 0
0.0015151515151515152 -0.1041133314795209 -0.3699737881750811 -0.029416024867610836 0 0 0
0.0015151515151515152 -0.14525892797742979 -0.2826630746214895 -0.3289059926136955 0 0 0
0.0015151515151515152 0.26066258185657804 -0.12365260185469397 -0.22539251044319422 0 0 0
0.0015151515151515152 0.053397946669807045 -0.2910838306057275 -0.41325300361498546 0 0 0
0.0015151515151515152 -0.12304299483759222 0.25908862682589084 -0.11294587280669245 0 0 0
0.0015151515151515152 0.40195191845304434 -0.1452102089466763 0.4283925031401029 0 0 0
0.0015151515151515152 0.2053616204805198 0.2264206339316193 0.34200866313291234 0 0 0
0.0015151515151515152 0.008046894027929909 -0.4020588341687656 -0.5610558927483029 0 0 0
0.0015151515151515152 -0.33613883028954844 0.015165856738185695 0.18630585528114474 0 0 0
0.0015151515151515152 -0.235591386848678 -0.0731996004894257 -0.3715256705334945 0 0 0
0.0015151515151515152 -0.027539645453659764 0.6445193773048394 -0.14433210006803515 0 0 0
0.0015151515151515152 -0.32083569231362147 -0.021140505960525212 -0.09356474518721926 0 0 0
0.0015151515151515152 0.05416234719427237 -0.29288437919908566 -0.2641042021996823 0 0 0
0.0015151515151515152 0.03471669629600224 0.12645970804966586 0.5552256339081797 0 0 0
0.0015151515151515152 0.6152166362159832 -0.22888815874749605 0.08588596669154772 0 0 0
0.0015151515151515152 -0.32040979613708565 -0.3573995373106876 -0.2126552351384038 0 0 0
0.0015151515151515152 -0.46946508223661815 0.27142242905396985 0.07300822621765558 0 0 0
0.0015151515151515152 0.3164223645817817 -0.016975785698295952 -0.21736306205903985 0 0 0
0.0015151515151515152 -0.3245991761636893 -0.19512726051969403 0.07713881645694623 0 0 0
0.0015151515151515152 0.11298818360449706 -0.13546152390956853 -0.6412219072242281 0 0 0
0.0015151515151515152 0.1106052174154977 0.05115543102155915 0.2987370963318952 0 0 0
0.0015151515151515152 0.10156427041500753 0.2365834819975798 -0.22862721709834596 0 0 0
0.0015151515151515152 0.5545831976298734 -0.29127732911586907 0.10390693805466862 0 0 0
0.0015151515151515152 0.3531632312236583 0.1418068676992625 0.37932843996855303 0 0 0
0.0015151515151515152 -0.2096343229551827 -0.5961175479342865 -0.09139609204190008 0 0 0
0.0015151515151515152 -0.0375397189993079 0.3881616599633616 -0.022705468563650653 0 0 0
0.0015151515151515152 -0.08874860494561612 0.011006422519588843 -0.38692828698074144 0 0 0
0.0015151515151515152 -0.33210446233326446 0.2855818125553709 0.30217869463816666 0 0 0
0.0015151515151515152 0.246999249143152 0.3919315333696142 -0.27290672465996985 0 0 0
0.0015151515151515152 -0.1215441548290685 0.43298363049252453 -0.1616144190434187 0 0 0
0.0015151515151515152 -0.3158966711794982 0.3356985981215823 0.29489196653820027 0 0 0
0.0015151515151515152 0.005408706388622793 -0.32875213564086686 -0.39491581734905895 0 0 0
0.0015151515151515152 -0.1436589833105958 -0.19735076461802156 0.3289129261389918 0 0 0
0.0015151515151515152 -0.2164281750912482 -0.27394475125164786 -0.3038433883760546 0 0 0
0.0015151515151515152 0.2311259944811407 0.14488588035220695 0.4306927312840178 0 0 0
0.0015151515151515152 0.5757460027825896 -0.3186517057235251 0.17740391537551642 0 0 0
0.0015151515151515152 -0.0662688678256489 -0.17088569548149493 -0.016504346805279065 0 0 0
0.0015151515151515152 -0.31814537815626626 -0.4731250128797125 -0.14510985339292562 0 0 0
0.0015151515151515152 -0.10227224689864747 -0.13936286963799074 -0.3168697112638211 0 0 0
0.0015151515151515152 -0.35535660934728386 0.15622625089577175 0.03476052948030718 0 0 0
0.0015151515151515152 -0.07265348579361444 0.08914586221963121 -0.6259308175811639 0 0 0
0.0015151515151515152 -0.2801609224891948 -0.00217153496450199 -0.21734462641225172 0 0 0
0.0015151515151515152 -0.19673598985639176 0.2602878498007342 -0.08008602939461147 0 0 0
0.0015151515151515152 0.3012638940252082 -0.15167515529973313 0.04580262198889186 0 0 0
0.0015151515151515152 -0.4981072200159029 -0.4667151221263879 0.03904112462897762 0 0 0
0.0015151515151515152 0.08899512868159198 0.5501277444293825 0.23759623218653864 0 0 0
0.0015151515151515152 0.00649899779810211 0.06914081303117019 -0.38924861764946606 0 0 0
0.0015151515151515152 0.6172242852245895 0.07660263214121203 0.23104886783424936 0 0 0
0.0015151515151515152 -0.03205845037003857 0.5206466950904222 0.17945543337035189 0 0 0
0.0015151515151515152 0.20532586930395433 0.42146689534880066 0.027929741469003868 0 0 0
0.0015151515151515152 0.1982315700961813 -0.06600729292997752 0.16435114612184937 0 0 0
0.0015151515151515152 -0.32296456619878033 0.2607415713216001 0.39644593363036845 0 0 0
0.0015151515151515152 -0.023904412013131714 -0.5509960236607562 -0.39571262998419293 0 0 0
0.0015151515151515152 -0.4780851318600737 -0.1726384127044609 -0.21482814067421593 0 0 0
0.0015151515151515152 -0.3642772867889008 -0.43543171404406855 -0.373287674326777 0 0 0
0.0015151515151515152 -0.22311356425890047 -0.09070912716596637 0.3772871838156371 0 0 0
0.0015151515151515152 -0.3507477203581412 0.3374494887901532 -0.11778452074065389 0 0 0
0.0015151515151515152 0.39992386574903904 0.21431859846377532 0.16338151585040742 0 0 0
0.0015151515151515152 0.3020087293023183 -0.3555621359979316 -0.3544028250605834 0 0 0
0.0015151515151515152 0.5405368153140804 -0.28410712036907915 0.00348148660544119 0 0 0
0.0015151515151515152 -0.035831541900459306 -0.00834371387871453 -0.20154813536457677 0 0 0
0.0015151515151515152 0.29771251307997015 -0.22088102214994393 0.27886488258151654 0 0 0
0.0015151515151515152 -0.42257584356087335 -0.33996200340469046 0.18664372763993192 0 0 0
0.0015151515151515152 0.5053052234266056 0.12521012437449472 0.2939347188860311 0 0 0
0.0015151515151515152 0.2869998973498525 -0.16236317713332968 -0.2059465024322692 0 0 0
0.0015151515151515152 -0.28424847052251306 0.5605389050764163 0.17077606209894003 0 0 0
0.0015151515151515152 -0.13365587098473977 0.4742043415673121 -0.1103053014519421 0 0 0
0.0015151515151515152 -0.10733577057818716 0.04174272479533202 0.48079002508952057 0 0 0
0.0015151515151515152 -0.2230996247496062 0.3522737653818549 -0.22935461167516857 0 0 0
0.0015151515151515152 -0.10307154188283396 0.37509166587421 -0.3829028045124092 0 0 0
0.0015151515151515152 0.406487679574417 0.4397381176546063 0.139384561945475 0 0 0
0.0015151515151515152 -0.12055418178382662 -0.03462678313423252 -0.12206250478926535 0 0 0
0.0015151515151515152 -0.11796323304554014 -0.3683787892296987 0.5268280913768697 0 0 0
0.0015151515151515152 0.36091767781184597 -0.08332979466366403 0.36416665298793566 0 0 0
0.0015151515151515152 0.24478597252115958 0.25362802529583583 0.05827975318226665 0 0 0
0.0015151515151515152 0.23799165135025097 0.5036357344811708 0.08831079574744587 0 0 0
0.0015151515151515152 -0.05729171040560625 -0.1521860362860772 0.4533583280530928 0 0 0
0.0015151515151515152 0.08877295986248296 0.4827649841989268 0.17944224770215947 0 0 0
0.0015151515151515152 0.20330485363799097 -0.17563150617588105 -0.12112942907359886 0 0 0
0.0015151515151515152 0.5342314365578549 0.18833822939035902 0.22436443992847713 0 0 0
0.0015151515151515152 -0.1851262465706414 0.48990123947133807 -0.1687731179373437 0 0 0
0.0015151515151515152 -0.34939992730565866 -0.11640093902879524 0.4011801180119702 0 0 0
0.0015151515151515152 0.4114976198933696 0.13885944596136657 0.2388450967617317 0 0 0
0.0015151515151515152 -0.42139949807887567 -0.14794445510723275 0.2484395978671355 0 0 0
0.0015151515151515152 0.24945800258143033 0.3129034144836447 0.5120058112954251 0 0 0
0.0015151515151515152 -0.5839225380561852 0.20287697535171884 0.16611969688700595 0 0 0
0.0015151515151515152 0.22759050172813797 -0.0982190938604613 0.18326485723780947 0 0 0
0.0015151515151515152 0.525574964981604 -0.007739542882120807 -0.13256282795906899 0 0 0
0.0015151515151515152 -0.5332097590714998 -0.2184456331098736 0.3480280605581508 0 0 0
0.0015151515151515152 0.16023351473287312 0.07996370902350519 -0.01936070800154969 0 0 0
0.0015151515151515152 -0.11178263538933982 0.33479940101500044 -0.22517372681484304 0 0 0
0.0015151515151515152 -0.5010550787197007 -0.30052741627564233 -0.2648887163045845 0 0 0
0.0015151515151515152 -0.15615167402396601 0.05339874002240244 -0.26920299368904 0 0 0
0.0015151515151515152 -0.0233929632211634 0.1371001188139789 -0.3977967525944915 0 0 0
0.0015151515151515152 0.31665632297937346 -0.3760463939827792 -0.4081170570911169 0 0 0
0.0015151515151515152 -0.14874895165463745 -0.2984389800977808 -0.039532536162758335 0 0 0
0.0015151515151515152 0.001480014473331047 -0.19308642990321237 0.18526040264634588 0 0 0
0.0015151515151515152 0.46845556781948156 0.19779829171709312 -0.135827486508912 0 0 0
0.0015151515151515152 0.16573730975272183 0.15394902441993344 0.06059961705571091 0 0 0
0.0015151515151515152 0.5634150496203228 0.19386813505390973 -0.32288799717209615 0 0 0
0.0015151515151515152 -0.20283517269429344 -0.1754678183053418 -0.6385957911451902 0 0 0
0.0015151515151515152 0.10278975964584575 -0.17215328453623102 0.14287521064829045 0 0 0
0.0015151515151515152 -0.10926291245163994 -0.3961511596701137 -0.4022203270562903 0 0 0
0.0015151515151515152 -0.022635794488759506 -0.3659540345965496 0.0195780282554062 0 0 0
0.0015151515151515152 -0.27225171233639717 0.2813148733038352 0.4971738137426402 0 0 0
0.0015151515151515152 -0.39309317748844136 0.4613980231810113 -0.29520932944317335 0 0 0
0.0015151515151515152 -0.21152269515405334 -0.3602335849189065 -0.3810642909875331 0 0 0
0.0015151515151515152 -0.34799079523663357 -0.31211690942213766 0.29322067700818594 0 0 0
0.0015151515151515152 0.623927596680304 -0.16439248380945828 0.11287573845086706 0 0 0
0.0015151515151515152 -0.18598075236763353 0.2172883771804433 0.4828146359634853 0 0 0
0.0015151515151515152 0.08620499203185436 0.40799866867621365 -0.0925711033651197 0 0 0
0.0015151515151515152 0.3000514660682033 -0.44089521037759355 0.07422191895664923 0 0 0
0.0015151515151515152 0.6276028810219055 0.09142713323575505 0.1343322932330886 0 0 0
0.0015151515151515152 -0.1891914017115271 0.11805117489062383 0.35651582848717517 0 0 0
0.0015151515151515152 0.0022903800929083796 0.6414290128059844 -0.014493088803665045 0 0 0
0.0015151515151515152 -0.0323198991566219 0.10488765227168549 0.49659924592039306 0 0 0
0.0015151515151515152 0.42008695680752506 0.008333616863440212 -0.24143193935818685 0 0 0
0.0015151515151515152 -0.09384013598824173 0.14117383737653783 0.09938004646528792 0 0 0
0.0015151515151515152 0.2167578545469989 0.27970690898269046 0.46123843704619977 0 0 0
0.0015151515151515152 -0.24174721279676883 0.4753486807492348 -0.06400206207812177 0 0 0
0.0015151515151515152 -0.004585410836723072 -0.1520167517033266 -0.43888000486741763 0 0 0
0.0015151515151515152 -0.371640548965185 -0.29847020705115934 -0.2820064433920339 0 0 0
0.0015151515151515152 0.19038573761358796 0.382006504531248 0.3958271703837526 0 0 0
0.0015151515151515152 0.4643726972504118 0.47335750104072494 -0.03205115998525975 0 0 0
0.0015151515151515152 -0.4054994204764639 0.20419989625930066 0.13086961170327013 0 0 0
0.0015151515151515152 0.1023454465927609 -0.06683823804299151 -0.26933127535755597 0 0 0
0.0015151515151515152 0.5214719808078196 -0.06431297063771906 -0.24588689632219254 0 0 0
0.0015151515151515152 0.009619887234834179 0.611447311265208 -0.18145972272051972 0 0 0
0.0015151515151515152 0.12299591426026354 0.037527922416505745 0.017641697647516514 0 0 0
0.0015151515151515152 -0.2388667708259451 -0.21692310842815132 0.3266672171485071 0 0 0
0.0015151515151515152 -0.48520755112939623 0.0741694976948672 -0.07276025992400872 0 0 0
0.0015151515151515152 0.39144118291798674 -0.2587901139020926 -0.3371356858677346 0 0 0
0.0015151515151515152 0.07658835241569166 -0.38597003805632096 0.21010332500003062 0 0 0
0.0015151515151515152 -0.11372518791528895 0.37940102394636965 0.021371806496453327 0 0 0
0.0015151515151515152 0.4411725455030347 0.1573285385661888 0.2293140025777978 0 0 0
0.0015151515151515152 -0.2674193170430393 0.33296788948259615 0.26567652308529804 0 0 0
0.0015151515151515152 -0.023825633325584093 -0.11115155521370691 0.19331873318775625 0 0 0
0.0015151515151515152 0.06536738559027723 -0.08316203275547174 0.4203150852408194 0 0 0
0.0015151515151515152 0.08878886907124267 0.004363271620998976 -0.6016294391697782 0 0 0
0.0015151515151515152 0.358624421553614 0.014100479551900066 0.0686083946818109 0 0 0
0.0015151515151515152 -0.12354412604469105 0.3848757865282414 -0.47370872277494774 0 0 0
0.0015151515151515152 0.27799491166309687 -0.5777684833342968 0.24762065611673834 0 0 0
0.0015151515151515152 0.0771930985928709 -0.3602238602472603 -0.016137898426297037 0 0 0
0.0015151515151515152 0.15402380045415215 -0.301471263104326 0.39023191269214985 0 0 0
0.0015151515151515152 0.05403988160867104 -0.033099845826112556 -0.4441215587040961 0 0 0
0.0015151515151515152 0.1301648675463971 0.4084331219428624 0.20694933308743405 0 0 0
0.0015151515151515152 -0.2878860829997927 -0.17835800304525917 -0.11032186324678385 0 0 0
0.0015151515151515152 0.07259294136981594 0.3587739139054645 -0.5765359067522474 0 0 0
0.0015151515151515152 0.5398889024293239 0.10084127850430247 0.2640448546567935 0 0 0
0.0015151515151515152 0.5103472458550673 0.25518655637730436 -0.14168163974789316 0 0 0
0.0015151515151515152 0.45465759462407745 -0.008723121549906553 -0.38406170633077724 0 0 0
0.0015151515151515152 0.23076369072917588 0.5740338800354967 -0.2652462645681142 0 0 0
0.0015151515151515152 0.5080567446651963 -0.15335042020043216 0.02363682823742709 0 0 0
0.0015151515151515152 -0.01183231898467797 0.20236856811842802 -0.4233251821143606 0 0 0
0.0015151515151515152 0.25463959142426423 0.36056900247934714 0.22737102122285968 0 0 0
0.0015151515151515152 0.08125466262669925 0.5912298520097519 0.08410506495272525 0 0 0
0.0015151515151515152 0.466158552684797 -0.1758800076169628 0.42697580087672077 0 0 0
0.0015151515151515152 -0.15189085387274298 0.4136036707773374 -0.5246202336116954 0 0 0
0.0015151515151515152 -0.45785620453646836 -0.19323826746096928 0.25395500697365425 0 0 0
0.0015151515151515152 0.5402032192826811 -0.13112796484503023 0.04654631309142689 0 0 0
0.0015151515151515152 -0.2147508730408634 -0.3527970293641133 0.2751082303938948 0 0 0
0.0015151515151515152 0.44384966071748 -0.44344756364191695 -0.25850288537195576 0 0 0
0.0015151515151515152 0.18097226793492324 0.1928425519949324 -0.3262327634899091 0 0 0
0.0015151515151515152 -0.10767516326466679 -0.09735749322051729 -0.5137227512300072 0 0 0
0.0015151515151515152 0.4867996845524145 0.04116121538416359 -0.2541325330471258 0 0 0
0.0015151515151515152 -0.27842509206962524 -0.11882158009656023 0.45520300893822235 0 0 0
0.0015151515151515152 -0.31811888154908385 0.05351789697447084 0.4151469807943551 0 0 0
0.0015151515151515152 -0.21474502736368267 0.16280903312492795 -0.5066184782996841 0 0 0
0.0015151515151515152 -0.0310362303833784 0.5297307864232939 -0.4397857538057214 0 0 0
0.0015151515151515152 -0.03352413673348923 -0.31151645322048055 0.582386945495347 0 0 0
0.0015151515151515152 0.005914558822268495 0.18590234182876594 0.660260853036492 0 0 0
0.0015151515151515152 -0.10576293048484785 0.521018673348006 0.1765867701807228 0 0 0
0.0015151515151515152 -0.014565531708754778 0.5416710901734427 0.14775582839274368 0 0 0
0.0015151515151515152 0.3030414436916656 0.6190053082803715 -0.058078302741523966 0 0 0
0.0015151515151515152 0.6276411510919431 0.09184166521590409 -0.06104528550760563 0 0 0
0.0015151515151515152 0.17088792374058295 -0.48097171155721247 -0.013982436859664866 0 0 0
0.0015151515151515152 -0.0634024317697795 0.08346100930631789 0.19636589350816194 0 0 0
0.0015151515151515152 0.27458625139037024 -0.0261574826133779 -0.4445895463718337 0 0 0
0.0015151515151515152 0.033739847452176154 -0.14191722633070625 0.6252638999247511 0 0 0
0.0015151515151515152 -0.4905248866472595 -0.3045142485038977 -0.2855456859598166 0 0 0
0.0015151515151515152 0.21371281122943095 -0.053562814302043966 -0.092107994821155 0 0 0
0.0015151515151515152 0.23234288569505057 -0.49142322872298 -0.057621876996415466 0 0 0
0.0015151515151515152 0.11055328544417514 -0.22322532099286313 0.6140205702169178 0 0 0
0.0015151515151515152 -0.22115903642380244 0.31359600610709243 -0.40246542970722526 0 0 0
0.0015151515151515152 0.24734431938734178 0.06096209978795431 -0.411750518240986 0 0 0
0.0015151515151515152 -0.016012722000180852 -0.31125039912223457 -0.2916448954246808 0 0 0
0.0015151515151515152 -0.558931636740355 -0.11470542044920194 -0.26561228044871626 0 0 0
0.0015151515151515152 0.5332301528734938 0.25467362098772695 -0.34563589915682463 0 0 0
0.0015151515151515152 0.4248813176150591 0.3008411252108177 -0.4267979789047856 0 0 0
0.0015151515151515152 0.21131198695692444 -0.37326196387960775 0.17783477804217432 0 0 0
0.0015151515151515152 -0.3636496367496617 0.20262528982665504 0.03937039599260971 0 0 0
0.0015151515151515152 -0.010679784902924651 0.4947395619773807 0.26407469234137537 0 0 0
0.0015151515151515152 0.14485443334366518 0.2068991705785822 0.2556767503924252 0 0 0
0.0015151515151515152 0.1825721006736445 0.36288098152790116 0.48945779627445285 0 0 0
0.0015151515151515152 0.4696451244116573 -0.25964415218395126 -0.1577047984446851 0 0 0
0.0015151515151515152 -0.3503258146171987 -0.1196679324125745 0.3834682399367108 0 0 0
0.0015151515151515152 -0.15873967178505652 -0.18929937765015203 -0.3818889622956934 0 0 0
0.0015151515151515152 -0.21013437779953315 0.054829617847438714 -0.18064815193525782 0 0 0
0.0015151515151515152 0.5801656229097265 0.006747541626251725 0.3436703107497946 0 0 0
0.0015151515151515152 0.21821134008713566 -0.5055846434221801 -0.4087129450279812 0 0 0
0.0015151515151515152 0.5455505650309848 0.35393296635507276 0.23408290568992848 0 0 0
0.0015151515151515152 -0.3552774901551134 0.45385430360572787 -0.2959180673372227 0 0 0
0.0015151515151515152 -0.3178838940648481 0.45696736272188004 -0.4043607395324449 0 0 0
0.0015151515151515152 -0.32564892409714824 0.023101799634583826 -0.015803662640069174 0 0 0
0.0015151515151515152 -0.4185836678757603 -0.40844360754550363 -0.2972631710183065 0 0 0
0.0015151515151515152 -0.23560734137625214 -0.3789044420774201 0.085102510213683 0 0 0
0.0015151515151515152 0.31978238289531324 0.3043717289079524 -0.11700244694378738 0 0 0
0.0015151515151515152 -0.2533759282006816 0.30880230533074576 0.006861037982680561 0 0 0
0.0015151515151515152 0.43506406050931223 -0.0037799743909285193 -0.14343080998410215 0 0 0
0.0015151515151515152 -0.4528400196455078 -0.4470395411465219 0.2358796939053053 0 0 0
0.0015151515151515152 0.2760642183341616 -0.17108375373279117 -0.1582683005071034 0 0 0
0.0015151515151515152 0.004154543805479982 -0.016297827989011117 0.29326127531280405 0 0 0
0.0015151515151515152 0.06552452946954866 -0.05963020881122295 0.4963817525460796 0 0 0
0.0015151515151515152 0.19803432934038764 0.4712156047120257 -0.4331085765682582 0 0 0
0.0015151515151515152 0.44034467458345394 -0.1346880410205074 -0.3034682334865272 0 0 0
0.0015151515151515152 0.37881947712055436 0.2956259789463464 -0.44189210352010344 0 0 0
0.0015151515151515152 -0.13979004658124247 0.4866563496062493 0.22577499377392385 0 0 0
0.0015151515151515152 0.622964395718645 0.09937657750952017 -0.26144618063887726 0 0 0
0.0015151515151515152 0.23126069189800158 0.40051904624103335 0.4177422772179714 0 0 0
0.0015151515151515152 0.0457129856095017 0.21760321566883517 -0.6320934439897989 0 0 0
0.0015151515151515152 -0.3881226630314441 0.49733914055750156 -0.09462692100806096 0 0 0
0.0015151515151515152 -0.2535467481022604 -0.4517393603416175 -0.24684931304799163 0 0 0
0.0015151515151515152 -0.5914360322955636 -0.343214364512594 -0.10988305527454187 0 0 0
0.0015151515151515152 0.5674107141254615 -0.1569487928642595 0.16520179215738925 0 0 0
0.0015151515151515152 -0.06180278721933176 -0.0558660782895646 0.18698451525883672 0 0 0
0.0015151515151515152 0.6203111198772944 0.23705862923466442 -0.09143001311705537 0 0 0
0.0015151515151515152 -0.3331932232071834 0.1381035889904833 -0.0625745915353556 0 0 0
0.0015151515151515152 0.34413865013787287 0.06415314174057457 0.38337880843779454 0 0 0
0.0015151515151515152 0.4908498816978507 0.23131384629268606 0.3220342832692221 0 0 0
0.0015151515151515152 0.171095614990388 -0.011630437418443601 -0.24508791341112876 0 0 0
0.0015151515151515152 -0.4162457723161187 0.03356035730492158 -0.1935520929331459 0 0 0
0.0015151515151515152 -0.2156900065188787 0.21613437820565942 0.15671928730967408 0 0 0
0.0015151515151515152 0.5906913286506048 -0.09682280921637879 0.08560126573444274 0 0 0
0.0015151515151515152 0.020368940549769912 0.1654080079196717 -0.5194527697227072 0 0 0
0.0015151515151515152 0.0005580020292297018 0.16322625039875563 0.5187229815209681 0 0 0
0.0015151515151515152 0.014388309553792764 -0.4050913086937896 -0.3113496403216916 0 0 0
0.0015151515151515152 0.5181221681947653 -0.03287346434810982 0.2770682712494305 0 0 0
0.0015151515151515152 -0.19979162995474803 -0.525375171997055 0.2903601001029013 0 0 0
0.0015151515151515152 -0.31264149277785974 -0.07152892202809605 -0.05320344077843497 0 0 0
0.0015151515151515152 -0.04064945786728344 0.36702113013099874 -0.30276488040671834 0 0 0
0.0015151515151515152 0.004125721662679754 -0.31365592346313875 0.10893505905413196 0 0 0
0.0015151515151515152 -0.16867770744052613 -0.30909819934855454 0.12981981122822145 0 0 0
0.0015151515151515152 0.42051801345277623 -0.34528122526853156 -0.36396921613523836 0 0 0
0.0015151515151515152 -0.012244486610807858 0.07562740380368796 0.5301553476335809 0 0 0
0.0015151515151515152 -0.4330453251597255 -0.16640757040583115 0.42938943113527034 0 0 0
0.0015151515151515152 0.17534289057724992 0.09882387481761253 0.446734935143343 0 0 0
0.0015151515151515152 0.15062400017402075 0.6291579011287317 -0.2018732042949214 0 0 0
0.0015151515151515152 0.03294148040373838 0.05936116054779199 0.6444804890274862 0 0 0
0.0015151515151515152 0.1594207670940298 -0.5445472010665579 0.025041922951786966 0 0 0
0.0015151515151515152 0.16576944058364879 0.1757432317834129 -0.08707979944091915 0 0 0
0.0015151515151515152 -0.11441350042720339 -0.25181021292527733 -0.36898125207488874 0 0 0
0.0015151515151515152 0.11575105054849315 0.11796045680768633 -0.45239060637466666 0 0 0
0.0015151515151515152 -0.007946590287286283 -0.3884406700095548 -0.13209034346477772 0 0 0
0.0015151515151515152 -0.5448849111076012 0.07568817865836956 0.08148804270183733 0 0 0
0.0015151515151515152 -0.08250869552251555 0.30614377976560175 0.38493743956176496 0 0 0
0.0015151515151515152 0.3789947525003411 0.2445189386191653 0.500909212681886 0 0 0
0.0015151515151515152 0.09367245948426296 -0.16006159033089934 0.03207247208078 0 0 0
0.0015151515151515152 -0.3006635193226008 0.23250280564280673 0.005319670781012259 0 0 0
0.0015151515151515152 0.06907593477714714 0.5764961958806152 0.10482138567580565 0 0 0
0.0015151515151515152 -0.3827257005802497 -0.022840346110070343 -0.42779551363634905 0 0 0
0.0015151515151515152 0.37750920287856843 0.13253939688870903 -0.3802542074124601 0 0 0
0.0015151515151515152 -0.14343294496444417 -0.33716726325012525 0.007413395117919905 0 0 0
0.0015151515151515152 -0.05232437310353941 -0.0344402087253858 0.6194084576380704 0 0 0
0.0015151515151515152 -0.14488660578882065 0.15325662981592014 0.07372678451333524 0 0 0
0.0015151515151515152 -0.21474732242396863 -0.1569070507449698 -0.4896061266643281 0 0 0
0.0015151515151515152 0.13161670429323702 0.4071171710062937 0.17200014522491444 0 0 0
0.0015151515151515152 -0.04311921171270984 -0.24614207031475588 0.6099778201546107 0 0 0
0.0015151515151515152 -0.1526202399896483 -0.6224063056739492 0.2015067596825056 0 0 0
0.0015151515151515152 -0.2879219468885556 0.47032719244511095 -0.24590450844095355 0 0 0
0.0015151515151515152 -0.26933614153463364 -0.16753878378646508 -0.6109097544770739 0 0 0
0.0015151515151515152 -0.5231906105488155 0.012563160106097997 0.2163835751466375 0 0 0
0.0015151515151515152 0.2765242744624009 0.17506959963512098 -0.3819693926359381 0 0 0
0.0015151515151515152 0.041357628559979626 0.44697450908311875 -0.2919586267288058 0 0 0
0.0015151515151515152 -0.05872021222802208 0.21365532902965806 0.4035515604541961 0 0 0
0.0015151515151515152 -0.03814747370386416 0.5218998073631533 0.1794526545526739 0 0 0
0.0015151515151515152 -0.3771209483491617 -0.029247150551694207 0.03296634438317696 0 0 0
0.0015151515151515152 -0.047856928532739006 0.17086482694455507 0.45262219466231957 0 0 0
0.0015151515151515152 0.21099129041310563 -0.4233182910823874 0.1108417783501003 0 0 0
0.0015151515151515152 -0.5103168996619786 -0.07557140223057841 0.22138399607105755 0 0 0
0.0015151515151515152 -0.46238316400110946 0.3550312637936799 0.15535035459442184 0 0 0
0.0015151515151515152 0.6436057953464034 0.14060471889689882 0.05436263174179427 0 0 0
0.0015151515151515152 0.08082988453161996 0.5200978252799481 -0.35744250988121534 0 0 0
0.0015151515151515152 0.22101376572244702 -0.2498889645841924 -0.08407211929376045 0 0 0
0.0015151515151515152 -0.31512369992916406 -0.1140545077583651 0.6040402563852987 0 0 0
0.0015151515151515152 0.5992755689315915 -0.04797923596624411 0.29075824584119153 0 0 0
0.0015151515151515152 0.39751725495050044 -0.4253636721719554 0.3358449533563227 0 0 0
0.0015151515151515152 0.10322918904357077 -0.05836150642612742 0.31877042053081356 0 0 0
0.0015151515151515152 -0.4012581393146474 -0.5019064195751849 0.1534280716960251 0 0 0
0.0015151515151515152 0.2807372940189186 -0.4133836662821152 -0.15605355614940125 0 0 0
0.0015151515151515152 0.49931848123916905 0.16314690789660888 0.42754618459599597 0 0 0
0.0015151515151515152 0.23311200535744014 0.1678184804288753 -0.10708955782863765 0 0 0
0.0015151515151515152 -0.3064149037314687 0.1754307261461091 -0.11236591592168943 0 0 0
0.0015151515151515152 0.16835612814275072 -0.09745528726936159 -0.579452008744539 0 0 0
0.0015151515151515152 -0.355263379883476 0.23957763328156623 -0.2851674582474955 0 0 0
0.0015151515151515152 0.3422254862491322 -0.010654899102870019 -0.39706161014149377 0 0 0
0.0015151515151515152 0.0037442979596591106 -0.5106322173959218 -0.27925507720203774 0 0 0
0.0015151515151515152 -0.2785503817272855 0.3882711588074177 0.0549818103720683 0 0 0
0.0015151515151515152 -0.3726678370351211 -0.3179972319312061 -0.1892282456695023 0 0 0
0.0015151515151515152 -0.451345718282283 -0.051044394617763174 0.3633459219360666 0 0 0
0.0015151515151515152 0.5170794921275912 -0.45901490107883436 -0.04783872582601857 0 0 0
0.0015151515151515152 -0.01877229183459799 -0.6137154148529549 0.1816317198357157 0 0 0
0.0015151515151515152 -0.41185891799395113 -0.044863619575013065 0.5406887554665689 0 0 0
0.0015151515151515152 -0.4561453449288099 -0.18432313277746207 -0.16200971873993322 0 0 0
0.0015151515151515152 0.34330576486423814 -0.16529172419938085 0.27246917474687 0 0 0
0.0015151515151515152 0.06227703373941691 0.6033649728668559 0.1441756418592417 0 0 0
0.0015151515151515152 0.5469945174723331 0.10183467394454307 0.05705694224431321 0 0 0
0.0015151515151515152 -0.15556177168894747 -0.21277849676745123 0.35437437213566325 0 0 0
0.0015151515151515152 -0.14475394627284605 0.3347419685056309 -0.5832853247680546 0 0 0
0.0015151515151515152 -0.3047171557043314 0.1367663982126018 0.42487896139353826 0 0 0
0.0015151515151515152 -0.43956135132733776 -0.26158685273796284 -0.04858062493975534 0 0 0
0.0015151515151515152 -0.503490521997799 -0.2110604059554711 0.1441476137571296 0 0 0
0.0015151515151515152 0.23464139808508666 -0.12121845124124468 -0.30302630138322517 0 0 0
0.0015151515151515152 0.18675559598620076 0.4006112981421012 -0.3237588336289402 0 0 0
0.0015151515151515152 -0.06651754734173214 -0.42173381053047754 -0.06439104290544405 0 0 0
0.0015151515151515152 0.11810182962416331 0.48104081147855343 -0.1396263892848905 0 0 0
0.0015151515151515152 -0.18229722189634523 0.5558185904893701 0.2961064319334862 0 0 0
0.0015151515151515152 0.35665585164683555 -0.12260993136024775 0.06746798359160498 0 0 0
0.0015151515151515152 -0.13884369940615854 0.5625666906160576 0.09315342182450642 0 0 0
0.0015151515151515152 -0.40632916072392145 0.306236470277313 -0.15112178280367541 0 0 0
0.0015151515151515152 -0.2470646308625907 -0.14143018885260744 0.16871967259865936 0 0 0
0.0015151515151515152 -0.2338927407366589 0.6135647659395036 0.09474592216243632 0 0 0
0.0015151515151515152 0.29390866953649253 0.16806138378467575 0.5109972261217302 0 0 0
0.0015151515151515152 -0.16588890804579184 0.5600480635725217 -0.11860134872304078 0 0 0
0.0015151515151515152 0.2909440293750627 -0.5784322645744133 -0.1413043123771922 0 0 0
0.0015151515151515152 -0.30596728700154546 -0.05101190494452744 -0.19437161521420662 0 0 0
0.0015151515151515152 0.009503983170540634 -0.05598749648174068 0.20954080283091542 0 0 0
0.0015151515151515152 0.35520224614565693 -0.001667154284057742 -0.3794524660263805 0 0 0
0.0015151515151515152 -0.2952004868046447 0.14446630386557183 0.5034779115025882 0 0 0
0.0015151515151515152 -0.5598723068988404 -0.39483152572635327 0.0598101116936006 0 0 0
0.0015151515151515152 -0.3449734298045865 0.2010499987372489 0.001623591726081011 0 0 0
0.0015151515151515152 -0.15514786678401982 0.21618895772321006 0.04864172930590478 0 0 0
0.0015151515151515152 0.010874579816323239 0.2731612029904722 0.11330979327470506 0 0 0
0.0015151515151515152 -0.376679113038028 -0.09336349030886198 -0.3860040155540534 0 0 0
0.0015151515151515152 -0.12343964244572171 -0.02213497766864046 -0.2324990835220379 0 0 0
0.0015151515151515152 0.12082234137673657 -0.33414675029253343 -0.24640745853138754 0 0 0
0.0015151515151515152 -0.010204527606832794 0.24846360284307575 0.5704958191340002 0 0 0
0.0015151515151515152 -0.49793730989662033 0.15790970525068354 -0.2619977699599117 0 0 0
0.0015151515151515152 -0.3206044439274979 -0.14748786980612777 -0.44639032116456734 0 0 0
0.0015151515151515152 0.6164305571358976 -0.30009957345946037 0.036683036640931914 0 0 0
0.0015151515151515152 0.18132507479612137 -0.5752671676108236 0.28350867374494193 0 0 0
0.0015151515151515152 -0.24062358266215472 -0.0902151119209241 -0.12085067327737344 0 0 0
0.0015151515151515152 -0.11823449387399287 -0.10404426888488202 -0.07781822885381558 0 0 0
0.0015151515151515152 0.3420388753758622 0.005747912535987133 -0.3385462479011236 0 0 0
0.0015151515151515152 -0.11874260660382961 0.46004525049312345 0.002797372342605798 0 0 0
0.0015151515151515152 -0.6074344718323667 0.11655642975642563 -0.08484550724402413 0 0 0
0.0015151515151515152 0.3393501523365863 -0.11239202598849352 -0.4990863103830311 0 0 0
0.0015151515151515152 0.004605892169286236 -0.21742449727422838 0.27011656261806405 0 0 0
0.0015151515151515152 -0.016215128057122788 0.036696652815962884 -0.6444637822683673 0 0 0
0.0015151515151515152 -0.007272617757456461 -0.31295588322708895 -0.4632761683851166 0 0 0
0.0015151515151515152 -0.41184561758183 -0.3128315645209601 -0.3921660133829833 0 0 0
0.0015151515151515152 -0.0948896439813982 -0.03599686490585057 0.40993905898329325 0 0 0
0.0015151515151515152 -0.08169455837810993 -0.2639916040494561 0.14042984413750784 0 0 0
0.0015151515151515152 -0.11943270049865803 0.15206662725967118 -0.564898554340346 0 0 0
0.0015151515151515152 0.3624435338665426 -0.022699932638234478 0.09054104207845193 0 0 0
0.0015151515151515152 -0.11195756536640016 -0.2161054843186641 -0.5281473405416753 0 0 0
0.0015151515151515152 -0.15080968268303974 0.010460789236097301 0.046041386978410925 0 0 0
0.0015151515151515152 -0.21830742214750587 -0.4634328935524065 -0.18697703325773715 0 0 0
0.0015151515151515152 0.090519975725557 -0.10660352871535153 0.45650510071385353 0 0 0
0.0015151515151515152 -0.4825416696416992 -0.2650607028494027 -0.16803594642690495 0 0 0
0.0015151515151515152 -0.5293743267302752 0.3202524838707168 0.1328866767451952 0 0 0
0.0015151515151515152 0.41019496944650885 0.060378395089709 -0.5333275134792258 0 0 0
0.0015151515151515152 -0.3987085374154059 0.034071518251677826 0.4407803609293315 0 0 0
0.0015151515151515152 -0.11408679644895187 0.211216884022936 -0.6013554509697847 0 0 0
0.0015151515151515152 0.27760287614188267 0.3846868128847386 0.15534639407040768 0 0 0
0.0015151515151515152 0.33898895037690807 0.379468619636831 0.0078202318890878 0 0 0
0.0015151515151515152 0.3408555460615208 0.25641885125874103 -0.1650426224641653 0 0 0
0.0015151515151515152 0.5661743626840708 0.3290780686780473 0.1498713269846393 0 0 0
0.0015151515151515152 -0.22570524140396545 -0.5106361132375319 -0.3697654379827296 0 0 0
0.0015151515151515152 -0.540774872094165 -0.15345303620130074 -0.28180669485113125 0 0 0
0.0015151515151515152 0.0991840697532562 0.13954574351880725 0.5329647510836689 0 0 0
0.0015151515151515152 -0.5142198300268157 -0.34230946792686434 -0.16587340818042468 0 0 0
0.0015151515151515152 -0.27458066983971835 -0.28571765669437865 -0.415218722005333 0 0 0
0.0015151515151515152 0.394596673527497 0.014171759319238912 -0.06827360809502277 0 0 0
0.0015151515151515152 -0.3247786655110271 -0.312408700350208 -0.1532121888983015 0 0 0
0.0015151515151515152 0.3935206187737222 0.17432560532754537 0.3534574787866334 0 0 0
0.0015151515151515152 0.06906812396216602 0.6022222716773147 -0.2978827817625175 0 0 0
0.0015151515151515152 0.04022114358774018 0.0646933413131417 0.46415056118141085 0 0 0
0.0015151515151515152 0.12978600672032276 0.18524276115901953 0.008762532487273026 0 0 0
0.0015151515151515152 0.6095718649322481 0.21330704534400935 0.02993102193529807 0 0 0
0.0015151515151515152 -0.037612401430815255 -0.33124974890211895 -0.43733306380095066 0 0 0
0.0015151515151515152 -0.16719010382986096 0.49238495339486105 0.35427140185330475 0 0 0
0.0015151515151515152 0.19108805508870863 -0.5669174867403848 0.1399585675508224 0 0 0
0.0015151515151515152 -0.22247327286305488 0.32452830233772295 -0.46051918409611736 0 0 0
0.0015151515151515152 -0.14328948472722441 0.11279796173326409 -0.2471424333049453 0 0 0
0.0015151515151515152 -0.4264011599716926 -0.366459590163515 0.22572837170882992 0 0 0
0.0015151515151515152 -0.3813283488753203 0.013104227418611383 0.08503925972479223 0 0 0
0.0015151515151515152 0.06995317953951713 0.4790460429644706 0.28957156343453433 0 0 0
0.0015151515151515152 -0.26344864283996816 0.04851292209405996 0.18392289181254323 0 0 0
0.0015151515151515152 0.3600357927598775 -0.1542339624602959 0.4577322933238627 0 0 0
0.0015151515151515152 0.5694975393828425 -0.1363408786231409 0.3053064350501128 0 0 0
0.0015151515151515152 -0.005916039645555088 0.2555136117696339 -0.39490712539954 0 0 0
0.0015151515151515152 -0.29125952897219864 -0.334052433034934 0.47838246159047204 0 0 0
0.0015151515151515152 -0.20725522863865625 0.5037387339030164 0.10573112897853738 0 0 0
0.0015151515151515152 0.18521714553206217 0.6049512282009285 -0.27105427878250515 0 0 0
0.0015151515151515152 -0.3592391851995448 -0.4126503472969883 -0.24595869220128222 0 0 0
0.0015151515151515152 0.19125829631030214 0.42212982431159696 -0.12265347056226504 0 0 0
0.0015151515151515152 -0.21089607304877134 -0.11762207308108809 -0.08835032289049403 0 0 0
0.0015151515151515152 -0.5052527856977448 -0.0863237807116779 0.4133548039277405 0 0 0
0.0015151515151515152 0.5585279710780182 0.29744577174075076 0.01996148755390973 0 0 0
0.0015151515151515152 -0.5799234695792801 0.15448475660881764 -0.14930634648430288 0 0 0
0.0015151515151515152 0.24590161027579768 -0.04114196472480946 0.43359824283733944 0 0 0
0.0015151515151515152 0.1995389919927341 0.36230857400657696 0.2700817249279086 0 0 0
0.0015151515151515152 0.15025779000418438 0.10959366766092933 -0.31872209265741486 0 0 0
0.0015151515151515152 0.18614276183670161 -0.5260971465604045 -0.34410233889214514 0 0 0
0.0015151515151515152 0.35734880070789216 -0.16119194447579233 0.5510739801726702 0 0 0
0.0015151515151515152 0.08522228550553207 0.3407743082886295 0.3258324658476377 0 0 0
0.0015151515151515152 0.21262336828066267 -0.09164251489287914 -0.28335542068136615 0 0 0
0.0015151515151515152 0.2343834703696672 0.5947586804784322 -0.21374074140318453 0 0 0
0.0015151515151515152 0.5927962040277736 -0.04970135571845055 0.2671864922844367 0 0 0
0.0015151515151515152 0.23035106694613566 -0.3917889861897344 0.0367846298309296 0 0 0
0.0015151515151515152 -0.3842371520367657 -0.3062811270108379 -0.28295321851770594 0 0 0
0.0015151515151515152 0.09295966680275906 0.5454346266301042 -0.33863525781501747 0 0 0
0.0015151515151515152 -0.32069298333603047 -0.05356342070820726 0.5182228072036429 0 0 0
0.0015151515151515152 0.16239051150635428 0.30211931175687184 0.09215927557256783 0 0 0
0.0015151515151515152 -0.15669089016956414 0.37138470383494376 -0.1886910658970773 0 0 0
0.0015151515151515152 -0.010119854451915728 0.006837936104681607 0.6353256705857244 0 0 0
0.0015151515151515152 0.3662917122299495 -0.0644760194987044 0.361868170247045 0 0 0
