770
0
0.0012987012987012987 -0.0016024890635205724 0.6238041376483824 -0.17383920452088694 0 0 0
0.0012987012987012987 -0.5052188195592217 -0.425403121857966 0.17026492647376534 0 0 0
0.0012987012987012987 0.1494402298836253 -0.2813263005802833 -0.09217219960023781 0 0 0
0.0012987012987012987 0.03350409008736551 0.025710933019865646 -0.0806608687295087 0 0 0
0.0012987012987012987 -0.17219857130109112 0.24763426194524674 -0.5503369819970324 0 0 0
0.0012987012987012987 -0.3028906116471408 0.1328811950407804 -0.016850247649816623 0 0 0
0.0012987012987012987 -0.4737275017517603 -0.22761616237187363 0.05949077968262615 0 0 0
0.0012987012987012987 -0.6028997115899004 0.04880710924224133 -0.11054060640892396 0 0 0
0.0012987012987012987 0.2501145258026055 0.26756215795158905 -0.1785794887369916 0 0 0
0.0012987012987012987 0.15439594128744466 0.029779266461159755 0.20243175790414583 0 0 0
0.0012987012987012987 0.3430699684143522 -0.40714506109229065 -0.08874346563666563 0 0 0
0.0012987012987012987 -0.26413461983817477 0.40684615661842227 -0.3279702860684899 0 0 0
0.0012987012987012987 -0.30486242820036913 0.39960835606567896 0.04838142332712177 0 0 0
0.0012987012987012987 -0.1060749582087297 0.0339817726820557 0.49591805958570895 0 0 0
0.0012987012987012987 -0.5087735001468446 -0.001839669667349136 -0.35086154805790865 0 0 0
0.0012987012987012987 -0.1794464597025254 0.5528112439783907 0.007232094686391668 0 0 0
0.0012987012987012987 -0.1533366003009301 0.654281970773291 0.09811398060514215 0 0 0
0.0012987012987012987 0.25440714505423756 -0.5825882053718219 -0.08242676669057279 0 0 0
0.0012987012987012987 0.24414086638656257 0.19510341741702555 0.04203727583709545 0 0 0
0.0012987012987012987 -0.13746118573529537 0.14278145929312103 0.19866565408623502 0 0 0
0.0012987012987012987 0.4441377647125391 -0.291953361696467 -0.22127212635010052 0 0 0
0.0012987012987012987 -0.3414696611344978 0.07383007389774413 0.4105297208448653 0 0 0
0.0012987012987012987 0.2637387181578323 -0.04750582161596623 0.015067313632557632 0 0 0
0.0012987012987012987 0.08051476017952006 -0.6221326093078207 -0.2673808667063759 0 0 0
0.0012987012987012987 0.4105678829586787 0.4737327280093593 0.20943302712035372 0 0 0
0.0012987012987012987 0.1571288412548874 -0.12495001995831483 0.5153179493205929 0 0 0
0.0012987012987012987 0.4433793783941122 0.12266491458237214 -0.4869259338691009 0 0 0
0.0012987012987012987 -0.20294094201435672 0.25265587904599135 -0.3403067641022138 0 0 0
0.0012987012987012987 -0.3125053535519661 0.4504174983816302 -0.18416731637474174 0 0 0
0.0012987012987012987 -0.10492840287114624 -0.10084778576034925 0.27569540412433097 0 0 0
0.0012987012987012987 -0.5032775780784662 -0.47137592773173514 -0.02907210600034158 0 0 0
0.0012987012987012987 0.23141093472513286 -0.5149097988854324 0.10402937783782289 0 0 0
0.0012987012987012987 -0.23273309715330678 -0.1117455626915502 0.5333979198797921 0 0 0
0.0012987012987012987 -0.1041538980627242 0.28401084350332384 -0.38700455036729847 0 0 0
0.0012987012987012987 0.10445776938538837 0.5309930179583165 0.2996587727315698 0 0 0
0.0012987012987012987 0.11162284610702569 0.20535593897096532 -0.37699945512441074 0 0 0
0.0012987012987012987 0.04658411524128611 -0.6096292331499129 0.09787718657797734 0 0 0
0.0012987012987012987 0.2996177574137085 0.21837643826874317 -0.28717194576246535 0 0 0
0.0012987012987012987 -0.03642522982852852 0.34238819321861447 0.4532448634838613 0 0 0
0.0012987012987012987 -0.5735354131568948 0.21303082136132617 0.2939322346319275 0 0 0
0.0012987012987012987 0.04774719963755312 -0.3128122470507573 -0.6003111875175667 0 0 0
0.0012987012987012987 -0.29108182049052855 0.10052387288080608 0.14114081684931987 0 0 0
0.0012987012987012987 -0.4207324350220959 -0.02590032067587182 -0.3346463097336325 0 0 0
0.0012987012987012987 -0.3639830927964913 -0.36781064342011316 -0.3064632481393401 0 0 0
0.0012987012987012987 0.4725169106533321 0.4971314096936969 -0.04849641256090149 0 0 0
0.0012987012987012987 0.04945853299789265 -0.2578352067712712 0.5665125494901921 0 0 0
0.0012987012987012987 -0.37901269033829393 -0.18845180891657234 -0.21968835146977467 0 0 0
0.0012987012987012987 -0.08821505801840074 0.11439503005030889 0.3144160146993763 0 0 0
0.0012987012987012987 -0.2827308117903166 -0.07512527392453103 0.14554334961871138 0 0 0
0.0012987012987012987 0.0792568995507935 0.37950231214239455 0.4715658998780364 0 0 0
0.0012987012987012987 0.0049132187842411855 -0.23220653428533167 0.2514480317969045 0 0 0
0.0012987012987012987 0.12574054657521508 0.3136244963826113 -0.4834930713123678 0 0 0
0.0012987012987012987 0.1514915449248501 -0.055809883684412635 0.32481070974780435 0 0 0
0.0012987012987012987 -0.3114501537235974 -0.0021549263470867163 0.28403375018084154 0 0 0
0.0012987012987012987 0.09421693091772178 -0.2295191762498984 0.5301126985330178 0 0 0
0.0012987012987012987 0.2792032936525178 0.4210081429178095 0.46579550984802576 0 0 0
0.0012987012987012987 0.394741226293105 -0.18450667614147429 0.0634548005086062 0 0 0
0.0012987012987012987 -0.5315933447326341 0.009935408675674698 0.015213676704981378 0 0 0
0.0012987012987012987 0.1924998289578016 0.4243217624947887 0.15115637310080507 0 0 0
0.0012987012987012987 0.16727621541096127 0.3622497493983466 -0.4975131575147734 0 0 0
0.0012987012987012987 -0.13988875968586495 -0.49711253970029584 -0.08799020903410527 0 0 0
0.0012987012987012987 0.4369791569578104 -0.2521327778377945 -0.20219766435377487 0 0 0
0.0012987012987012987 0.20562253510389175 0.11937671832658288 0.5579843035768925 0 0 0
0.0012987012987012987 -0.19697448838285644 -0.08861713102574423 -0.263467061237266 0 0 0
0.0012987012987012987 0.462678428737285 0.23495654013780037 0.24647757721390737 0 0 0
0.0012987012987012987 -0.4388712076543067 -0.08337740471244877 -0.3314169821359877 0 0 0
0.0012987012987012987 0.517131943007326 -0.10628802935521664 0.19513069455616722 0 0 0
0.0012987012987012987 -0.19433213702937377 -0.11809467603194257 -0.1931814951099498 0 0 0
0.0012987012987012987 0.026647436971557203 -0.3871980299316274 0.4822547831019636 0 0 0
0.0012987012987012987 -0.21856263617913202 -0.025427711972530482 0.40091316237930075 0 0 0
0.0012987012987012987 0.067703611524556 0.3127175604168729 0.3529387992923092 0 0 0
0.0012987012987012987 -0.37549158256576143 0.5590469212882034 -0.07793094518793318 0 0 0
0.0012987012987012987 -0.3671470038390066 -0.2649168088979655 -0.13713261736729443 0 0 0
0.0012987012987012987 -0.020584547873603327 -0.0023581872669265866 0.12120730580963414 0 0 0
0.0012987012987012987 0.25374734206404315 0.3800971432922498 0.31579674962710214 0 0 0
0.0012987012987012987 -0.09187560852383671 -0.33574762359258087 -0.03866429003773609 0 0 0
0.0012987012987012987 0.07271808160722423 0.6011815086407022 0.25969957024057516 0 0 0
0.0012987012987012987 0.3886482110455636 0.2399072571271651 0.5026593424607144 0 0 0
0.0012987012987012987 0.6169899118467902 -0.11442113162440262 0.012813537161961767 0 0 0
0.0012987012987012987 -0.09355939259452943 0.28509741299875224 0.4654723513398885 0 0 0
0.0012987012987012987 0.22506391283977145 0.47546200312292325 -0.2468147949066924 0 0 0
0.0012987012987012987 0.2770500343890461 0.42853174021831436 0.22988718473859768 0 0 0
0.0012987012987012987 -0.23352881170145548 0.12323370061076183 -0.11753832946224893 0 0 0
0.0012987012987012987 -0.17143602870356286 -0.33444646631620123 0.22376765276999613 0 0 0
0.0012987012987012987 0.04386704697698705 0.2411551133455858 0.13199621195724884 0 0 0
0.0012987012987012987 0.17025646971278666 -0.003942538875249134 -0.07847627009424417 0 0 0
0.0012987012987012987 0.41561930914256223 0.44892812886728894 -0.008739644178670465 0 0 0
0.0012987012987012987 -0.5695544307561375 0.0049338751374485975 -0.21432005225381776 0 0 0
0.0012987012987012987 -0.008798934925710591 0.35343734162441875 0.21819471033088733 0 0 0
0.0012987012987012987 0.24024283806906666 -0.30977099480165954 -0.28955638160741426 0 0 0
0.0012987012987012987 -0.5743090741653032 -0.09408159179025587 0.17120687760308584 0 0 0
0.0012987012987012987 -0.45952232063733456 -0.24985086089083725 -0.010185193407880709 0 0 0
0.0012987012987012987 0.3863566080054478 -0.11671281389788664 -0.10127434043391872 0 0 0
0.0012987012987012987 0.2895407413840931 -0.313614609699381 0.21954436707022634 0 0 0
0.0012987012987012987 -0.02147326556941809 0.5208974330899827 -0.3005806663969426 0 0 0
0.0012987012987012987 0.3781011623307226 0.015634225769010225 -0.1627624204927799 0 0 0
0.0012987012987012987 -0.38866394073871147 0.20793672343271175 -0.4069340664397357 0 0 0
0.0012987012987012987 0.2805386052150028 -0.014510182175766438 0.15226712827814476 0 0 0
0.0012987012987012987 -0.2592364043371621 -0.16400398751730777 0.4750730909319678 0 0 0
0.0012987012987012987 0.2598987634064488 0.006095143999983202 0.3195649729220624 0 0 0
0.0012987012987012987 -0.34280832426258484 0.4191567810043135 -0.322929006511755 0 0 0
0.0012987012987012987 0.03742586241099203 0.4626851705956382 0.4766456271416994 0 0 0
0.0012987012987012987 0.2982037901463711 0.0030857169931825224 -0.14362352242564314 0 0 0
0.0012987012987012987 0.626128512891264 0.24168117675699186 -0.06704491537751901 0 0 0
0.0012987012987012987 0.6005085783984235 -0.2649141900817826 -0.025504773758043976 0 0 0
0.0012987012987012987 -0.264605295381764 0.33820163070768494 -0.041002703202133825 0 0 0
0.0012987012987012987 0.4791795575051322 0.4310538286879963 -0.22917468546555136 0 0 0
0.0012987012987012987 0.0855184294879484 0.21107363611874727 -0.15604270385254307 0 0 0
0.0012987012987012987 0.10655946165294167 -0.3538591056115433 -0.28265910359718754 0 0 0
0.0012987012987012987 -0.10568016488200341 -0.22584679218965453 -0.5757244347890883 0 0 0
0.0012987012987012987 0.5783635223418853 0.09587844596419404 0.009142335528546304 0 0 0
0.0012987012987012987 0.5322716228418037 -0.20361110145203684 0.055890976340895356 0 0 0
0.0012987012987012987 -0.22685916237730774 0.2625357573172979 -0.30961734849735695 0 0 0
0.0012987012987012987 -0.10582423441001577 -0.03423144922826054 -0.40232189311121125 0 0 0
0.0012987012987012987 0.09344957357232997 0.413056417718366 0.22288544973078112 0 0 0
0.0012987012987012987 0.14084900278964618 -0.27784889029876764 -0.0038682824138910905 0 0 0
0.0012987012987012987 0.09675519887370984 0.648110697296683 0.04033968289100154 0 0 0
0.0012987012987012987 0.3732414576584236 0.34711950543380576 0.11291116807390779 0 0 0
0.0012987012987012987 -0.07662494741087224 0.41035122853943795 0.04208840103421628 0 0 0
0.0012987012987012987 -0.1645170137565126 0.018123888158364822 0.48527186934248784 0 0 0
0.0012987012987012987 0.12830686259115848 0.5996617358721569 0.06467720293198806 0 0 0
0.0012987012987012987 -0.24509423354355142 0.3445031681201993 0.3438015741188036 0 0 0
0.0012987012987012987 0.3627211767564254 0.10083203121051686 -0.5317380599600997 0 0 0
0.0012987012987012987 -0.24356486850118256 0.3562417658691105 0.05007245217277038 0 0 0
0.0012987012987012987 0.4254277819053664 0.23926443038049744 -0.015747512826717294 0 0 0
0.0012987012987012987 -0.43193033166833383 0.003202504587274118 0.5155890294561493 0 0 0
0.0012987012987012987 0.5463511404457149 -0.18661607646598966 -0.17787239977530395 0 0 0
0.0012987012987012987 0.28686186729050156 0.610634206572426 -0.09918071210831167 0 0 0
0.0012987012987012987 -0.639960691680339 -0.052881311303001256 -0.11679537066150905 0 0 0
0.0012987012987012987 0.615271499661513 0.016436026276680133 0.19354774996943205 0 0 0
0.0012987012987012987 -0.31042481861271454 0.2566602621719551 -0.26187482454557426 0 0 0
0.0012987012987012987 -0.14669776697514106 -0.05450357767970866 -0.5786146998433196 0 0 0
0.0012987012987012987 -0.3696489757161722 -0.03520889163481466 -0.05700301206414384 0 0 0
0.0012987012987012987 -0.5460522783712717 0.33250674880835934 0.254580085323878 0 0 0
0.0012987012987012987 0.2204678014912155 -0.07479836532668158 -0.18223224991934195 0 0 0
0.0012987012987012987 -0.08774758338760195 0.012463788721130796 0.0621374836891661 0 0 0
0.0012987012987012987 0.007747764017013275 0.0764585138920205 -0.46732415562388296 0 0 0
0.0012987012987012987 -0.5007556137090384 -0.038578441184507914 -0.27005998392078984 0 0 0
0.0012987012987012987 0.14158153630347536 0.08090557787851381 -0.559844412606012 0 0 0
0.0012987012987012987 0.4677937686082883 -0.1555629531821369 0.3545084709474174 0 0 0
0.0012987012987012987 -0.015695025463876792 0.43926000527460707 -0.006161028300609506 0 0 0
0.0012987012987012987 0.45739286981980304 0.08169572897106946 0.03777323963437122 0 0 0
0.0012987012987012987 0.28782091466747284 -0.25472548297835274 -0.5451172240632188 0 0 0
0.0012987012987012987 0.2156930525503969 0.018143878290442464 0.26206516053288714 0 0 0
0.0012987012987012987 0.19824305161240804 -0.24855850485753425 0.6019135477438199 0 0 0
0.0012987012987012987 -0.165437228860027 -0.014881651771237955 -0.3154282501618631 0 0 0
0.0012987012987012987 -0.36953959273249953 -0.4645710350726565 -0.08441001653273758 0 0 0
0.0012987012987012987 0.12070523909656299 0.021502131030630298 -0.32074365394275484 0 0 0
0.0012987012987012987 -0.4547544899187879 0.12492192321420414 0.17773113974433422 0 0 0
0.0012987012987012987 -0.05846138339986951 0.18310258730195042 0.19113509259458203 0 0 0
0.0012987012987012987 0.3127816414039781 -0.10515723028894683 0.5320808774926791 0 0 0
0.0012987012987012987 0.023928774950000294 -0.5097149687280901 0.21788829108114596 0 0 0
0.0012987012987012987 0.4574254285890647 0.002311139050595169 0.3513360667994354 0 0 0
0.0012987012987012987 -0.022412946559315944 -0.4455915134506954 0.08285401981374989 0 0 0
0.0012987012987012987 0.2699898630467914 -0.4736692553379038 0.0981629161117516 0 0 0
0.0012987012987012987 0.015821288447043863 0.20115226514244697 0.21674572381098517 0 0 0
0.0012987012987012987 -0.03396125820495436 -0.0068633631406412555 0.10467770005087941 0 0 0
0.0012987012987012987 -0.19032095576675787 0.5226844897234657 -0.40759864261932394 0 0 0
0.0012987012987012987 0.3358931875451566 -0.4620052134775829 0.05060629251854728 0 0 0
0.0012987012987012987 0.4784838278364917 0.18773463256214587 0.22009115565111737 0 0 0
0.0012987012987012987 -0.234996496948456 0.15097720026787118 -0.17119960315274477 0 0 0
0.0012987012987012987 -0.32324570400437425 0.06426982822756976 -0.37278570918387677 0 0 0
0.0012987012987012987 -0.20543366317002804 0.2367605445212735 -0.3045881721142547 0 0 0
0.0012987012987012987 -0.23791856320041707 -0.27157279479868307 0.2893198767129126 0 0 0
0.0012987012987012987 -0.11932119097604824 0.1462496424723189 -0.24084165617330658 0 0 0
0.0012987012987012987 0.4725886606932975 0.05568443584402234 -0.13662512149356543 0 0 0
0.0012987012987012987 -0.13467300425714293 -0.202467627008013 -0.5976651039884103 0 0 0
0.0012987012987012987 -0.1640279843683594 -0.2363994259561191 0.2087139797403606 0 0 0
0.0012987012987012987 -0.06448407669588199 0.3645638802891612 0.5517456145636741 0 0 0
0.0012987012987012987 0.22936009961280915 -0.5590856289209858 0.3021343682542255 0 0 0
0.0012987012987012987 0.31081492653059933 -0.31610568066418815 -0.030821131966616486 0 0 0
0.0012987012987012987 0.0003131683683475875 0.4453634545314948 -0.3262767683854082 0 0 0
0.0012987012987012987 0.4807845067200348 -0.11353853472718406 -0.4551391467854776 0 0 0
0.0012987012987012987 0.5810442929421259 -0.20133790406669705 0.30831521038686394 0 0 0
0.0012987012987012987 0.09553969154226599 0.6237454686424297 -0.11539667439551521 0 0 0
0.0012987012987012987 0.11903549336000421 -0.04726807380588349 0.008273789388984347 0 0 0
0.0012987012987012987 0.24876482261198934 -0.5770993614894944 -0.05893720481671807 0 0 0
0.0012987012987012987 -0.5887555959982874 -0.08761968062099021 0.33254091072845865 0 0 0
0.0012987012987012987 0.018138205690548245 -0.6222464131423449 0.08072969262915165 0 0 0
0.0012987012987012987 0.6440397289018711 0.1480997063004318 -0.07407474086515872 0 0 0
0.0012987012987012987 0.3822133536146576 -0.4804980280324409 0.3072821262899441 0 0 0
0.0012987012987012987 0.6162689506896286 0.1673388196966692 -0.2403412586824775 0 0 0
0.0012987012987012987 -0.08730467826256325 0.12400325227567789 -0.34548177678565656 0 0 0
0.0012987012987012987 -0.2631860906936013 0.545855287446894 0.16094289148237703 0 0 0
0.0012987012987012987 -0.48635790345328184 -0.05472225138896276 0.42531943676670086 0 0 0
0.0012987012987012987 0.035859389159539234 0.2456272041910293 0.515951712308785 0 0 0
0.0012987012987012987 0.11591380900863554 0.1125145843649418 -0.41559967859797936 0 0 0
0.0012987012987012987 0.21344169946947825 0.3251955047316455 0.5735699152122515 0 0 0
0.0012987012987012987 -0.24878663595263983 -0.10975096071504818 0.4705081233916584 0 0 0
0.0012987012987012987 0.3441389829779003 0.4521893805080057 0.15185532497764154 0 0 0
0.0012987012987012987 -0.4133510959727082 0.008748653857822556 -0.12365826026514909 0 0 0
0.0012987012987012987 0.09848089480445349 0.06301234377690598 0.15609408310969525 0 0 0
0.0012987012987012987 0.0713964874796731 0.3489016149785133 -0.3474423884971024 0 0 0
0.0012987012987012987 -0.08996968103338314 0.214800971758761 -0.5517027767539212 0 0 0
0.0012987012987012987 0.05920431798613318 0.3536560072005777 0.4690572665953539 0 0 0
0.0012987012987012987 0.34540750896453726 0.35302099905236833 0.21741905155966545 0 0 0
0.0012987012987012987 -0.06746432066006729 -0.38341618948346085 -0.35145121233954596 0 0 0
0.0012987012987012987 -0.5400233832898788 0.003500619615961067 -0.0774618681747972 0 0 0
0.0012987012987012987 0.037778232465144855 0.10219391130428242 0.5642370939012138 0 0 0
0.0012987012987012987 -0.028065275301287742 0.07618410338397508 -0.027356873949539087 0 0 0
0.0012987012987012987 0.11181342679301463 0.27536038986061667 0.18436860142346037 0 0 0
0.0012987012987012987 -0.30245324334838164 -0.13690503516760996 -0.3718506329496027 0 0 0
0.0012987012987012987 0.35767728988486536 0.524718137973279 0.21133316617521078 0 0 0
0.0012987012987012987 0.21267449288752138 0.36060732387809696 -0.4300414519417818 0 0 0
0.0012987012987012987 -0.07675282310534985 -0.22218227077357536 0.25690668758683377 0 0 0
0.0012987012987012987 -0.5143670563460577 0.077029977610177 0.2974002823646862 0 0 0
0.0012987012987012987 -0.4692396409336832 0.33419150495228245 0.027369684246197745 0 0 0
0.0012987012987012987 -0.1689454682986952 0.2817226827128693 0.5820785673755707 0 0 0
0.0012987012987012987 -0.5352172487033078 0.15580241812724402 -0.3232493134522532 0 0 0
0.0012987012987012987 -0.42259579941767417 -0.30272386022047676 -0.23717956059886655 0 0 0
0.0012987012987012987 -0.2379310382652002 -0.28106947068688687 0.17120612353845446 0 0 0
0.0012987012987012987 -0.6086758721923198 0.12054820261866789 0.15221420549790352 0 0 0
0.0012987012987012987 -0.1580697811714342 0.024654958253790573 -0.04367601754481965 0 0 0
0.0012987012987012987 0.13963641161624277 0.19096770330304313 -0.13629953975075235 0 0 0
0.0012987012987012987 0.21812430609205138 -0.10684011643971915 -0.4813423552469743 0 0 0
0.0012987012987012987 0.41905981596294145 -0.45197420240707004 -0.11647150964427418 0 0 0
0.0012987012987012987 0.3935069707262559 0.46418294209143734 0.28048210621769387 0 0 0
0.0012987012987012987 -0.10019716854509211 -0.592232552622385 0.28361999136610594 0 0 0
0.0012987012987012987 -0.1584582150494661 -0.3032072301164204 0.2298145382407272 0 0 0
0.0012987012987012987 -0.2186784916219143 -0.5192099841668386 -0.03689107219710083 0 0 0
0.0012987012987012987 -0.6326777880223418 -0.047051902646053044 -0.260232852795739 0 0 0
0.0012987012987012987 0.5296024067699103 0.28881848844337493 0.13451801434784683 0 0 0
0.0012987012987012987 0.1683074387940459 0.31656116267505446 0.12663685594439889 0 0 0
0.0012987012987012987 0.11299206481172228 -0.5076111849374207 -0.32838247863933545 0 0 0
0.0012987012987012987 -0.5265956586156163 0.36158127415594776 -0.189466445423273 0 0 0
0.0012987012987012987 0.11963948473317679 -0.4200825923994282 0.17043813752448178 0 0 0
0.0012987012987012987 -0.005983544565036991 -0.28755257229141573 -0.45691998164908815 0 0 0
0.0012987012987012987 0.5451330944740371 0.086267272125588 -0.15030459352486109 0 0 0
0.0012987012987012987 -0.35184550075255827 -0.5562769971897357 0.0718495100992505 0 0 0
0.0012987012987012987 -0.25520830808709105 0.10933487526722963 0.3176364817910574 0 0 0
0.0012987012987012987 0.13579667837779913 -0.2473622653097081 0.5849901330298893 0 0 0
0.0012987012987012987 0.012260688216492982 0.10691075093734866 0.30990112885943466 0 0 0
0.0012987012987012987 -0.6074240468934461 0.07807216425509714 0.07350574123344868 0 0 0
0.0012987012987012987 0.28977974277654495 -0.20956226004967318 -0.3826849567512583 0 0 0
0.0012987012987012987 0.2596995370569065 0.5366966319731283 0.1866506140995954 0 0 0
0.0012987012987012987 0.5485603595263802 -0.2414901286820993 -0.08581434142327123 0 0 0
0.0012987012987012987 -0.27465162016098904 -0.3599781165376776 -0.013842304913193203 0 0 0
0.0012987012987012987 -0.6202079840772052 -0.05478434435975759 -0.258800468182841 0 0 0
0.0012987012987012987 0.35050248052137795 -0.36074181421097024 -0.23257371193627432 0 0 0
0.0012987012987012987 0.3771454877028763 0.20073571027855402 -0.2771473642595458 0 0 0
0.0012987012987012987 0.414090615993341 0.380973098780122 -0.10366862095709298 0 0 0
0.0012987012987012987 0.04860415900435846 0.307445939973077 -0.4266042859567539 0 0 0
0.0012987012987012987 -0.3311858326348787 -0.29724582154960844 0.05395317592566237 0 0 0
0.0012987012987012987 -0.3909629956872157 -0.4874598266015097 -0.258231760164226 0 0 0
0.0012987012987012987 -0.6509743811660785 0.0671202164487729 -0.19795857300424108 0 0 0
0.0012987012987012987 0.27795505428761574 0.4363732490807819 0.19397437135257395 0 0 0
0.0012987012987012987 -0.20951278853196534 0.3418610879074418 -0.48973100371405326 0 0 0
0.0012987012987012987 -0.22437924129915882 -0.5050911460797481 0.12722497518128764 0 0 0
0.0012987012987012987 0.3802334353674872 0.01206730608791391 -0.4130151834761295 0 0 0
0.0012987012987012987 -0.06166087278262647 0.12966517478316614 -0.1759098758936133 0 0 0
0.0012987012987012987 0.4863796834065927 -0.09951227288984918 -0.019987052642945913 0 0 0
0.0012987012987012987 -0.2396406468481332 -0.19371992777730482 0.08020031172465007 0 0 0
0.0012987012987012987 0.045373137848958876 -0.030634568237676216 0.457975259566856 0 0 0
0.0012987012987012987 0.31784407614906257 0.37552684812457504 -0.0938267129576403 0 0 0
0.0012987012987012987 0.378074106596337 0.13535646918964336 -0.08832515288006221 0 0 0
0.0012987012987012987 -0.3579213721452612 0.37257503812868475 -0.020399418793467277 0 0 0
0.0012987012987012987 -0.012068752094696723 -0.5400245259559224 -0.13036053147659624 0 0 0
0.0012987012987012987 0.4180457868187224 0.027329188670764896 0.044138011505989415 0 0 0
0.0012987012987012987 -0.5756814530052984 -0.1256167363842632 -0.22691074415398788 0 0 0
0.0012987012987012987 -0.10176719390363055 0.25401560440490223 -0.1404584056922523 0 0 0
0.0012987012987012987 0.3430846019463833 0.17175918267452628 -0.5277892509854287 0 0 0
0.0012987012987012987 -0.4366350619698474 0.38256960407357327 -0.22607369527105234 0 0 0
0.0012987012987012987 -0.4596396627554251 0.3443936055235855 -0.07878830764082655 0 0 0
0.0012987012987012987 0.44365578860518046 0.2814014539953213 0.0578365982710323 0 0 0
0.0012987012987012987 0.2412934767336951 -0.22130158322936822 -0.5892448194305434 0 0 0
0.0012987012987012987 -0.09728424562765395 0.3790300924610865 -0.010602049468607851 0 0 0
0.0012987012987012987 -0.37306585747150217 -0.17303188317873255 -0.07663698201757407 0 0 0
0.0012987012987012987 -0.17160751161004034 0.5615295186841918 -0.009169595862077991 0 0 0
0.0012987012987012987 0.04731785571140664 -0.1691491922934779 0.6471945182739771 0 0 0
0.0012987012987012987 0.09469174170981665 -0.5711454247409267 0.3214699729583371 0 0 0
0.0012987012987012987 -0.032160240805408434 -0.3105990245689237 -0.5502550254008785 0 0 0
0.0012987012987012987 -0.11631190150012428 0.3464233580410199 -0.31239903045830214 0 0 0
0.0012987012987012987 -0.02627086348134382 0.15296468206641264 0.48640471520425804 0 0 0
0.0012987012987012987 0.056038127142367555 -0.32225231441904795 -0.15559851836234326 0 0 0
0.0012987012987012987 -0.058985796625325625 0.46152789256439525 -0.23512029624077266 0 0 0
0.0012987012987012987 0.08947967981530233 0.4000603828038055 -0.4575122440287727 0 0 0
0.0012987012987012987 -0.17531056654840724 -0.38004743621149756 -0.05302774574685153 0 0 0
0.0012987012987012987 0.2332318857363598 -0.05735596865519929 -0.49513648997981174 0 0 0
0.0012987012987012987 -0.2557566140262533 0.5420857549210981 -0.24683868147876653 0 0 0
0.0012987012987012987 -0.06718507293767272 0.42422524254894206 -0.20693710459487352 0 0 0
0.0012987012987012987 0.0029477341890206893 0.004939844069225632 0.60552344236569 0 0 0
0.0012987012987012987 0.10009593797702754 0.32980996323041695 0.07276105231699036 0 0 0
0.0012987012987012987 -0.3797961071701316 -0.012956355693188754 0.038530766464487595 0 0 0
0.0012987012987012987 -0.09571331504506563 0.23611671432046932 0.1084388039804266 0 0 0
0.0012987012987012987 -0.006836863849760674 -0.1859675516859475 0.5543632854445938 0 0 0
0.0012987012987012987 -0.04211480417050867 -0.5056099118039648 -0.04550897824708855 0 0 0
0.0012987012987012987 -0.03591619762412386 -0.03578147891378267 0.390199907034513 0 0 0
0.0012987012987012987 -0.44733291015879784 0.27457129025185223 0.21574766854136432 0 0 0
0.0012987012987012987 -0.4776540061147682 -0.0011426389372369943 0.23624237480237675 0 0 0
0.0012987012987012987 -0.12504122926234112 -0.278627886782095 -0.6183499790488725 0 0 0
0.0012987012987012987 0.1845328044156735 -0.05347885606829511 -0.5018325609686757 0 0 0
0.0012987012987012987 0.12084832293505687 -0.3413913291234375 -0.04069840865627888 0 0 0
0.0012987012987012987 0.2364889482697026 0.5239967980869985 0.09521623622022288 0 0 0
0.0012987012987012987 -0.57572315049004 -0.2906916082552177 0.216308436767143 0 0 0
0.0012987012987012987 -0.08415224393472398 -0.43772097096818713 -0.43551408957329074 0 0 0
0.0012987012987012987 0.43323027315074214 0.0758873358339126 0.3256015487400147 0 0 0
0.0012987012987012987 0.15637002498348251 0.2651880389469074 -0.5970750518587643 0 0 0
0.0012987012987012987 0.2581538476914985 0.3619360579961962 0.36329560245126113 0 0 0
0.0012987012987012987 0.05180816694823271 -0.1655545385074135 0.5118666557909429 0 0 0
0.0012987012987012987 -0.15561659832777663 0.1464028696962279 -0.46427997106945185 0 0 0
0.0012987012987012987 0.34389393740426827 -0.4106477120303588 0.10087077308686168 0 0 0
0.0012987012987012987 -0.33201582499607624 -0.11392477668274241 -0.24144452435208452 0 0 0
0.0012987012987012987 0.33185291687304097 0.08272644560931883 0.5224813864624144 0 0 0
0.0012987012987012987 0.2740753087369472 0.05139419467911603 0.11397773570240578 0 0 0
0.0012987012987012987 0.11783814675355951 -0.1868115752197579 -0.31209462496036966 0 0 0
0.0012987012987012987 -0.36861786971870825 0.5238500281516604 0.0949232242648366 0 0 0
0.0012987012987012987 -0.0091001642451501 -0.298992497684926 0.07816140718521533 0 0 0
0.0012987012987012987 -0.42087421222408794 -0.37403091526191157 -0.39840686769329087 0 0 0
0.0012987012987012987 -0.5168578560165423 -0.36724954633666446 -0.20410488274428543 0 0 0
0.0012987012987012987 -0.060689077826878164 0.12048879918772948 0.6563713370185643 0 0 0
0.0012987012987012987 -0.30504611059829123 -0.5009340043634236 -0.07435812156628081 0 0 0
0.0012987012987012987 0.2808693235707996 0.20537531299684306 -0.06979800376129124 0 0 0
0.0012987012987012987 0.28207428153823855 -0.2712612361611841 -0.17809076862460635 0 0 0
0.0012987012987012987 0.07295178337839063 -0.3259589049080176 0.574516376707267 0 0 0
0.0012987012987012987 -0.2831643003715274 -0.16781923367149426 -0.18234773317346817 0 0 0
0.0012987012987012987 -0.41886342135874605 -0.017711593024206787 0.5207405486061549 0 0 0
0.0012987012987012987 0.27566384955364276 0.3985312791532254 0.2694535326116755 0 0 0
0.0012987012987012987 -0.014936395665207032 0.03913824258144257 -0.3421209077159111 0 0 0
0.0012987012987012987 -0.43763236878107165 0.30211102603191775 -0.21286871867956944 0 0 0
0.0012987012987012987 0.12849566249072472 0.38689168920887007 -0.020653870566009546 0 0 0
0.0012987012987012987 0.46615338658266986 0.3226389973214194 -0.1966552318666402 0 0 0
0.0012987012987012987 -0.5066369989263623 -0.3528170523750175 -0.14332183508790716 0 0 0
0.0012987012987012987 0.6042419425551512 -0.04560428605325816 -0.13457947131781228 0 0 0
0.0012987012987012987 -0.0071678079620832655 0.35635065011480727 0.0693961812858844 0 0 0
0.0012987012987012987 -0.3787242939778195 0.30613317701608755 0.2209266994783277 0 0 0
0.0012987012987012987 0.061491683722226166 0.06826128296814563 0.18949378062576644 0 0 0
0.0012987012987012987 -0.02911880903513247 0.42827654739137194 0.22099995734991298 0 0 0
0.0012987012987012987 -0.25529958719751067 -0.2647978112829532 0.3942650756118094 0 0 0
0.0012987012987012987 0.3987062278567121 -0.19158461180572128 -0.0038600333869280453 0 0 0
0.0012987012987012987 -0.17059202709243038 -0.24112432759598704 -0.4603862321750821 0 0 0
0.0012987012987012987 -0.004022430533861614 -0.46754643268693263 0.48447382716719617 0 0 0
0.0012987012987012987 0.18272496932731513 -0.2935195146446838 0.0898239976660855 0 0 0
0.0012987012987012987 -0.41764326339479635 0.027158598689965712 -0.032242346205751664 0 0 0
0.0012987012987012987 0.1798278718033753 -0.004046390118244699 -0.08835847022741955 0 0 0
0.0012987012987012987 0.16962106481470385 0.16480191797999474 -0.1481106250474847 0 0 0
0.0012987012987012987 0.2197235640497868 0.4428239118230178 0.285590198092227 0 0 0
0.0012987012987012987 0.09030900632843136 0.1320781567183802 -0.13679281002089982 0 0 0
0.0012987012987012987 -0.11727751625308988 -0.3828565147190664 -0.43303129633071985 0 0 0
0.0012987012987012987 -0.0472818713666221 -0.22838412222449533 -0.12196301262187824 0 0 0
0.0012987012987012987 0.08126364192575977 0.029107585339626377 -0.6615610475714654 0 0 0
0.0012987012987012987 -0.0893167525396255 0.44789180675485707 0.07351250683441396 0 0 0
0.0012987012987012987 0.3601146108439515 -0.09029114804438056 -0.08385147331555282 0 0 0
0.0012987012987012987 0.20111448005156163 0.42515803166761157 0.14520764447272402 0 0 0
0.0012987012987012987 -0.4657418003702778 -0.3230035016623315 -0.12518896110821612 0 0 0
0.0012987012987012987 -0.31214109192932077 0.26265146661809347 -0.10153822133880702 0 0 0
0.0012987012987012987 -0.38750478207074196 0.29823916053467364 -0.02427849070857721 0 0 0
0.0012987012987012987 -0.4552182310324283 -0.14913321987008848 0.3380824175291 0 0 0
0.0012987012987012987 0.3587534247319362 -0.3563606679332648 -0.40207856618292664 0 0 0
0.0012987012987012987 0.5321644527229716 -0.35822268185694 -0.21028285098582525 0 0 0
0.0012987012987012987 0.013790543934329465 -0.6146408339588162 -0.28672618808613815 0 0 0
0.0012987012987012987 0.36762641946348973 0.33315105987189175 -0.26341600812986754 0 0 0
0.0012987012987012987 0.5831620743507906 0.13889296672704743 0.06842335311183437 0 0 0
0.0012987012987012987 -0.4197091000764492 -0.1368403581646353 -0.5063457140485114 0 0 0
0.0012987012987012987 0.21981832331495185 -0.1000367031561755 0.4129270600836831 0 0 0
0.0012987012987012987 0.05636305305042087 -0.16072358710504678 0.5083311188128689 0 0 0
0.0012987012987012987 0.3002597879901106 -0.5141921478363811 -0.33284091043486386 0 0 0
0.0012987012987012987 -0.04092884157475988 -0.5886024980091185 -0.08837983715879627 0 0 0
0.0012987012987012987 0.3285654648953678 -0.4159257300501961 -0.023762567303369852 0 0 0
0.0012987012987012987 0.0836371521257331 -0.49061951668675746 0.04085736321585448 0 0 0
0.0012987012987012987 -0.08808894184431999 -0.0780314646867576 0.5969839487037547 0 0 0
0.0012987012987012987 0.29074000547664003 -0.42965294433688306 -0.2064013418046537 0 0 0
0.0012987012987012987 -0.4512003143795856 0.134623161481104 0.2958010625388518 0 0 0
0.0012987012987012987 0.25913644874610375 0.21945715044511666 -0.5182441510879959 0 0 0
0.0012987012987012987 -0.6227968287778287 -0.2237653937965235 0.04033595183931707 0 0 0
0.0012987012987012987 -0.3594830969605602 0.15399201042360405 0.4653163894931705 0 0 0
0.0012987012987012987 0.14130136131873533 0.2828493754962717 0.5697711660354299 0 0 0
0.0012987012987012987 -0.09067848185120408 0.21473701833123332 0.34987496061541506 0 0 0
0.0012987012987012987 0.24906160889420217 0.5738339212897838 0.1732925654704349 0 0 0
0.0012987012987012987 -0.14118617269030265 -0.06027687330490073 0.5483984051339867 0 0 0
0.0012987012987012987 -0.15450213044575076 0.3880505910635512 -0.06392000334780423 0 0 0
0.0012987012987012987 0.04031018879132449 0.021935855551094934 0.052806763961653555 0 0 0
0.0012987012987012987 0.02485025464494061 -0.21229274055860772 0.4073769941619271 0 0 0
0.0012987012987012987 0.277990942458207 0.1538919365519388 0.0884930432357005 0 0 0
0.0012987012987012987 -0.3963773860891927 0.26218368264174363 -0.04133016158338699 0 0 0
0.0012987012987012987 -0.6142467776370684 -0.04081889653070327 0.020631743049781846 0 0 0
0.0012987012987012987 0.28957481434375754 -0.21605964187480522 0.1842228094622486 0 0 0
0.0012987012987012987 -0.02567423028235156 -0.0769040929548564 -0.028563119359490966 0 0 0
0.0012987012987012987 -0.17714363138406386 0.5296068884075747 -0.04025555964307745 0 0 0
0.0012987012987012987 -0.6211019509224657 -0.15209060572873112 0.1292987988384026 0 0 0
0.0012987012987012987 0.03649713117401595 -0.32644897881600243 0.6055401595660697 0 0 0
0.0012987012987012987 0.0841320557284569 -0.06176390053512874 0.46405864299702904 0 0 0
0.0012987012987012987 -0.28058892671796076 -0.21687047440499715 -0.1830535035790238 0 0 0
0.0012987012987012987 -0.10862038255410622 -0.29637321922214177 0.03590651670800909 0 0 0
0.0012987012987012987 0.025644099522297018 0.08193287581494625 -0.6222948631105024 0 0 0
0.0012987012987012987 0.183671567269918 -0.1272244674552932 0.41114570151495294 0 0 0
0.0012987012987012987 0.6023823016791151 -0.14736725374445975 0.2250433483271009 0 0 0
0.0012987012987012987 -0.07642164650073774 -0.15971526125906968 -0.5926068386268181 0 0 0
0.0012987012987012987 0.2143419225199199 0.23331016295775628 0.4666849288238614 0 0 0
0.0012987012987012987 0.37154280199084877 -0.5410900187482814 0.21172453219769788 0 0 0
0.0012987012987012987 0.29295252576978537 -0.011780797624706425 -0.0029480378089305295 0 0 0
0.0012987012987012987 -0.4340006987234859 0.1425784044388208 -0.4906061295609145 0 0 0
0.0012987012987012987 -0.32329800097849076 -0.1371576753932386 0.16798494259082206 0 0 0
0.0012987012987012987 0.32766186543232656 -0.3307672501952661 0.30440724104823136 0 0 0
0.0012987012987012987 0.017259041703010142 0.3985942604978597 0.5251945223134794 0 0 0
0.0012987012987012987 -0.3925562860464294 -0.017184807425248583 0.07192709388065577 0 0 0
0.0012987012987012987 0.18073489114510818 -0.1741375693896773 -0.38202772647661487 0 0 0
0.0012987012987012987 0.5829172892885068 0.29296468163680983 0.057301895975730474 0 0 0
0.0012987012987012987 -0.39421331557120365 0.4659682525752559 0.14381793721473163 0 0 0
0.0012987012987012987 -0.5509704047865847 0.25181963341634217 0.24304858057819137 0 0 0
0.0012987012987012987 -0.19916432108334076 0.13121946826720526 0.38130793936596025 0 0 0
0.0012987012987012987 -0.20706357423041424 0.09848588023289498 -0.02491720414721515 0 0 0
0.0012987012987012987 0.09532634930431995 0.08119857020076751 -0.18006896311994208 0 0 0
0.0012987012987012987 -0.64509429467167 0.20037573391391908 0.07876934608931942 0 0 0
0.0012987012987012987 0.043660330813048334 -0.2521592142779079 0.6040506243308549 0 0 0
0.0012987012987012987 0.452843663821102 0.20289766149192046 0.3387855873049814 0 0 0
0.0012987012987012987 -0.26602536204363214 -0.2978597481622898 0.17222906143037223 0 0 0
0.0012987012987012987 -0.11215240407340829 -0.18912012091308897 0.313948646546958 0 0 0
0.0012987012987012987 -0.3279534501391001 0.4138587656837313 -0.08820847324292887 0 0 0
0.0012987012987012987 0.23171633171436867 -0.2756181275203127 0.19421696903016036 0 0 0
0.0012987012987012987 -0.545619608006972 -0.3991144714846914 -0.05610029189620909 0 0 0
0.0012987012987012987 -0.09979918378553179 -0.18343081901424949 -0.11112507323165585 0 0 0
0.0012987012987012987 -0.008431389873639944 -0.010974398019690669 -0.30081238574983477 0 0 0
0.0012987012987012987 0.21429325249779183 -0.3885653758452501 -0.5256855095232574 0 0 0
0.0012987012987012987 -0.3652031778034905 -0.36409329389809814 0.42585000980403565 0 0 0
0.0012987012987012987 -0.4510728115930835 -0.24561375477201777 -0.4065137638086074 0 0 0
0.0012987012987012987 0.38237700125637786 -0.38026021597796433 0.13187550643746804 0 0 0
0.0012987012987012987 0.46371737182482253 0.39570106165297003 0.04370191230152633 0 0 0
0.0012987012987012987 -0.6464528950553475 0.1984756139430773 -0.12307123330888013 0 0 0
0.0012987012987012987 -0.49192096246862305 -0.20574886770914833 -0.08567481965977694 0 0 0
0.0012987012987012987 -0.0007620628862397771 0.4577736661480996 -0.19847877038101197 0 0 0
0.0012987012987012987 -0.212885154491876 0.3186553979120629 -0.04013629423464251 0 0 0
0.0012987012987012987 -0.5311925608835504 -0.07178361578281746 -0.15326939784588692 0 0 0
0.0012987012987012987 -0.2497981719302324 -0.09747135713200727 0.44861272400250235 0 0 0
0.0012987012987012987 0.18858258213963067 0.24357678850236 0.37649727832306584 0 0 0
0.0012987012987012987 0.37331983219815545 -0.4486516601506894 0.1406299430428718 0 0 0
0.0012987012987012987 0.061477878531726295 -0.31483610036991705 -0.33750605744227874 0 0 0
0.0012987012987012987 -0.13966339893695878 0.00021836209165332398 -0.580479874210762 0 0 0
0.0012987012987012987 -0.22367658660086645 0.5332526494873966 -0.03382124753799769 0 0 0
0.0012987012987012987 -0.18541501714702796 0.3491218569168032 0.29971385972873704 0 0 0
0.0012987012987012987 -0.5848267208349389 0.09477645011725694 0.051457909000683824 0 0 0
0.0012987012987012987 0.16218134873862752 -0.5583218350271107 0.12856684841947025 0 0 0
0.0012987012987012987 0.14641799284143023 0.4512216906464455 0.0019225937257707558 0 0 0
0.0012987012987012987 -0.36858395809266464 0.01945145516885205 0.4134488128865832 0 0 0
0.0012987012987012987 -0.0567695203143037 0.19310535336807289 -0.4241744455129298 0 0 0
0.0012987012987012987 -0.6278249038797071 -0.10023015845321007 -0.19943698232704107 0 0 0
0.0012987012987012987 0.4485533609626334 0.15913080035525348 -0.29432231561263966 0 0 0
0.0012987012987012987 0.31254314097866187 0.47595248800012185 -0.04878330824773656 0 0 0
0.0012987012987012987 -0.046816471603669176 0.22142946617574624 -0.5559267186186779 0 0 0
0.0012987012987012987 -0.30126339277408815 0.20391680118090608 -0.21307940958232752 0 0 0
0.0012987012987012987 0.3245496794871615 -0.29027616929472266 -0.43977110024258664 0 0 0
0.0012987012987012987 0.20133982974932027 0.5543138851906209 0.3463722184302347 0 0 0
0.0012987012987012987 0.5449555890428317 -0.05520739238793486 0.25228167186062544 0 0 0
0.0012987012987012987 0.4151453915747722 -0.37910151560771704 0.05810060460701308 0 0 0
0.0012987012987012987 0.3260579062941069 -0.6043064229786737 -0.0791700283458743 0 0 0
0.0012987012987012987 -0.45504908215693596 0.1361668254182181 0.4052102080994699 0 0 0
0.0012987012987012987 -0.05882046959510387 -0.36521003827024034 0.4398423625754559 0 0 0
0.0012987012987012987 0.4609327272950366 -0.49296271001705133 0.063149504023737 0 0 0
0.0012987012987012987 0.5486152807214792 0.2551621387845551 -0.2285036830258531 0 0 0
0.0012987012987012987 0.36755839381860844 0.09683838866584189 0.28966462318031844 0 0 0
0.0012987012987012987 -0.3387457132567227 0.18406326995739317 -0.13234758728646762 0 0 0
0.0012987012987012987 -0.47173833591553377 -0.34120730677930833 -0.3603995068272472 0 0 0
0.0012987012987012987 -0.46735006251528843 -0.2797894963083472 -0.138400957318718 0 0 0
0.0012987012987012987 0.09698412133391181 -0.3487854112991972 -0.20404028134657168 0 0 0
0.0012987012987012987 0.5688771449634155 0.18353775252417437 -0.044130808789696316 0 0 0
0.0012987012987012987 -0.04066141206892664 0.07858146411487339 -0.08418341481324247 0 0 0
0.0012987012987012987 0.22694370977790976 -0.05381581595050688 0.0575587015045786 0 0 0
0.0012987012987012987 -0.21840425443837588 -0.45979025215061653 -0.07110969046370737 0 0 0
0.0012987012987012987 0.3628803141624378 -0.28760691964848434 -0.0424843782081565 0 0 0
0.0012987012987012987 -0.05103246130001286 -0.5320243740091146 0.11979270817012215 0 0 0
0.0012987012987012987 0.41177322590076765 0.22848049594159728 0.5065341929856811 0 0 0
0.0012987012987012987 -0.5025604257786407 -0.12994357973067822 -0.2311990855172746 0 0 0
0.0012987012987012987 -0.4012944797677014 -0.20312291981518718 0.424239050748073 0 0 0
0.0012987012987012987 -0.07200171551064621 0.26905777750224474 -0.5796855761002067 0 0 0
0.0012987012987012987 -0.4128371769699822 0.06818094603870764 -0.2897755235474918 0 0 0
0.0012987012987012987 -0.5014609574045233 -0.12144798880007245 0.4376991637937392 0 0 0
0.0012987012987012987 -0.24975294346565424 0.13896042165098155 0.5232967647909353 0 0 0
0.0012987012987012987 -0.06895652942086612 0.11055124679052612 -0.02972940637505781 0 0 0
0.0012987012987012987 0.48989815474466913 -0.43765093653407233 -0.17491507894070674 0 0 0
0.0012987012987012987 0.27906307864231417 -0.5142289882733906 -0.17661222252221062 0 0 0
0.0012987012987012987 -0.07153383538141189 -0.2759195282181746 -0.38616519357544066 0 0 0
0.0012987012987012987 0.46818886933583614 0.19536320397447066 0.07778083428673976 0 0 0
0.0012987012987012987 0.08219218872757023 0.35530235334748356 0.3306066766382357 0 0 0
0.0012987012987012987 0.4868838578167517 -0.22042587222327814 -0.33037027995428697 0 0 0
0.0012987012987012987 -0.17553457894147956 -0.029866963682290054 -0.4300169833468313 0 0 0
0.0012987012987012987 -0.08479609018797447 0.1558692057371052 0.2551045695156894 0 0 0
0.0012987012987012987 -0.2931489677032451 0.09004189517439819 -0.3014603298085575 0 0 0
0.0012987012987012987 -0.5155480325820043 -0.3582995998090581 0.19514592736629274 0 0 0
0.0012987012987012987 0.3307273221563865 -0.16238841369987378 -0.2722612629649402 0 0 0
0.0012987012987012987 -0.09529887780801644 -0.20280424900537367 0.581513225902012 0 0 0
0.0012987012987012987 0.466267330677093 0.3980711305833927 -0.2670037142386108 0 0 0
0.0012987012987012987 -0.2518905931769495 0.47606216903870624 0.22284950328933745 0 0 0
0.0012987012987012987 0.2265792571772783 0.5616659802764039 0.30026950352156817 0 0 0
0.0012987012987012987 -0.39052754865346295 -0.2353162128439691 0.3057795510490452 0 0 0
0.0012987012987012987 -0.1744767387642411 0.3752573197535886 -0.4345943366925177 0 0 0
0.0012987012987012987 0.0640756113632765 0.516860047735209 0.004864885680826838 0 0 0
0.0012987012987012987 0.4285945864412168 -0.03980452400012657 -0.21342439595666873 0 0 0
0.0012987012987012987 -0.6304162288366374 0.01028175092789825 0.18576961688979698 0 0 0
0.0012987012987012987 0.4853456436425792 0.0747408988731372 0.33675182027512657 0 0 0
0.0012987012987012987 -0.1246989474065481 -0.3155809204540911 0.3173035274227547 0 0 0
0.0012987012987012987 -0.5718866871444106 -0.16631257807658234 0.0733088698721263 0 0 0
0.0012987012987012987 0.32545862565488876 0.2173520607237865 0.46072307322195427 0 0 0
0.0012987012987012987 0.24341160180416552 0.28891960499617986 -0.28795577638854947 0 0 0
0.0012987012987012987 0.2395254397923843 0.1924464494728205 0.42681225903663034 0 0 0
0.0012987012987012987 0.2570849694117102 0.2921788427668015 0.5186440455559574 0 0 0
0.0012987012987012987 -0.18657261783785478 0.26640436196347667 -0.056533421886223956 0 0 0
0.0012987012987012987 -0.34579715328382604 0.01868705977146469 -0.5693858771137708 0 0 0
0.0012987012987012987 0.6022886593827235 -0.14288289126142115 -0.2567467909922921 0 0 0
0.0012987012987012987 0.2469776390695686 -0.009341928087473481 -0.42972113246286997 0 0 0
0.0012987012987012987 -0.3952310069794697 0.3261577453670021 -0.4247262206075433 0 0 0
0.0012987012987012987 -0.4332268923887599 -0.32617486535722007 0.14682258993385955 0 0 0
0.0012987012987012987 0.320759946321802 0.20425781452928032 0.4059633665639395 0 0 0
0.0012987012987012987 -0.1800230567528423 -0.32344484197180084 -0.02569168864305348 0 0 0
0.0012987012987012987 -0.04293612328139193 0.006140615894775298 -0.46081016265818225 0 0 0
0.0012987012987012987 0.06375105475497823 -0.3903208548774277 -0.09101972802801055 0 0 0
0.0012987012987012987 -0.5449678723287177 -0.11564762402950092 0.4038482589166126 0 0 0
0.0012987012987012987 0.21962660066716708 -0.03680546640561493 0.568333465890175 0 0 0
0.0012987012987012987 -0.07587509269966931 0.04936695394898968 0.28805230262257114 0 0 0
0.0012987012987012987 0.40914606362569045 0.21703908291600435 -0.021603103662332892 0 0 0
0.0012987012987012987 -0.518106152870288 0.36705866532293874 -0.10796279633320179 0 0 0
0.0012987012987012987 0.07806929940455361 -0.618058964286487 -0.11995830091232554 0 0 0
0.0012987012987012987 -0.039314468820336686 0.508554722879858 0.18131412152564744 0 0 0
0.0012987012987012987 0.5819514876419516 0.3641459334060571 0.06467906102760457 0 0 0
0.0012987012987012987 0.004854581693967815 -0.2389678799762689 -0.004486595540866784 0 0 0
0.0012987012987012987 0.24814173822642768 0.310126035649344 0.16951643313345088 0 0 0
0.0012987012987012987 -0.14700869748849543 -0.09211028523763495 0.17195120921181256 0 0 0
0.0012987012987012987 0.2939123887982778 0.42249246371286836 -0.05713413668841295 0 0 0
0.0012987012987012987 -0.5644781571592505 0.3144818726329853 -0.22227191965954568 0 0 0
0.0012987012987012987 0.3526144290756552 0.03960705156188998 0.4378860486518895 0 0 0
0.0012987012987012987 0.2377341710347081 -0.28363880236947986 -0.08701306566820463 0 0 0
0.0012987012987012987 0.09572118556773564 0.5496369901720212 -0.2535423627631698 0 0 0
0.0012987012987012987 -0.09695065064125831 0.55230230253489 0.07298042214577131 0 0 0
0.0012987012987012987 -0.2791964022727112 0.34355955616153155 -0.5090429720595896 0 0 0
0.0012987012987012987 0.177441349267326 -0.04972219009636674 0.04667726400745914 0 0 0
0.0012987012987012987 0.08290804497130679 0.5026212949562239 -0.2572361694810541 0 0 0
0.0012987012987012987 -0.052195391647601085 -0.5117220973163074 0.43034995829530504 0 0 0
0.0012987012987012987 0.6456563368836521 -0.016852237222788422 0.0963904724049261 0 0 0
0.0012987012987012987 -0.11431285617524939 -0.29447902176289265 0.04556166538183897 0 0 0
0.0012987012987012987 -0.06724159886358431 0.32828222391391754 -0.482455818825843 0 0 0
0.0012987012987012987 0.1719237436475418 0.3915718094481535 -0.3535481713638563 0 0 0
0.0012987012987012987 -0.48139787050655974 -0.08990557129222408 -0.26778325258186264 0 0 0
0.0012987012987012987 -0.2972430340587161 -0.5512418565626648 -0.12863798676788285 0 0 0
0.0012987012987012987 -0.03700950503425506 0.1684084620145306 0.15738041272158995 0 0 0
0.0012987012987012987 -0.5654784286775598 -0.016463528641118053 0.3305358110959519 0 0 0
0.0012987012987012987 0.31076620117917547 -0.22624643930986166 0.4830754464341066 0 0 0
0.0012987012987012987 -0.5795814015760744 0.1461841586340181 -0.19770130629886337 0 0 0
0.0012987012987012987 0.5049868278167813 0.20517454218834033 -0.38402194828170144 0 0 0
0.0012987012987012987 0.017345755265712335 0.3950804961585287 0.18733528881739525 0 0 0
0.0012987012987012987 -0.36219888266752776 -0.2564504351625418 -0.25348566733171557 0 0 0
0.0012987012987012987 0.29086863206492924 -0.006231878784433168 -0.01389863324154493 0 0 0
0.0012987012987012987 -0.061641840697219355 -0.04335528581973365 -0.4095103215052176 0 0 0
0.0012987012987012987 0.4255395877493408 0.3789091053377282 -0.012141344313896976 0 0 0
0.0012987012987012987 0.47172693828903406 -0.2727136721326016 -0.383000316895814 0 0 0
0.0012987012987012987 -0.13185754771607391 -0.1968158431177068 0.620860218990281 0 0 0
0.0012987012987012987 -0.2487369007936869 -0.049662041773622274 -0.4083815948474525 0 0 0
0.0012987012987012987 0.11830320181039329 0.03178049823917415 -0.3920129599234425 0 0 0
0.0012987012987012987 -0.06057693040281018 -0.24278467886103264 -0.08441068488809594 0 0 0
0.0012987012987012987 -0.4166127473097129 0.1524924795965745 0.061071950279361006 0 0 0
0.0012987012987012987 0.26449622916278576 -0.3866363579740085 0.297503334746115 0 0 0
0.0012987012987012987 0.40544686876484315 0.2641176936358762 0.1048207551153923 0 0 0
0.0012987012987012987 -0.4649894218606895 -0.17049577981293737 0.19607162346024307 0 0 0
0.0012987012987012987 0.41411639474637885 -0.23125232634149423 -0.5035163413197106 0 0 0
0.0012987012987012987 0.3811911498431301 -0.16990217459518414 0.2315771414109974 0 0 0
0.0012987012987012987 -0.4381156756190362 0.3940170909999675 -0.01628440635745398 0 0 0
0.0012987012987012987 0.14568178277131322 0.15719044336594973 0.5579083880269301 0 0 0
0.0012987012987012987 -0.22511666928006802 -0.4299524749467181 -0.0067102722421434665 0 0 0
0.0012987012987012987 0.08649374409543803 -0.6143659471936936 0.03450983784990101 0 0 0
0.0012987012987012987 -0.6601264309759034 -0.06422809245110231 -0.1622028112048985 0 0 0
0.0012987012987012987 -0.5533117247853111 0.232231602898122 0.23889974881498963 0 0 0
0.0012987012987012987 -0.13911758872012608 0.27558527511967884 -0.4222749679218352 0 0 0
0.0012987012987012987 -0.6433983471704117 -0.1223783535321894 0.20592753376215103 0 0 0
0.0012987012987012987 -0.28036069493086513 0.36561779596906285 0.0769339363460991 0 0 0
0.0012987012987012987 -0.5790906219054716 -0.08193895468155839 0.3445944792396721 0 0 0
0.0012987012987012987 0.381874901628443 0.25864490453355715 0.4204982176665068 0 0 0
0.0012987012987012987 -0.05246707095920993 0.6124466098747727 -0.035519296608599 0 0 0
0.0012987012987012987 0.20941839992435246 0.3924032963610542 0.210386735862668 0 0 0
0.0012987012987012987 -0.2542643794918089 0.3286879700578352 0.4339793826805619 0 0 0
0.0012987012987012987 -0.41217743770428256 -0.2897355879266472 0.08668680750604282 0 0 0
0.0012987012987012987 0.47367718051778773 -0.04069744830534782 0.44219080703501956 0 0 0
0.0012987012987012987 -0.24126017107391337 -0.026288501314436784 -0.6081339790484691 0 0 0
0.0012987012987012987 -0.24826396159492528 -0.5515957640292614 0.28566704448382274 0 0 0
0.0012987012987012987 -0.20552778027721216 -0.2709359802749424 -0.4011190642629915 0 0 0
0.0012987012987012987 -0.5079229574834041 0.08220060450444354 -0.2631132316624808 0 0 0
0.0012987012987012987 0.5873662989610147 -0.2274034247744651 -0.14885537778760874 0 0 0
0.0012987012987012987 0.24965071414701176 -0.2924543159658718 0.515353938500122 0 0 0
0.0012987012987012987 -0.298293697099417 0.31181832494535194 0.19206688908863886 0 0 0
0.0012987012987012987 -0.3052203372597732 0.15679585009761426 -0.43485289143684847 0 0 0
0.0012987012987012987 0.00884897659765803 -0.2596991174011565 -0.3004108920187633 0 0 0
0.0012987012987012987 0.5236202717561645 -0.24358081048756725 -0.36172233298688505 0 0 0
0.0012987012987012987 -0.20727519461883392 -0.042463630324361394 0.3411454894723853 0 0 0
0.0012987012987012987 0.29214789776098793 0.30352950746536783 -0.31245621777132176 0 0 0
0.0012987012987012987 0.07978029258641663 -0.4275386789714347 -0.5216295631512938 0 0 0
0.0012987012987012987 -0.06190986708535098 0.5392624792913976 0.10942508304298011 0 0 0
0.0012987012987012987 -0.13183079389900432 -0.20280364933084563 0.5183285341031781 0 0 0
0.0012987012987012987 0.0950812812922989 -0.23454495741344283 0.3365194083474132 0 0 0
0.0012987012987012987 -0.25311996092594224 -0.4029511267847946 -0.3905040634182718 0 0 0
0.0012987012987012987 0.5334478071689179 -0.32649029748032 0.0642402737984287 0 0 0
0.0012987012987012987 -0.23202253904403866 0.015602677527758721 0.5612670034107995 0 0 0
0.0012987012987012987 -0.365541845209295 0.31287247052870587 0.12531512271994857 0 0 0
0.0012987012987012987 -0.09285305357779056 0.1081310221593686 0.11603750347669 0 0 0
0.0012987012987012987 -0.023988072450814104 0.04313046392219376 -0.3718364994659251 0 0 0
0.0012987012987012987 -0.03265170506891037 0.12103139928824497 0.07911345316634402 0 0 0
0.0012987012987012987 0.28568594533997754 0.06053534961399352 0.2815788716575859 0 0 0
0.0012987012987012987 -0.017068630526471094 -0.01842254385971607 -0.5755114046146445 0 0 0
0.0012987012987012987 0.5612369566386453 0.14426995804010842 -0.3586051213443593 0 0 0
0.0012987012987012987 -0.134622800785631 0.5323806262488121 -0.28680422419956847 0 0 0
0.0012987012987012987 -0.2735580962747343 -0.19587345082813185 0.027973157036262197 0 0 0
0.0012987012987012987 -0.008527553133036263 -0.060221509213217846 0.33444306541317115 0 0 0
0.0012987012987012987 -0.026237058093966037 0.5879586867351121 0.2329843727055069 0 0 0
0.0012987012987012987 0.36224643965549447 0.09884305866246457 -0.004032404657137151 0 0 0
0.0012987012987012987 0.17714805483864324 0.2865253710492954 0.12056869910142726 0 0 0
0.0012987012987012987 -0.0025436189642314504 -0.31945418539691744 0.25622986726407726 0 0 0
0.0012987012987012987 -0.1620110580268595 -0.49569382784334154 -0.25520261895552887 0 0 0
0.0012987012987012987 0.5021093620093723 -0.34812765317525507 -0.23251282927269615 0 0 0
0.0012987012987012987 0.34389018511819375 0.4352350905524964 -0.053026075124414374 0 0 0
0.0012987012987012987 0.3941885408430084 -0.21490826764125184 -0.0424027641943384 0 0 0
0.0012987012987012987 -0.5207759949845868 0.030638670970811917 -0.06017524822599803 0 0 0
0.0012987012987012987 -0.11965509485407153 0.331712076521564 -0.5776920973985471 0 0 0
0.0012987012987012987 0.20249851628893703 0.3712639649099334 -0.39369849172622867 0 0 0
0.0012987012987012987 0.0352373816209344 0.39479149398668706 0.5121221579483983 0 0 0
0.0012987012987012987 0.0642574445958088 -0.19293355137848367 -0.2945858815455582 0 0 0
0.0012987012987012987 0.10546424863182953 0.0498189597647098 -0.6237837277309907 0 0 0
0.0012987012987012987 0.15190051769579463 0.427280589427431 -0.03060154699534412 0 0 0
0.0012987012987012987 -0.4629487502130134 0.21831334047202972 0.37692200313489926 0 0 0
0.0012987012987012987 0.3061016917224024 0.2689895564693886 0.3732902044766401 0 0 0
0.0012987012987012987 0.09386679557581595 0.6159308700800685 0.0687298791932432 0 0 0
0.0012987012987012987 0.49350757055617683 0.07965648510662043 -0.4405405175716899 0 0 0
0.0012987012987012987 0.5152985694394886 0.0274397622346824 -0.19887434049488387 0 0 0
0.0012987012987012987 -0.047110406962641724 0.1631361820092981 0.06635202202891585 0 0 0
0.0012987012987012987 -0.6016164886608094 -0.1543224659439345 0.04880142861189439 0 0 0
0.0012987012987012987 0.21093754402031076 0.2573815338660947 -0.25303779082482597 0 0 0
0.0012987012987012987 -0.21241966814102392 0.3932844520759096 0.34475482464515556 0 0 0
0.0012987012987012987 -0.31859324006060713 0.024193241795402835 0.4637366212515806 0 0 0
0.0012987012987012987 -0.16915552777430454 -0.048069087010263696 -0.6643475185570359 0 0 0
0.0012987012987012987 -0.3035950427373278 0.24510633560363515 -0.1103254592685552 0 0 0
0.0012987012987012987 -0.0285362950682505 0.14971432785062827 0.024045602852881955 0 0 0
0.0012987012987012987 -0.544628667399308 0.12292827803714083 -0.0951344423284119 0 0 0
0.0012987012987012987 0.36561253508944686 -0.12707886648555747 -0.4509825275854373 0 0 0
0.0012987012987012987 0.0793516811028171 0.4515913687022001 0.11503937339461541 0 0 0
0.0012987012987012987 0.5034202479644989 0.19077034495088663 0.34562924251282795 0 0 0
0.0012987012987012987 -0.32646946166951285 0.02479715927710345 -0.006696680785971338 0 0 0
0.0012987012987012987 -0.31392370076691933 0.0802825080304578 -0.42684158456245547 0 0 0
0.0012987012987012987 0.5432863661404284 -0.019306717023711215 0.2355802918237078 0 0 0
0.0012987012987012987 0.5857159036809054 -0.28159264182802257 0.08624289019207676 0 0 0
0.0012987012987012987 0.41805515049476893 0.2176832856891115 -0.14445607109286873 0 0 0
0.0012987012987012987 0.2771464056602929 -0.41466686657795104 0.45560801345030466 0 0 0
0.0012987012987012987 -0.4278405643852211 -0.33761962769790127 0.14603738055909812 0 0 0
0.0012987012987012987 -0.5340498049453996 -0.056766882822625035 -0.2887861933985497 0 0 0
0.0012987012987012987 0.4724605030076587 0.18644131467335245 0.3672681036040952 0 0 0
0.0012987012987012987 -0.3895738858769656 -0.24414681893528462 0.47820550514721166 0 0 0
0.0012987012987012987 0.2851824766455042 -0.30967171538240973 -0.07717769982907326 0 0 0
0.0012987012987012987 -0.18236091794520098 0.3704016793796616 -0.04937542025197598 0 0 0
0.0012987012987012987 -0.008884283299468812 0.36276328841145655 0.2410851954107973 0 0 0
0.0012987012987012987 -0.03126972536047708 -0.12783221516552176 -0.6500391472074434 0 0 0
0.0012987012987012987 0.1469216324921555 0.3687421014922041 0.032903089588742745 0 0 0
0.0012987012987012987 0.31518872872716397 -0.31102562249082255 0.3844175617020234 0 0 0
0.0012987012987012987 -0.3214323948972533 0.4563279932806999 -0.07643104946590246 0 0 0
0.0012987012987012987 0.5053781587893418 0.1710376663931519 0.025350025048401326 0 0 0
0.0012987012987012987 0.2873199286594254 0.11152334591679319 -0.14318736402990076 0 0 0
0.0012987012987012987 0.1233537075702838 0.26902530535864627 -0.5665360756547897 0 0 0
0.0012987012987012987 -0.025021004397111184 -0.3718587365798079 0.16010433002064808 0 0 0
0.0012987012987012987 -0.045291463055915755 0.5855548556379441 -0.11582754348644479 0 0 0
0.0012987012987012987 0.1419441836737025 -0.5052129995467208 0.02491895470535138 0 0 0
0.0012987012987012987 0.22308784560022288 0.02592787190330289 -0.27031951339853016 0 0 0
0.0012987012987012987 -0.0031241459650642525 0.01409181651322039 0.20855827551446396 0 0 0
0.0012987012987012987 -0.1223953653076136 -0.028499836040264646 -0.6593321693225876 0 0 0
0.0012987012987012987 -0.3447296719301611 -0.173822982999629 0.027961606124151654 0 0 0
0.0012987012987012987 0.4776000529399083 0.15392352358157585 0.47486162358885586 0 0 0
0.0012987012987012987 0.1842369949357035 -0.1002146125452684 -0.2219530120288188 0 0 0
0.0012987012987012987 -0.06299444143238206 -0.3091553707003164 -0.15371696603724555 0 0 0
0.0012987012987012987 0.263102427762249 0.11788165001647499 0.30164438024132467 0 0 0
0.0012987012987012987 0.4202980385356412 0.025731189400398074 -0.48526703025223067 0 0 0
0.0012987012987012987 -0.11976407471617789 0.0628971600893458 0.6374015752753627 0 0 0
0.0012987012987012987 -0.04963484801508981 0.062461769110191606 0.3348514355495824 0 0 0
0.0012987012987012987 -0.41085815863186986 -0.24155470679778593 0.46564905527455613 0 0 0
0.0012987012987012987 0.5398513427322521 -0.04454577261812733 0.29819793561617086 0 0 0
0.0012987012987012987 0.12377454788102982 0.056830892318284275 -0.5450607626662413 0 0 0
0.0012987012987012987 0.2051680346336652 0.2593074830649936 0.4014763031060483 0 0 0
0.0012987012987012987 0.18823530920487094 -0.42268736690456704 0.43684790088182324 0 0 0
0.0012987012987012987 -0.297791996465177 0.5379194328856225 0.2885837714526452 0 0 0
0.0012987012987012987 -0.4103146038228425 -0.19070390953337119 0.11994847856384887 0 0 0
0.0012987012987012987 -0.4503376040178691 -0.3109649976862354 -0.1652044675928585 0 0 0
0.0012987012987012987 0.3378251382142952 -0.08778240712283561 -0.25459497992421243 0 0 0
0.0012987012987012987 -0.12098458006044746 0.296280843067459 -0.5652018420341427 0 0 0
0.0012987012987012987 -0.21690883820465792 0.3925162997983979 0.32563214231016435 0 0 0
0.0012987012987012987 0.1641041858013809 0.3114157706957457 0.3533827003110415 0 0 0
0.0012987012987012987 -0.23852515082586326 -0.3800350360250673 -0.23997358034512337 0 0 0
0.0012987012987012987 -0.1921450798500738 -0.3485383070335503 0.4567391750824657 0 0 0
0.0012987012987012987 -0.3684152086651769 -0.42900778641127535 0.23193689309967047 0 0 0
0.0012987012987012987 0.03691677890791986 0.16779658492201102 0.44467097962192614 0 0 0
0.0012987012987012987 -0.17620177788251823 -0.21243272547418082 0.46055013979963766 0 0 0
0.0012987012987012987 0.30651367179795563 -0.24594264022123236 0.4679188827535847 0 0 0
0.0012987012987012987 0.1069899516700336 -0.49337511193804384 -0.463203431169416 0 0 0
0.0012987012987012987 -0.09129828570402376 0.1204801247482725 -0.37344554175283073 0 0 0
0.0012987012987012987 0.26320345824928737 -0.41448829954854105 -0.3682068809153088 0 0 0
0.0012987012987012987 -0.5021498732075582 0.31814435834590066 -0.0026484036249283215 0 0 0
0.0012987012987012987 -0.041146752824085225 -0.09498106873802727 -0.2599355203396172 0 0 0
0.0012987012987012987 -0.24977413928574516 0.3311143772404291 -0.32405925512747896 0 0 0
0.0012987012987012987 0.4689935740729385 0.04905129984329898 0.31004056273976915 0 0 0
0.0012987012987012987 0.36114680649261116 0.06794457581486214 -0.14288045735290292 0 0 0
0.0012987012987012987 0.20352627237685966 0.19097114569562051 -0.0012941080687597552 0 0 0
0.0012987012987012987 0.4531921756808413 0.3486943527239306 -0.04688426544888348 0 0 0
0.0012987012987012987 0.15171114224740467 0.053247450244093796 0.3059173877220367 0 0 0
0.0012987012987012987 -0.5536433137809591 -0.30767885898866215 0.28121941295072855 0 0 0
0.0012987012987012987 -0.003823096944312036 -0.11054859970430618 -0.5551135320121272 0 0 0
0.0012987012987012987 0.28577324209991606 -0.1915828602791445 -0.18783982574470312 0 0 0
0.0012987012987012987 -0.17864205534068978 0.4296192203192667 0.10618099324387625 0 0 0
0.0012987012987012987 0.5730871467152066 0.01277993340907845 -0.2312882670305387 0 0 0
0.0012987012987012987 0.2890356935157062 0.16775910122533744 -0.18177952795389007 0 0 0
0.0012987012987012987 0.00148039177127966 0.06800492201358817 -0.15929854923500766 0 0 0
0.0012987012987012987 -0.3248217102664921 0.4438405396161224 -0.16002299160344535 0 0 0
0.0012987012987012987 0.480988215469077 -0.03194689171002958 -0.4905432570514312 0 0 0
0.0012987012987012987 -0.07684753809676824 0.3733539957705313 0.24875991133950276 0 0 0
0.0012987012987012987 0.4055615412827314 0.3872322697539535 -0.28806163061927226 0 0 0
0.0012987012987012987 -0.40258107505653523 -0.06977688294934614 0.05560610661087003 0 0 0
0.0012987012987012987 0.01096726987390203 0.19460216391582458 0.42596615689006906 0 0 0
0.0012987012987012987 -0.3575866305920263 -0.08972764283093433 -0.05661271918312642 0 0 0
0.0012987012987012987 -0.0017203967943956058 -0.46388647670321914 -0.34558562026899436 0 0 0
0.0012987012987012987 -0.20368708686390807 0.5433244908066852 0.0763969364342406 0 0 0
0.0012987012987012987 0.05500999775165102 0.15475395900745903 -0.12161722128121824 0 0 0
0.0012987012987012987 0.42455902192964134 0.03535674581581439 0.2712941710119858 0 0 0
0.0012987012987012987 0.18915604087455215 -0.44365676098876433 -0.00034730703298485106 0 0 0
0.0012987012987012987 0.13561356411704342 0.5112865786327248 0.040291742276768246 0 0 0
0.0012987012987012987 0.21376326057830894 0.5071364592324611 -0.34344832395359925 0 0 0
0.0012987012987012987 -0.4252681557366457 -0.16695258084528228 -0.1600431348940708 0 0 0
0.0012987012987012987 0.1211568614195699 -0.22356461599879027 -0.2600496205058322 0 0 0
0.0012987012987012987 0.21966038011908084 0.016627141684926433 -0.09687983184011542 0 0 0
0.0012987012987012987 -0.0706593959746003 -0.030988294811769724 -0.2244467961162139 0 0 0
0.0012987012987012987 -0.013453214146434191 0.16503235619820875 -0.015485158627396743 0 0 0
0.0012987012987012987 -0.3211093071216605 -0.28950575056366123 0.07183815326497106 0 0 0
0.0012987012987012987 -0.4009425626831696 -0.5331800131410809 0.01766663499414746 0 0 0
0.0012987012987012987 0.08672602181018908 -0.13306687701417572 0.2787184526820097 0 0 0
0.0012987012987012987 -0.3671977565486003 0.01212049843885325 0.4848470758761811 0 0 0
0.0012987012987012987 -0.15391617139477654 0.2113395337921398 -0.20948385752240115 0 0 0
0.0012987012987012987 0.3131784832034729 -0.612068262346159 -0.04174181469070007 0 0 0
0.0012987012987012987 0.3590004576403665 0.45288031270827583 -0.2885194141491034 0 0 0
0.0012987012987012987 0.12568838329274917 0.058622908929104815 -0.42304061871934623 0 0 0
0.0012987012987012987 0.24929605313830036 0.2832259132478228 0.5282898260776957 0 0 0
0.0012987012987012987 0.126234330414133 0.4031594190212007 -0.25006501277499427 0 0 0
0.0012987012987012987 0.1279298557558538 -0.508554315956309 -0.08039592510570735 0 0 0
0.0012987012987012987 -0.08011714717498594 0.3344981220408485 -0.5172996858777331 0 0 0
0.0012987012987012987 -0.32805513176062623 -0.08198290782189023 -0.15085255579577692 0 0 0
0.0012987012987012987 0.16042056266171645 -0.06255536711142888 -0.41848826386713833 0 0 0
0.0012987012987012987 0.043403240574558424 0.5756409469701324 -0.10661439214923955 0 0 0
0.0012987012987012987 -0.16542483485343903 -0.08391109530446467 0.0912609039853202 0 0 0
0.0012987012987012987 -0.32025043271127956 -0.12436657655389562 0.4610727230253239 0 0 0
0.0012987012987012987 -0.5407357225105993 0.0622330417273467 -0.22060266913582885 0 0 0
0.0012987012987012987 0.07652576831662063 0.1928553936540769 -0.3021080720855013 0 0 0
0.0012987012987012987 0.5059524244173733 -0.04815346981581403 -0.1378340298110295 0 0 0
0.0012987012987012987 -0.3469152216109701 -0.018425017324554153 -0.04648246908824178 0 0 0
0.0012987012987012987 -0.02346532585563095 -0.44809114508883197 -0.47482654255678286 0 0 0
0.0012987012987012987 0.3278633290655324 -0.4731437420922358 0.0448834943897822 0 0 0
0.0012987012987012987 -0.20759387298256093 -0.09848376319403626 0.5607138385477438 0 0 0
0.0012987012987012987 0.32322271547425 -0.35045404981800604 -0.2115437015228031 0 0 0
0.0012987012987012987 -0.10612308304623772 0.1450332759833826 -0.5456579642816365 0 0 0
0.0012987012987012987 -0.005368798449582338 0.13451065085839684 -0.5316521176491874 0 0 0
0.0012987012987012987 0.03364920165891172 0.15847685363949918 0.0388013448977717 0 0 0
0.0012987012987012987 -0.049776294075509535 0.4591773119789494 0.4690535429118867 0 0 0
0.0012987012987012987 -0.32193719972709545 0.4255694355062509 0.3271666244966912 0 0 0
0.0012987012987012987 -0.10328144564156087 -0.15874923539673613 -0.6576226629375077 0 0 0
0.0012987012987012987 -0.2246056928049012 0.5100278942533575 -0.10378419195495142 0 0 0
0.0012987012987012987 0.10761548836409411 0.11425508561212427 0.1277465601231741 0 0 0
0.0012987012987012987 0.35689346039944014 0.5831737390077671 -0.019477834120360783 0 0 0
0.0012987012987012987 0.001998202391107181 0.36430759933616075 0.03282380643336681 0 0 0
0.0012987012987012987 -0.38897312035920034 0.0019635380162200404 0.12006886672211121 0 0 0
0.0012987012987012987 0.5366309113592261 -0.07624604072277213 0.20790493147365985 0 0 0
0.0012987012987012987 0.04658196407436851 -0.009305557968978358 -0.39352285850812374 0 0 0
0.0012987012987012987 0.35615663368082984 -0.2278676949101667 -0.25874632827311217 0 0 0
0.0012987012987012987 0.06798679353672893 0.618547957576084 0.01551338624249968 0 0 0
0.0012987012987012987 -0.38816709353779666 -0.3816475720975043 0.2983333881415406 0 0 0
0.0012987012987012987 0.39833810674875936 0.08222886664705342 0.5160992256240788 0 0 0
0.0012987012987012987 0.43179370247009885 0.33136892520495415 -0.34350848969079073 0 0 0
0.0012987012987012987 -0.36854453327353676 -0.10271791201628436 0.23543358214898552 0 0 0
0.0012987012987012987 -0.3535320662088892 0.012738110894525752 0.266562121884875 0 0 0
0.0012987012987012987 -0.1641526397749426 -0.555538794631037 0.3230548641944517 0 0 0
0.0012987012987012987 -0.052869818020389536 -0.2270338766720964 -0.5740665544378003 0 0 0
0.0012987012987012987 0.04631282689736614 0.23502688016942047 0.20945950078526046 0 0 0
0.0012987012987012987 -0.07494588595539127 0.19123373602277605 -0.2635500524052573 0 0 0
0.0012987012987012987 -0.2092533090845102 0.4430279138351985 -0.35643396968368785 0 0 0
0.0012987012987012987 -0.4669088940020841 0.19839163035571494 0.44934718660351913 0 0 0
0.0012987012987012987 -0.4206985235394814 0.34738361061503925 0.3238782691236264 0 0 0
