950
0
0.0010526315789473684 0.4227990335409095 0.1268256010421005 0.016803177072504612 0 0 0
0.0010526315789473684 -0.27120189267199585 -0.30907158275539776 -0.4697770894156058 0 0 0
0.0010526315789473684 0.6595687416649343 -0.016254786458431758 0.009618375853665356 0 0 0
0.0010526315789473684 -0.000648320923534564 0.018599386466450745 -0.10349061747580614 0 0 0
0.0010526315789473684 0.27248266995149023 0.5712182563143376 0.18410201958434524 0 0 0
0.0010526315789473684 0.007881051167554883 -0.3047715450645731 -0.29875357752955545 0 0 0
0.0010526315789473684 0.14514186177187685 -0.12103145748255165 -0.15107522014343885 0 0 0
0.0010526315789473684 0.19044859076820306 0.3399378005250187 0.1649213933525359 0 0 0
0.0010526315789473684 -0.49505327672697635 0.21072779032221586 -0.04527064820975194 0 0 0
0.0010526315789473684 0.5401198587765479 -0.35755003746806546 0.21297248514471426 0 0 0
0.0010526315789473684 0.0485754244151899 -0.1891580207455277 -0.6634359471445936 0 0 0
0.0010526315789473684 0.15626499200612118 -0.17551496302428318 -0.31272185928312934 0 0 0
0.0010526315789473684 -0.020247684352321275 0.10259521441002799 -0.28703387127117497 0 0 0
0.0010526315789473684 0.5019667882729151 0.03199537583750287 0.3444349058205586 0 0 0
0.0010526315789473684 -0.0863207277820218 0.45015090664771484 -0.04229009524790654 0 0 0
0.0010526315789473684 -0.5380147908520361 -0.17900429879279026 0.27671168284289016 0 0 0
0.0010526315789473684 0.13542673877201478 0.42350335213090484 -0.32228734314617075 0 0 0
0.0010526315789473684 0.29101857688386595 -0.25095421489657804 -0.4632039864920513 0 0 0
0.0010526315789473684 -0.1513026248137324 -0.38364973215589426 0.00071934102932395 0 0 0
0.0010526315789473684 -0.06183026758743275 -0.009067475044094704 -0.10632968071719236 0 0 0
0.0010526315789473684 -0.21566073876816375 -0.10601621398142046 -0.3195112841760583 0 0 0
0.0010526315789473684 0.5321991400282785 0.04222670465367198 0.17705310549638661 0 0 0
0.0010526315789473684 0.29123891181295064 -0.2529484462583174 0.49739846361088863 0 0 0
0.0010526315789473684 0.36751266316807674 -0.31033024117161745 -0.11612139184572214 0 0 0
0.0010526315789473684 0.19379059100267784 -0.07330596857020227 0.530242675822173 0 0 0
0.0010526315789473684 -0.09677982277976734 -0.2714964339144245 -0.18446358899049753 0 0 0
0.0010526315789473684 -0.32930829925452665 0.19732695524203372 0.5454935109986834 0 0 0
0.0010526315789473684 -0.23042064144186103 -0.22208960817571033 0.007590745551618422 0 0 0
0.0010526315789473684 -0.6499960634583755 0.092243270609855 0.15102568284552043 0 0 0
0.0010526315789473684 0.22980589065402154 0.032411407313345506 -0.33257193481628494 0 0 0
0.0010526315789473684 -0.18151377658340226 0.21847136499318043 0.28099599548462345 0 0 0
0.0010526315789473684 -0.4145850216192298 -0.06080545178165628 -0.1629595937972507 0 0 0
0.0010526315789473684 0.205942504094899 -0.273082551832247 0.19272074788255386 0 0 0
0.0010526315789473684 -0.18926825301835298 0.16210662943229623 0.4011886545838285 0 0 0
0.0010526315789473684 -0.1109019468591841 -0.2482174031460496 0.4183572804521859 0 0 0
0.0010526315789473684 -0.06766046057729266 -0.3550459757906904 -0.17211127777514723 0 0 0
0.0010526315789473684 -0.15935664383842912 -0.03163275629457127 0.6203940447264715 0 0 0
0.0010526315789473684 -0.5455466109644674 -0.2601420864866747 0.02298994760988574 0 0 0
0.0010526315789473684 0.19445270274705204 0.45131273225421 -0.37710158179394354 0 0 0
0.0010526315789473684 -0.16465060946406548 -0.4174448303111903 -0.06265553107395645 0 0 0
0.0010526315789473684 -0.17149194946284674 -0.6215511249689191 -0.2205962870882757 0 0 0
0.0010526315789473684 -0.30750621138598333 0.13537357407200265 0.3191980924710822 0 0 0
0.0010526315789473684 0.045827078756584864 0.29423259384200756 -0.5459454204359563 0 0 0
0.0010526315789473684 0.6575329386547621 -0.009199895964462648 -0.13966437728291628 0 0 0
0.0010526315789473684 0.00811626085784343 0.010289694067054536 -0.5500460946901967 0 0 0
0.0010526315789473684 0.040263414982686964 0.22327086684312045 0.051330612393579195 0 0 0
0.0010526315789473684 0.48207515936689094 0.21969012599522356 0.3771244470747026 0 0 0
0.0010526315789473684 -0.13036237557082744 -0.6161998128196392 0.12331185657042745 0 0 0
0.0010526315789473684 -0.33376843761849845 0.39484948151437854 -0.05354213603224548 0 0 0
0.0010526315789473684 -0.20912118081081155 -0.3866057400243025 -0.03990262091451985 0 0 0
0.0010526315789473684 -0.3932411404975261 0.2603969121478602 -0.3487878566691927 0 0 0
0.0010526315789473684 -0.18297221436773017 0.32775825609886095 -0.18733952575255883 0 0 0
0.0010526315789473684 0.25790553878471933 -0.07850550842282558 0.3647656267604997 0 0 0
0.0010526315789473684 -0.16981851833001257 0.320897573209586 -0.398428650392182 0 0 0
0.0010526315789473684 0.1555800425141741 0.42721160029701016 -0.12632169817057443 0 0 0
0.0010526315789473684 -0.1442887838418397 0.33706237050539894 0.1926460240014789 0 0 0
0.0010526315789473684 -0.17463253470629478 0.529580365771069 -0.2856021742968296 0 0 0
0.0010526315789473684 0.17531004692629357 0.000612951872028172 0.1704193181322886 0 0 0
0.0010526315789473684 0.32223306971509313 -0.301407772988173 0.043040029605077176 0 0 0
0.0010526315789473684 -0.25153534075959927 0.016625357229039253 0.031573175517637324 0 0 0
0.0010526315789473684 0.01580762691523353 0.08248544180574463 0.6814388741223926 0 0 0
0.0010526315789473684 0.3174173938818103 -0.22480355783321523 -0.30805318401776544 0 0 0
0.0010526315789473684 -0.13376546374824258 0.04789791184434218 -0.5436671007855167 0 0 0
0.0010526315789473684 0.06700219081452255 -0.15995281643557333 -0.6351776911843148 0 0 0
0.0010526315789473684 0.08774060049990058 0.28277047045651255 -0.16670045048861257 0 0 0
0.0010526315789473684 0.20437848295717356 0.6398404114158132 0.12218452680253691 0 0 0
0.0010526315789473684 -0.2588082252989622 0.12316027300147359 -0.26642208918757365 0 0 0
0.0010526315789473684 0.16564172713758626 0.47301696620098166 0.2797374989709837 0 0 0
0.0010526315789473684 -0.36130590510470467 -0.5308074408682598 0.12387234611254029 0 0 0
0.0010526315789473684 -0.20228758525795348 -0.48398485646857775 0.27767968769230794 0 0 0
0.0010526315789473684 0.39127887801908784 0.23781015466244107 -0.1845006868873907 0 0 0
0.0010526315789473684 -0.14945882104122676 -0.23089681372352733 0.2518566587585465 0 0 0
0.0010526315789473684 -0.07309999087600541 0.46053946810992036 0.512104119339554 0 0 0
0.0010526315789473684 -0.1326378376937971 -0.1627858005172137 -0.5499816687212192 0 0 0
0.0010526315789473684 -0.02003827931565679 -0.09469216596901647 -0.2041623896979594 0 0 0
0.0010526315789473684 -0.3078986793905755 0.5224336656607785 -0.23076873430793132 0 0 0
0.0010526315789473684 0.4668131506879853 0.11009489802138463 0.40060824319967014 0 0 0
0.0010526315789473684 0.13707568653710728 -0.3072006423401731 -0.576636082508212 0 0 0
0.0010526315789473684 0.42973482281857966 0.05737974490255439 0.3513474028499066 0 0 0
0.0010526315789473684 0.30661845085624617 -0.07768684242636428 0.16262003777210743 0 0 0
0.0010526315789473684 -0.4561451209337481 -0.2645757047313428 0.3236551357682348 0 0 0
0.0010526315789473684 0.0779455297157179 0.1653052867697834 -0.49303740235930016 0 0 0
0.0010526315789473684 -0.06558946186822696 -0.2855876000998627 -0.37656356379838923 0 0 0
0.0010526315789473684 -0.5375626807277082 0.21088881379226854 -0.028126337408953463 0 0 0
0.0010526315789473684 -0.10185190392441613 -0.39232180493427643 -0.2206520662574199 0 0 0
0.0010526315789473684 0.04110696277953441 0.2802339159739953 -0.2453585472092751 0 0 0
0.0010526315789473684 0.07305345242274473 -0.129295517675569 0.5298718101023692 0 0 0
0.0010526315789473684 0.0662915535149072 -0.463189184419811 -0.3509144908192408 0 0 0
0.0010526315789473684 0.3610167369665601 0.4389030507617343 0.2696161053827964 0 0 0
0.0010526315789473684 -0.10551767908641692 0.41105840703236596 0.4331179439486391 0 0 0
0.0010526315789473684 -0.047883359015467204 0.45477309362965185 0.41632772716003136 0 0 0
0.0010526315789473684 -0.38134452915542516 -0.23092751694777688 0.17392953856568955 0 0 0
0.0010526315789473684 -0.4984640005341136 -0.031077095028914068 -0.037592972828755525 0 0 0
0.0010526315789473684 0.060626618711389114 -0.08469722512599717 -0.19263492851910177 0 0 0
0.0010526315789473684 0.48234563404690817 0.3491776902224165 0.3147276742313261 0 0 0
0.0010526315789473684 -0.2671463558844428 -0.18016081117375168 -0.27660086054169986 0 0 0
0.0010526315789473684 0.6523771559047752 -0.16950680957759692 0.008436668357546303 0 0 0
0.0010526315789473684 -0.05867949246354666 -0.22366163831327288 -0.3855978049078574 0 0 0
0.0010526315789473684 0.06469032383119297 0.6458725730739382 0.13002539526604856 0 0 0
0.0010526315789473684 -0.4399140915318197 -0.09204488458349894 0.19145015616838346 0 0 0
0.0010526315789473684 0.10706161293468713 -0.25530753328520833 -0.08695048164204888 0 0 0
0.0010526315789473684 -0.058293439729050205 0.0457626827367314 -0.4169397436905656 0 0 0
0.0010526315789473684 0.08643003837436726 0.4421157381045179 0.21541787400212586 0 0 0
0.0010526315789473684 -0.45025601573462687 -0.23889695567319527 -0.3337433121080135 0 0 0
0.0010526315789473684 -0.3924579824523702 -0.24306696850477996 -0.48006154247727845 0 0 0
0.0010526315789473684 0.3605459971291877 -0.34145225717274524 -0.33577478323172416 0 0 0
0.0010526315789473684 0.3344214109155541 0.08473724154176435 -0.3924233085766554 0 0 0
0.0010526315789473684 -0.4793112185888171 0.01314010164030489 0.10493194239187298 0 0 0
0.0010526315789473684 0.23309191743750243 0.3246734068020563 0.4341333494284969 0 0 0
0.0010526315789473684 0.30338255724145885 -0.437893029900749 -0.14973097715830805 0 0 0
0.0010526315789473684 0.014546415045763839 0.22088853767241995 0.6370105146991678 0 0 0
0.0010526315789473684 0.1787829450756595 -0.07152583897665186 0.4585090651944745 0 0 0
0.0010526315789473684 0.24964882617925252 0.10455345128353644 -0.5077251399812608 0 0 0
0.0010526315789473684 0.32456846767277164 -0.13604267842949483 0.30917075528849475 0 0 0
0.0010526315789473684 0.043481032697066734 -0.001582342332545494 0.030905231768442842 0 0 0
0.0010526315789473684 0.1950270824875578 -0.2549697306425501 -0.49250565328430035 0 0 0
0.0010526315789473684 0.022030175550312853 -0.18589487894999573 -0.48857162119696756 0 0 0
0.0010526315789473684 0.017366264022342513 0.24129878579121536 -0.5766386144063032 0 0 0
0.0010526315789473684 0.23369100589121847 -0.5379125379871637 -0.35613942709092744 0 0 0
0.0010526315789473684 -0.08444260393811438 0.057284635090621865 0.228184076761919 0 0 0
0.0010526315789473684 0.029007704389038415 0.23459341217187096 -0.40062319442549393 0 0 0
0.0010526315789473684 0.4035120079213517 -0.1141821358103223 0.36607041325615425 0 0 0
0.0010526315789473684 -0.16315077166695469 -0.2871939139136608 0.4703510283111935 0 0 0
0.0010526315789473684 0.1732043864719064 -0.4714028954418585 -0.21289694440793538 0 0 0
0.0010526315789473684 0.38000113464350393 -0.15417706372820167 0.4189078722201444 0 0 0
0.0010526315789473684 0.48134655443607716 -0.1267534489982927 0.42675445110190563 0 0 0
0.0010526315789473684 -0.17994098386717586 -0.2741787783232426 0.01595402443192747 0 0 0
0.0010526315789473684 -0.0035472214873066617 -0.3070838977340601 -0.5350027653232259 0 0 0
0.0010526315789473684 -0.3415067395855296 0.24053761782276453 0.49689926455224614 0 0 0
0.0010526315789473684 0.2845648078182461 0.2406909325760035 0.5307407563838695 0 0 0
0.0010526315789473684 -0.28380133226531307 0.5453571902862913 -0.30165426493438857 0 0 0
0.0010526315789473684 -0.07540802356221951 -0.40026780177800836 -0.343596071748283 0 0 0
0.0010526315789473684 -0.022898914524576035 0.03498656083766084 0.2570592872933682 0 0 0
0.0010526315789473684 -0.14917634691783413 -0.579123553805212 0.022623355034181742 0 0 0
0.0010526315789473684 0.2686320165858963 -0.26986628261857604 -0.13282595563169264 0 0 0
0.0010526315789473684 -0.24933819331089124 -0.006396608470464817 0.10622567261194742 0 0 0
0.0010526315789473684 -0.051370246471337914 0.625300457377778 0.08646253880878028 0 0 0
0.0010526315789473684 0.34588568640949496 0.26246756549737427 0.04688769551137631 0 0 0
0.0010526315789473684 -0.25273652884953585 -0.1890739969423346 -0.4718284007965203 0 0 0
0.0010526315789473684 0.4785929997653217 -0.1314819216044739 -0.4743388742604006 0 0 0
0.0010526315789473684 -0.4083151004147619 -0.23189312248079327 0.13442762669947625 0 0 0
0.0010526315789473684 -0.24451802351388768 -0.09029173352126277 -0.6038767441646937 0 0 0
0.0010526315789473684 0.1971385878138263 -0.15229978161225666 0.43713276179335364 0 0 0
0.0010526315789473684 0.3025445697744416 0.038216419548711855 0.2835357959243156 0 0 0
0.0010526315789473684 0.31351252201440993 -0.3805590289007941 -0.09399674198573832 0 0 0
0.0010526315789473684 0.08659235324803836 0.06732911972943777 -0.30828722324290314 0 0 0
0.0010526315789473684 0.07764598674080382 -0.055957023948142656 -0.15764949461479957 0 0 0
0.0010526315789473684 -0.35596401090435836 -0.14456962655489877 0.370932284352919 0 0 0
0.0010526315789473684 -0.08858008787811135 -0.32908891468263995 0.4712781500183775 0 0 0
0.0010526315789473684 -0.28430840740891306 -0.4850006698793473 0.18994047442131307 0 0 0
0.0010526315789473684 -0.378191545082681 0.2453079797339718 0.00646532581355616 0 0 0
0.0010526315789473684 0.3370027790368592 -0.2693139781659619 0.5102562101485478 0 0 0
0.0010526315789473684 -0.49077628921661204 -0.2380828161260671 -0.22148898848082876 0 0 0
0.0010526315789473684 0.06329130172508725 0.1826073980542209 -0.06786045793187115 0 0 0
0.0010526315789473684 0.4142538810754648 -0.23391052949208155 0.39291890386900374 0 0 0
0.0010526315789473684 0.08701507727951827 -0.1547741027512849 -0.6482744445940154 0 0 0
0.0010526315789473684 0.45438790840211474 0.2964602692466168 0.0328196528195968 0 0 0
0.0010526315789473684 0.5406587540176384 -0.02444168573369696 0.33223913527504106 0 0 0
0.0010526315789473684 -0.10254973233375601 -0.19057936460213873 -0.14598276593195803 0 0 0
0.0010526315789473684 0.39096254031112837 0.27528540630513654 0.34184142577645604 0 0 0
0.0010526315789473684 -0.6210141349022763 0.1438042399835463 0.0544278411034528 0 0 0
0.0010526315789473684 -0.4885690707215589 0.29468268703550377 0.25246061742504294 0 0 0
0.0010526315789473684 0.3964469494961953 0.181249452929678 -0.3317357023386108 0 0 0
0.0010526315789473684 0.43612718179215315 0.15876189382785877 0.19781103886375861 0 0 0
0.0010526315789473684 -0.23251895579718856 -0.23386651147885787 -0.06206884223879249 0 0 0
0.0010526315789473684 0.04460996945326896 -0.04486056705230328 0.523670714866662 0 0 0
0.0010526315789473684 -0.17509834427858545 -0.24528074814983541 0.10220819377330635 0 0 0
0.0010526315789473684 0.38438199884544233 0.402657718456593 0.33759916404246565 0 0 0
0.0010526315789473684 -0.47301044049040725 -0.43618773567763464 0.21448909149101927 0 0 0
0.0010526315789473684 -0.13049286754030773 -0.2846687724562718 0.4305640221928098 0 0 0
0.0010526315789473684 0.1284855875208955 -0.14800554729174603 -0.5897292243658458 0 0 0
0.0010526315789473684 0.38765219422584474 0.5537171816974032 0.043627218149982994 0 0 0
0.0010526315789473684 -0.06963099235007254 0.40986076762808904 -0.15261279038720452 0 0 0
0.0010526315789473684 0.158372088718433 -0.45620319596964076 0.03910128269319842 0 0 0
0.0010526315789473684 0.18384379467134027 0.22154126785243003 -0.0021507330143266078 0 0 0
0.0010526315789473684 -0.2422861697383512 -0.08654572301493953 0.6362172397043843 0 0 0
0.0010526315789473684 0.4166473654214111 0.2633868000332722 -0.23163805096313927 0 0 0
0.0010526315789473684 0.3165883469356979 0.0849487050329288 0.22552031302671818 0 0 0
0.0010526315789473684 -0.36966398796801425 -0.4642749210406148 0.1921303424726128 0 0 0
0.0010526315789473684 0.32498362241683093 0.4268016973413991 0.30551861076551784 0 0 0
0.0010526315789473684 -0.12454405520976333 0.09333637257261583 -0.010382633913345155 0 0 0
0.0010526315789473684 0.3547350210438515 0.056095769798784015 -0.43407711699370166 0 0 0
0.0010526315789473684 0.05138570067689095 0.24089063375313022 -0.3491800855681587 0 0 0
0.0010526315789473684 0.113034611780207 0.03747006772214459 0.05657379345855942 0 0 0
0.0010526315789473684 0.21528146981420368 -0.37652914146042277 0.358684829960719 0 0 0
0.0010526315789473684 0.5257311939796856 0.35132654069661734 0.23777314526110235 0 0 0
0.0010526315789473684 -0.340510714322285 0.19070456891463267 -0.2267911151954968 0 0 0
0.0010526315789473684 0.02261300467220705 -0.3505924087569454 -0.28774096185171505 0 0 0
0.0010526315789473684 0.5402438825528625 0.12907987172044905 0.11645490021537878 0 0 0
0.0010526315789473684 0.025437314957850003 -0.38841515136182436 0.009066502013486893 0 0 0
0.0010526315789473684 0.34104943300213875 -0.5814772521322793 0.07663431396335858 0 0 0
0.0010526315789473684 -0.06307755126859015 0.4544509377098384 0.342648017592543 0 0 0
0.0010526315789473684 0.06888407825017896 0.4535290065686895 -0.06671772957065066 0 0 0
0.0010526315789473684 0.4075381762034083 0.3421012452370004 0.10797242062799219 0 0 0
0.0010526315789473684 -0.41127870750864576 -0.19579354529687976 -0.3719632142012629 0 0 0
0.0010526315789473684 0.5475166128461856 -0.19050550499687316 -0.0660770452395227 0 0 0
0.0010526315789473684 0.33423896920207097 -0.1744290533079503 -0.21045554068307581 0 0 0
0.0010526315789473684 -0.5024889000262577 -0.12334546737835424 0.2813111229580577 0 0 0
0.0010526315789473684 0.47816424737767166 -0.37681328228224553 0.08841629172962753 0 0 0
0.0010526315789473684 -0.4389017098511348 0.04445969886999721 -0.2908250729150754 0 0 0
0.0010526315789473684 0.5209522126393318 -0.43418129583152665 0.12894035475465393 0 0 0
0.0010526315789473684 -0.5039828544510431 0.4029209808679823 -0.22242888519289425 0 0 0
0.0010526315789473684 0.03493940080085864 -0.06984623344536303 -0.44345249900587647 0 0 0
0.0010526315789473684 0.5198344046829101 -0.057136391112759845 0.36168050775408195 0 0 0
0.0010526315789473684 -0.17265934734202606 0.025417889088896018 -0.4958813130425029 0 0 0
0.0010526315789473684 0.45178070689666155 -0.03630542474720805 0.125281891103018 0 0 0
0.0010526315789473684 0.046576669238924895 -0.6490591355009473 0.18865690781248934 0 0 0
0.0010526315789473684 0.02235640556241428 -0.000533687897543002 -0.00999856822649373 0 0 0
0.0010526315789473684 0.1815153703510186 0.1713432255921525 0.5905511641089382 0 0 0
0.0010526315789473684 0.5760995764481038 -0.03945912726449826 0.2968810681532373 0 0 0
0.0010526315789473684 0.099160759244283 0.31952309536651197 -0.3024833432243658 0 0 0
0.0010526315789473684 0.3211214063908989 0.3967291454701068 0.10157856981610634 0 0 0
0.0010526315789473684 0.060682639040127336 -0.3705475347479463 -0.2878482445237829 0 0 0
0.0010526315789473684 -0.09192798091057659 0.39221400946153245 0.062124944259607115 0 0 0
0.0010526315789473684 0.08288153648608276 0.6254920153525823 0.19657345871846 0 0 0
0.0010526315789473684 -0.21238782784980645 0.2848789291236587 0.2525025448197183 0 0 0
0.0010526315789473684 0.018478345176661904 -0.4003048792664242 -0.5309688744899478 0 0 0
0.0010526315789473684 -0.41466605390647293 -0.13812974902350342 -0.1036702596359343 0 0 0
0.0010526315789473684 -0.22792696256283518 0.1364162607491033 -0.5387616379360746 0 0 0
0.0010526315789473684 -0.051930372277604823 0.005719611358146358 0.10863545453583713 0 0 0
0.0010526315789473684 0.5021975035694222 0.2781229125996532 -0.11853030172183786 0 0 0
0.0010526315789473684 -0.010706878959972067 -0.46791134073463875 0.18412988095779043 0 0 0
0.0010526315789473684 -0.3714679377406336 0.35131440653332974 -0.1054183653319699 0 0 0
0.0010526315789473684 -0.3197149784944456 0.056558586243748474 -0.44626105034209834 0 0 0
0.0010526315789473684 -0.12631303364203303 0.10747737862475844 -0.22284238772469572 0 0 0
0.0010526315789473684 -0.40029536151613526 -0.09541426735580816 0.007895123588961066 0 0 0
0.0010526315789473684 0.3121098774069736 -0.3500789636529782 -0.1687008762443791 0 0 0
0.0010526315789473684 -0.09341309846338722 -0.003702157047109621 -0.21791198697554467 0 0 0
0.0010526315789473684 -0.29818290048006846 -0.3710208821564134 0.06940448278804774 0 0 0
0.0010526315789473684 0.050157902396990264 -0.4956925333934995 0.16052109990067165 0 0 0
0.0010526315789473684 0.3351477604969639 -0.15444253295180788 0.39222868359783203 0 0 0
0.0010526315789473684 -0.43374207488112915 0.12891817073018716 0.14952858658128695 0 0 0
0.0010526315789473684 0.2786560062697665 0.22713642471508172 0.5648048840830577 0 0 0
0.0010526315789473684 -0.07889275957972153 0.2003336141145795 0.5527871865096116 0 0 0
0.0010526315789473684 -0.30842536440344487 -0.004142214779803586 0.5642542628458643 0 0 0
0.0010526315789473684 0.0012610513050415313 -0.13781493707247824 -0.399414077167232 0 0 0
0.0010526315789473684 0.30765587521483484 0.029931493467795455 -0.49511874646089793 0 0 0
0.0010526315789473684 -0.017845865003229315 -0.21608108091992226 -0.5487230426584881 0 0 0
0.0010526315789473684 -0.15865459403758678 0.38541187713350084 0.21693780048872985 0 0 0
0.0010526315789473684 0.4456119859289511 -0.17825502628318168 -0.2829283616715982 0 0 0
0.0010526315789473684 0.20050482585700305 0.5614526279641058 0.31895729518907134 0 0 0
0.0010526315789473684 -0.3984876815810258 0.10541712276054323 0.05295832062375522 0 0 0
0.0010526315789473684 -0.44364978172453967 -0.017726933654832924 0.1411864066588124 0 0 0
0.0010526315789473684 0.2557005656874827 0.22135692566841111 -0.4919931774173098 0 0 0
0.0010526315789473684 -0.2894550286249173 -0.22996780847067097 0.37059888706806204 0 0 0
0.0010526315789473684 -0.5106640105004091 0.396216410361997 -0.0382032731373386 0 0 0
0.0010526315789473684 0.08118440616723951 0.2964189518850452 0.2943626194516451 0 0 0
0.0010526315789473684 0.5896102101578945 -0.15929551307695153 -0.16985608907133234 0 0 0
0.0010526315789473684 -0.5527073802355293 0.2604602554617191 -0.3062907431784546 0 0 0
0.0010526315789473684 -0.6115911590923733 -0.036962623793735175 0.2889004738248517 0 0 0
0.0010526315789473684 -0.1270225077415862 -0.4168534106014608 -0.13579288344091214 0 0 0
0.0010526315789473684 0.4091137135476874 -0.14521332277774832 -0.3651484627087485 0 0 0
0.0010526315789473684 0.09363169340592592 0.11340832360229497 -0.6340239663320751 0 0 0
0.0010526315789473684 -0.34603458874945225 -0.4591225684678548 -0.1627196512877228 0 0 0
0.0010526315789473684 0.2537274609822766 -0.19631817074016977 -0.30164311743922867 0 0 0
0.0010526315789473684 0.25723801991382667 0.4462111503339148 -0.3785504576816485 0 0 0
0.0010526315789473684 -0.08906676227747926 0.08039714030611525 0.13392563186818915 0 0 0
0.0010526315789473684 -0.08260368285787097 0.6396806609048369 0.06372209196288955 0 0 0
0.0010526315789473684 0.3467721940182994 0.09734138202998278 -0.14238608417769197 0 0 0
0.0010526315789473684 -0.1198629010302415 -0.2842133602590707 -0.33756026506594833 0 0 0
0.0010526315789473684 -0.2967758605883024 0.06679344468618612 -0.06351615029347238 0 0 0
0.0010526315789473684 0.16083039745020358 0.555070351913358 0.19769561014258985 0 0 0
0.0010526315789473684 0.006526178094159696 -0.020314018011129545 -0.6395563441073302 0 0 0
0.0010526315789473684 -0.1300551968402685 0.34739075469597963 -0.09973608905687179 0 0 0
0.0010526315789473684 -0.6366996356570566 0.16611663926736667 0.06284016286547446 0 0 0
0.0010526315789473684 0.23864135217353807 -0.2758137247577386 -0.11060570815371072 0 0 0
0.0010526315789473684 -0.38531453048046843 -0.2159303419731798 0.45591956652466703 0 0 0
0.0010526315789473684 -0.5208842576860426 0.026986336663633075 -0.34538675376699873 0 0 0
0.0010526315789473684 -0.021328722024531784 0.008001887053340878 0.3186280816356118 0 0 0
0.0010526315789473684 -0.5075287182029561 -0.08336561647040418 0.2260076569842566 0 0 0
0.0010526315789473684 -0.23851096543868125 0.06599236424317742 0.42888361733224206 0 0 0
0.0010526315789473684 0.2316814204039037 -0.34876386347732014 0.45814257941153513 0 0 0
0.0010526315789473684 -0.2972899724360147 0.23387540250426386 0.485797793894417 0 0 0
0.0010526315789473684 0.09077435263406528 0.4649296075101709 0.3862926116856875 0 0 0
0.0010526315789473684 -0.4068007065854586 0.04740252916660396 0.11328536934999825 0 0 0
0.0010526315789473684 0.025469633208109185 -0.07639484347134935 -0.6726504589810394 0 0 0
0.0010526315789473684 0.037512382052545784 0.359283814046091 0.10966894120037514 0 0 0
0.0010526315789473684 -0.2717523497607288 0.033403589710445145 0.0725947788537252 0 0 0
0.0010526315789473684 0.5240687503612126 0.11219733091291516 0.21071904275559813 0 0 0
0.0010526315789473684 -0.41989608505019826 -0.24925889013669228 -0.21292553565840835 0 0 0
0.0010526315789473684 0.13293470260863874 0.5190437027326446 0.3307256012357709 0 0 0
0.0010526315789473684 0.2502642705179582 0.4415437139320669 0.45959984185150543 0 0 0
0.0010526315789473684 0.3227500381377495 0.08497761936858539 -0.23200597436207998 0 0 0
0.0010526315789473684 0.034270713418783294 0.35195474595213927 0.02557946266340086 0 0 0
0.0010526315789473684 0.12671244828364292 0.13365861675032845 0.5603893368356438 0 0 0
0.0010526315789473684 -0.5031043715706575 0.2039114648002635 0.03562883021931903 0 0 0
0.0010526315789473684 -0.14185838378268256 0.25130614981812754 -0.5601116833317071 0 0 0
0.0010526315789473684 -0.24565449653708885 -0.14002531273194263 0.6268592903679249 0 0 0
0.0010526315789473684 0.02360362745177686 -0.5104402752899493 -0.19624054955250111 0 0 0
0.0010526315789473684 0.03966548036029764 -0.013470382161821457 -0.09286982810329596 0 0 0
0.0010526315789473684 0.5771998204116616 -0.1740334289935532 -0.1623630681019161 0 0 0
0.0010526315789473684 -0.5294070895744246 0.30183952733909747 -0.1175235374115247 0 0 0
0.0010526315789473684 -0.10820904274938196 -0.26738442434212245 -0.22157771510667812 0 0 0
0.0010526315789473684 0.05353376940565719 -0.14373934420051185 0.32884771388295525 0 0 0
0.0010526315789473684 0.500247018630074 -0.39203910055560864 -0.19241206337486308 0 0 0
0.0010526315789473684 0.22254532240931452 -0.4422710868134437 -0.006174629863702191 0 0 0
0.0010526315789473684 -0.030256878007631008 -0.4670146343360566 -0.41194369128117675 0 0 0
0.0010526315789473684 0.2343408844371883 -0.06563633113473695 -0.27315955373622514 0 0 0
0.0010526315789473684 -0.0886814353170861 -0.23299290919383825 -0.2143548963468219 0 0 0
0.0010526315789473684 -0.012753223788959399 0.27016905517183554 0.5728910130117386 0 0 0
0.0010526315789473684 0.03292519150059319 0.48200341728648116 0.0920106723920233 0 0 0
0.0010526315789473684 -0.2952897901636666 -0.1586288521977702 0.3935435209479921 0 0 0
0.0010526315789473684 0.6456241498327506 -0.1906435373987629 0.13765432466053645 0 0 0
0.0010526315789473684 -0.4289592924281939 0.0702002843442379 0.18070616975035214 0 0 0
0.0010526315789473684 -0.22457021781399505 0.37930189151419447 0.4332011528344978 0 0 0
0.0010526315789473684 -0.21632307918100568 -0.5341139874287196 -0.32699930466480975 0 0 0
0.0010526315789473684 -0.36284788076143815 0.2083402216168286 -0.03261117096757924 0 0 0
0.0010526315789473684 -0.18084618822197593 0.16479026339565422 -0.4279884825210762 0 0 0
0.0010526315789473684 -0.5756677315394896 0.024429923662225492 -0.06162734298506269 0 0 0
0.0010526315789473684 -0.2980636863160793 -0.062212090481349396 0.6151035806559157 0 0 0
0.0010526315789473684 -0.06888799528045336 0.28219305727823146 -0.6166488125679285 0 0 0
0.0010526315789473684 -0.3207070569214059 0.4077366821941486 -0.4003108947590709 0 0 0
0.0010526315789473684 0.31570695432060686 0.28201260974093906 -0.5093041186985425 0 0 0
0.0010526315789473684 0.5432520740297104 -0.2519456428251247 0.12220197727850693 0 0 0
0.0010526315789473684 0.42063945555837573 0.27574145648626147 0.3454822750656032 0 0 0
0.0010526315789473684 0.021910533347024527 0.21767581870110714 -0.1298823917353288 0 0 0
0.0010526315789473684 0.049615169729581805 0.42681550874425755 -0.3554292486871954 0 0 0
0.0010526315789473684 0.28279195476852 -0.511149265408962 0.18801451213207404 0 0 0
0.0010526315789473684 -0.24671761020781352 0.27390793668454305 0.17472579562856466 0 0 0
0.0010526315789473684 -0.49433382422676075 -0.026684301021339084 -0.0576771401428835 0 0 0
0.0010526315789473684 -0.3992619982627693 0.09118448672106673 0.1200223038881361 0 0 0
0.0010526315789473684 -0.42580731781966313 0.29327888725079304 0.01373453867430325 0 0 0
0.0010526315789473684 -0.17092858061005495 -0.22811986713393423 0.2435908920150813 0 0 0
0.0010526315789473684 -0.16906067763329935 0.12337027229354734 -0.08334186639402694 0 0 0
0.0010526315789473684 0.02851575906742814 -0.194861340777593 -0.23369177347791947 0 0 0
0.0010526315789473684 0.28773096947908583 0.11705231294028891 -0.37878885098428117 0 0 0
0.0010526315789473684 0.5753962034412823 0.17934475225816837 0.28928568074157873 0 0 0
0.0010526315789473684 -0.03093452584576871 -0.3196078198464694 -0.19842241398276306 0 0 0
0.0010526315789473684 0.37001603167463964 0.47227756156040446 -0.13926049765229737 0 0 0
0.0010526315789473684 -0.03597425765474417 -0.23102668528598588 -0.5853898988024175 0 0 0
0.0010526315789473684 -0.0005854355431982911 -0.29028567845216324 -0.10886860166186622 0 0 0
0.0010526315789473684 0.1456522986838826 -0.2504352754249906 0.02043796301947474 0 0 0
0.0010526315789473684 -0.23810664381830637 -0.24147668090772645 -0.32802801192043657 0 0 0
0.0010526315789473684 -0.4452378191435449 0.4016162006263145 0.13742922721414297 0 0 0
0.0010526315789473684 -0.2655503114460415 -0.5576872612166967 -0.3103200050259326 0 0 0
0.0010526315789473684 -0.280679778334873 0.18152387035783094 -0.04950761608766561 0 0 0
0.0010526315789473684 0.14941361121361327 -0.6178738274024702 0.2760867812810273 0 0 0
0.0010526315789473684 -0.5780224912557812 0.08122288990573996 -0.274598952831694 0 0 0
0.0010526315789473684 -0.1386608406257474 -0.32096035742873535 0.09492240779525588 0 0 0
0.0010526315789473684 -0.0073310945467868925 0.24001759072939904 -0.6065586154948357 0 0 0
0.0010526315789473684 -0.010851831369976025 -0.5466046845398398 -0.030370674357838162 0 0 0
0.0010526315789473684 -0.3831197912015459 0.5244939188147819 -0.06470531157507889 0 0 0
0.0010526315789473684 -0.5483757189539604 -0.2525704425007791 0.08496617374234783 0 0 0
0.0010526315789473684 0.04484227737762922 0.0008729257645463692 0.49953543081120344 0 0 0
0.0010526315789473684 -0.2835177749777981 -0.22289348357062536 0.02242756815531174 0 0 0
0.0010526315789473684 -0.1709315161656856 -0.39067478655197185 -0.17505077867359728 0 0 0
0.0010526315789473684 -0.4555507705232226 0.17802978735957684 -0.44970666285379224 0 0 0
0.0010526315789473684 -0.1951831938879008 -0.2518445919185316 -0.5738963854270374 0 0 0
0.0010526315789473684 0.29951713011695713 -0.31330781274892855 0.4500449523109952 0 0 0
0.0010526315789473684 0.13304587867454815 -0.20742566064048507 0.05986543021374394 0 0 0
0.0010526315789473684 0.013438034882053598 0.11258996037160138 -0.6499186737077013 0 0 0
0.0010526315789473684 0.19153243276007312 0.5493762246223572 0.30698944843473946 0 0 0
0.0010526315789473684 -0.07883213955506387 -0.11095687492758484 0.07742497758901505 0 0 0
0.0010526315789473684 0.13916819905947347 0.31284044031106917 -0.2799287537002409 0 0 0
0.0010526315789473684 -0.010748351776893502 0.21032250559428056 -0.6467251550938619 0 0 0
0.0010526315789473684 -0.029306563978135063 0.011098312141671066 0.23153012613557974 0 0 0
0.0010526315789473684 -0.42561226814475506 -0.3766039073278566 -0.17096791521456278 0 0 0
0.0010526315789473684 0.4719687615650871 0.4169472271171596 -0.25152988086483774 0 0 0
0.0010526315789473684 0.11269885426172274 -0.5920760148390776 0.11699528090056964 0 0 0
0.0010526315789473684 -0.21426328848896317 0.24862115166806584 0.4043486029810227 0 0 0
0.0010526315789473684 -0.2632435518782501 -0.44781792298289586 -0.11370775609490723 0 0 0
0.0010526315789473684 -0.2589627936854611 0.40909860854101643 0.1816073657239695 0 0 0
0.0010526315789473684 0.1343306389806667 -0.32693317288144563 0.5714287330427921 0 0 0
0.0010526315789473684 0.14363282251553855 -0.38457001146902625 0.2178621104304455 0 0 0
0.0010526315789473684 -0.1394171856395193 -0.46423839811897616 0.18291727853344336 0 0 0
0.0010526315789473684 0.6072904422461411 -0.2567906919219324 -0.05603337244833369 0 0 0
0.0010526315789473684 -0.11765885726257683 -0.2220919924993058 -0.6142346675453768 0 0 0
0.0010526315789473684 0.5903261532503099 -0.23535947544216476 0.2686129372630699 0 0 0
0.0010526315789473684 0.03521476119483979 -0.035620852357152545 -0.32424277251288497 0 0 0
0.0010526315789473684 -0.1559618133468133 -0.20870029931812886 0.0620856067043642 0 0 0
0.0010526315789473684 0.35147984693300266 0.09025444512279705 0.21249586229292347 0 0 0
0.0010526315789473684 0.2992546283861467 -0.3176059516852068 -0.18180374454361156 0 0 0
0.0010526315789473684 0.6040545866954058 -0.15822967773682428 0.04934593629554449 0 0 0
0.0010526315789473684 0.5713222497319872 -0.11745130122770213 0.005834865641280493 0 0 0
0.0010526315789473684 -0.5646462443264233 -0.23958734006333457 -0.10473443365443869 0 0 0
0.0010526315789473684 0.22582285891694773 0.16786711521114062 0.5957791647454518 0 0 0
0.0010526315789473684 0.19877502956612894 0.40981688453867104 0.12861583180946765 0 0 0
0.0010526315789473684 0.4369512546568124 0.2079303254515498 -0.24033598514974094 0 0 0
0.0010526315789473684 0.17259255672277524 0.5547914045844006 0.18185161547340928 0 0 0
0.0010526315789473684 0.28647288431187223 0.11742550266963883 0.4918606374180416 0 0 0
0.0010526315789473684 -4.969560846322861e-05 0.3235566504213446 -0.5282851378606633 0 0 0
0.0010526315789473684 -0.4410127938290861 -0.13720464313383285 0.24422653102547606 0 0 0
0.0010526315789473684 -0.022554211397647805 0.5841421789100458 -0.033413077067038006 0 0 0
0.0010526315789473684 -0.3540897010854138 0.2690488714726494 -0.4982396396822232 0 0 0
0.0010526315789473684 -0.24800620935698195 -0.2178081273999125 -0.44958368183763636 0 0 0
0.0010526315789473684 -0.19784566347368668 -0.17278601594340368 0.026734208982710325 0 0 0
0.0010526315789473684 -0.40486675914725007 -0.06979345210117771 0.23678550325304082 0 0 0
0.0010526315789473684 -0.46832999333289216 -0.3425609422485197 -0.3159061272217854 0 0 0
0.0010526315789473684 -0.23749980069909896 0.20506538429691587 0.17938851288557864 0 0 0
0.0010526315789473684 0.3010490120937996 -0.3240030026110294 -0.3385066369073809 0 0 0
0.0010526315789473684 -0.40012577103185176 0.36689210591167115 -0.027597729265027675 0 0 0
0.0010526315789473684 0.40295225603663914 0.2746343340830753 -0.12345481940670508 0 0 0
0.0010526315789473684 0.052411004054833954 0.07012977670786 -0.3811048774459653 0 0 0
0.0010526315789473684 -0.4811920395530631 -0.1656397172123118 -0.43474133192709 0 0 0
0.0010526315789473684 -0.1452100419323922 0.12170904972308147 0.47110090518318126 0 0 0
0.0010526315789473684 -0.11584999931592489 -0.0370643439510569 -0.20221930640803323 0 0 0
0.0010526315789473684 4.908107227617861e-05 0.12595691953838192 -0.17723601037831188 0 0 0
0.0010526315789473684 -0.43154669624320413 0.08172280919463096 0.3026971283075794 0 0 0
0.0010526315789473684 -0.5440444971193628 0.2806296159010445 0.20043842620415536 0 0 0
0.0010526315789473684 0.4632032292089033 -0.11348845618379273 -0.4929163124543107 0 0 0
0.0010526315789473684 -0.4375548561088794 -0.32934110706698294 0.2168600081342287 0 0 0
0.0010526315789473684 0.4554459780161121 -0.24874665484151215 0.08937716201058657 0 0 0
0.0010526315789473684 -0.31127192324985353 -0.3043822327128051 -0.13917599858659754 0 0 0
0.0010526315789473684 0.33433993793250777 0.22378341897116924 -0.07821769440919239 0 0 0
0.0010526315789473684 0.31408484218425387 0.2009690616901994 0.24569757737824477 0 0 0
0.0010526315789473684 0.2849765276129902 0.13216160890526032 0.3122808887195721 0 0 0
0.0010526315789473684 0.1255240961708579 -0.1226884701011808 -0.08950121397446657 0 0 0
0.0010526315789473684 0.14684896445523116 -0.10228334165730085 0.31398754203222246 0 0 0
0.0010526315789473684 0.16657394824674632 0.0021056403918189265 0.5461775476640729 0 0 0
0.0010526315789473684 0.09456065724087277 0.07904884142421267 0.07386042347639693 0 0 0
0.0010526315789473684 -0.5192353028641995 -0.14493121045121002 -0.11604885563003187 0 0 0
0.0010526315789473684 -0.23494325319611117 0.15149312353640293 -0.1578321987112998 0 0 0
0.0010526315789473684 0.1712800235199066 0.2353982895291373 0.2889763404119938 0 0 0
0.0010526315789473684 -0.1136090205465471 -0.2831045482069774 -0.20766052031493037 0 0 0
0.0010526315789473684 -0.03026172688627564 -0.29439379019679535 0.5117341737628975 0 0 0
0.0010526315789473684 -0.30834079809004145 -0.13843130587908214 -0.2885126576302773 0 0 0
0.0010526315789473684 0.42291057024814194 0.2530539701168253 0.14672509187672536 0 0 0
0.0010526315789473684 -0.2075563188974126 0.20757118482928058 -0.3471432265542422 0 0 0
0.0010526315789473684 -0.316272544686725 0.4112326578903989 0.19865247317160853 0 0 0
0.0010526315789473684 -0.10134423247143257 -0.019941752064863177 -0.09233905961691787 0 0 0
0.0010526315789473684 0.44352564189880916 -0.04096973677397026 0.32621854537574846 0 0 0
0.0010526315789473684 -0.3012297548242121 -0.4785658005856386 -0.02549467908735717 0 0 0
0.0010526315789473684 -0.5018562508980723 0.07681070342057081 0.4722089871007511 0 0 0
0.0010526315789473684 -0.2916539412760721 -0.1841266052600497 0.2244777494234214 0 0 0
0.0010526315789473684 0.09332426996821123 -0.116774639395451 -0.14072264274123944 0 0 0
0.0010526315789473684 -0.4579858369646941 -0.45614100206266894 0.18150226011013298 0 0 0
0.0010526315789473684 -0.5286804879631983 0.3694429440118835 0.19346157893418525 0 0 0
0.0010526315789473684 -0.32308748718704383 0.36024597749995313 -0.2809629174009467 0 0 0
0.0010526315789473684 -0.2954290739571324 0.42483712073434077 -0.04233502661040191 0 0 0
0.0010526315789473684 -0.3539720112069776 0.0976092803279005 0.47384399837379265 0 0 0
0.0010526315789473684 -0.4909537475337819 0.13843190840241165 -0.13523673971355818 0 0 0
0.0010526315789473684 0.34483738598441094 -0.5308837082046414 -0.07814390878169283 0 0 0
0.0010526315789473684 -0.4623339656575172 0.28653119172428165 0.3859725396479674 0 0 0
0.0010526315789473684 0.21609989656497355 0.30472884103459325 0.22671428075194758 0 0 0
0.0010526315789473684 -0.05028317043430731 -0.0037077909856378286 -0.6822422704703788 0 0 0
0.0010526315789473684 -0.31273966551828547 0.26282721040214446 0.38730267871143526 0 0 0
0.0010526315789473684 -0.6021654424295528 -0.08787255837119791 0.03173810535902297 0 0 0
0.0010526315789473684 -0.1669241480524131 0.19565752286738247 0.020758171204985954 0 0 0
0.0010526315789473684 0.2777923105476447 -0.4860378084705248 -0.13724696485954432 0 0 0
0.0010526315789473684 -0.3669748890140936 -0.3673199474397976 -0.345124959692866 0 0 0
0.0010526315789473684 -0.18544141002272302 0.19354253043046374 0.5331814406863051 0 0 0
0.0010526315789473684 0.4590233420731128 -0.3444142841934767 0.14768887276176326 0 0 0
0.0010526315789473684 0.20202588178372086 0.0966441355361288 0.3630024002312683 0 0 0
0.0010526315789473684 -0.30324572854313137 0.4238325915068487 0.1919828442854347 0 0 0
0.0010526315789473684 0.031525329853765834 0.045426207555307935 0.5173249859481777 0 0 0
0.0010526315789473684 0.20769510703088775 -0.4025620047137062 0.20026745501361887 0 0 0
0.0010526315789473684 0.30067029335400636 0.25800075796520966 0.4962935815346392 0 0 0
0.0010526315789473684 0.6141653566425114 0.23899179878190438 0.19722605048426237 0 0 0
0.0010526315789473684 0.1723721483652354 0.01294134115077429 -0.2770130477625539 0 0 0
0.0010526315789473684 0.5204337827699766 -0.03885247204992986 0.15420828568651973 0 0 0
0.0010526315789473684 0.288391144070166 0.532481887412897 0.3202997067531952 0 0 0
0.0010526315789473684 -0.09972928017627648 0.36957724176163537 -0.06359899384360043 0 0 0
0.0010526315789473684 0.1980982878519965 0.5453351028309998 -0.137681663742663 0 0 0
0.0010526315789473684 -0.517536308695424 -0.16319463892551653 -0.3539014491257968 0 0 0
0.0010526315789473684 -0.5844914844627407 0.152507569880942 0.04640872979591008 0 0 0
0.0010526315789473684 0.029679804137249636 0.6261685157735355 0.27991384937837244 0 0 0
0.0010526315789473684 0.16291827833259487 0.28357402760381456 0.1443053142233973 0 0 0
0.0010526315789473684 -0.3034334668301734 -0.5831590120113218 -0.06427019358828044 0 0 0
0.0010526315789473684 -0.3587019861389824 0.1394901645906034 -0.2624437274381457 0 0 0
0.0010526315789473684 0.3367237443176932 -0.03590072305866151 0.5666502815113426 0 0 0
0.0010526315789473684 0.0037205938643052436 -0.24905839387434223 0.10701535654353737 0 0 0
0.0010526315789473684 -0.012228317761815943 -0.5931865649413186 -0.08043751685034106 0 0 0
0.0010526315789473684 -0.01706959681662466 -0.42840455912678604 -0.19049790509146408 0 0 0
0.0010526315789473684 0.622636240010966 0.13371442107772746 0.2239514540948003 0 0 0
0.0010526315789473684 0.007564396225252706 0.5423346251880243 -0.1671409959212332 0 0 0
0.0010526315789473684 -0.18335903602170042 0.06964667371585945 0.6234496571698439 0 0 0
0.0010526315789473684 0.16671272110886956 0.03708038984735832 -0.34762676969697553 0 0 0
0.0010526315789473684 0.1347039197392166 0.17121624012017092 -0.31178828926682817 0 0 0
0.0010526315789473684 -0.14103001463586082 -0.5120447100962615 -0.32762298929164596 0 0 0
0.0010526315789473684 -0.07662992674600323 -0.4830567114052186 0.13186398807245017 0 0 0
0.0010526315789473684 -0.033205544522281444 -0.4495320400661027 -0.1721663534057043 0 0 0
0.0010526315789473684 0.19285541661459 0.24170202250413084 0.34688893169486756 0 0 0
0.0010526315789473684 0.22914635816425039 -0.32628676036696 -0.2141489944289934 0 0 0
0.0010526315789473684 -0.15264818628070517 0.15129009853065806 -0.521626662865096 0 0 0
0.0010526315789473684 -0.3517340036105143 0.4985374602976383 -0.011592384704937852 0 0 0
0.0010526315789473684 -0.09271262612817145 -0.35616438011330054 0.4735163523074722 0 0 0
0.0010526315789473684 -0.3897230742435494 -0.08562177401088 -0.3803226629159137 0 0 0
0.0010526315789473684 -0.1028418939537412 0.3533195596156421 0.21188050139930698 0 0 0
0.0010526315789473684 -0.3092822518100326 -0.2624615332893674 -0.19748870255462214 0 0 0
0.0010526315789473684 -0.02070700136502234 -0.5318884484041666 0.07391739483499549 0 0 0
0.0010526315789473684 -0.004009159526513173 0.35519592619245066 0.23808427669448354 0 0 0
0.0010526315789473684 0.18367042784392174 0.12722400269123643 0.1375342541406875 0 0 0
0.0010526315789473684 0.32122536312105854 0.4405212556546147 -0.298056973857318 0 0 0
0.0010526315789473684 0.17941176615018786 0.18215078077531757 0.2469259355366797 0 0 0
0.0010526315789473684 -0.36932621887806794 0.04931771769686734 0.4138781716571348 0 0 0
0.0010526315789473684 -0.3486561557822584 -0.07841556819905005 0.2779681957708408 0 0 0
0.0010526315789473684 -0.37098470893943164 -0.31624140972492 0.3609572717917376 0 0 0
0.0010526315789473684 0.07472917174416634 0.2865004325886643 -0.08294393533801969 0 0 0
0.0010526315789473684 0.5266273957480184 -0.09754764911998752 -0.18945651903173577 0 0 0
0.0010526315789473684 0.15726252480928773 -0.17229852863181133 0.0647339022963823 0 0 0
0.0010526315789473684 0.1864189739407809 0.21703040538423665 0.04961269648161656 0 0 0
0.0010526315789473684 -0.6548034582528309 0.006781603951275883 0.04640652956503752 0 0 0
0.0010526315789473684 -0.18708818738895008 -0.09385213128915311 -0.4069681487674951 0 0 0
0.0010526315789473684 0.21258263557967744 -0.37739140940990085 0.21716698432747847 0 0 0
0.0010526315789473684 -0.12572935543792355 0.20530365470481138 0.5922145438880919 0 0 0
0.0010526315789473684 0.5913597230693826 -0.23902529635048236 -0.13506680429428777 0 0 0
0.0010526315789473684 -0.21170782382332284 0.429270520670851 0.44923117325591455 0 0 0
0.0010526315789473684 0.09325004985653927 0.3243964075119119 -0.2082867241321805 0 0 0
0.0010526315789473684 0.2650582316177661 -0.06627720790600122 0.3190331076908309 0 0 0
0.0010526315789473684 0.1014296315573435 0.07685290063407625 0.011611303276923658 0 0 0
0.0010526315789473684 0.19043817110593542 0.2021162623198317 -0.44371276291349215 0 0 0
0.0010526315789473684 0.1923897192094577 -0.060093542227773224 -0.5676036783033702 0 0 0
0.0010526315789473684 -0.09565509978559784 -0.06334947669656267 0.3862264389002514 0 0 0
0.0010526315789473684 -0.2427509152608121 -0.10628003505475807 0.2380893207474025 0 0 0
0.0010526315789473684 -0.038971050350806155 0.015190301064242104 -0.6894556024658225 0 0 0
0.0010526315789473684 0.22190808912487128 0.3011288618075946 0.3307550100555291 0 0 0
0.0010526315789473684 0.3603667645183843 -0.16373687059209274 0.1114994391536187 0 0 0
0.0010526315789473684 -0.6508247426395085 0.08347136633567488 0.06329809603915684 0 0 0
0.0010526315789473684 0.06863577880235627 0.10368327582113926 0.3177946249347818 0 0 0
0.0010526315789473684 -0.03833414219782192 -0.1556450943708743 -0.6431682839037398 0 0 0
0.0010526315789473684 -0.4439820075544252 -0.31795968602195285 0.26371015469982106 0 0 0
0.0010526315789473684 -0.44211762817837863 -0.1770762470997249 -0.15047055416206612 0 0 0
0.0010526315789473684 -0.6048526272255459 0.009546307362036844 -0.11997258580813802 0 0 0
0.0010526315789473684 -0.06252633321896178 -0.20108219829606983 -0.4782897348670293 0 0 0
0.0010526315789473684 -0.4659784307640842 -0.008792631485754763 0.4578332031750823 0 0 0
0.0010526315789473684 0.16709642684936057 0.20074139146675346 0.30895498506853303 0 0 0
0.0010526315789473684 0.5011627285676322 0.0811347998373208 0.21400013698527612 0 0 0
0.0010526315789473684 0.40280054964493556 -0.056806212603334384 0.5051364589670393 0 0 0
0.0010526315789473684 -0.01931799278789298 0.23927117194473885 0.6030991051210124 0 0 0
0.0010526315789473684 0.41173010386987424 0.46830426047935764 0.22577233992811932 0 0 0
0.0010526315789473684 0.2204023503143188 -0.4731027935750691 -0.29851926937425677 0 0 0
0.0010526315789473684 -0.24244955139805635 0.06244648843583535 0.5740452644260823 0 0 0
0.0010526315789473684 -0.14620919109137812 -0.6030041298727037 0.09720623175024314 0 0 0
0.0010526315789473684 -0.23671204735725418 0.15931441398540128 0.20787912055043273 0 0 0
0.0010526315789473684 -0.24836448414234855 -0.5861400874099589 -0.03966258146256636 0 0 0
0.0010526315789473684 -0.352563920305947 0.5450677182080892 -0.01349933980365339 0 0 0
0.0010526315789473684 -0.06451391114502665 0.03319785962697158 -0.37974586113172526 0 0 0
0.0010526315789473684 -0.35691245572990987 -0.08671880054228312 -0.229622300281843 0 0 0
0.0010526315789473684 0.2739901440755459 0.12366611207209963 0.529561246618799 0 0 0
0.0010526315789473684 0.2944509057093838 0.453825377021775 0.1301011398606844 0 0 0
0.0010526315789473684 -0.19971911298869305 0.21010398815907683 -0.24087378139348473 0 0 0
0.0010526315789473684 -0.11218091061179217 0.1542979912328052 0.3644369149471026 0 0 0
0.0010526315789473684 -0.06657997846827142 -0.09333155268681559 0.1642918057198144 0 0 0
0.0010526315789473684 -0.050662848221299774 -0.050027138768359555 -0.6558765776053137 0 0 0
0.0010526315789473684 0.4296237731775134 -0.2535787076078401 0.02704207329357041 0 0 0
0.0010526315789473684 -0.029450663867026942 0.14479744047056808 -0.6407822895915544 0 0 0
0.0010526315789473684 -0.43438508286357735 -0.014931280045957538 -0.49253361342060326 0 0 0
0.0010526315789473684 -0.3743772813579001 -0.1440247125338925 0.4465762597524686 0 0 0
0.0010526315789473684 -0.1831735132968807 -0.04790442139804921 -0.3244343228645466 0 0 0
0.0010526315789473684 -0.31823824858458255 0.4088951987346968 -0.22815761348545865 0 0 0
0.0010526315789473684 -0.10076653144431594 -0.04062056679683781 -0.6310565934951267 0 0 0
0.0010526315789473684 0.0026862521003552 0.18841606516198064 -0.36345925869613027 0 0 0
0.0010526315789473684 -0.12134218343237992 -0.21702430352184354 -0.1393956618793241 0 0 0
0.0010526315789473684 -0.05916858737418668 0.39720984382735236 0.3222005330534537 0 0 0
0.0010526315789473684 0.34464223301024055 -0.2570790020823093 -0.4637107971790442 0 0 0
0.0010526315789473684 -0.17589779499473118 0.0990524694677013 -0.39692144851659394 0 0 0
0.0010526315789473684 -0.40764108146817973 0.16101430382287465 -0.38375259061045197 0 0 0
0.0010526315789473684 0.1681461458147139 0.07124635786389605 -0.49227156371336234 0 0 0
0.0010526315789473684 -0.6048058300821666 0.24332042696367312 -0.0991927131517498 0 0 0
0.0010526315789473684 0.3319607711436197 -0.3798864240459218 -0.015033465776883241 0 0 0
0.0010526315789473684 -0.009714919371182854 -0.22980022019100899 -0.269386915547098 0 0 0
0.0010526315789473684 0.15819570400568975 -0.5889422874619937 0.26958123671591605 0 0 0
0.0010526315789473684 -0.12147878343595188 -0.3084888601264057 -0.08428281706613924 0 0 0
0.0010526315789473684 0.2528848061811424 0.03831262362904824 0.08127091464520073 0 0 0
0.0010526315789473684 0.6301692421057471 0.023443825787209466 -0.2055010179279035 0 0 0
0.0010526315789473684 0.2722779819783817 -0.3807829187809256 0.15193636161540428 0 0 0
0.0010526315789473684 -0.3681836974360989 0.011726546467699717 0.07689943112796191 0 0 0
0.0010526315789473684 -0.06192647806270693 0.48186797666587705 0.015706460848915707 0 0 0
0.0010526315789473684 -0.029130087685284335 0.19665995131121716 -0.3261458293133648 0 0 0
0.0010526315789473684 -0.48219155307499856 0.3725138918677887 0.20178107885515512 0 0 0
0.0010526315789473684 0.3449556060904225 -0.3071615127773969 -0.23744154833758468 0 0 0
0.0010526315789473684 0.2116742676178508 0.046505640228772245 0.6417817798265536 0 0 0
0.0010526315789473684 -0.015631651083088192 0.25767641859610607 -0.399922427126335 0 0 0
0.0010526315789473684 0.09930436826914044 -0.3553520274964287 0.48987951216124087 0 0 0
0.0010526315789473684 0.15616026929068158 0.581973417509714 0.05395664159607571 0 0 0
0.0010526315789473684 -0.11166116840389177 0.403481556904982 -0.10111471223272091 0 0 0
0.0010526315789473684 -0.028454977515799642 0.42623558681705986 -0.06861160656251701 0 0 0
0.0010526315789473684 0.47311709076311265 -0.12615929043639598 0.3417533888595476 0 0 0
0.0010526315789473684 0.2994158919560055 0.501335294715494 -0.10243997797707353 0 0 0
0.0010526315789473684 -0.6158375770320866 0.144462051046256 0.26282786664076546 0 0 0
0.0010526315789473684 0.4352011645466695 0.10581476398020292 0.18712788641672562 0 0 0
0.0010526315789473684 -0.5424795145677146 0.16414097372655354 -0.12512610694174015 0 0 0
0.0010526315789473684 0.3938571835300659 0.45361490989253295 -0.1318789668928904 0 0 0
0.0010526315789473684 0.3296066067981754 -0.23937812517106616 0.3346011156171837 0 0 0
0.0010526315789473684 0.07779727948978205 0.07941579125221587 0.29579910437123297 0 0 0
0.0010526315789473684 0.23575446278071957 -0.47886535100428895 -0.42200202144612414 0 0 0
0.0010526315789473684 -0.1523376613263942 -0.6515554578073475 -0.1295594648935742 0 0 0
0.0010526315789473684 -0.11275132630647994 -0.3246076434125239 0.33589740539225255 0 0 0
0.0010526315789473684 -0.4685664226436792 -0.4137335372789305 -0.27330673007746925 0 0 0
0.0010526315789473684 0.18005366514186022 0.3562169973666481 -0.4470594245642747 0 0 0
0.0010526315789473684 -0.216340975088293 0.34253025131850645 0.38978717187868533 0 0 0
0.0010526315789473684 -0.07683289153295227 0.33810083053971 0.4604014849515438 0 0 0
0.0010526315789473684 0.259377576585421 -0.4710112447727529 0.07848254833522952 0 0 0
0.0010526315789473684 -0.15782163439723487 -0.3913026488917227 -0.39446172345455627 0 0 0
0.0010526315789473684 -0.4536443182481479 0.05674247977843974 0.4019905121523724 0 0 0
0.0010526315789473684 0.05785499228551924 0.444897735356394 -0.18413613869193476 0 0 0
0.0010526315789473684 0.21654937806841298 -0.06754626329186514 0.5911713751816401 0 0 0
0.0010526315789473684 -0.5083558662046834 0.31343295338832333 0.14039911621303122 0 0 0
0.0010526315789473684 -0.029639874346261367 -0.627581539374609 -0.24385009028350468 0 0 0
0.0010526315789473684 0.42424995402445675 -0.1756775964382794 0.40200935501119134 0 0 0
0.0010526315789473684 0.17360678051131367 0.343610446014614 0.35644572460021684 0 0 0
0.0010526315789473684 -0.46069828943601987 0.42025749226170744 0.09045640988521454 0 0 0
0.0010526315789473684 -0.10611822919678328 0.3256596240317336 0.4205735938026948 0 0 0
0.0010526315789473684 0.22783961213880516 -0.3939973840386246 0.1008843922995571 0 0 0
0.0010526315789473684 0.22050731686181474 0.2635706476914359 -0.5254293278113389 0 0 0
0.0010526315789473684 0.30996081662512476 -0.10696650644168826 0.4762043854633141 0 0 0
0.0010526315789473684 -0.3394906647058175 0.31720173754621406 -0.044843635629619925 0 0 0
0.0010526315789473684 -0.23069284184728978 0.026227361384436012 0.20190567869091486 0 0 0
0.0010526315789473684 -0.02783096144223345 -0.06806755204914347 0.4689702286291142 0 0 0
0.0010526315789473684 -0.32369109730178486 -0.18260256994433466 -0.19550759178533597 0 0 0
0.0010526315789473684 0.006129085041912682 -0.5423784617008209 0.11918899436455947 0 0 0
0.0010526315789473684 -0.115294633470405 0.5873721805741058 -0.18166829888192823 0 0 0
0.0010526315789473684 -0.5564141617102981 0.05453053734351131 -0.3593457203114114 0 0 0
0.0010526315789473684 -0.12494434393866619 0.3262201318040955 0.43700038942241476 0 0 0
0.0010526315789473684 -0.24081680099847955 -0.07291262694769732 0.0723541151043975 0 0 0
0.0010526315789473684 0.2291517028412132 0.10270509411703217 0.2550579007927207 0 0 0
0.0010526315789473684 0.36686334158532424 -0.030642328601128494 0.4363766814774727 0 0 0
0.0010526315789473684 -0.09325450160169428 -0.6370817624637911 -0.24386103930851913 0 0 0
0.0010526315789473684 -0.5232454091677256 0.13033632234730866 -0.34013387402748224 0 0 0
0.0010526315789473684 0.5810596069496005 -0.09259134770942645 0.05035020711925298 0 0 0
0.0010526315789473684 -0.46493365124806607 0.3772569158254078 -0.25731125246195324 0 0 0
0.0010526315789473684 0.002383307998461102 -0.558699859152062 -0.3177948137092548 0 0 0
0.0010526315789473684 0.17102826963198609 0.20701332503974906 -0.08997134843497225 0 0 0
0.0010526315789473684 0.3572891333808221 0.038165298263139344 0.09408476105791132 0 0 0
0.0010526315789473684 -0.48202349813331824 0.2953493426346034 -0.36100511527405066 0 0 0
0.0010526315789473684 -0.1548932199771621 -0.604602675862554 -0.040590106004292005 0 0 0
0.0010526315789473684 -0.2549184987249452 0.3110446164122262 -0.19513835890099815 0 0 0
0.0010526315789473684 0.05334292489392314 0.47596259794080026 -0.1391854685162082 0 0 0
0.0010526315789473684 0.31452254717480455 0.19645781230128462 -0.019275596854505327 0 0 0
0.0010526315789473684 0.2670840469048803 0.08771331060266695 -0.11031985813652795 0 0 0
0.0010526315789473684 -0.20956938916538156 0.139589241101992 0.5361952315463615 0 0 0
0.0010526315789473684 -0.22465484858399815 -0.17389597438980534 0.1480494856455613 0 0 0
0.0010526315789473684 -0.07428557789585942 0.5121323170390347 0.4349772497376582 0 0 0
0.0010526315789473684 0.25151181631476904 -0.06602953802084452 -0.18953855039301518 0 0 0
0.0010526315789473684 0.2858694159933239 -0.3700682901778413 -0.17325119480224363 0 0 0
0.0010526315789473684 -0.04188607186534758 0.4574525098977386 -0.05050455387742245 0 0 0
0.0010526315789473684 -0.02881217296330608 0.49790686042441606 -0.43483917933407373 0 0 0
0.0010526315789473684 -0.25131390094639794 0.13066837248675073 0.11115975691227781 0 0 0
0.0010526315789473684 0.5235025082255267 -0.15053403388501974 0.0772776780196117 0 0 0
0.0010526315789473684 0.40333765158661966 0.09254315237286599 0.4104522640958788 0 0 0
0.0010526315789473684 -0.408216110769393 -0.1330870930295559 -0.4691360607048984 0 0 0
0.0010526315789473684 0.5539002488151097 0.032605634328549876 -0.25466062156346964 0 0 0
0.0010526315789473684 -0.2219469543116099 0.20938264676601223 -0.12289378609256725 0 0 0
0.0010526315789473684 0.21702181265297388 0.24519501261280047 0.227913552530728 0 0 0
0.0010526315789473684 -0.2706489959197097 -0.5040084120248401 0.23394417067709947 0 0 0
0.0010526315789473684 0.03993790560431377 0.3578849817746004 0.5631903862882965 0 0 0
0.0010526315789473684 -0.0814272040267401 0.5149041180121827 0.35349323270374455 0 0 0
0.0010526315789473684 0.3502255804425237 0.24285479747427527 0.331421504348918 0 0 0
0.0010526315789473684 0.01660377356454363 -0.0614186867008537 -0.21849225583802148 0 0 0
0.0010526315789473684 0.42905521599728175 0.03190570392462406 0.18246779706229346 0 0 0
0.0010526315789473684 -0.4487104010780869 -0.2980166640368684 -0.4359533310364763 0 0 0
0.0010526315789473684 0.32819806875507423 -0.25181963993377504 -0.4602704971665105 0 0 0
0.0010526315789473684 0.01324690093942676 -0.4023802148040393 0.22386866030193908 0 0 0
0.0010526315789473684 -0.49669432811914677 0.2911836614656747 0.052205904729042824 0 0 0
0.0010526315789473684 -0.10265441123784855 0.22698458126133786 0.2729182689225856 0 0 0
0.0010526315789473684 -0.39090120658330546 0.2616639506759998 -0.016988350861894593 0 0 0
0.0010526315789473684 0.43459671241200165 0.2367380407345541 0.06946382942669811 0 0 0
0.0010526315789473684 -0.004989908930801225 -0.0966587301687384 0.5797104670360295 0 0 0
0.0010526315789473684 0.054186829243401125 0.19290448975854907 -0.33789612906354205 0 0 0
0.0010526315789473684 0.27589143819527967 0.33854745718325796 0.4037770538454379 0 0 0
0.0010526315789473684 -0.4686794219738076 -0.3412517109867875 0.3742072349203146 0 0 0
0.0010526315789473684 0.02019062028806752 0.6029053455103789 0.32252225942647655 0 0 0
0.0010526315789473684 -0.2061148843345503 0.3858326319871737 0.07060052610605375 0 0 0
0.0010526315789473684 -0.16109315677038674 -0.008475926666027585 0.04491807390354307 0 0 0
0.0010526315789473684 -0.27891017730693624 -0.08096420980204004 0.46679789675070144 0 0 0
0.0010526315789473684 0.5871703848922859 -0.1607758927950308 -0.06340985561023302 0 0 0
0.0010526315789473684 -0.3270293989349424 0.21384255019423695 -0.20734810152366878 0 0 0
0.0010526315789473684 0.320481666943789 0.21460480301848975 0.3364493087915327 0 0 0
0.0010526315789473684 0.21304552354419903 0.25195833913752463 0.44572699303013086 0 0 0
0.0010526315789473684 0.5451205382681104 0.4210600686526482 0.02897112933808751 0 0 0
0.0010526315789473684 -0.2604077467890589 0.12961080014689988 -0.5902741713347406 0 0 0
0.0010526315789473684 -0.3030759345528526 0.48393580931236 -0.1139742717487992 0 0 0
0.0010526315789473684 -0.2309712848282238 -0.06412677469306402 0.47778392071329134 0 0 0
0.0010526315789473684 -0.3278438949340843 -0.2090128375596598 -0.07218750850705598 0 0 0
0.0010526315789473684 0.20002835431964358 -0.412797612022837 0.018865817578803786 0 0 0
0.0010526315789473684 0.29584551593827324 0.1308304766947324 -0.3474146324221559 0 0 0
0.0010526315789473684 0.20546236947572774 -0.17506332683343148 -0.5419215120393823 0 0 0
0.0010526315789473684 0.22274325022686906 -0.4293051865368677 0.26775497589691716 0 0 0
0.0010526315789473684 -0.2280768161578417 0.18650690087107197 -0.5119363232102431 0 0 0
0.0010526315789473684 -0.47561963812674946 -0.34492010870040934 0.3603411766742857 0 0 0
0.0010526315789473684 0.42812062097571585 0.42711385473572633 0.18166595413188344 0 0 0
0.0010526315789473684 0.04363268822967526 0.36886332107828484 0.38435651488430755 0 0 0
0.0010526315789473684 0.16452953494295838 -0.3780632575720924 -0.16017445032558456 0 0 0
0.0010526315789473684 -0.32171268371552625 -0.2522131141322687 -0.3239083642316294 0 0 0
0.0010526315789473684 -0.3317557284577153 0.38816817376865587 0.1357884470539704 0 0 0
0.0010526315789473684 -0.34024958052763715 -0.49201374981497725 0.24371557691272913 0 0 0
0.0010526315789473684 -0.3153999781161734 0.5808566292354406 0.07983250845932219 0 0 0
0.0010526315789473684 -0.2771199947379927 -0.22283088345289218 -0.1515754300961785 0 0 0
0.0010526315789473684 -0.3127384172135055 -0.3372686937262203 0.08148933392276987 0 0 0
0.0010526315789473684 0.3331584016229877 0.179947860190236 -0.5443966195611453 0 0 0
0.0010526315789473684 0.39647131184074086 0.22630592618942366 0.21823888150032308 0 0 0
0.0010526315789473684 -0.31492603761700144 -0.4369488010816268 -0.0603359757552036 0 0 0
0.0010526315789473684 0.24770588779229313 0.45761212455017697 -0.2903143246593711 0 0 0
0.0010526315789473684 -0.04828045847455544 -0.08809781222378514 -0.1748827463338575 0 0 0
0.0010526315789473684 0.20144663411288383 -0.4936673690055607 -0.31625752435366544 0 0 0
0.0010526315789473684 -0.41130828120337404 0.13237903009837973 0.056518717519663066 0 0 0
0.0010526315789473684 0.3506846798097806 0.31845763545625483 0.09950478375208581 0 0 0
0.0010526315789473684 0.49738102514411137 0.11585712397506265 0.42784106742943684 0 0 0
0.0010526315789473684 0.40962567232069047 0.00028268765605059514 0.5352050994126551 0 0 0
0.0010526315789473684 0.11775488529560198 0.42142752851086507 0.01827009760069535 0 0 0
0.0010526315789473684 0.5367159118964612 -0.012561685064836946 -0.16033951661026685 0 0 0
0.0010526315789473684 -0.017716535103297817 -0.319087253961634 0.014410048936205984 0 0 0
0.0010526315789473684 -0.016582590217387245 0.5378074892531579 0.022752125750162902 0 0 0
0.0010526315789473684 -0.14540247500899292 -0.11800802401383008 0.08062389549403591 0 0 0
0.0010526315789473684 0.28334383402812596 0.40497924018320747 0.25508615419749225 0 0 0
0.0010526315789473684 -0.28980427826450056 -0.22890770849330946 0.42639863848274684 0 0 0
0.0010526315789473684 -0.4093410142010169 0.5272152719885649 -0.060568322862687825 0 0 0
0.0010526315789473684 0.039777950283336576 0.25747115079123584 -0.39801984616828473 0 0 0
0.0010526315789473684 0.23303076282683127 0.41022501254703825 0.34529219888792245 0 0 0
0.0010526315789473684 0.0660149267185604 0.04211532033117731 -0.266127707370623 0 0 0
0.0010526315789473684 0.09943860740450826 0.3569821262929588 -0.58184884760559 0 0 0
0.0010526315789473684 0.2579177210145763 0.33033560702898307 0.06756140758189653 0 0 0
0.0010526315789473684 0.13599756872258273 0.3036570173096444 0.3356659875026678 0 0 0
0.0010526315789473684 -0.6066228566960207 -0.2665650898543871 0.0018950310452462633 0 0 0
0.0010526315789473684 0.10040844781746666 -0.0696077170679615 0.052750688797361674 0 0 0
0.0010526315789473684 0.2721734809397507 -0.039540972022449855 -0.3930078162891467 0 0 0
0.0010526315789473684 0.38088393744462024 0.5046555843644097 -0.0409234149543255 0 0 0
0.0010526315789473684 0.3640980039094105 -0.29505874642379465 -0.4525534295949343 0 0 0
0.0010526315789473684 -0.004482552758448968 0.11165408886258239 0.19921078241677878 0 0 0
0.0010526315789473684 -0.05748101686006941 -0.2511998489924052 0.5094599671262138 0 0 0
0.0010526315789473684 0.1800907191313586 -0.49455036119980306 -0.08575010577983921 0 0 0
0.0010526315789473684 -0.07348082965603454 -0.3822370036330339 -0.5654355913547632 0 0 0
0.0010526315789473684 -0.4767061375419997 -0.18122774385068624 0.12636771947859932 0 0 0
0.0010526315789473684 -0.03459819186110785 -0.002537056160907381 -0.5274026376745271 0 0 0
0.0010526315789473684 -0.5094877071744244 -0.3001390329482934 0.1098933259284258 0 0 0
0.0010526315789473684 0.34461013524744954 0.0844426091794523 0.5921586645354294 0 0 0
0.0010526315789473684 0.4174044475657867 0.1815825223958167 -0.35888634516469614 0 0 0
0.0010526315789473684 0.12889210123316325 0.33295630726401576 -0.39460671845636514 0 0 0
0.0010526315789473684 0.5920804412390793 0.10344017662900436 0.1159897065873243 0 0 0
0.0010526315789473684 0.5316226251159756 0.26814973887503246 0.30556795041437534 0 0 0
0.0010526315789473684 0.5004057547198874 -0.08765665429964846 -0.42052516619992875 0 0 0
0.0010526315789473684 0.5786542292531872 0.18535176788156515 0.3240486869615771 0 0 0
0.0010526315789473684 0.05213812414615302 0.3181257190616509 0.5132880111939807 0 0 0
0.0010526315789473684 -0.03769401137293249 0.4360013320582254 -0.06924730065802023 0 0 0
0.0010526315789473684 -0.2913286002336205 -0.04354376764963131 0.24980391846780114 0 0 0
0.0010526315789473684 -0.10032328426327207 0.2856684430959876 0.21849856423364392 0 0 0
0.0010526315789473684 0.03975302419170929 -0.6555228259501833 -0.04895701110958013 0 0 0
0.0010526315789473684 0.30051329418437933 0.16773047253039353 0.058563889329034946 0 0 0
0.0010526315789473684 -0.12600187245705713 -0.03660681568662887 -0.42654104457591496 0 0 0
0.0010526315789473684 -0.066178771363795 -0.25326206043432836 0.2877290369317216 0 0 0
0.0010526315789473684 -0.01684564069977714 0.2576537157588525 -0.06231710674913795 0 0 0
0.0010526315789473684 -0.32568334641397595 0.23031507323166536 -0.3500132353012172 0 0 0
0.0010526315789473684 -0.6286732112002101 0.16403621152421524 -0.1328177732997147 0 0 0
0.0010526315789473684 0.16754268146480053 0.5980733076023768 -0.0759102876132593 0 0 0
0.0010526315789473684 -0.31447878516767025 -0.4088769334754529 0.3100636408181002 0 0 0
0.0010526315789473684 0.13810034576804323 0.5088704751572474 -0.34812002443066026 0 0 0
0.0010526315789473684 -0.2540974442108287 0.11598410511701523 0.5908170063770958 0 0 0
0.0010526315789473684 -0.05377689291924548 0.011571855495159874 -0.26224771009802395 0 0 0
0.0010526315789473684 0.4164112042514996 -0.23249012303659608 0.09275397133568379 0 0 0
0.0010526315789473684 -0.48509087455671607 0.43066932563694266 -0.09102525001344601 0 0 0
0.0010526315789473684 -0.30382223297417954 -0.3059648219833285 0.285257017327836 0 0 0
0.0010526315789473684 -0.23154236340191345 -0.1467521294579934 -0.5157897532560396 0 0 0
0.0010526315789473684 -0.6162175725946073 -0.201163470293321 -0.062251025284691175 0 0 0
0.0010526315789473684 0.048233465357507985 0.3324515852624854 0.25594628767720046 0 0 0
0.0010526315789473684 -0.13319162309616756 -0.17508509155314472 -0.4786786221753817 0 0 0
0.0010526315789473684 -0.2803365927461422 0.5460216988830856 0.13607169847947742 0 0 0
0.0010526315789473684 -0.30906487982446784 -0.5051566923861112 -0.02120940770980052 0 0 0
0.0010526315789473684 0.3462005371919875 -0.07162272660998771 0.17807156773131463 0 0 0
0.0010526315789473684 0.4067685395713979 0.14113699027346246 0.40971522957513723 0 0 0
0.0010526315789473684 -0.3730549599370817 0.10742291410672036 0.21721771612501048 0 0 0
0.0010526315789473684 0.37593113645066206 -0.4104952730816764 -0.12373504229083583 0 0 0
0.0010526315789473684 -0.04742643794437976 -0.6572510765700511 0.030004220282812865 0 0 0
0.0010526315789473684 -0.028593817036406795 0.35516692244450626 -0.5182341878942279 0 0 0
0.0010526315789473684 -0.21181380821673984 0.5637793142367369 -0.2855488245023538 0 0 0
0.0010526315789473684 -0.11143141633885276 -0.34639834062966235 -0.30902088499215136 0 0 0
0.0010526315789473684 0.14103172292310961 0.40764839798533203 -0.5270563122795179 0 0 0
0.0010526315789473684 0.25646579368532674 -0.24562450355059182 0.16433357295559556 0 0 0
0.0010526315789473684 0.3508351301418008 -0.2061005425519931 -0.13965534822869405 0 0 0
0.0010526315789473684 0.026913263784154484 -0.227367010157992 0.2832499094841793 0 0 0
0.0010526315789473684 0.15767707801857278 0.4091880902392827 -0.2403725063357951 0 0 0
0.0010526315789473684 -0.45800427701017277 0.060887283664692246 -0.18103231374612425 0 0 0
0.0010526315789473684 0.01440652912750894 0.12012683698076085 0.2931979138805317 0 0 0
0.0010526315789473684 -0.17560671934926816 0.03531672170501238 0.43310464346598326 0 0 0
0.0010526315789473684 0.5507839735715762 -0.08418621305921857 0.27996286234188206 0 0 0
0.0010526315789473684 -0.2790987440734965 0.09882024773879083 -0.33199430398429164 0 0 0
0.0010526315789473684 -0.009695925207502098 -0.4372944750522353 0.17390517012034004 0 0 0
0.0010526315789473684 -0.11135720854273704 0.05157469649806273 -0.16586889970728444 0 0 0
0.0010526315789473684 -0.30601589977568067 -0.21402798210940052 -0.3485736132885856 0 0 0
0.0010526315789473684 0.24451910221627132 0.47912787177993826 -0.2268253192232683 0 0 0
0.0010526315789473684 0.037076942093307315 -0.19968726497170222 -0.15426867728539345 0 0 0
0.0010526315789473684 0.548154733179093 0.16722545311183462 -0.3129820866016143 0 0 0
0.0010526315789473684 -0.381414814866216 0.06594943038185207 0.44454498137048165 0 0 0
0.0010526315789473684 -0.34274524312445864 0.11699175670994863 -0.44318292453769265 0 0 0
0.0010526315789473684 -0.1393498392955363 0.022732489188972655 0.4128599090454484 0 0 0
0.0010526315789473684 -0.4218851189239449 -0.34593469724956094 0.09889115024253739 0 0 0
0.0010526315789473684 -0.022097265926807132 -0.21011037592744863 0.24827333801688195 0 0 0
0.0010526315789473684 0.10140241598722269 0.6416471098444709 -0.09883209139096436 0 0 0
0.0010526315789473684 0.13743857013380328 0.00857291245982646 -0.2671419338653863 0 0 0
0.0010526315789473684 0.433377354766632 -0.2511441257554978 -0.46775552563626926 0 0 0
0.0010526315789473684 -0.1294347408639261 -0.42651409198402346 0.0737688465311892 0 0 0
0.0010526315789473684 0.11337215253101954 -0.008550495210631602 -0.5549211833880924 0 0 0
0.0010526315789473684 -0.48926650405130323 0.08461866505903236 0.14620840238598334 0 0 0
0.0010526315789473684 -0.37482073517681963 0.00898685439161686 -0.2874756129451734 0 0 0
0.0010526315789473684 -0.22265386787435043 0.30013453847238386 0.5086012672818974 0 0 0
0.0010526315789473684 0.040976850982779055 0.1862872065642154 0.13822921289684437 0 0 0
0.0010526315789473684 -0.5342535089647107 -0.13468380331454569 -0.28267988369214314 0 0 0
0.0010526315789473684 0.04105703068982066 -0.45106587711109475 0.2770357874558172 0 0 0
0.0010526315789473684 0.3419692812504198 -0.30570747462369263 -0.34487413614484697 0 0 0
0.0010526315789473684 -0.3295812085289339 0.2562731129170337 -0.1402130519006874 0 0 0
0.0010526315789473684 0.5307571734806749 0.2615690223700631 -0.11267163202937225 0 0 0
0.0010526315789473684 0.19222119338557722 0.10471121599412077 0.17843570568549208 0 0 0
0.0010526315789473684 0.1685155881325056 0.6363288793610775 -0.16653487785117974 0 0 0
0.0010526315789473684 0.27958636179378205 -0.3976195016316543 -0.44181894755844375 0 0 0
0.0010526315789473684 0.28480351264294146 -0.3363406994257022 0.1541514005786508 0 0 0
0.0010526315789473684 0.04510454060852091 -0.07043826156625739 -0.5636971429077957 0 0 0
0.0010526315789473684 -0.020143171110000236 -0.3808462414361594 0.03652523914348639 0 0 0
0.0010526315789473684 -0.24958963676325804 -0.2023836682154936 0.1389146703279276 0 0 0
0.0010526315789473684 0.11831240886117045 -0.30595401074063844 -0.271426143367664 0 0 0
0.0010526315789473684 -0.23683718513262467 0.12858406279549275 0.44059191626750566 0 0 0
0.0010526315789473684 -0.24815858654616627 -0.14237170213145853 -0.5774701493752258 0 0 0
0.0010526315789473684 0.4667366656428393 0.0532983951244874 0.4403727197495959 0 0 0
0.0010526315789473684 -0.09338124495822944 0.419811713973186 0.21008444251824393 0 0 0
0.0010526315789473684 -0.24586827293429966 0.31879696326878976 -0.31025751591239986 0 0 0
0.0010526315789473684 -0.09113397111823342 0.22113447478921322 0.3392550289277073 0 0 0
0.0010526315789473684 -0.00019833238286926316 0.6782047498773796 -0.11384538556614943 0 0 0
0.0010526315789473684 0.5648576302868892 0.3857272275484699 -0.09211464446074555 0 0 0
0.0010526315789473684 -0.005246402677710309 -0.1738571147692091 -0.38466453843541737 0 0 0
0.0010526315789473684 0.19515591935553378 0.6576695116121117 0.04726563488820887 0 0 0
0.0010526315789473684 -0.14359345221767567 0.36889919134810456 0.07462406386935994 0 0 0
0.0010526315789473684 -0.20723822585304097 0.2688520020703918 0.05230171594556021 0 0 0
0.0010526315789473684 0.08836008577987418 -0.5825985010570182 0.3631010644674665 0 0 0
0.0010526315789473684 -0.22214785439614645 -0.5752359670042607 0.09426771313355553 0 0 0
0.0010526315789473684 0.005295883864648437 -0.33315641753619296 0.49918916357776594 0 0 0
0.0010526315789473684 -0.44110169540314925 -0.31470440192991916 -0.24550303346410945 0 0 0
0.0010526315789473684 -0.33194759704119975 0.12198332714154402 0.4162423201660605 0 0 0
0.0010526315789473684 0.12055953636934279 -0.4348004201148169 0.05880583629159144 0 0 0
0.0010526315789473684 0.045211599254611705 -0.3031962594744588 0.4915616270327014 0 0 0
0.0010526315789473684 -0.2321832322879232 0.09026537157396314 -0.3999605301937284 0 0 0
0.0010526315789473684 -0.13087829496738923 0.2744078536234519 -0.47918324501182874 0 0 0
0.0010526315789473684 0.08734411357138668 0.5132242688812454 -0.3252327335776624 0 0 0
0.0010526315789473684 0.3837473601381958 -0.22019405332058672 -0.4082570000731505 0 0 0
0.0010526315789473684 -0.09309666230763995 0.31037205838834353 0.23623927337707104 0 0 0
0.0010526315789473684 -0.5279471022153637 0.1505473356792382 0.34837094340092223 0 0 0
0.0010526315789473684 0.5633876106256324 -0.0372847896031851 -0.04423411621635798 0 0 0
0.0010526315789473684 0.07106727228587542 0.16988006858885632 -0.6537891152126262 0 0 0
0.0010526315789473684 -0.5569525008036746 -0.22621045098201167 0.2943064219488435 0 0 0
0.0010526315789473684 0.1752736027386708 -0.1522639602598682 -0.19513962391902107 0 0 0
0.0010526315789473684 -0.37385576916092195 -0.2103698628054984 -0.3339521122730704 0 0 0
0.0010526315789473684 0.15418180800785705 0.11019299590540307 -0.4915337467385482 0 0 0
0.0010526315789473684 -0.129162850714647 -0.4442240265515666 -0.15295259537216505 0 0 0
0.0010526315789473684 0.6245122271760126 0.14190025991490418 -0.0206974973439618 0 0 0
0.0010526315789473684 0.15140906465331824 0.24333746278002713 0.43320794951916286 0 0 0
0.0010526315789473684 -0.30932168271299926 0.26748069936337243 0.37138993147200533 0 0 0
0.0010526315789473684 -0.28076518926714666 0.4262340443630029 -0.19558357219024625 0 0 0
0.0010526315789473684 -0.050104789849698496 0.5150653225368278 -0.23117860170690277 0 0 0
0.0010526315789473684 -0.45244597215240423 0.11455952318931208 -0.20992548807331987 0 0 0
0.0010526315789473684 0.1689555809730821 -0.2802331385045484 0.526903881508314 0 0 0
0.0010526315789473684 0.09271867864708352 0.4699128761919733 0.045077245997747414 0 0 0
0.0010526315789473684 -0.19373605604728297 0.41229102445394206 -0.3455120524736579 0 0 0
0.0010526315789473684 -0.2189609784239228 0.4503471283601109 -0.4234552664679585 0 0 0
0.0010526315789473684 0.34765722435618157 -0.04700784714563972 0.42737155067439464 0 0 0
0.0010526315789473684 -0.5344878108608928 -0.14122794152974213 0.021916291768844555 0 0 0
0.0010526315789473684 -0.08894436837702527 -0.04675690444966634 -0.39486560838939616 0 0 0
0.0010526315789473684 -0.030525036167364482 -0.42797364652961595 -0.30687706405418336 0 0 0
0.0010526315789473684 -0.4930499277457093 -0.3594981766982714 0.26260183423183153 0 0 0
0.0010526315789473684 -0.2358664195873549 -0.1982050363329831 -0.4962963284849247 0 0 0
0.0010526315789473684 -0.1823025818585522 0.16272242925992028 -0.17968447315041922 0 0 0
0.0010526315789473684 -0.2596331718260975 0.09108150676211284 -0.6245097459613647 0 0 0
0.0010526315789473684 0.21096428887445615 -0.2154484032336936 0.058661487611857493 0 0 0
0.0010526315789473684 0.17557207470306171 0.40673477085539284 0.2968783205045625 0 0 0
0.0010526315789473684 0.12545505202440901 -0.6210135776971657 -0.25442507912951634 0 0 0
0.0010526315789473684 0.35715171149760433 0.41271588418912014 0.2914917025710707 0 0 0
0.0010526315789473684 0.20254725570016477 0.48573975171814865 0.30053021376092814 0 0 0
0.0010526315789473684 -0.14788765896508943 -0.09393854430434169 -0.5173297368020084 0 0 0
0.0010526315789473684 0.23576820624748684 -0.3053008602361213 -0.2734304411681861 0 0 0
0.0010526315789473684 0.07979247456483825 0.3262303048747879 -0.5184962120909546 0 0 0
0.0010526315789473684 -0.006767996897001044 -0.15739707463358157 0.1563697346732732 0 0 0
0.0010526315789473684 0.008550462087602897 -0.0049502922899590015 -0.2320628970777861 0 0 0
0.0010526315789473684 -0.017014491832742097 0.3407644381901169 0.4419353170582215 0 0 0
0.0010526315789473684 0.07679836814026132 0.5879911885377491 -0.3106224496063198 0 0 0
0.0010526315789473684 -0.4881237104097235 -0.205865117859806 0.05480809665276241 0 0 0
0.0010526315789473684 0.12703137060865574 -0.5064393713096206 -0.27880723380584865 0 0 0
0.0010526315789473684 0.5884693611993469 0.017747090903841505 -0.040148368705184775 0 0 0
0.0010526315789473684 -0.401837464425478 -0.4475908645082955 -0.34385844894020634 0 0 0
0.0010526315789473684 0.15075460458519266 -0.2632450865074165 -0.16728182416831894 0 0 0
0.0010526315789473684 -0.11196213517400483 0.4751202404588435 -0.3578016176761346 0 0 0
0.0010526315789473684 0.16080576527716542 -0.36143318105088224 0.10531023875641501 0 0 0
0.0010526315789473684 0.35851754314038814 -0.21116198577606538 0.0042798981181272015 0 0 0
0.0010526315789473684 -0.29994313175501447 0.12867694684981767 0.3287424689597583 0 0 0
0.0010526315789473684 0.060660790752856616 -0.1864912456537234 -0.5755422444311878 0 0 0
0.0010526315789473684 0.19048838111038488 0.19174212391132117 0.02461639342799895 0 0 0
0.0010526315789473684 0.22412778466085434 -0.26289104498130667 -0.11589876929744829 0 0 0
0.0010526315789473684 -0.11213502988567277 -0.13052626282141078 0.2445409238565127 0 0 0
0.0010526315789473684 -0.0649184231920253 0.36586245750768 -0.10350721493955659 0 0 0
0.0010526315789473684 0.3354706584596404 0.27285985146578623 0.16293172620710683 0 0 0
0.0010526315789473684 -0.40734075731150315 -0.239755113440295 -0.049781539172472605 0 0 0
0.0010526315789473684 0.009948479482098803 -0.17151626441672194 -0.30796599546644016 0 0 0
0.0010526315789473684 0.2957987954104041 0.4351800686965775 -0.06573093498276973 0 0 0
0.0010526315789473684 0.10911454164739944 0.24198326632791697 0.11306301997717452 0 0 0
0.0010526315789473684 0.03861302282795238 0.0642613260402046 0.04576521448642964 0 0 0
0.0010526315789473684 -0.21718877032163972 0.4778944644804001 -0.20446096446908754 0 0 0
0.0010526315789473684 -0.5327470283574495 0.37149799216664536 -0.030792324558116653 0 0 0
0.0010526315789473684 -0.24721918687861172 -0.07633693639121565 -0.11007087615347352 0 0 0
0.0010526315789473684 0.3148916201607986 -0.00626759098237696 0.3572475716581696 0 0 0
0.0010526315789473684 -0.114618842364115 0.4422390700174478 0.18608687762664217 0 0 0
0.0010526315789473684 -0.4631600030658291 -0.15918800397223434 -0.07772805643662674 0 0 0
0.0010526315789473684 0.12826146552021023 -0.5223740761869832 0.13613011794711802 0 0 0
0.0010526315789473684 -0.2479504324079519 -0.3501640489930441 -0.45438616273773735 0 0 0
0.0010526315789473684 0.11374804450327844 0.5174991520907296 -0.12989185641132966 0 0 0
0.0010526315789473684 0.2104054620576057 0.185463051490625 -0.44511998530550684 0 0 0
0.0010526315789473684 -0.3649457535384838 0.13416982878538655 0.40439837434259607 0 0 0
0.0010526315789473684 0.18785768522696358 -0.17143279396962144 0.500847920784812 0 0 0
0.0010526315789473684 -0.023098512210489974 -0.1887423964765256 0.5745534120388301 0 0 0
0.0010526315789473684 -0.045867395412594325 0.3146698538422481 0.11572971662623922 0 0 0
0.0010526315789473684 0.1372939995072467 0.08774619425356647 0.43941452274183274 0 0 0
0.0010526315789473684 0.2793645026442321 -0.057018442703809354 -0.3064382008288847 0 0 0
0.0010526315789473684 0.5055701823249671 -0.23464830418064958 0.19183346059356457 0 0 0
0.0010526315789473684 -0.3883013402643427 -0.36528789327136874 0.2867155991423485 0 0 0
0.0010526315789473684 0.13691499777486887 0.5153067909239154 0.4294763856235144 0 0 0
0.0010526315789473684 0.5510178786724279 -0.1849411800206889 -0.16587080345370012 0 0 0
0.0010526315789473684 0.022840358737286983 0.06965747591784538 -0.36142345566338446 0 0 0
0.0010526315789473684 -0.3421987761102933 0.241891645208709 0.1779033669624205 0 0 0
0.0010526315789473684 0.48669748976642707 -0.13222264350867519 0.19181218372427938 0 0 0
0.0010526315789473684 -0.17240123844667246 0.0460870408016304 -0.44991592128937424 0 0 0
0.0010526315789473684 0.08685366734729837 -0.29162981383949543 0.061175563308530134 0 0 0
0.0010526315789473684 0.17415586246370052 -0.24310044160911523 -0.5759727728897304 0 0 0
0.0010526315789473684 -0.05038168232344086 -0.1279340757433378 0.6572546736313607 0 0 0
0.0010526315789473684 0.07321523332478166 0.4865779998588319 0.42776681963331153 0 0 0
0.0010526315789473684 -0.019827561013496114 0.23154525490708736 -0.5595470100153201 0 0 0
0.0010526315789473684 0.234074404922901 -0.41681378549445 0.23855148177449978 0 0 0
0.0010526315789473684 -0.41503852498466237 -0.020571128787366378 0.445327267998072 0 0 0
0.0010526315789473684 -0.038205980607072414 0.08947414384478312 -0.5667053904779479 0 0 0
0.0010526315789473684 -0.001025256362812599 -0.07491980806620285 0.1637645950270428 0 0 0
0.0010526315789473684 0.2045532754595616 0.48392954274001887 0.16804419026826756 0 0 0
0.0010526315789473684 0.30333607947277175 -0.2108746804458715 0.11943101040263025 0 0 0
0.0010526315789473684 0.37758631751247784 0.2803315669873627 0.0706683939257391 0 0 0
0.0010526315789473684 0.346732533982817 0.10867236535615776 0.08199118482147096 0 0 0
0.0010526315789473684 -0.09116269193773566 0.07948820555152128 0.24270889926882253 0 0 0
0.0010526315789473684 -0.4294678919725351 0.0922582688193014 -0.3537863314896323 0 0 0
0.0010526315789473684 0.103771973887466 -0.37898314598751004 -0.24587122690796923 0 0 0
0.0010526315789473684 0.01904288687462775 0.5487737988147637 -0.013708206276145636 0 0 0
0.0010526315789473684 0.5734925392508805 -0.05791329246674541 0.3755997400009139 0 0 0
0.0010526315789473684 -0.5926170809853033 0.2940364513467633 0.18242157296331996 0 0 0
0.0010526315789473684 0.20142752460558808 0.4542520137629581 0.411164828431098 0 0 0
0.0010526315789473684 0.08469962355464165 0.6719136753581555 0.13687980373284686 0 0 0
0.0010526315789473684 -0.2561945902250959 0.28923137524233944 -0.13844263756452996 0 0 0
0.0010526315789473684 -0.26457611053445695 -0.0364940554576595 0.5941014355117342 0 0 0
0.0010526315789473684 -0.020926796759972065 0.015573846443193588 0.6469790244754778 0 0 0
0.0010526315789473684 0.19633793358174137 -0.06654736563930135 -0.5320902818902807 0 0 0
0.0010526315789473684 -0.37619587612540145 0.15787753607056515 -0.42914215829056396 0 0 0
0.0010526315789473684 0.005474249881832213 -0.40360850453301544 0.3703520758362635 0 0 0
0.0010526315789473684 -0.4086031280569546 0.07063217905390129 0.392097613952132 0 0 0
0.0010526315789473684 -0.49891564191458077 -0.10971160462389767 0.10480675743083333 0 0 0
0.0010526315789473684 -0.40287020957816505 0.2332169913401944 0.19522730522625353 0 0 0
0.0010526315789473684 -0.2643366853095685 0.09264332355566147 -0.2579810178991213 0 0 0
0.0010526315789473684 -0.0390710783271191 0.30838979931404287 -0.45749301879984344 0 0 0
0.0010526315789473684 -0.2857982183851359 -0.4415329541509644 -0.43997537256033187 0 0 0
0.0010526315789473684 -0.19910438355879378 0.014360788261843385 -0.06651906482098947 0 0 0
0.0010526315789473684 -0.021744110136798795 0.46819573449236074 0.25225501771143266 0 0 0
0.0010526315789473684 -0.43410056007779585 0.12667122519513924 -0.23888284764735707 0 0 0
0.0010526315789473684 -0.4026216444648257 0.4039453928538408 0.2004602263235414 0 0 0
0.0010526315789473684 0.31819073153394994 -0.10851377937490818 -0.35547598697647553 0 0 0
0.0010526315789473684 0.5372216206617024 0.28427599223853645 -0.2638599909803789 0 0 0
0.0010526315789473684 0.0313105795804057 0.3745891417910345 -0.12389771079838277 0 0 0
0.0010526315789473684 0.5468653509702671 -0.2968314831039232 0.185174632374209 0 0 0
0.0010526315789473684 -0.4234496303985614 0.021465216546021258 -0.511623108526033 0 0 0
0.0010526315789473684 -0.040579061403827055 -0.1611142593543844 0.07767788604869356 0 0 0
0.0010526315789473684 0.191617484239977 0.33131490882039055 -0.06405347975363548 0 0 0
0.0010526315789473684 0.4779033368209236 -0.155373239460639 -0.19556010494461584 0 0 0
0.0010526315789473684 0.06571444568578634 0.13724633914477052 -0.5605986917889213 0 0 0
