1040
0
0.0009615384615384616 -0.43661848375723333 -0.01934917056167965 -0.46655170573316934 0 0 0
0.0009615384615384616 -0.1537860181096515 -0.4216546916714324 0.26940342507208104 0 0 0
0.0009615384615384616 -0.4821669000832213 0.013245561046354616 0.09000342699255862 0 0 0
0.0009615384615384616 0.11101547272169453 0.41631637501078256 -0.42558693411123466 0 0 0
0.0009615384615384616 0.3555867450304612 0.027528066975063513 -0.18466907948636352 0 0 0
0.0009615384615384616 -0.056399682244033654 0.41368854744329736 -0.13783290001194956 0 0 0
0.0009615384615384616 0.04580119219323899 -0.5568446834312663 -0.013523272970248001 0 0 0
0.0009615384615384616 0.44755080164703087 0.20332083791727765 -0.03137046661299288 0 0 0
0.0009615384615384616 -0.05570790251435425 -0.5160511411579466 -0.3887723062601669 0 0 0
0.0009615384615384616 0.007976961778179123 -0.5467207482289649 0.20359680104621425 0 0 0
0.0009615384615384616 -0.14039154931177802 0.5760196603920902 0.2982567723892936 0 0 0
0.0009615384615384616 0.6083448764778027 0.02739066847873291 0.02901845307946517 0 0 0
0.0009615384615384616 -0.2704975998869776 -0.5429762681634139 -0.0712534125104781 0 0 0
0.0009615384615384616 -0.008819930044852927 0.3416281911464298 -0.596367067888515 0 0 0
0.0009615384615384616 0.17951221781136126 -0.29532599599326836 0.19625359868139208 0 0 0
0.0009615384615384616 -0.3927570306141511 0.2533872990687772 0.37822891734851394 0 0 0
0.0009615384615384616 0.4504305500101372 0.06435078431523451 -0.4588261741872578 0 0 0
0.0009615384615384616 -0.0052161126356406054 -0.48315509086739156 0.21348991737320955 0 0 0
0.0009615384615384616 0.3452961064647739 -0.07783371074624652 0.47833843977389623 0 0 0
0.0009615384615384616 0.14971169722561564 0.476924338492207 0.2506668591831468 0 0 0
0.0009615384615384616 -0.15156194391780217 0.4454786119947847 0.12232824805901693 0 0 0
0.0009615384615384616 -0.5429280573306082 0.24292063357432905 0.1000247744105811 0 0 0
0.0009615384615384616 -0.2978884754068532 0.2561853224773029 0.22676732881766817 0 0 0
0.0009615384615384616 -0.2512708861127671 -0.39855133480246263 0.4949180852923916 0 0 0
0.0009615384615384616 0.20714043715706584 0.03522577396828883 0.5916093592294058 0 0 0
0.0009615384615384616 0.3054267811790852 -0.17923320115454577 -0.283967959940854 0 0 0
0.0009615384615384616 -0.07781617196977042 -0.4584685755329201 -0.06436279546124762 0 0 0
0.0009615384615384616 0.2692751267917405 -0.12358758717872022 -0.30471753508110594 0 0 0
0.0009615384615384616 -0.38401729005421337 0.4511800342733559 -0.1539740930451905 0 0 0
0.0009615384615384616 0.29367313748418367 0.4615474676238424 0.25346544058844345 0 0 0
0.0009615384615384616 0.1619799260897905 0.1988461302705178 -0.5331640211007928 0 0 0
0.0009615384615384616 0.4633898814818573 -0.3790075252929359 0.017946088924517975 0 0 0
0.0009615384615384616 -0.09002908444331305 -0.33987692429726196 0.40065338115737104 0 0 0
0.0009615384615384616 0.047830477725019964 0.5407092576044548 -0.24470002845213737 0 0 0
0.0009615384615384616 0.3888867315793529 -0.25800129483766343 -0.3054424634205087 0 0 0
0.0009615384615384616 -0.5799606297106028 -0.16314695569248566 0.19127304169861514 0 0 0
0.0009615384615384616 0.6333101627470916 -0.1872893778768909 0.03184452668826178 0 0 0
0.0009615384615384616 -0.24144619907566525 -0.24789261100906798 0.003871064801403365 0 0 0
0.0009615384615384616 -0.1670053201741421 -0.3404989450220896 0.06559581897583228 0 0 0
0.0009615384615384616 0.011275186757696032 -0.6464329222648226 -0.12030688856896067 0 0 0
0.0009615384615384616 -0.21842388993100675 -0.16898406440822378 -0.4787819135504872 0 0 0
0.0009615384615384616 0.5170853556403853 0.39144115261454127 -0.1134095685522713 0 0 0
0.0009615384615384616 -0.395651026818999 -0.4136189734749679 -0.2240093929705166 0 0 0
0.0009615384615384616 -0.580213010410699 -0.11847064174033249 0.09018421221202598 0 0 0
0.0009615384615384616 -0.36891411362906273 0.31821686637924446 -0.29018034858692393 0 0 0
0.0009615384615384616 -0.10513390416930685 0.4104645084669081 0.33419189204909605 0 0 0
0.0009615384615384616 0.06090407975736667 -0.24329405035787302 -0.5152916453986583 0 0 0
0.0009615384615384616 -0.24650085381130382 0.2671707116382267 0.1901615095790887 0 0 0
0.0009615384615384616 0.05909950979735716 0.3919920409126215 -0.48592904086430755 0 0 0
0.0009615384615384616 -0.19453925382692902 0.27333489998021787 0.43965542065994334 0 0 0
0.0009615384615384616 -0.2080741651505701 0.4453947308279387 0.4477769206656301 0 0 0
0.0009615384615384616 0.1949407002794791 0.35721748483663074 -0.2175029472430426 0 0 0
0.0009615384615384616 -0.08217064890177594 -0.5330618562627826 -0.21948027772788198 0 0 0
0.0009615384615384616 0.34991240127206713 -0.150986889574705 0.072465637270977 0 0 0
0.0009615384615384616 -0.3310519529799482 -0.21346292048620882 0.5614762659064838 0 0 0
0.0009615384615384616 0.15452576381473965 -0.05526278376700405 -0.20301515903601763 0 0 0
0.0009615384615384616 0.37605350909489693 -0.47390069270679386 -0.316517381654951 0 0 0
0.0009615384615384616 -0.029489892869064258 -0.35311837125108053 -0.20310683969311946 0 0 0
0.0009615384615384616 0.17980746328181993 0.11627626796419048 -0.03478210319934156 0 0 0
0.0009615384615384616 0.050597906912347515 0.19411996070125478 0.22706566698741135 0 0 0
0.0009615384615384616 -0.1779621743124239 -0.5216727393384943 0.3376626592575577 0 0 0
0.0009615384615384616 0.004766105530197595 -0.042447972274919164 -0.1703887252185012 0 0 0
0.0009615384615384616 0.298902419058454 -0.32945362750478857 -0.5215423475315586 0 0 0
0.0009615384615384616 -0.35018090802985397 -0.22741833444695914 -0.3868738148215308 0 0 0
0.0009615384615384616 -0.5387340855769905 0.32600669370049173 -0.14049176974878205 0 0 0
0.0009615384615384616 -0.11824223110282536 -0.23548403621825975 0.035406346666383745 0 0 0
0.0009615384615384616 -0.24470862923637948 0.4943094786428206 0.11023425929199746 0 0 0
0.0009615384615384616 -0.5646356229376934 0.2653014569028291 -0.024350837789691288 0 0 0
0.0009615384615384616 -0.17679571155902843 -0.17825914573271154 -0.07446236237758563 0 0 0
0.0009615384615384616 -0.25787661833415504 0.11034308997827967 -0.006288148647572573 0 0 0
0.0009615384615384616 -0.19948469756483508 -0.2062238301976296 0.10988220331673709 0 0 0
0.0009615384615384616 -0.12913945026138757 0.40746794210324244 0.38184733794918063 0 0 0
0.0009615384615384616 -0.28712391019623185 -0.42283652587329845 -0.020549284120298567 0 0 0
0.0009615384615384616 0.05874382343005438 -0.10882384975140433 -0.3276179420397645 0 0 0
0.0009615384615384616 0.634987122688458 -0.22147066589724362 -0.100271868464364 0 0 0
0.0009615384615384616 -0.35602727602984613 -0.03171698678016845 -0.3459528788441332 0 0 0
0.0009615384615384616 -0.33298015803600506 -0.2169090315134265 0.22753608524778682 0 0 0
0.0009615384615384616 -0.11731826172292657 -0.474059972653499 -0.15198352806774068 0 0 0
0.0009615384615384616 -0.012861619288309572 -0.1339480160064024 -0.6181973850040055 0 0 0
0.0009615384615384616 -0.3473949835697186 0.5222830184416889 -0.008786609304303809 0 0 0
0.0009615384615384616 0.3886221208623285 0.4054967183833236 0.3351675704522057 0 0 0
0.0009615384615384616 -0.3199470730704801 -0.39276161768769485 -0.4172193975448627 0 0 0
0.0009615384615384616 -0.17826036291732458 0.319563495929667 -0.5244881795604426 0 0 0
0.0009615384615384616 0.35034676169726264 0.08327111650464096 -0.3809369600416564 0 0 0
0.0009615384615384616 0.41443352503658937 0.14918874615891495 0.4549443064710665 0 0 0
0.0009615384615384616 -0.14670885594118996 0.08351995256650231 -0.5821054088040827 0 0 0
0.0009615384615384616 0.1648809666827505 -0.5848717058367914 0.1762924557858236 0 0 0
0.0009615384615384616 0.2728772052117651 0.43167814522922815 -0.21545295404263137 0 0 0
0.0009615384615384616 -0.5642220117353178 0.23304728263395078 0.041656827086098316 0 0 0
0.0009615384615384616 0.16742786630675374 -0.5089389806792235 0.06340044460842778 0 0 0
0.0009615384615384616 0.37683579280597435 0.10282963009392614 -0.2947265339568526 0 0 0
0.0009615384615384616 0.3584826085238893 0.40539521808108964 0.08677763989550176 0 0 0
0.0009615384615384616 -0.0727676722424947 -0.5402378767971773 0.007755082267319606 0 0 0
0.0009615384615384616 0.3685145181739642 -0.1014543610512501 0.22022649423050117 0 0 0
0.0009615384615384616 -0.20341421830933942 0.28081913426261695 0.4270743838496242 0 0 0
0.0009615384615384616 0.014939529806401862 -0.3706648326414849 -0.04475409776509212 0 0 0
0.0009615384615384616 0.2152672173229407 0.16939486242871593 0.22798968117354396 0 0 0
0.0009615384615384616 -0.055856863864127415 0.169930377416931 -0.07964200967878253 0 0 0
0.0009615384615384616 0.4560731939557736 0.27712952937052204 0.04435077706054226 0 0 0
0.0009615384615384616 0.3526187581082567 -0.12285637531035733 -0.28360347630516203 0 0 0
0.0009615384615384616 0.2598841127570815 -0.20318552530012474 0.22112136926486586 0 0 0
0.0009615384615384616 -0.16365134339098994 0.29576421541522296 0.35241530883769645 0 0 0
0.0009615384615384616 0.3745614366444101 0.5569031732083215 0.06697140840930961 0 0 0
0.0009615384615384616 0.11508106454893756 -0.40978039145777073 0.3632065293543213 0 0 0
0.0009615384615384616 0.6731265846637077 -0.1296337199618423 0.03488924667427899 0 0 0
0.0009615384615384616 0.04332879807629359 -0.45738501802856774 -0.4185081863517773 0 0 0
0.0009615384615384616 -0.3016948854003297 -0.36669869815817874 -0.08685511082370306 0 0 0
0.0009615384615384616 -0.3779283819300134 -0.37513570355913806 0.008562272020738062 0 0 0
0.0009615384615384616 0.04012512183699975 -0.33739176331296 -0.347747872479945 0 0 0
0.0009615384615384616 -0.5874503519319739 -0.1320665158958014 -0.10141946506595964 0 0 0
0.0009615384615384616 -0.6505371790945726 -0.07477948077082555 -0.17836283769995417 0 0 0
0.0009615384615384616 -0.301768711394565 -0.14453562209745946 -0.2633871594526529 0 0 0
0.0009615384615384616 -0.2200655759823951 0.2857867844331261 -0.4221757605606874 0 0 0
0.0009615384615384616 -0.055864502686335187 0.2405201142056417 -0.283192984747374 0 0 0
0.0009615384615384616 -0.550857183555611 0.31344829490530496 0.1756001916495458 0 0 0
0.0009615384615384616 0.05108063922179984 0.16810275491510526 -0.15343909867195926 0 0 0
0.0009615384615384616 0.18782876940843343 -0.5587021569380585 -0.029408570176609177 0 0 0
0.0009615384615384616 -0.14539267443520917 -0.36377053435904566 0.44896240672635507 0 0 0
0.0009615384615384616 -0.19420388858359997 -0.4650782708291643 -0.20715471566657037 0 0 0
0.0009615384615384616 -0.4355073824161014 0.4092012025185397 -0.24267328275581634 0 0 0
0.0009615384615384616 0.026038930507705352 -0.5294887990077726 -0.41585676301590674 0 0 0
0.0009615384615384616 -0.08807894218768063 -0.04879121756204953 0.21705475075483247 0 0 0
0.0009615384615384616 -0.045319612367427785 -0.06602446310015894 -0.6328285502364387 0 0 0
0.0009615384615384616 -0.2894761442524552 -0.3440623989990297 -0.23477586069690254 0 0 0
0.0009615384615384616 0.43695564770250894 -0.388111316283276 -0.13527153461191702 0 0 0
0.0009615384615384616 0.29321658660172406 -0.03939022403610978 -0.5370946064285478 0 0 0
0.0009615384615384616 0.3084031619726505 0.32153141894737397 0.43318944706683693 0 0 0
0.0009615384615384616 -0.3214009558975867 -0.4054966063019411 0.18702552799537292 0 0 0
0.0009615384615384616 0.42298546558403627 -0.5017338719752565 0.19758706816833724 0 0 0
0.0009615384615384616 0.35328604767245864 0.0415226054538995 0.2368052072463775 0 0 0
0.0009615384615384616 0.2826097995475485 -0.5881918231051011 0.1631107138078994 0 0 0
0.0009615384615384616 -0.1469023366442064 0.4051524773555066 -0.4042987189209444 0 0 0
0.0009615384615384616 0.023033869516951397 0.5249448388327254 -0.1412460106832679 0 0 0
0.0009615384615384616 -0.23566283460448043 0.11945676595965492 0.46822784894196295 0 0 0
0.0009615384615384616 -0.03725462770680137 0.525706701917075 0.10348989647542138 0 0 0
0.0009615384615384616 0.09919481163852792 0.07314508494047062 0.33169976331960227 0 0 0
0.0009615384615384616 -0.48716368779493247 0.11613955030530282 -0.1463574411247102 0 0 0
0.0009615384615384616 0.3582324910017201 0.4704746299664912 -0.2868798923857886 0 0 0
0.0009615384615384616 -0.4893713877907748 -0.3364750265652425 -0.06372167470354077 0 0 0
0.0009615384615384616 0.057093613572077 0.4378092394461268 -0.06211594621966922 0 0 0
0.0009615384615384616 -0.3871662627082608 0.464626534222339 -0.08342306555721832 0 0 0
0.0009615384615384616 -0.1817921007754069 -0.5725965693215197 -0.18879542576054925 0 0 0
0.0009615384615384616 0.0270411672932566 0.17112835078893252 -0.33044320792325116 0 0 0
0.0009615384615384616 -0.4743742594219877 -0.20887221051050656 -0.2552472904701387 0 0 0
0.0009615384615384616 0.20134218171565915 0.2298564612719343 -0.21638009680788337 0 0 0
0.0009615384615384616 0.4906226306064751 0.008485826922961594 -0.2740942825172278 0 0 0
0.0009615384615384616 -0.46573163826154834 0.17704616580148802 -0.12133189433721221 0 0 0
0.0009615384615384616 -0.049011918844130725 0.04265300506788282 -0.40680902393529195 0 0 0
0.0009615384615384616 0.03610952520534909 -0.11323058033229573 0.22935649265557254 0 0 0
0.0009615384615384616 -0.05630953483839763 0.3834195282583289 -0.23808674313484823 0 0 0
0.0009615384615384616 -0.31500482787101536 -0.08508581289393531 0.3298523185344514 0 0 0
0.0009615384615384616 0.2956990797972223 -0.3721099645789107 -0.13349783636223045 0 0 0
0.0009615384615384616 -0.22574872996784948 0.26309631976600845 0.4648534456440319 0 0 0
0.0009615384615384616 0.31620686876614823 0.17525305702576238 0.03797478782927229 0 0 0
0.0009615384615384616 -0.28538064012839914 0.21660788879516313 0.5396876583525846 0 0 0
0.0009615384615384616 -0.03646518409777167 0.19813625464944729 0.31282246865851454 0 0 0
0.0009615384615384616 -0.0917898241993231 0.10274725387806267 0.4099392903804561 0 0 0
0.0009615384615384616 -0.017197699217191473 -0.3654706618661607 -0.22589623900221817 0 0 0
0.0009615384615384616 -0.02223590162176577 -0.4549160762141079 -0.3425014027903111 0 0 0
0.0009615384615384616 0.11488463408291155 -0.4232813668299619 -0.29780256727070026 0 0 0
0.0009615384615384616 -0.5564135260742098 -0.3674337176211586 0.08050951561971466 0 0 0
0.0009615384615384616 -0.5221421359713376 0.44411800150877995 0.08674537122960319 0 0 0
0.0009615384615384616 0.350369464082938 0.2740929267960439 0.41670647889411766 0 0 0
0.0009615384615384616 -0.45955028732567227 0.13490127286960218 0.10398911193080321 0 0 0
0.0009615384615384616 0.0972620030018756 -0.28065420432472343 -0.09227400312867964 0 0 0
0.0009615384615384616 -0.19172914683029127 0.3830178524762946 0.5147061480351571 0 0 0
0.0009615384615384616 0.090174713469431 -0.6457487880623437 0.07388008948668572 0 0 0
0.0009615384615384616 -0.21373126329225828 0.07032232990540617 -0.5531500375127698 0 0 0
0.0009615384615384616 0.047807838393330776 0.5948138799087322 0.1968415567651127 0 0 0
0.0009615384615384616 -0.2074595701173594 0.03893571171607535 -0.5771063057412685 0 0 0
0.0009615384615384616 -0.4531153042875873 -0.12062564820238736 0.16876203654177777 0 0 0
0.0009615384615384616 -0.5097627811625562 0.27547264982472003 -0.19596665759883675 0 0 0
0.0009615384615384616 0.22600983233886693 -0.1892818819955177 -0.07496274565847723 0 0 0
0.0009615384615384616 -0.42948736801953113 -0.2696010022692881 -0.4417580086512628 0 0 0
0.0009615384615384616 0.2578244523964332 0.11444211980657616 -0.6032919778787349 0 0 0
0.0009615384615384616 0.06721972186733323 -0.5964389821655753 -0.27435480049042943 0 0 0
0.0009615384615384616 -0.20075354755054195 -0.6127170901635665 -0.006114971999866658 0 0 0
0.0009615384615384616 0.3228709854651421 0.36141268421472605 0.030826629136063658 0 0 0
0.0009615384615384616 -0.4842826626363198 -0.2470298718674944 0.11616038581886659 0 0 0
0.0009615384615384616 -0.32998418632083687 0.11343876305914515 0.5387371244983431 0 0 0
0.0009615384615384616 -0.42568560260956156 -0.45698869758860566 -0.005149209015062552 0 0 0
0.0009615384615384616 -0.2939448475765773 -0.09750265038550886 0.43061368640580866 0 0 0
0.0009615384615384616 -0.018804651292662927 0.15446631069455444 -0.25696062686914445 0 0 0
0.0009615384615384616 -0.16359537764739318 -0.5119585791117336 -0.35225498230468044 0 0 0
0.0009615384615384616 -0.3656776207137226 0.14898144651565481 -0.5514591088388074 0 0 0
0.0009615384615384616 0.5311920387768472 -0.19505002912977576 0.018400345983197796 0 0 0
0.0009615384615384616 0.32033218545882236 -0.0816005878444523 -0.0496637703514182 0 0 0
0.0009615384615384616 0.2210242407528027 -0.19531655461776026 0.12099562774049472 0 0 0
0.0009615384615384616 -0.09272443675287227 0.16400644248660018 0.27682718297673825 0 0 0
0.0009615384615384616 -0.4998458090479956 0.033176608344163035 -0.30533895563942626 0 0 0
0.0009615384615384616 -0.24084951132447222 -0.455459334329877 -0.2674265971985019 0 0 0
0.0009615384615384616 0.4903319867661251 0.3758449609080987 -0.11407332342805047 0 0 0
0.0009615384615384616 -0.5775479044768618 -0.23739917824424484 -0.2213291446666509 0 0 0
0.0009615384615384616 0.4217476734776884 0.4297305415115488 -0.2903265869256205 0 0 0
0.0009615384615384616 0.010292484971572416 -0.05551289195330505 0.23229601437343686 0 0 0
0.0009615384615384616 -0.4051069931139038 0.2662204498732423 -0.47312660818131036 0 0 0
0.0009615384615384616 0.20961070487562852 -0.1728089694488323 -0.18057970788132008 0 0 0
0.0009615384615384616 0.23705494215902753 -0.08085328686791746 0.022560779659662154 0 0 0
0.0009615384615384616 0.08969814850255887 0.15461635786246675 -0.2999284012659659 0 0 0
0.0009615384615384616 -0.34015958174201794 -0.04763015753485085 -0.4807374448512078 0 0 0
0.0009615384615384616 0.138229745487923 -0.12674191681286132 0.2882592679963916 0 0 0
0.0009615384615384616 0.1084096022951079 -0.5513113521212248 0.2831967309577322 0 0 0
0.0009615384615384616 -0.2015701041687383 -0.3502139635669477 -0.050383944945163094 0 0 0
0.0009615384615384616 -0.24899120644271158 0.45330033857824975 -0.33590222221736504 0 0 0
0.0009615384615384616 -0.3906938470584605 -0.3545737063934759 -0.08582142504380391 0 0 0
0.0009615384615384616 0.13492992086789687 0.38138627580673135 -0.4997199104031542 0 0 0
0.0009615384615384616 0.4682241895722388 0.17897774770596878 0.20572736079552886 0 0 0
0.0009615384615384616 -0.2339091506383533 0.2635817800248773 0.5133765697492022 0 0 0
0.0009615384615384616 0.4757964206583223 -0.2848184819725695 0.2069674882553858 0 0 0
0.0009615384615384616 0.3334839598536583 -0.10479628318157103 -0.18594729895180961 0 0 0
0.0009615384615384616 0.4566443307897769 0.05497628227373221 0.21607628625096387 0 0 0
0.0009615384615384616 -0.014379084407173079 0.34293834787142785 -0.2884935606878575 0 0 0
0.0009615384615384616 -0.49371684818629147 0.08186810152296999 -0.10381783699592288 0 0 0
0.0009615384615384616 -0.19551962587727337 0.1276433673008353 -0.45152083334483606 0 0 0
0.0009615384615384616 0.5055496635800347 -0.34457709195731967 0.151048605294008 0 0 0
0.0009615384615384616 0.13097307868867034 0.19019221645432144 0.3048748530720861 0 0 0
0.0009615384615384616 -0.10364862745835907 0.1961357139094654 -0.307918219054732 0 0 0
0.0009615384615384616 -0.0863108263912459 0.12329040240104032 0.6201361923297376 0 0 0
0.0009615384615384616 0.16417319461493393 0.6344947790589821 0.18625402412575015 0 0 0
0.0009615384615384616 -0.05064529062566219 0.07981629057994519 -0.1146986162860143 0 0 0
0.0009615384615384616 -0.339772975699616 0.043682570334393975 0.34811036627448894 0 0 0
0.0009615384615384616 0.0778119732477291 0.380733719985741 -0.19193652496247174 0 0 0
0.0009615384615384616 -0.06528043236931919 -0.2201502866109095 0.16067735064425587 0 0 0
0.0009615384615384616 -0.3438838166822157 0.41701095399325705 0.3571302342799307 0 0 0
0.0009615384615384616 0.37526106149626043 0.07466339004429458 0.49736111808154065 0 0 0
0.0009615384615384616 0.4205051793981592 -0.46084800118429237 -0.1793479774455639 0 0 0
0.0009615384615384616 0.013073718428237804 -0.1621352606322622 0.12054695784376177 0 0 0
0.0009615384615384616 -0.255925616228338 -0.22306881460403535 0.41356721188876555 0 0 0
0.0009615384615384616 0.29963741392179505 -0.3967423050671384 0.0716144922249866 0 0 0
0.0009615384615384616 -0.2465464369723746 -0.07617474695767598 -0.6165717821781295 0 0 0
0.0009615384615384616 0.018458979598950015 -0.38536508390693014 0.12146140124433069 0 0 0
0.0009615384615384616 0.04525804633153492 0.5841668029200521 -0.33840380389748603 0 0 0
0.0009615384615384616 0.10396204510808855 -0.3482455358714124 0.03340386600506337 0 0 0
0.0009615384615384616 0.45315472062882173 -0.3932944511243399 -0.061919770865801464 0 0 0
0.0009615384615384616 -0.012291653598589747 0.23621906687099192 -0.44567965438627966 0 0 0
0.0009615384615384616 0.40835959968681707 -0.3496249614832045 -0.15855796194084926 0 0 0
0.0009615384615384616 -0.412176193008183 0.47531317153876745 0.03037151187735174 0 0 0
0.0009615384615384616 -0.28131042262296574 -0.38630378777772484 -0.030999248578292636 0 0 0
0.0009615384615384616 0.20256824314993208 -0.43757607349229216 -0.34416770223610293 0 0 0
0.0009615384615384616 0.19263775301397504 0.33208414837669764 -0.20779904419552217 0 0 0
0.0009615384615384616 -0.4462472700628913 0.1829263537489384 -0.46549813678328844 0 0 0
0.0009615384615384616 0.6140922080667403 0.023824216566384174 0.2261297333110109 0 0 0
0.0009615384615384616 0.2830644800540042 -0.44696213589119055 -0.38696312061117655 0 0 0
0.0009615384615384616 -0.49626211373292334 0.04861557378686221 0.04538180218088703 0 0 0
0.0009615384615384616 -0.256500169984137 0.4850290027110345 0.24858405030663186 0 0 0
0.0009615384615384616 -0.3742186242952922 0.36668834221120855 0.31730023214729525 0 0 0
0.0009615384615384616 0.5735129213707612 -0.3711693162073026 0.0653805876735901 0 0 0
0.0009615384615384616 -0.025592509150079303 0.6564065062212183 -0.0954981361500556 0 0 0
0.0009615384615384616 0.0027181476801847893 -0.4426708248414404 0.5315695351689848 0 0 0
0.0009615384615384616 0.28592429526317054 -0.4741434991248872 -0.40381061784411276 0 0 0
0.0009615384615384616 0.22068120354061063 -0.2907167765418635 0.20816728792282724 0 0 0
0.0009615384615384616 -0.09166274484970392 -0.5456341789354485 0.1645823797019244 0 0 0
0.0009615384615384616 -0.30686837510650944 -0.306940716442688 -0.41784721962234467 0 0 0
0.0009615384615384616 0.3946278709997049 0.015174760768547246 0.5489949279099616 0 0 0
0.0009615384615384616 -0.0018557730960602804 -0.27496557359872065 -0.08804940789023498 0 0 0
0.0009615384615384616 0.003697161989530993 0.6166746126718842 0.31555678741444043 0 0 0
0.0009615384615384616 0.0828348421121124 0.28091133948326025 -0.18060971329019174 0 0 0
0.0009615384615384616 0.13970448856837556 -0.24288918660361467 0.3536014208444074 0 0 0
0.0009615384615384616 0.23577883190719173 -0.06878766245272684 0.26549761692041274 0 0 0
0.0009615384615384616 -0.33917403150220415 -0.2444635878559291 -0.1167856192469104 0 0 0
0.0009615384615384616 -0.567491233070174 0.06806133503503708 0.25089083206507057 0 0 0
0.0009615384615384616 -0.40464673627814196 -0.24932991968776783 -0.25915146132630645 0 0 0
0.0009615384615384616 0.13739349979207952 0.002261407772902646 0.4088405362386873 0 0 0
0.0009615384615384616 -0.33974075863378367 0.5392937513626171 -0.04442912643403933 0 0 0
0.0009615384615384616 -0.024302471266419903 0.04116289555587637 0.13151020042983977 0 0 0
0.0009615384615384616 -0.11780711758832309 -0.032740834868051495 -0.6217232694978563 0 0 0
0.0009615384615384616 0.03721361313454988 0.1545220745743339 -0.03801057484698516 0 0 0
0.0009615384615384616 -0.4754795335461726 0.3996664068820608 0.01209619330155242 0 0 0
0.0009615384615384616 -0.0664651988546354 -0.05363609424950297 -0.16780197543927236 0 0 0
0.0009615384615384616 0.008151990102051419 0.12137922815773904 -0.6143413835161539 0 0 0
0.0009615384615384616 -0.47242525495816434 0.41556458447688954 0.09950273426585418 0 0 0
0.0009615384615384616 0.4038406511736842 0.37317415267846493 0.12949954284622545 0 0 0
0.0009615384615384616 -0.5850738550977204 0.1686721105410222 -0.15500157568818979 0 0 0
0.0009615384615384616 -0.5900010038199097 -0.05011998905645734 0.1634581564009328 0 0 0
0.0009615384615384616 -0.10721209344088183 0.23485845985189477 -0.03800258866272115 0 0 0
0.0009615384615384616 -0.31383019537825524 -0.18007998023588306 -0.49513798918684165 0 0 0
0.0009615384615384616 0.5919991983947914 0.13013674449108967 -0.1214096130339274 0 0 0
0.0009615384615384616 -0.057632627905170423 0.014241984890806463 -0.4169044798018302 0 0 0
0.0009615384615384616 0.12471807025854284 -0.072809149441254 0.6608667280630054 0 0 0
0.0009615384615384616 -0.15490045787457496 0.16765969433714198 -0.01334623090576211 0 0 0
0.0009615384615384616 -0.3213036551759051 -0.1001459709460616 -0.586223438850146 0 0 0
0.0009615384615384616 0.34544697411478764 0.00197300060268177 0.06701835125725358 0 0 0
0.0009615384615384616 0.22965539861692427 -0.3782086893439197 0.3561912297215037 0 0 0
0.0009615384615384616 -0.4807346134930834 0.03747538629578003 0.48948850436335617 0 0 0
0.0009615384615384616 -0.2261286171465771 -0.14034583855404642 -0.3556124737119171 0 0 0
0.0009615384615384616 0.6663361884031385 0.15118509226595167 -0.08894281094917385 0 0 0
0.0009615384615384616 0.2419644712616165 0.3491756522491927 -0.5469903863485477 0 0 0
0.0009615384615384616 -0.5451597464698958 0.3423513041291827 0.09970718514694274 0 0 0
0.0009615384615384616 0.015774532016444787 0.6128880088473756 0.2503984557926937 0 0 0
0.0009615384615384616 -0.36190315081149005 -0.38270677657274876 0.30368174915826646 0 0 0
0.0009615384615384616 -0.12151811905744794 -0.569752549226905 -0.02405036216920188 0 0 0
0.0009615384615384616 -0.347219686135122 0.047403857486997776 -0.030776197653786874 0 0 0
0.0009615384615384616 -0.15153654907646474 0.6065621705364055 0.2553062662206149 0 0 0
0.0009615384615384616 -0.027283622967906103 0.26224215469279805 0.05899626196583753 0 0 0
0.0009615384615384616 -0.2591172264631154 0.36711092288019176 -0.499440481004339 0 0 0
0.0009615384615384616 -0.0013156002245928878 0.3765047923671436 0.26937190511925957 0 0 0
0.0009615384615384616 -0.06558829465542847 0.14597885021776238 -0.07617026948253254 0 0 0
0.0009615384615384616 0.022807499397173782 0.1388396151718207 0.6584774422474267 0 0 0
0.0009615384615384616 -0.6527898442379055 -0.02389711118029179 0.0703575102594121 0 0 0
0.0009615384615384616 0.02765215853225636 0.19791270853953905 -0.4327349039458175 0 0 0
0.0009615384615384616 0.05930070964080294 0.31488264454493214 -0.15283304611184995 0 0 0
0.0009615384615384616 0.1765780055833612 0.2898094804866874 -0.1927827398021805 0 0 0
0.0009615384615384616 -0.03170313243315228 0.5709609102192477 -0.1794741920100309 0 0 0
0.0009615384615384616 0.3457088499600005 -0.0763419711911619 0.023339119116287776 0 0 0
0.0009615384615384616 0.3035271488146388 0.07564646600679181 -0.4779893374665191 0 0 0
0.0009615384615384616 0.17414740388627706 -0.5339875058076392 0.292414483786402 0 0 0
0.0009615384615384616 0.1425447542961481 -0.15934875061573525 -0.5512260266680581 0 0 0
0.0009615384615384616 0.037728672510419455 0.2937370703266364 0.495741646840172 0 0 0
0.0009615384615384616 0.055363303260762824 0.04106495242348899 0.05686021686909872 0 0 0
0.0009615384615384616 0.5647840888203979 -0.18083291317019415 0.07587230416457529 0 0 0
0.0009615384615384616 0.3979880996692373 -0.0772294057521246 -0.24099773649005182 0 0 0
0.0009615384615384616 0.5401834764637277 0.03806487266060173 0.4058658344735989 0 0 0
0.0009615384615384616 0.4339952868863901 0.5305487845041993 -0.003534222943391994 0 0 0
0.0009615384615384616 0.5396059106691481 -0.3819880323393806 0.19896159716401562 0 0 0
0.0009615384615384616 -0.19369044093785304 0.14923602149919826 0.25963657212819596 0 0 0
0.0009615384615384616 -0.15392954257666536 0.06538286467663332 -0.6301964274318838 0 0 0
0.0009615384615384616 -0.4789017350838365 -0.148095143789083 -0.45394186519201374 0 0 0
0.0009615384615384616 0.2699416405963274 -0.02367864348776615 -0.538845970448888 0 0 0
0.0009615384615384616 0.20802938790779754 0.1687334949153723 0.176360877367472 0 0 0
0.0009615384615384616 -0.04917644351070595 -0.08692773065236808 -0.6043024373553082 0 0 0
0.0009615384615384616 0.13320147733676876 0.3529881076614682 -0.5398829134901943 0 0 0
0.0009615384615384616 0.17901390280590015 -0.18967225299403345 0.00777010955656327 0 0 0
0.0009615384615384616 0.38682481299699273 -0.44677514576572797 -0.05117698979305732 0 0 0
0.0009615384615384616 -0.23511975059417473 -0.280460201352126 0.3015314230310554 0 0 0
0.0009615384615384616 -0.41295158321560066 0.12320282213908655 0.03637099968626508 0 0 0
0.0009615384615384616 -0.6015684819903124 -0.12362794200711506 0.08820739045817264 0 0 0
0.0009615384615384616 0.061465809442318595 0.3762884208884385 -0.14523933091652758 0 0 0
0.0009615384615384616 -0.23046252294048028 -0.2862282622959904 -0.3992539226609601 0 0 0
0.0009615384615384616 0.32773710759902447 -0.09851260609581088 -0.44272306360612185 0 0 0
0.0009615384615384616 -0.0738158824905804 0.28300988829515694 0.29559905776365863 0 0 0
0.0009615384615384616 0.1990786418563023 0.11757247987296707 0.37511892491604415 0 0 0
0.0009615384615384616 -0.2362083708392104 -0.3280960334713376 0.18606034523544238 0 0 0
0.0009615384615384616 0.5154808643798974 0.17534676943091496 -0.21051813450727816 0 0 0
0.0009615384615384616 -0.20319998961798547 -0.07095167982746547 -0.004993589816210428 0 0 0
0.0009615384615384616 0.025310366382467243 0.3424991337006975 0.47173278039556454 0 0 0
0.0009615384615384616 -0.11746361218072188 0.2790701127566054 -0.4462787980597382 0 0 0
0.0009615384615384616 0.1795150194285596 -0.09255973747890045 0.2534938966419012 0 0 0
0.0009615384615384616 0.0436529422018363 0.10849534685452013 0.1372591291195379 0 0 0
0.0009615384615384616 0.1319681417665608 0.1958279309070059 0.5646558345721998 0 0 0
0.0009615384615384616 -0.3386533303465918 -0.241350136099081 0.11399038266569078 0 0 0
0.0009615384615384616 0.6560495920312406 -0.022569599901157 0.07029633072974022 0 0 0
0.0009615384615384616 0.07987210779006708 -0.4763501376129199 -0.4668372218293394 0 0 0
0.0009615384615384616 -0.05319971253449206 -0.21863717966308235 0.07567351860113057 0 0 0
0.0009615384615384616 -0.30366783520508467 0.16246944305649605 0.17512275850252706 0 0 0
0.0009615384615384616 0.005182297833287862 -0.2109318321064536 0.19485069966634241 0 0 0
0.0009615384615384616 0.24992052335181356 0.19930406493256397 0.278578869467531 0 0 0
0.0009615384615384616 0.09110347150487773 0.47816148167950817 -0.3378983339148851 0 0 0
0.0009615384615384616 -0.37153845597930063 0.23245342278653777 0.4169892621118503 0 0 0
0.0009615384615384616 -0.4779002629657847 0.19713530778714483 -0.23638602871354414 0 0 0
0.0009615384615384616 0.48378575680078756 -0.3198396717665583 0.020567100802449282 0 0 0
0.0009615384615384616 -0.14369738195261603 -0.29479395084454424 0.5784609416111882 0 0 0
0.0009615384615384616 -0.27584235790715245 0.09342850860015907 0.2626573310038127 0 0 0
0.0009615384615384616 -0.263432768964225 -0.13995163797435814 0.21952041812102338 0 0 0
0.0009615384615384616 -0.22615794809649273 -0.21889870158418703 -0.26754394664941733 0 0 0
0.0009615384615384616 0.09127830422492252 -0.4322509822731273 0.4151307886752747 0 0 0
0.0009615384615384616 0.06143465170198809 -0.06314390583376518 -0.6349301936147865 0 0 0
0.0009615384615384616 -0.3853396750703347 0.3038290212680676 -0.2065950799885411 0 0 0
0.0009615384615384616 0.23313933566194714 -0.5895917190533061 -0.15310723354157246 0 0 0
0.0009615384615384616 -0.1198492627361521 0.23238478994401315 -0.26909387597187856 0 0 0
0.0009615384615384616 -0.28440920229648625 -0.19751670730655552 -0.17327153980218632 0 0 0
0.0009615384615384616 -0.12815412815981708 0.33155433317451194 0.26825496521112857 0 0 0
0.0009615384615384616 -0.09163336725710904 -0.21122756136117068 -0.3231546042609089 0 0 0
0.0009615384615384616 -0.43575673327212516 -0.11087805325694454 0.091469242133607 0 0 0
0.0009615384615384616 0.1808877714087601 0.21633683513694554 0.1579162657031764 0 0 0
0.0009615384615384616 -0.22120480994616698 0.24176067907112678 0.5354860891587628 0 0 0
0.0009615384615384616 -0.31802867459220835 -0.07861887722287031 0.26798685584123927 0 0 0
0.0009615384615384616 0.0017509030118437112 0.04988000062130471 -0.4532268474776958 0 0 0
0.0009615384615384616 -0.077868928032117 -0.6768491429136293 0.0653117243105868 0 0 0
0.0009615384615384616 0.5047212711905611 0.3141824787895817 0.302189215112046 0 0 0
0.0009615384615384616 0.4219783712870886 0.18467162187679084 -0.0762013209783848 0 0 0
0.0009615384615384616 -0.21016810466680175 0.1263887813552304 -0.09248069299688959 0 0 0
0.0009615384615384616 -0.25602946381651165 -0.26174797918722226 -0.11642887777162789 0 0 0
0.0009615384615384616 -0.5086288682580005 -0.1509772514890212 0.023149308011639662 0 0 0
0.0009615384615384616 0.1249082692626134 -0.050396329147172514 -0.4479893989481314 0 0 0
0.0009615384615384616 -0.03428804495063303 0.36497971454589173 0.3168984402001169 0 0 0
0.0009615384615384616 -0.34090987896133196 0.2718450156834294 -0.018927446897610705 0 0 0
0.0009615384615384616 0.0462364234653399 -0.09962445585513281 -0.385467351672992 0 0 0
0.0009615384615384616 0.3597491457134376 -0.43055223026797806 -0.05465623298163786 0 0 0
0.0009615384615384616 0.06678944582264093 -0.6305181098724008 0.008254632099433537 0 0 0
0.0009615384615384616 -0.24944998599529172 0.2658654468631413 -0.10297404332701028 0 0 0
0.0009615384615384616 0.09598051093956947 0.5358073015459481 -0.3064060748375748 0 0 0
0.0009615384615384616 -0.029609126942573644 -0.15725585293666755 0.424538794009761 0 0 0
0.0009615384615384616 -0.03269729641749792 -0.37028677621952244 0.23131003232290084 0 0 0
0.0009615384615384616 0.058990964532763236 0.26910803972835273 0.6107037242936 0 0 0
0.0009615384615384616 0.4260700554868784 0.078445247051068 0.2489345813190957 0 0 0
0.0009615384615384616 0.415042244325439 -0.2926305457514077 -0.2175148919712362 0 0 0
0.0009615384615384616 -0.15050141658334654 -0.45091843331621134 0.19879950084932382 0 0 0
0.0009615384615384616 -0.16799255132923355 0.17577497700492956 0.050720937828478155 0 0 0
0.0009615384615384616 0.20830151578281772 0.1899574746527898 -0.2945179533958792 0 0 0
0.0009615384615384616 0.32626211949254647 0.5860494290500138 -0.11663940147401651 0 0 0
0.0009615384615384616 -0.3004437905252155 -0.011248686109457642 -0.29768740347275047 0 0 0
0.0009615384615384616 -0.36407300912974394 -0.27428059548698064 0.04254613857664749 0 0 0
0.0009615384615384616 -0.5566545818922578 0.2597667154208606 0.1116515069167796 0 0 0
0.0009615384615384616 0.3409310314150738 0.5308386929234143 0.10772282991076765 0 0 0
0.0009615384615384616 0.03878216621814603 0.5746775583886881 -0.10372093513586622 0 0 0
0.0009615384615384616 0.04752394458582911 -0.3583060729189213 0.09393610431782164 0 0 0
0.0009615384615384616 0.30315253792073504 -0.38980538326246533 0.12024830504234639 0 0 0
0.0009615384615384616 -0.43978771259352273 0.23175815474637984 0.44503286757025584 0 0 0
0.0009615384615384616 -0.3043850681929996 -0.08015012008916236 0.5277199109296372 0 0 0
0.0009615384615384616 -0.09967315490617404 0.21649645275071683 -0.5698428865552092 0 0 0
0.0009615384615384616 0.09658295517979523 -0.24668524763323474 -0.37659798274369344 0 0 0
0.0009615384615384616 0.14142877390246977 -0.35240808805724483 0.437841903464648 0 0 0
0.0009615384615384616 0.01705925280356979 0.009507553859825813 0.5406348623315324 0 0 0
0.0009615384615384616 0.22595210091055704 -0.2714448771024408 0.4932178590048261 0 0 0
0.0009615384615384616 -0.22103611424220557 0.13730282467333665 0.38086418934615135 0 0 0
0.0009615384615384616 0.5688346982638938 0.14173713726027043 0.302155480318747 0 0 0
0.0009615384615384616 -0.11768867302607655 0.19882623839279753 0.3020117245762581 0 0 0
0.0009615384615384616 0.25357513804255843 0.2784327694950713 0.41926547810572723 0 0 0
0.0009615384615384616 -0.024896882846917604 -0.28643262668839137 -0.057045039834496235 0 0 0
0.0009615384615384616 0.07000140480496918 0.09206499037189786 0.6721911120372382 0 0 0
0.0009615384615384616 -0.5306010520248019 0.006152841349636419 -0.1404240570623276 0 0 0
0.0009615384615384616 0.003669691357468215 0.21882208281453888 -0.31826044086376815 0 0 0
0.0009615384615384616 -0.6589167937864034 0.03889010252992176 -0.1059497730720146 0 0 0
0.0009615384615384616 -0.20236955071867138 0.4709908374083709 0.35005980617064725 0 0 0
0.0009615384615384616 0.2155571839113071 0.34502006098272114 0.33366368621720144 0 0 0
0.0009615384615384616 -0.3779838845534353 0.2369392620964305 0.011262156975383155 0 0 0
0.0009615384615384616 -0.22226607929848832 0.3893689527903162 0.49569826757245167 0 0 0
0.0009615384615384616 -0.2866684745620963 0.318196569503221 0.03308902791975072 0 0 0
0.0009615384615384616 0.1798031927407915 0.222410773049209 -0.23667946740648257 0 0 0
0.0009615384615384616 -0.2293790952849187 0.4643234684794303 0.1311729392378022 0 0 0
0.0009615384615384616 0.3180270784657286 -0.14965153353119443 -0.4181827572025284 0 0 0
0.0009615384615384616 0.36469380884136127 -0.1386892060044276 0.4589471371404469 0 0 0
0.0009615384615384616 0.55604020290455 0.04704206819791966 -0.3200658615849654 0 0 0
0.0009615384615384616 -0.3402650209234726 -0.05926165830885174 0.3604603314696619 0 0 0
0.0009615384615384616 -0.46017092670264875 0.44546096801505397 0.08997231896560146 0 0 0
0.0009615384615384616 -0.42102731617828937 -0.3649144338456347 -0.4103934996947302 0 0 0
0.0009615384615384616 0.30020521324920546 0.1303410747334487 -0.43523934653149454 0 0 0
0.0009615384615384616 0.10557606878538686 0.018114597227050905 0.11885317439818761 0 0 0
0.0009615384615384616 -0.3169642389311946 -0.05854265159425377 0.3374646953674443 0 0 0
0.0009615384615384616 -0.29640286257227555 -0.10921050473096677 0.4159340055511989 0 0 0
0.0009615384615384616 -0.19455407892437915 0.08813665880809 0.5916247585907449 0 0 0
0.0009615384615384616 -0.16895295584479625 0.42914073526889257 -0.28184814515756607 0 0 0
0.0009615384615384616 0.16173595811760416 -0.5070201420248456 0.2692003376950441 0 0 0
0.0009615384615384616 -0.5307618414012462 -0.124531280183126 0.3651834975764411 0 0 0
0.0009615384615384616 0.21678437155107966 -0.21409804519263764 0.07121821149767626 0 0 0
0.0009615384615384616 -0.27999585964077317 -0.1388239940690394 -0.5630191405253316 0 0 0
0.0009615384615384616 -0.11385831151634256 0.46782019769584365 0.19569386402178923 0 0 0
0.0009615384615384616 0.3855679514487463 -0.11720587797930504 -0.5604066423857389 0 0 0
0.0009615384615384616 0.23990794188466508 0.2327653801231117 -0.41897721716662967 0 0 0
0.0009615384615384616 -0.06616179809742734 -0.27096187985955256 -0.5943458649015221 0 0 0
0.0009615384615384616 -0.6323054548244278 0.1731385804080548 0.03602814954970631 0 0 0
0.0009615384615384616 -0.09854415075517321 0.002987011702303191 -0.002734908767389206 0 0 0
0.0009615384615384616 0.058037227049686266 0.5469037532607931 0.15097626764463476 0 0 0
0.0009615384615384616 0.10757479379863254 0.5208518444560121 0.2884053681300791 0 0 0
0.0009615384615384616 -0.16328659775891644 -0.3590680767648842 -0.24552287019296185 0 0 0
0.0009615384615384616 0.019809778121779437 0.1336407068180056 -0.012545704083429206 0 0 0
0.0009615384615384616 0.38892558832418056 0.31130931468196904 -0.029568698217515836 0 0 0
0.0009615384615384616 -0.029688458127172388 0.3285385170207249 -0.04718660057970116 0 0 0
0.0009615384615384616 0.0663977379942807 -0.6667791569601864 -0.1393915992448401 0 0 0
0.0009615384615384616 0.40210510208026223 -0.2604581934916682 0.21997218235815538 0 0 0
0.0009615384615384616 -0.6431026716012613 -0.07097239542092086 -0.2324946410822479 0 0 0
0.0009615384615384616 0.4367198347304346 -0.12106239026607056 -0.05567863190898737 0 0 0
0.0009615384615384616 0.08782401974820477 0.10726239586580753 0.073380203356266 0 0 0
0.0009615384615384616 -0.1635142980769924 -0.2917395859547585 0.13930407607490078 0 0 0
0.0009615384615384616 -0.09578164862654763 0.41717551566859573 0.10777198747947986 0 0 0
0.0009615384615384616 -0.26787706934177746 -0.057442556476929196 -0.08845691660282172 0 0 0
0.0009615384615384616 -0.031943094665875846 0.28642315734751056 -0.2803354195155545 0 0 0
0.0009615384615384616 0.5081514492712201 -0.26418792164818794 -0.262496093362856 0 0 0
0.0009615384615384616 -0.2481858131327626 0.0038920628265819266 0.36019328576335785 0 0 0
0.0009615384615384616 -0.14822242313213604 -0.09478214214511278 -0.20304040423390152 0 0 0
0.0009615384615384616 0.4506993108054112 -0.16050871593072472 0.3634513615514588 0 0 0
0.0009615384615384616 -0.3304354647500753 -0.15728066410070637 0.08360507449248149 0 0 0
0.0009615384615384616 -0.23214892104820561 -0.5865738127497685 -0.22144035125448985 0 0 0
0.0009615384615384616 0.32271668214373034 -0.21877055704789336 -0.3321929870415872 0 0 0
0.0009615384615384616 -0.4144055369503491 -0.4271461574201429 0.16877493480060082 0 0 0
0.0009615384615384616 0.5231795449591891 0.290556734836073 -0.02891171355331664 0 0 0
0.0009615384615384616 0.19954477844733426 -0.3241051894060525 -0.35447593542500133 0 0 0
0.0009615384615384616 0.08904616200627118 0.13120601724616113 0.21793149707383563 0 0 0
0.0009615384615384616 0.056853362994923454 0.578166403361743 -0.04257423005712217 0 0 0
0.0009615384615384616 0.641383390079162 0.169928759901984 -0.06379620168708378 0 0 0
0.0009615384615384616 0.17299090288501812 0.6044437953185777 -0.06816931487583479 0 0 0
0.0009615384615384616 0.18625854515236573 -0.46799336047176215 0.233817412446271 0 0 0
0.0009615384615384616 -0.034886431137566815 0.20286373326073354 0.16628696245011287 0 0 0
0.0009615384615384616 -0.2159035139409924 0.2893898232614932 -0.2870448347608351 0 0 0
0.0009615384615384616 -0.02083840360953784 0.18343107143172335 -0.5471236065067941 0 0 0
0.0009615384615384616 -0.24491810584964865 -0.042156716598554515 -0.5119596915220797 0 0 0
0.0009615384615384616 -0.16648344569167664 -0.3609915695584453 -0.23203442156199014 0 0 0
0.0009615384615384616 -0.6203552814699098 -0.16800774354817583 0.14547975357551426 0 0 0
0.0009615384615384616 -0.5444454520256583 -0.1746620593065111 0.07498198532346295 0 0 0
0.0009615384615384616 0.15005549352576567 -0.1952927196995304 0.03220633995521003 0 0 0
0.0009615384615384616 -0.3967787569224387 0.1208804307928511 -0.23980255452140567 0 0 0
0.0009615384615384616 0.1784438281102275 -0.1046246994734278 -0.17033970742402438 0 0 0
0.0009615384615384616 -0.46490291519923 0.13792524368550552 0.24832632080009437 0 0 0
0.0009615384615384616 -0.37400490142674403 0.5212203990369974 0.1689062448430008 0 0 0
0.0009615384615384616 0.09070907841742948 0.2753441696862041 -0.5021862670376193 0 0 0
0.0009615384615384616 -0.09732539632570741 0.3563370598843242 0.5218429988448557 0 0 0
0.0009615384615384616 0.17677704253172674 -0.2791502049699012 0.04561799575631644 0 0 0
0.0009615384615384616 -0.26901426933020506 0.1879083846900412 -0.4662148623491332 0 0 0
0.0009615384615384616 -0.37320445582581324 -0.38263226698526903 0.3995512895478477 0 0 0
0.0009615384615384616 0.02179983086671243 -0.19450803187370275 0.4222893748005116 0 0 0
0.0009615384615384616 -0.4535376452238978 0.009475152726598345 -0.34031401708814435 0 0 0
0.0009615384615384616 -0.3228400292541982 -0.2825401136357336 -0.1422206369282288 0 0 0
0.0009615384615384616 0.2437499270373285 -0.0910548536937656 0.6017530426880622 0 0 0
0.0009615384615384616 -0.09352875665868526 -0.10392251446934316 -0.5615437736352887 0 0 0
0.0009615384615384616 -0.33020831414626606 0.25292202392820184 -0.039525317791118494 0 0 0
0.0009615384615384616 0.024986572506334234 0.037979821758468424 -0.2507698679788953 0 0 0
0.0009615384615384616 -0.39252464682699284 0.176751758713754 -0.46320163347636023 0 0 0
0.0009615384615384616 -0.3702289449221047 -0.1388101864071418 0.22577993210343067 0 0 0
0.0009615384615384616 0.14044534516154544 -0.5357555066520431 -0.2984114477533601 0 0 0
0.0009615384615384616 0.25331774932887213 0.06961342047194462 0.5505230823605199 0 0 0
0.0009615384615384616 0.052941001440023824 -0.2177884207682576 0.512796019403591 0 0 0
0.0009615384615384616 -0.29364004188514126 0.1971102392576722 -0.13334235779278042 0 0 0
0.0009615384615384616 0.13553292293693184 0.2507870512168726 -0.4040613068772639 0 0 0
0.0009615384615384616 -0.03316112706897729 -0.6741629427314123 -0.07462178274931361 0 0 0
0.0009615384615384616 -0.15058886115397113 -0.030556519237353894 -0.12093692340862808 0 0 0
0.0009615384615384616 0.029873246321117153 0.015215967131570526 -0.05613667746553149 0 0 0
0.0009615384615384616 0.3378574267550885 0.4539240938002962 -0.30681405740881135 0 0 0
0.0009615384615384616 0.42856772437642826 0.0647647649828058 -0.38240988852358876 0 0 0
0.0009615384615384616 -0.2252302946505206 -0.24541275430622064 0.026692000015733727 0 0 0
0.0009615384615384616 -0.5507583501714255 0.03531760238002722 0.4021796720520668 0 0 0
0.0009615384615384616 -0.04453877978775633 -0.021763689627787203 -0.06282933866274938 0 0 0
0.0009615384615384616 0.10149270177687077 0.22445200169245874 0.11272692695227529 0 0 0
0.0009615384615384616 -0.28180452742100254 -0.5288337602086262 0.14375642730028002 0 0 0
0.0009615384615384616 0.2919872703355254 0.0004327909262057984 -0.1761129498972923 0 0 0
0.0009615384615384616 0.509143868458035 0.011816223224091168 -0.36885517226445413 0 0 0
0.0009615384615384616 0.12414274579276423 -0.42817592552904893 -0.12940108082709306 0 0 0
0.0009615384615384616 -0.2776009106164201 0.5381804194292382 -0.2954653754745255 0 0 0
0.0009615384615384616 -0.21844874877102388 0.34185878810029335 0.15925643811144352 0 0 0
0.0009615384615384616 0.37179167054457757 0.1336619479340491 -0.01904849955418243 0 0 0
0.0009615384615384616 -0.11550432860098535 -0.0060088373137394185 0.06033400532007448 0 0 0
0.0009615384615384616 0.002461521156433185 -0.550982957565272 0.23945249357001294 0 0 0
0.0009615384615384616 0.6020377915351409 0.08450019089366945 -0.037849579970324405 0 0 0
0.0009615384615384616 0.2597892701239022 0.23910866528034455 -0.09725837227853108 0 0 0
0.0009615384615384616 0.1805823980010424 -0.079741035818328 -0.15787676115854424 0 0 0
0.0009615384615384616 0.40474949422923545 0.3820940088989358 0.05464533990697712 0 0 0
0.0009615384615384616 -0.4545346387823903 -0.18331593340082306 0.4272679817453503 0 0 0
0.0009615384615384616 0.4354725655178999 0.272566531487219 -0.327013160368436 0 0 0
0.0009615384615384616 0.3566874555174208 -0.10858029441747914 0.38436592270112085 0 0 0
0.0009615384615384616 -0.1668321256748481 0.47824453473590023 0.4054657910990423 0 0 0
0.0009615384615384616 0.26948395492646426 -0.5095464760146803 0.04963360057583196 0 0 0
0.0009615384615384616 -0.13377705511334706 -0.375234888923115 0.18577812633600507 0 0 0
0.0009615384615384616 -0.22183489299027698 0.30701715937780877 -0.3367495120335084 0 0 0
0.0009615384615384616 -0.20030390020502362 0.4980921991080165 -0.2429622412104122 0 0 0
0.0009615384615384616 0.5517936385240965 0.01903449619521716 0.35009823251324906 0 0 0
0.0009615384615384616 -0.5360703908745744 -0.3794496917400136 0.09024807374955734 0 0 0
0.0009615384615384616 -0.19015021116394 0.5682159310924063 0.12943338409852453 0 0 0
0.0009615384615384616 0.2218056828399518 -0.2218568352725538 0.5420235011104412 0 0 0
0.0009615384615384616 -0.13885876603805086 0.09469923864503665 -0.6057288982604666 0 0 0
0.0009615384615384616 -0.6699317590234571 0.10485465794167624 -0.08459137762386446 0 0 0
0.0009615384615384616 -0.20263254592791138 -0.12132915377679401 -0.36326157995108144 0 0 0
0.0009615384615384616 -0.40050377254678377 -0.19538280937018607 -0.4914168762466186 0 0 0
0.0009615384615384616 0.43483304326398303 -0.3453172443820687 -0.3140053661084401 0 0 0
0.0009615384615384616 -0.12238269309901259 0.5098693503750952 0.4258809575276185 0 0 0
0.0009615384615384616 -0.6173370555132911 -0.0965917603884033 -0.15434349162979605 0 0 0
0.0009615384615384616 -0.20746692545543857 0.21384349050266901 0.43296637973355523 0 0 0
0.0009615384615384616 -0.4373203734357356 -0.4188053565606928 -0.0779235418425495 0 0 0
0.0009615384615384616 0.17103783810872375 0.299524908977751 -0.59505612081694 0 0 0
0.0009615384615384616 -0.3648771014664747 -0.5065980793874351 0.23961197853510802 0 0 0
0.0009615384615384616 -0.06707657483123437 -0.01999949784149301 0.5691426007831364 0 0 0
0.0009615384615384616 0.13944933708449708 -0.24201339410296138 -0.33535405583149624 0 0 0
0.0009615384615384616 0.46603706336983475 0.011560799819629505 -0.010391751977290723 0 0 0
0.0009615384615384616 -0.0019968305899841898 0.3705261239137321 0.16338794704538775 0 0 0
0.0009615384615384616 0.3808393823017013 -0.4433869720013891 -0.2748978308775082 0 0 0
0.0009615384615384616 -0.12123524839358217 0.500789308505082 -0.020370719540190617 0 0 0
0.0009615384615384616 0.218381345983685 0.08890825091270921 0.15435261239263098 0 0 0
0.0009615384615384616 0.43727577745461815 0.040460041879342476 0.3069928359768521 0 0 0
0.0009615384615384616 0.00033741964579501283 -0.39316517989767 -0.03143711387565052 0 0 0
0.0009615384615384616 0.1789836182624969 -0.20075165524643718 -0.2734058146660994 0 0 0
0.0009615384615384616 0.2071273897781556 0.16293596231722318 -0.2408076887706867 0 0 0
0.0009615384615384616 -0.47271014531326283 0.3361377552648687 0.2864166198098705 0 0 0
0.0009615384615384616 -0.1742529734831924 0.5142912316540011 -0.06445862016870843 0 0 0
0.0009615384615384616 0.07213474768206082 -0.1499956434734533 0.4739442088252998 0 0 0
0.0009615384615384616 0.004320467582027926 0.5881448467656939 0.3598500482392289 0 0 0
0.0009615384615384616 0.14048105805878877 -0.5027688964150813 -0.01307697362185224 0 0 0
0.0009615384615384616 -0.2881197651232421 -0.27407817361090137 -0.5097786972791695 0 0 0
0.0009615384615384616 -0.16570114410882178 -0.49493113013876466 0.14135577453686882 0 0 0
0.0009615384615384616 0.13992606578280478 -0.1788013378664908 -0.15730413579565994 0 0 0
0.0009615384615384616 0.41635385868007074 0.3671505430129946 0.3293574648742478 0 0 0
0.0009615384615384616 -0.22619011354938803 0.19501935223774078 -0.12263437490822086 0 0 0
0.0009615384615384616 -0.23650064848922697 0.007319740535850253 0.022948252998935454 0 0 0
0.0009615384615384616 -0.4570475148394554 -0.16539715709896538 0.30289468551935567 0 0 0
0.0009615384615384616 -0.4128888823747224 0.029915365284333924 0.1826498121676105 0 0 0
0.0009615384615384616 0.3797195184036514 0.40184330550913444 -0.10250198316465996 0 0 0
0.0009615384615384616 0.15658218649420197 -0.09864530974093803 0.03415494390702343 0 0 0
0.0009615384615384616 0.17808366360583874 -0.21142001749943118 0.3608218408823106 0 0 0
0.0009615384615384616 0.5407463361037632 -0.27952102527309125 -0.2782364880277965 0 0 0
0.0009615384615384616 -0.40068963667604396 -0.26731906791099586 -0.2050942720052911 0 0 0
0.0009615384615384616 -0.21280661201826193 0.19455280696060964 0.3233186405851453 0 0 0
0.0009615384615384616 -0.21998683021450877 -0.45851427390619687 0.009696367585387571 0 0 0
0.0009615384615384616 -0.2978056943071183 0.4771119793051436 -0.06464133832320672 0 0 0
0.0009615384615384616 -0.2744868183037528 -0.1630853522570001 0.022123246321165455 0 0 0
0.0009615384615384616 0.06390113844957936 -0.01529811105978754 -0.32811904175812046 0 0 0
0.0009615384615384616 0.25864823321195984 0.5950492499111744 -0.11687969447272799 0 0 0
0.0009615384615384616 -0.24900911851178872 -0.41441473330262313 -0.12489348359902688 0 0 0
0.0009615384615384616 0.07390895747329135 -0.22156741144189282 -0.243825194339139 0 0 0
0.0009615384615384616 -0.5055223381109192 -0.16183292986373604 0.031575577279866616 0 0 0
0.0009615384615384616 0.3979016194820711 -0.42048977597309695 0.3028413596061068 0 0 0
0.0009615384615384616 -0.09664823985213802 -0.15775094461045233 -0.43745735687303056 0 0 0
0.0009615384615384616 -0.498526040111387 -0.032604564953791715 0.4017758800924412 0 0 0
0.0009615384615384616 -0.46512746119209797 -0.23655638409330695 0.29086351358991047 0 0 0
0.0009615384615384616 0.26126080748057806 0.13885343452844895 -0.19778308113587315 0 0 0
0.0009615384615384616 0.23049818292860044 -0.2463508875172203 -0.3859044052572559 0 0 0
0.0009615384615384616 0.15430193824682129 0.0750004419844781 0.5321196142212917 0 0 0
0.0009615384615384616 -0.21164414198610226 0.45261139416122215 0.4783188473945201 0 0 0
0.0009615384615384616 0.0358744916899024 -0.15033316418575401 0.05044020584648963 0 0 0
0.0009615384615384616 -0.5240694782937249 -0.25254586659234524 0.20346902446684037 0 0 0
0.0009615384615384616 -0.01681926688788969 0.5397642243864251 0.04132458609970099 0 0 0
0.0009615384615384616 -0.21012408808680755 0.09231403718832089 -0.10531379697967119 0 0 0
0.0009615384615384616 0.48651756975276716 -0.16883700644760596 0.29449716611130367 0 0 0
0.0009615384615384616 -0.011992560895812963 -0.3395958776696186 -0.5494240683501762 0 0 0
0.0009615384615384616 -0.18919734911513142 0.39695388757038164 0.2496348755139311 0 0 0
0.0009615384615384616 -0.004212821799352355 0.4120218096386248 0.3801578117987705 0 0 0
0.0009615384615384616 0.1876691282713081 0.6395509079274009 -0.004408237161146511 0 0 0
0.0009615384615384616 -0.24713214355685667 0.339720863786832 -0.5048813702131159 0 0 0
0.0009615384615384616 -0.43694096432877644 -0.11719579341214771 -0.18297350107847304 0 0 0
0.0009615384615384616 0.3334856392225108 0.047886616370913855 -0.4521154866898127 0 0 0
0.0009615384615384616 -0.33083571008871027 -0.3521063106794713 0.052805288863566086 0 0 0
0.0009615384615384616 0.14647614843080253 -0.010730937803535474 -0.10285377157377737 0 0 0
0.0009615384615384616 0.3750507909902549 0.027189075388034785 0.5757553386921423 0 0 0
0.0009615384615384616 0.057600246516344156 -0.2906469729802098 -0.03738402373930668 0 0 0
0.0009615384615384616 -0.09906141731587241 -0.3651593373722458 -0.11355974313470515 0 0 0
0.0009615384615384616 0.4728994216908946 -0.4836866300561671 0.13786940690551575 0 0 0
0.0009615384615384616 0.2248323953395691 -0.47067298115622197 -0.22676656263981887 0 0 0
0.0009615384615384616 -0.3942584130156962 -0.07178639256454952 0.5492281769414193 0 0 0
0.0009615384615384616 0.5619634804765211 -0.11323254465378686 0.3436451211962617 0 0 0
0.0009615384615384616 -0.12172409216809081 -0.4013306147449338 0.26931946002004975 0 0 0
0.0009615384615384616 -0.4793592481624788 0.28082231379459305 -0.3605960227510872 0 0 0
0.0009615384615384616 0.2300434116318903 -0.019082233749663627 0.5711953037449424 0 0 0
0.0009615384615384616 0.2296097323922004 0.07902335059854612 0.5996706675174365 0 0 0
0.0009615384615384616 0.42699901339786595 0.0478621790778504 -0.06439644002512049 0 0 0
0.0009615384615384616 -0.007032566128207724 0.17876698769727492 -0.2441588544871977 0 0 0
0.0009615384615384616 -0.5166450782506953 -0.12336556207796179 0.3067189887709059 0 0 0
0.0009615384615384616 0.22080586052841966 0.07914119072352503 -0.02077758039202355 0 0 0
0.0009615384615384616 0.5751426634412736 0.12732292572629217 0.30444452720338944 0 0 0
0.0009615384615384616 0.3207164182106625 -0.22302743854671642 -0.26076613921933867 0 0 0
0.0009615384615384616 -0.4627713736579333 -0.013866859105260544 0.08419850706382209 0 0 0
0.0009615384615384616 -0.03062410140979456 0.33954685512118576 0.22818615361571232 0 0 0
0.0009615384615384616 -0.38604973057770914 0.050515289010547366 -0.5554084543182987 0 0 0
0.0009615384615384616 -0.528125164351501 0.05834626090817029 -0.1559804337743267 0 0 0
0.0009615384615384616 -0.4400566685393941 0.289682649749251 -0.08309433277388865 0 0 0
0.0009615384615384616 0.22439150865790491 -0.3220237449037699 0.10772269448340693 0 0 0
0.0009615384615384616 0.2207610574090902 -0.11003237880180766 -0.6087062885585227 0 0 0
0.0009615384615384616 0.5206751808010679 -0.34960744544588335 -0.10493867825712476 0 0 0
0.0009615384615384616 0.4494143739364665 -0.29292748029034427 0.12641282095592937 0 0 0
0.0009615384615384616 -0.20156804208730025 0.3632108838236187 0.21189241368699122 0 0 0
0.0009615384615384616 -0.0653811419840913 -0.11381030398908283 -0.2994265469658727 0 0 0
0.0009615384615384616 0.5424582298614877 0.13528950349863197 0.16594775617717508 0 0 0
0.0009615384615384616 0.20023561541474078 0.1250613547563194 0.5723433063700615 0 0 0
0.0009615384615384616 -0.09141251851080508 -0.07806678776268637 -0.1301879997325104 0 0 0
0.0009615384615384616 0.3071150930094684 0.053330206238252874 0.400946567942493 0 0 0
0.0009615384615384616 -0.3348169596068329 -0.5266297279437246 0.30084329103955443 0 0 0
0.0009615384615384616 0.0067777011026941385 -0.5684858335231342 -0.13804761797147458 0 0 0
0.0009615384615384616 0.14240436278850419 0.05884000459538607 -0.6453695540436466 0 0 0
0.0009615384615384616 -0.24387151190987225 -0.32082269096766086 0.5138556016641033 0 0 0
0.0009615384615384616 -0.5643732459197514 0.20718870902473446 -0.020858290740928147 0 0 0
0.0009615384615384616 -0.3299937827128136 -0.414311935488011 0.28121043798560147 0 0 0
0.0009615384615384616 0.2703850537474923 -0.0874390366229945 -0.35729746555930797 0 0 0
0.0009615384615384616 -0.25959928009049216 0.14930756525890623 0.25634864842496424 0 0 0
0.0009615384615384616 0.16982867610914432 0.514376022230928 -0.13493030320642851 0 0 0
0.0009615384615384616 0.35066881732365546 0.1289376449860083 -0.3586897219043895 0 0 0
0.0009615384615384616 -0.26950886536849195 -0.15446970920031491 -0.10977708881126137 0 0 0
0.0009615384615384616 0.14084753333369104 -0.6367630218732665 -0.1181724655807558 0 0 0
0.0009615384615384616 0.4060599015996297 0.022015750162662284 0.5529813770730356 0 0 0
0.0009615384615384616 0.15390801280134336 -0.17659558418079294 -0.6246924039941889 0 0 0
0.0009615384615384616 0.030847268324584613 -0.15410062520939807 0.004587867383578511 0 0 0
0.0009615384615384616 0.13746037437636396 -0.18224833954526864 -0.4922714265482783 0 0 0
0.0009615384615384616 -0.4057627156811794 -0.37632862703858977 0.3303085225525539 0 0 0
0.0009615384615384616 0.5099234553149997 -0.370867891299671 -0.07510644722884609 0 0 0
0.0009615384615384616 -0.1288560734024966 0.16596471057904263 -0.26894158290634934 0 0 0
0.0009615384615384616 -0.2786192763788094 0.06285753285296569 0.17029369776150302 0 0 0
0.0009615384615384616 0.3140090844382854 -0.5451750098549846 -0.2519893868506432 0 0 0
0.0009615384615384616 -0.5411131011728495 -0.22077922800755348 -0.06645146297434437 0 0 0
0.0009615384615384616 -0.10978296201019393 -0.522171787788862 -0.22416814809823307 0 0 0
0.0009615384615384616 -0.041396372563115014 -0.277748927667892 0.24386743788951162 0 0 0
0.0009615384615384616 -0.34479722884690756 0.0767791389249232 0.07906407769084842 0 0 0
0.0009615384615384616 -0.149767529999651 -0.38180583844400734 0.16790814474273025 0 0 0
0.0009615384615384616 0.47821740068481094 -0.22391762152267006 0.016735726570243067 0 0 0
0.0009615384615384616 -0.20172689259060791 -0.021885258634270092 0.6515310712382545 0 0 0
0.0009615384615384616 0.10760417952683918 -0.06797267204064941 -0.5948412075955306 0 0 0
0.0009615384615384616 0.3399563469058641 -0.26795280294828594 0.3883507555057616 0 0 0
0.0009615384615384616 0.20587052123759314 -0.1972974257320975 0.393146339862611 0 0 0
0.0009615384615384616 0.5621370655343884 0.10466127529858421 -0.3892835985436763 0 0 0
0.0009615384615384616 -0.26469529461410013 0.5180575877667227 0.007604479692964833 0 0 0
0.0009615384615384616 -0.45104535063931017 -0.3656226552496207 -0.3710388013654815 0 0 0
0.0009615384615384616 -0.19343950926733294 -0.09344969724848756 -0.12452403465952396 0 0 0
0.0009615384615384616 0.23378392931868414 0.5669250606048173 0.13648869392531066 0 0 0
0.0009615384615384616 -0.6819751302225404 -0.06861006456655444 0.04641871311191065 0 0 0
0.0009615384615384616 0.33751456498088067 0.2049969121886353 0.5022220739996635 0 0 0
0.0009615384615384616 0.23101545589145284 0.5041972107929672 -0.3404784681625439 0 0 0
0.0009615384615384616 0.07562364257567222 0.2035932620194112 -0.46883990233870904 0 0 0
0.0009615384615384616 -0.2032610773531756 0.10583538539561191 0.6426807714489586 0 0 0
0.0009615384615384616 0.5299746075705059 -0.3524276124916579 -0.225614162811756 0 0 0
0.0009615384615384616 0.4396395622753935 -0.42479472851592803 0.2863192614345817 0 0 0
0.0009615384615384616 -0.5459929805836459 0.10080296774654122 0.27116278678953826 0 0 0
0.0009615384615384616 -0.5828026175678039 -0.011308236594742923 0.2761773349741032 0 0 0
0.0009615384615384616 0.0036822375483369406 0.011435229769741867 0.621151110082242 0 0 0
0.0009615384615384616 0.2880703657854569 0.2246309366097476 -0.4255618660539009 0 0 0
0.0009615384615384616 0.25246889124280114 -0.24491907979618005 0.06636798124281439 0 0 0
0.0009615384615384616 -0.18747920744479155 0.27560676083676744 0.31136238261958277 0 0 0
0.0009615384615384616 0.20899031004475457 0.22499713214361824 0.213140782518818 0 0 0
0.0009615384615384616 -0.5686120774582399 -0.03192139037501715 -0.255650773277583 0 0 0
0.0009615384615384616 -0.56486716575903 -0.0020904315149314844 0.05216838649246589 0 0 0
0.0009615384615384616 0.21379542518398784 -0.19894473528282883 -0.19371662574439527 0 0 0
0.0009615384615384616 0.137733244556372 -0.385754723360966 -0.3434905447754027 0 0 0
0.0009615384615384616 -0.359973523059711 0.26208489853712147 -0.2748519893756265 0 0 0
0.0009615384615384616 -0.38566905282768077 -0.4101184231262007 0.38884278430430436 0 0 0
0.0009615384615384616 -0.2365607079540866 -0.42128412284370115 -0.051192826846493934 0 0 0
0.0009615384615384616 -0.2928701548165395 -0.21876150327162497 0.47216001455575085 0 0 0
0.0009615384615384616 0.5380103900400524 -0.18202166443998224 -0.056746039103183356 0 0 0
0.0009615384615384616 -0.28686082964980925 -0.10405036621649248 -0.35348817200658644 0 0 0
0.0009615384615384616 0.3717753428137166 0.3459646253437934 -0.34217590556230915 0 0 0
0.0009615384615384616 -0.06860530675455025 0.48897635930738753 -0.4048785979701479 0 0 0
0.0009615384615384616 -0.2834602059859327 0.1296431683880492 -0.34203565872092817 0 0 0
0.0009615384615384616 -0.009423308722695556 -0.048127199257308344 -0.22305256947404004 0 0 0
0.0009615384615384616 0.013285950322505086 -0.5338234957456065 0.19824232385043897 0 0 0
0.0009615384615384616 0.27980837694648425 0.055329946417349736 -0.26397716390504344 0 0 0
0.0009615384615384616 0.19039101872071243 -0.2879269436897013 -0.17041676238986772 0 0 0
0.0009615384615384616 0.2797364845105916 0.021203753428350514 0.5230657185134087 0 0 0
0.0009615384615384616 -0.18918798428276049 -0.12071624941484052 0.4406364491595928 0 0 0
0.0009615384615384616 0.3500448314380885 0.14708547505234873 0.31282438500412535 0 0 0
0.0009615384615384616 -0.21081500843045473 -0.32888978897282084 -0.40841760861365894 0 0 0
0.0009615384615384616 -0.1841019822240726 -0.524114958369582 0.0035959132546769922 0 0 0
0.0009615384615384616 -0.12837670227883535 0.22128111904924905 -0.15076298402650723 0 0 0
0.0009615384615384616 0.4289854006251792 0.00542568721611866 -0.3179795972890968 0 0 0
0.0009615384615384616 0.3017372765103734 0.040566775001297004 0.3584251291238448 0 0 0
0.0009615384615384616 0.439317065585663 0.0034619126749805256 -0.023755684698165285 0 0 0
0.0009615384615384616 0.3026318802598809 -0.35417815824337795 -0.19368697101327131 0 0 0
0.0009615384615384616 0.2744755009973813 -0.6100899527735979 0.1567814149548488 0 0 0
0.0009615384615384616 0.08196205840331129 -0.449139374731748 0.35001046287537374 0 0 0
0.0009615384615384616 -0.16028810912995556 0.41569749767135744 0.3335258425305411 0 0 0
0.0009615384615384616 0.33189420862309416 -0.18178203198728182 0.4812383020236179 0 0 0
0.0009615384615384616 -0.6290941825994146 0.02483441520113582 0.12151966279375585 0 0 0
0.0009615384615384616 -0.18667984225902845 -0.40955000999654817 -0.04460646214495999 0 0 0
0.0009615384615384616 0.22811682496316082 -0.18947316115462984 0.4315332024007426 0 0 0
0.0009615384615384616 0.3195245497408054 -0.5597459856373409 -0.07241159405330691 0 0 0
0.0009615384615384616 -0.4150209205525551 -0.10155223477199969 -0.49126857195205687 0 0 0
0.0009615384615384616 -0.03982948442340492 -0.18681880025502115 0.5002223138441714 0 0 0
0.0009615384615384616 -0.1429348524580481 -0.3949143260372288 0.014181372269087809 0 0 0
0.0009615384615384616 -0.18846416382863856 0.3516542187559801 0.04594456614759761 0 0 0
0.0009615384615384616 0.04479037142404192 -0.05153134047217877 0.6148034153790842 0 0 0
0.0009615384615384616 -0.6087987168037257 0.08663305003735598 -0.14507708727662486 0 0 0
0.0009615384615384616 -0.2929207646804393 -0.12030432416587736 -0.41752823004274137 0 0 0
0.0009615384615384616 0.3502360258022487 0.23451450541216232 -0.48927576873670287 0 0 0
0.0009615384615384616 -0.4038704931634597 -0.22752439906465907 -0.277565971113427 0 0 0
0.0009615384615384616 -0.04742576146733708 -0.1513110003802381 -0.3139008204970258 0 0 0
0.0009615384615384616 -0.24698436620106864 0.13161513789109852 0.3664470279943922 0 0 0
0.0009615384615384616 -0.20376343450702572 -0.5427835952453045 0.25362557280282433 0 0 0
0.0009615384615384616 -0.5102914365287818 0.23317404664629465 -0.051827309473774875 0 0 0
0.0009615384615384616 0.06575760997984148 -0.6184161424086957 -0.27898732466601817 0 0 0
0.0009615384615384616 0.40955421406752784 -0.468188251298196 0.28400786493483454 0 0 0
0.0009615384615384616 -0.022522878623127757 -0.5784962444954892 -0.04254803932567245 0 0 0
0.0009615384615384616 -0.18081812164363292 -0.11625524766112086 0.12061717426833889 0 0 0
0.0009615384615384616 -0.2609820461053735 0.3022625064719118 -0.35839337434434976 0 0 0
0.0009615384615384616 0.406052484667673 0.2017141540073177 -0.3821890153209878 0 0 0
0.0009615384615384616 0.30381704705244766 0.48886092236901396 -0.19341784035971532 0 0 0
0.0009615384615384616 0.41437642062164765 0.005576382196057854 -0.4606249753631358 0 0 0
0.0009615384615384616 0.04380857349761867 -0.1805802890215086 -0.4235202153638857 0 0 0
0.0009615384615384616 0.6081039829758222 -0.05773362778725383 -0.1213707160295037 0 0 0
0.0009615384615384616 -0.3273492509415542 0.33297171842733125 0.08999309157341889 0 0 0
0.0009615384615384616 -0.07625161385252631 -0.3784231740403969 0.3945228210171912 0 0 0
0.0009615384615384616 0.10879868189349311 0.03517626899077232 0.6786568634934416 0 0 0
0.0009615384615384616 0.5492581313978833 -0.2682997948107539 -0.08307400178297823 0 0 0
0.0009615384615384616 -0.11363968252581963 0.07553190562190847 0.4182655096415042 0 0 0
0.0009615384615384616 0.3231428474153859 0.3238743501277586 0.28646223122749254 0 0 0
0.0009615384615384616 -0.32856965909172703 0.08670525662187265 0.4844149566734195 0 0 0
0.0009615384615384616 -0.37887298589694296 0.2563849925521833 -0.01643110708632013 0 0 0
0.0009615384615384616 0.1170798836292153 0.00864062659312426 0.13988118031038055 0 0 0
0.0009615384615384616 0.2556495178224703 -0.022019914287815225 0.002282815881348408 0 0 0
0.0009615384615384616 -0.12272897117071807 -0.456778407018133 0.07740412826972437 0 0 0
0.0009615384615384616 0.10538958756017332 -0.03345081952431639 -0.5659912535217106 0 0 0
0.0009615384615384616 -0.24656567024279266 -0.6322384217368789 -0.01985883732983377 0 0 0
0.0009615384615384616 -0.5833147020305899 -0.16490519365731554 0.18331589854274372 0 0 0
0.0009615384615384616 0.5608690139192479 0.1434994186576381 -0.35083753068057694 0 0 0
0.0009615384615384616 -0.12217519675713762 0.3953554724943198 -0.23927528315513386 0 0 0
0.0009615384615384616 -0.41092491943225035 0.02929994642371147 0.12651365906769593 0 0 0
0.0009615384615384616 0.4475420504200106 0.13407566649742123 0.07701911193192305 0 0 0
0.0009615384615384616 -0.2263008835272984 -0.3551872303110302 -0.4859542113201714 0 0 0
0.0009615384615384616 -0.012122906867698 0.20722235776875877 0.16266659057998223 0 0 0
0.0009615384615384616 -0.454646069969728 -0.4748399104604653 0.11754887618539327 0 0 0
0.0009615384615384616 -0.01904084035029197 0.38838983485351847 -0.4542782261435291 0 0 0
0.0009615384615384616 0.27684224562053594 -0.020453780078508385 -0.492975719948101 0 0 0
0.0009615384615384616 0.1327139917037326 -0.4081737307840374 -0.5424819667322935 0 0 0
0.0009615384615384616 0.21408294150799678 -0.19245560323231697 0.22493926046731796 0 0 0
0.0009615384615384616 -0.023552404043887615 0.21760149271102144 0.11556993465896967 0 0 0
0.0009615384615384616 -0.1752957920283627 0.07150484132001958 -0.10237308319168736 0 0 0
0.0009615384615384616 0.10760082633021528 -0.5405059152396056 -0.18345397784845285 0 0 0
0.0009615384615384616 -0.1916719179151806 -0.2536539455340764 -0.30479236091232786 0 0 0
0.0009615384615384616 0.20977604262463667 -0.07510791108510294 -0.17443505170440596 0 0 0
0.0009615384615384616 -0.3262868546696597 0.22745433741286086 0.5437293763431172 0 0 0
0.0009615384615384616 -0.2691050504147661 0.2997279218031188 -0.40198137392659355 0 0 0
0.0009615384615384616 0.17012745523080056 0.2971895812730436 -0.39554589204846835 0 0 0
0.0009615384615384616 0.08138749479150645 0.03414485172443244 -0.11446014043410108 0 0 0
0.0009615384615384616 -0.03930632497929712 -0.5060264713702783 -0.1648284814892971 0 0 0
0.0009615384615384616 0.012355262261294714 0.2604462086890466 -0.23567845404939636 0 0 0
0.0009615384615384616 -0.31320437554725644 -0.4170734768966576 0.3369318000142124 0 0 0
0.0009615384615384616 0.6265726621067883 0.16968805660344038 0.1655138570133851 0 0 0
0.0009615384615384616 -0.14191450655016666 -0.29997413750428686 0.5193788188793239 0 0 0
0.0009615384615384616 -0.15552041212065768 0.006010448501176659 -0.03759848261053457 0 0 0
0.0009615384615384616 0.125718621749419 -0.38583754661756303 -0.2570484292045866 0 0 0
0.0009615384615384616 -0.19530800392515818 0.2040821536999773 0.4972957989510474 0 0 0
0.0009615384615384616 -0.6745498922769103 0.1228554375807636 0.0719911699132667 0 0 0
0.0009615384615384616 -0.19024946259249903 0.3901798501989847 0.21699166219773308 0 0 0
0.0009615384615384616 0.31480305384138974 -0.12030876387531084 0.041704865714729124 0 0 0
0.0009615384615384616 0.14760730280911014 0.2554014086154798 0.39261020841178906 0 0 0
0.0009615384615384616 -0.03837233467046408 -0.6067356843875399 -0.08292431710717656 0 0 0
0.0009615384615384616 0.5028974495487014 0.11665592226916709 -0.041710111718972424 0 0 0
0.0009615384615384616 0.5264234272267493 -0.300818223304244 0.037605658601338215 0 0 0
0.0009615384615384616 -0.2625254708090467 0.26349472120160755 0.12824231421132523 0 0 0
0.0009615384615384616 -0.13957137079390658 0.3240098899989892 0.37010670871270823 0 0 0
0.0009615384615384616 0.010573033906207898 0.3210341201215439 -0.37306162873718185 0 0 0
0.0009615384615384616 -0.34131473691865477 -0.4871598802208142 -0.26247803383646146 0 0 0
0.0009615384615384616 0.17863316868231363 0.10102799478480114 0.059980032752563306 0 0 0
0.0009615384615384616 0.6470303761086131 0.20653010151543588 -0.1311206152024436 0 0 0
0.0009615384615384616 0.15452862824777835 -0.0922340236672058 0.4313142698602495 0 0 0
0.0009615384615384616 -0.2581267671108201 -0.12459419247012704 -0.31956762690013985 0 0 0
0.0009615384615384616 0.06562505482127569 -0.506971681276906 0.20298632489163193 0 0 0
0.0009615384615384616 -0.2972694657587475 -0.299908526976654 -0.4014900681756698 0 0 0
0.0009615384615384616 -0.06055249806488811 0.24242156339565887 0.028577168520232146 0 0 0
0.0009615384615384616 -0.2363637259954305 -0.43954695175491293 0.008821296610214654 0 0 0
0.0009615384615384616 -0.3853476793623228 0.24127396220173492 -0.4795026889371335 0 0 0
0.0009615384615384616 -0.07078653934995217 -0.03834470819751256 0.3794360376149338 0 0 0
0.0009615384615384616 -0.10096216876394881 -0.32369123612657524 0.2592756183623839 0 0 0
0.0009615384615384616 -0.02064015409676543 -0.4922874313927736 0.10641276542927872 0 0 0
0.0009615384615384616 -0.25655518756248774 -0.11955285264848602 0.27042437929556895 0 0 0
0.0009615384615384616 0.36264319729230376 0.3085408012264222 -0.3519737277776853 0 0 0
0.0009615384615384616 -0.2834794153687093 -0.5023276737239516 -0.04387591989571871 0 0 0
0.0009615384615384616 -0.23603415839474035 0.09456575100876644 -0.23164486658104588 0 0 0
0.0009615384615384616 0.38347510853518063 -0.49232919806384945 0.03498278956188375 0 0 0
0.0009615384615384616 0.20579305432781464 -0.4411511869924889 0.0241060554340756 0 0 0
0.0009615384615384616 -0.3676214903402041 0.2625398210416349 0.18355634355078373 0 0 0
0.0009615384615384616 0.37560503069371715 0.2731536152420635 -0.4852850752028008 0 0 0
0.0009615384615384616 0.5160199422180582 -0.4360410547508357 -0.11803033761588808 0 0 0
0.0009615384615384616 -0.07912756344025773 0.5524258801412979 -0.2678333944411552 0 0 0
0.0009615384615384616 -0.3535902351767374 -0.020463913918967326 -0.017143068212130512 0 0 0
0.0009615384615384616 0.3976302156566663 0.3516826602047534 -0.1662554088955756 0 0 0
0.0009615384615384616 -0.017175850355582063 -0.19471583765387546 -0.47703439248339424 0 0 0
0.0009615384615384616 0.18495447154783268 -0.16479461633239442 0.4451816187023132 0 0 0
0.0009615384615384616 -0.2022200300514852 0.28333206790258253 0.08833264613277897 0 0 0
0.0009615384615384616 0.28477422978252015 -0.27862394019535014 0.24522854922092996 0 0 0
0.0009615384615384616 0.39162453625259874 0.17204425104756044 -0.38448722068714125 0 0 0
0.0009615384615384616 -0.11818105076643894 0.41769010338113544 0.31527623518373277 0 0 0
0.0009615384615384616 -0.007329269486962692 -0.379701299358246 0.5646714631524392 0 0 0
0.0009615384615384616 -0.22642572760980306 -0.060002090511804544 0.3105959033159087 0 0 0
0.0009615384615384616 0.0038076906493762414 -0.5597096925731101 0.06447591520845644 0 0 0
0.0009615384615384616 -0.44220662554888696 -0.487889278558022 -0.07856835952963319 0 0 0
0.0009615384615384616 0.21025505372136252 0.046459771039946925 -0.6018864586151612 0 0 0
0.0009615384615384616 -0.252733165785661 -0.0424130500490804 0.12957300745308198 0 0 0
0.0009615384615384616 0.1620915921174021 -0.6150431472964777 -0.09196615589119007 0 0 0
0.0009615384615384616 -0.27262145964038326 -0.2706963858571405 -0.03255682656572241 0 0 0
0.0009615384615384616 0.13080452298150808 -0.0993185015224852 -0.12033208833237806 0 0 0
0.0009615384615384616 -0.20938471731457822 0.22642889526975823 0.0853713354692889 0 0 0
0.0009615384615384616 -0.18304718094052214 0.05746354492396761 -0.46062499938987017 0 0 0
0.0009615384615384616 0.3530709675195465 -0.005702637789360135 0.41351338011846683 0 0 0
0.0009615384615384616 -0.1080307483138212 -0.11784055182673714 -0.4006038190955091 0 0 0
0.0009615384615384616 -0.3575147740414604 -0.4921673374893834 -0.1333867242965294 0 0 0
0.0009615384615384616 -0.23166991538027878 0.29396851697511955 -0.12841288301202683 0 0 0
0.0009615384615384616 0.12535639141552998 0.5367501746271871 0.042975295403232645 0 0 0
0.0009615384615384616 0.03143907639200117 0.10360392317666027 0.2662936700329992 0 0 0
0.0009615384615384616 0.4044802024442948 -0.07914993772370764 0.13137685979682723 0 0 0
0.0009615384615384616 -0.1544360013901076 -0.024705948600215914 -0.09176483745713807 0 0 0
0.0009615384615384616 -0.1819348604577184 -0.23008437992941788 -0.003305180901202329 0 0 0
0.0009615384615384616 0.004380478496194173 0.02089083155243053 0.037983000215208805 0 0 0
0.0009615384615384616 -0.1682356741091736 -0.06565316769874625 0.02135084809104707 0 0 0
0.0009615384615384616 -0.2966517598315152 0.5041033948576976 -0.20615937474766444 0 0 0
0.0009615384615384616 -0.39183406212896593 -0.19992274155923911 -0.21527634218043515 0 0 0
0.0009615384615384616 -0.41558235600739984 -0.0652488755401495 -0.0843728564177305 0 0 0
0.0009615384615384616 -0.46380561169722134 -0.1835776209135383 -0.334140400987823 0 0 0
0.0009615384615384616 -0.047812709461278816 -0.09740156756059763 0.4172308844322887 0 0 0
0.0009615384615384616 0.0908611576173524 0.3592492026683598 -0.05478789088804756 0 0 0
0.0009615384615384616 -0.22156517608277965 0.31695857186596643 -0.3113366935439785 0 0 0
0.0009615384615384616 -0.2433739832461217 -0.10409383344845423 -0.1499207939108297 0 0 0
0.0009615384615384616 0.020485458284798204 -0.28764901705116075 0.2566388786522075 0 0 0
0.0009615384615384616 -0.1674453972825689 -0.20951327175080264 -0.4422459259965375 0 0 0
0.0009615384615384616 0.0031707560489984865 0.5687327405840344 -0.22232687820513394 0 0 0
0.0009615384615384616 -0.43535147987001005 -0.030303453169584275 0.35529638697076005 0 0 0
0.0009615384615384616 -0.34885241169557446 -0.38906379811028274 -0.13126459705651827 0 0 0
0.0009615384615384616 0.07897180882673813 -0.2436905459891526 0.34218681344917884 0 0 0
0.0009615384615384616 0.30260471859461757 0.17702091633543446 -0.09380147224499492 0 0 0
0.0009615384615384616 -0.1766055765471385 -0.5593468447621934 -0.36587549577508977 0 0 0
0.0009615384615384616 0.21027422107913118 -0.3518546750253164 -0.5067313611417438 0 0 0
0.0009615384615384616 -0.33717187480217803 0.49811644229329755 0.04029469622397634 0 0 0
0.0009615384615384616 0.6219948568361029 -0.1796401293977346 0.23705070535346895 0 0 0
0.0009615384615384616 -0.007264492973684971 0.4107893916607899 0.5105738474726901 0 0 0
0.0009615384615384616 -0.48854295424229965 -0.46741298354636435 -0.11549149245952102 0 0 0
0.0009615384615384616 -0.1086384429341319 0.0832005051624823 0.026890332299660025 0 0 0
0.0009615384615384616 -0.3455768983366307 -0.12271436947298114 -0.22187625177331619 0 0 0
0.0009615384615384616 0.31970967548260665 -0.29286654701581866 -0.42085426511292645 0 0 0
0.0009615384615384616 -0.5414479589719889 0.16737347928896362 -0.08919034744232711 0 0 0
0.0009615384615384616 -0.5774672671997328 -0.060305880175414536 -0.027566452669686017 0 0 0
0.0009615384615384616 0.016467326359966592 -0.15179697762480046 0.6114258074592346 0 0 0
0.0009615384615384616 -0.2686767089859603 -0.3004992584552622 0.4157023081264004 0 0 0
0.0009615384615384616 -0.5127392563962735 0.42040280493214033 -0.09382263011544455 0 0 0
0.0009615384615384616 0.6231059593689652 -0.07503312124700885 -0.11543776963262685 0 0 0
0.0009615384615384616 -0.3907421372877968 -0.27357539605699693 0.01380071690491554 0 0 0
0.0009615384615384616 -0.4549093889148231 -0.30086968255982643 0.39625331043619466 0 0 0
0.0009615384615384616 -0.025036639370847685 0.05607151170378333 0.5831531388904616 0 0 0
0.0009615384615384616 0.024288514427835403 0.4759838515570163 -0.22192478636704238 0 0 0
0.0009615384615384616 -0.13463187120018863 -0.13283375229855918 -0.4775357331916774 0 0 0
0.0009615384615384616 -0.020690350786761028 0.5314648103191597 -0.12670628514022161 0 0 0
0.0009615384615384616 0.14523540044716426 -0.225132331146546 -0.6018749687657593 0 0 0
0.0009615384615384616 0.47232575104779356 -0.10339060659356748 0.25606052658261874 0 0 0
0.0009615384615384616 -0.15785839538834417 -0.4077807843657639 -0.26651010307515627 0 0 0
0.0009615384615384616 -0.27489433788354994 -0.13728195400198812 0.24208548184971537 0 0 0
0.0009615384615384616 0.22937942894731467 0.3284876018479652 0.5335325014413331 0 0 0
0.0009615384615384616 0.24269102223472278 0.41277732246527926 0.07457492238594092 0 0 0
0.0009615384615384616 -0.2618059639855207 0.4781723998851515 0.0031254031385672403 0 0 0
0.0009615384615384616 -0.19453904742224326 0.05546283744048922 0.2749419729324129 0 0 0
0.0009615384615384616 -0.20210561091800802 0.42542984450538734 -0.4859475984947998 0 0 0
0.0009615384615384616 0.031698936114033655 0.06779931345305679 -0.6219677618458589 0 0 0
0.0009615384615384616 -0.6475760014710604 0.06777396088004646 0.21465158802868597 0 0 0
0.0009615384615384616 0.2802700381279585 0.5726135868647715 0.08727593798893504 0 0 0
0.0009615384615384616 0.3432339832566333 0.14974526271588062 -0.34136066791471437 0 0 0
0.0009615384615384616 -0.3209000470620526 0.10173416049522184 -0.030076638909423917 0 0 0
0.0009615384615384616 -0.18531161605229762 0.24777568905793845 0.5043066451145438 0 0 0
0.0009615384615384616 -0.003943528814421852 0.03231004035600203 -0.06313236444755092 0 0 0
0.0009615384615384616 -0.41941738237860854 0.26999224530177723 0.4027111009603912 0 0 0
0.0009615384615384616 -0.09700734716658388 -0.05211655665157431 0.19630180231739822 0 0 0
0.0009615384615384616 0.25341791939900743 -0.04816855704111239 -0.3357042088012275 0 0 0
0.0009615384615384616 0.16521264516308787 0.04137032580807231 0.21947276510187108 0 0 0
0.0009615384615384616 0.106886003039119 -0.5076818109059961 0.011599605244885397 0 0 0
0.0009615384615384616 0.4369413191116768 0.3014890860749136 0.3097404509756011 0 0 0
0.0009615384615384616 -0.04220671743945395 0.515090935812636 0.3063837154653901 0 0 0
0.0009615384615384616 0.2884447647273712 -0.061378550273727794 -0.2654831377564393 0 0 0
0.0009615384615384616 0.0951664791110259 0.08419407949933982 -0.09125448464814089 0 0 0
0.0009615384615384616 0.15161741960195474 0.6253739774611734 -0.2006870852327843 0 0 0
0.0009615384615384616 -0.5817244050301527 -0.236674331604367 0.09013155249150204 0 0 0
0.0009615384615384616 -0.18408834338871674 0.054951758279650445 0.07951304991370631 0 0 0
0.0009615384615384616 0.19238960974715563 0.006003947155868578 0.20116710306567473 0 0 0
0.0009615384615384616 -0.34922307970761085 0.202347941388548 -0.11086930512490627 0 0 0
0.0009615384615384616 -0.5639602239687952 0.32757497074687325 -0.22817290819194946 0 0 0
0.0009615384615384616 -0.2757286889462987 0.08188633818840028 0.6162107424835014 0 0 0
0.0009615384615384616 0.12989433621135457 -0.5300973495359059 0.009132850830272259 0 0 0
0.0009615384615384616 -0.024532070277976985 -0.276538656624749 -0.15823876610096668 0 0 0
0.0009615384615384616 0.0010327810578931824 -0.045913195948536246 -0.48662555665858004 0 0 0
0.0009615384615384616 -0.19822453698720488 0.14866246793574303 0.2943940793406754 0 0 0
0.0009615384615384616 0.06366558216743787 -0.1724631330777425 0.46650117860693957 0 0 0
0.0009615384615384616 0.618993668694752 -0.13067252662230017 0.20369113381563103 0 0 0
0.0009615384615384616 -0.25521576402316304 -0.5914715238368753 -0.017482746432277194 0 0 0
0.0009615384615384616 -0.49520393906587595 -0.08923554028728346 -0.3188290733097174 0 0 0
0.0009615384615384616 -0.010736040716285384 -0.07126941563836311 -0.631728790717699 0 0 0
0.0009615384615384616 0.5721776460409678 0.12540032058770606 -0.006236509926602296 0 0 0
0.0009615384615384616 0.399273264651993 -0.11926217512572648 -0.0784325597356591 0 0 0
0.0009615384615384616 0.20680138207639723 0.2640969187288623 -0.08654551650087666 0 0 0
0.0009615384615384616 -0.4859696596659565 0.03837720682003696 -0.4421886778813399 0 0 0
0.0009615384615384616 0.6633530565278424 0.05870428813784353 0.010928559418230975 0 0 0
0.0009615384615384616 -0.5186916527641577 0.24507023276548615 0.07366506349272656 0 0 0
0.0009615384615384616 -0.05742979143395261 0.47198838953171957 0.45502003190527357 0 0 0
0.0009615384615384616 -0.08199644103122666 0.46331206533683594 0.30188943484839625 0 0 0
0.0009615384615384616 0.07907633571997343 -0.15014413027885012 -0.07042099683134645 0 0 0
0.0009615384615384616 0.03457531581342203 0.27106278634196507 0.306491405515469 0 0 0
0.0009615384615384616 0.31514007999889865 -0.05328067910695849 -0.032641147787206067 0 0 0
0.0009615384615384616 -0.3767020129032984 0.3179448390454588 -0.4332015344936562 0 0 0
0.0009615384615384616 -0.01935510084692317 -0.21494083031313096 -0.29971217642640824 0 0 0
0.0009615384615384616 0.37205448111813977 0.5254301111279011 -0.029500604182982417 0 0 0
0.0009615384615384616 0.1083812084104822 0.08791739584024694 0.18574792053303857 0 0 0
0.0009615384615384616 -0.3277417171635771 -0.3607010489687845 0.043006231049750536 0 0 0
0.0009615384615384616 0.3471504386786787 -0.27464160186720205 0.44799099805678155 0 0 0
0.0009615384615384616 0.07270401461252987 -0.047847621935261236 -0.006634489456096506 0 0 0
0.0009615384615384616 0.44342886089324507 -0.05142308824412164 -0.06223159005348163 0 0 0
0.0009615384615384616 0.1106635576279682 -0.1240043104142982 0.04627214910027259 0 0 0
0.0009615384615384616 -0.259434824829323 -0.2879367439157258 -0.324487672127196 0 0 0
0.0009615384615384616 -0.05815923912111681 -0.3864963462230119 0.04749916775808594 0 0 0
0.0009615384615384616 -0.34353704090465553 -0.19980188086816825 -0.2827711082928609 0 0 0
0.0009615384615384616 0.38382387044611543 0.0781242600497013 0.28139009589602204 0 0 0
0.0009615384615384616 0.0883130077997806 -0.41329672654818694 0.24520425483352 0 0 0
0.0009615384615384616 -0.40382479350906464 0.2818681108831314 0.13158575999279473 0 0 0
0.0009615384615384616 0.4708727265170403 -0.21663986077371328 -0.3871807191451439 0 0 0
0.0009615384615384616 -0.0690149212309116 0.025966279011780637 -0.5666466328666866 0 0 0
0.0009615384615384616 -0.29198587300563494 -0.2929078747550488 0.16986404616020165 0 0 0
0.0009615384615384616 0.10678594403841597 0.22853859734776277 -0.4693242253738536 0 0 0
0.0009615384615384616 -0.07992628879967924 0.10774442871267144 -0.1819802139058589 0 0 0
0.0009615384615384616 -0.2869010946491879 0.39235738335912296 0.24102513357600283 0 0 0
0.0009615384615384616 -0.26513998215241363 0.4870052021093459 0.3870343568222238 0 0 0
0.0009615384615384616 0.35402001998334276 -0.45199072525709166 -0.19228829780457693 0 0 0
0.0009615384615384616 0.2967044013643726 0.5732815584763487 0.15567027548279871 0 0 0
0.0009615384615384616 -0.07005151271231982 0.15415383935962232 -0.521210982298296 0 0 0
0.0009615384615384616 0.0773726330970437 0.08197728586714774 0.2511144469246223 0 0 0
0.0009615384615384616 0.32734322581284 -0.004752022783590965 -0.1516616717541331 0 0 0
0.0009615384615384616 -0.6387190275993943 0.15546048851615488 0.13964789711865308 0 0 0
0.0009615384615384616 0.5414357267845966 -0.0467280647724869 0.20422667640211875 0 0 0
0.0009615384615384616 -0.3448079323534162 -0.2037532774655255 0.1869652940072251 0 0 0
0.0009615384615384616 0.3372632105387201 -0.3044139119421419 0.3606529089299782 0 0 0
0.0009615384615384616 0.22327700981642537 0.23872366105627832 -0.37063259462288756 0 0 0
0.0009615384615384616 -0.29843419543296285 -0.46274103035556907 0.024565789095599873 0 0 0
0.0009615384615384616 -0.23063303320541056 -0.16754611717811255 -0.17459311245913098 0 0 0
0.0009615384615384616 0.0033850686770996556 -0.06609482713171694 0.3603046792224631 0 0 0
0.0009615384615384616 0.4693984455987161 0.34360041175915546 -0.2692311671753843 0 0 0
0.0009615384615384616 -0.009135263770286929 0.5488858120227145 -0.3813459429897296 0 0 0
0.0009615384615384616 -0.1378596294369636 0.24466377885529259 0.33538070859854774 0 0 0
0.0009615384615384616 -0.5837516627145382 0.17334092758805297 -0.31499504905115505 0 0 0
0.0009615384615384616 0.14680882710709084 -0.09126796154434084 0.21994521859170493 0 0 0
0.0009615384615384616 0.47056126071586796 -0.0779778986525047 -0.08216193959756028 0 0 0
0.0009615384615384616 -0.09591428913660278 -0.02642077514055344 0.15814887916550308 0 0 0
0.0009615384615384616 -0.03229138526922585 -0.23771630093013463 -0.08091045815193408 0 0 0
0.0009615384615384616 0.43131469836868286 0.3613884637084127 -0.34370117088183005 0 0 0
0.0009615384615384616 0.15163617882047403 0.5240957943929752 0.3039126885069217 0 0 0
0.0009615384615384616 0.3706776316023348 0.4665060864245281 -0.021314086311774248 0 0 0
0.0009615384615384616 -0.23180456926809798 0.10096428833087136 -0.3740183534704792 0 0 0
0.0009615384615384616 0.34909065010676454 -0.02828315825139425 0.23687560890716866 0 0 0
0.0009615384615384616 -0.1592108613152648 -0.161878784345196 -0.6020841330013021 0 0 0
0.0009615384615384616 0.4009178828114224 -0.1968669665194383 -0.2760620372877727 0 0 0
0.0009615384615384616 -0.26598240607643986 -0.005798309761192775 0.2275936006719292 0 0 0
0.0009615384615384616 0.07072771355695444 0.19282907352874248 0.034295379797047464 0 0 0
0.0009615384615384616 -0.07833173077477952 0.39919283920537685 0.4287812947279347 0 0 0
0.0009615384615384616 0.3557874162412915 0.20529806373580042 -0.4483715649056529 0 0 0
0.0009615384615384616 0.5000448895033068 -0.31052450121305625 -0.0005043404882963994 0 0 0
0.0009615384615384616 0.49816637339089526 0.18460178084954906 -0.15635783452014249 0 0 0
0.0009615384615384616 -0.27993784253559484 -0.013937203698366346 -0.07976858819765932 0 0 0
0.0009615384615384616 -0.6641418427041207 0.061754653183902886 -0.015307365780072583 0 0 0
0.0009615384615384616 -0.10775693310475455 0.10430738879991974 0.12133692934075922 0 0 0
0.0009615384615384616 -0.16014898185155693 -0.6163295962197888 -0.06760547562113003 0 0 0
0.0009615384615384616 -0.01749260240499303 0.2859150629400488 0.4978615343235509 0 0 0
0.0009615384615384616 0.5203721348559819 0.09634764966298424 0.21557450355929922 0 0 0
0.0009615384615384616 -0.6694680514553101 -0.13767161190019161 0.06666625314277198 0 0 0
0.0009615384615384616 0.4451274644573195 -0.03052106012179614 -0.2061903947594163 0 0 0
0.0009615384615384616 0.08650138732941148 0.342225321462889 -0.05970106423313041 0 0 0
0.0009615384615384616 -0.06824781899400018 -0.3708815754545243 -0.20124763752897548 0 0 0
0.0009615384615384616 -0.38793816852554014 -0.10977879168446314 -0.031162170145539538 0 0 0
0.0009615384615384616 0.19091932469089362 0.2582734021416632 0.3574022689493919 0 0 0
0.0009615384615384616 -0.4451556265757773 -0.044673967050295874 -0.0004906144052784297 0 0 0
0.0009615384615384616 -0.5533155547826657 -0.3648693759489283 0.15612953971865282 0 0 0
0.0009615384615384616 0.4435105087615007 0.4221351194094502 0.011937208854536458 0 0 0
0.0009615384615384616 -0.11378093627488943 -0.2738585707074347 -0.19982176234490942 0 0 0
0.0009615384615384616 0.3354528095675787 -0.5395985430166195 0.20855734813003687 0 0 0
0.0009615384615384616 -0.46907129203885933 0.4183294056300272 -0.252349398603005 0 0 0
0.0009615384615384616 -0.2026635477973772 0.009110410590817103 -0.28960405559812735 0 0 0
0.0009615384615384616 0.001323567062623686 -0.23658074514627078 0.5718970378159005 0 0 0
0.0009615384615384616 -0.30745972637505 0.4955433897853732 -0.2898050541323317 0 0 0
0.0009615384615384616 0.4928518369709774 0.022577885996109763 0.3316126753173245 0 0 0
0.0009615384615384616 -0.3424095902387769 -0.04444813758171585 0.4079099402695772 0 0 0
0.0009615384615384616 0.1032260046365942 -0.44288301113282014 0.4805660370752216 0 0 0
0.0009615384615384616 -0.36019956088903105 -0.08931854798382065 -0.15152375955231717 0 0 0
0.0009615384615384616 -0.529519983782926 0.1736219843451696 -0.3522322804992552 0 0 0
0.0009615384615384616 -0.31655915945689184 -0.2973136535699563 -0.031088276401770983 0 0 0
0.0009615384615384616 0.18336966935642612 0.2151148530350951 0.4854972653049667 0 0 0
0.0009615384615384616 -0.10151926635531514 -0.5880153159472754 0.2968536682269048 0 0 0
0.0009615384615384616 -0.12379919528762635 -0.520143642790111 0.1413857828927687 0 0 0
0.0009615384615384616 -0.20761392212523436 -0.09539762831492717 0.11574713106747316 0 0 0
0.0009615384615384616 0.4156436870539062 0.04189234461419374 0.25169583077478835 0 0 0
0.0009615384615384616 0.09973775204050023 0.6038073138309233 -0.18608294362016264 0 0 0
0.0009615384615384616 0.6349211347311129 -0.008866793454183204 -0.04688059705314894 0 0 0
0.0009615384615384616 0.36910280126131734 -0.3465128316028113 -0.3289762599539869 0 0 0
0.0009615384615384616 0.3911616090284146 0.38532567556208935 -0.11538414578237088 0 0 0
0.0009615384615384616 -0.2640183403472331 0.41143555153674743 0.15577300620597295 0 0 0
0.0009615384615384616 -0.4298407282856466 0.30127625357244225 -0.15177935132826068 0 0 0
0.0009615384615384616 0.18901446594615617 -0.2087154380268923 0.43665066158906896 0 0 0
0.0009615384615384616 -0.3399178484155376 -0.08693797084527603 -0.21180110391182816 0 0 0
0.0009615384615384616 0.3766656665918052 0.05874561391310654 -0.17633878187485177 0 0 0
0.0009615384615384616 0.09416971977647272 0.19633345587615098 0.12040686588502597 0 0 0
0.0009615384615384616 -0.1560837580590948 0.12275656123970853 0.39841871558133884 0 0 0
