900
0
0.0011111111111111111 0.5597225894053963 -0.1581096908006064 0.29963404568892243 0 0 0
0.0011111111111111111 -0.1116605281349569 -0.39735300140427304 0.5203308227170658 0 0 0
0.0011111111111111111 -0.11296712604281614 0.021289475962509227 0.2804149850349734 0 0 0
0.0011111111111111111 0.346678941372886 -0.30496130642586644 0.5126070061101159 0 0 0
0.0011111111111111111 -0.5639574389794031 0.08420658536632843 0.22097865583623763 0 0 0
0.0011111111111111111 0.03255230730271795 0.4407476645347255 0.45415091545972214 0 0 0
0.0011111111111111111 -0.17600522941617083 0.5100410307125498 -0.1962231193016728 0 0 0
0.0011111111111111111 0.3955831441315188 0.010575981582739615 -0.32167757266901725 0 0 0
0.0011111111111111111 0.40430875553002776 -0.15797269647798978 -0.32534705875151565 0 0 0
0.0011111111111111111 0.4146591874591381 0.22647405117030125 -0.4312871859760947 0 0 0
0.0011111111111111111 0.2824588096064337 0.3841291379912287 0.007613542027114067 0 0 0
0.0011111111111111111 0.25513530984543337 0.177770656350573 -0.3309166883174476 0 0 0
0.0011111111111111111 -0.05510015713388526 -0.489235079246094 -0.22054122541244833 0 0 0
0.0011111111111111111 -0.24765066083027856 0.07523496429993548 0.22664445424645469 0 0 0
0.0011111111111111111 0.04734282632364541 0.6446006543667723 -0.1626104360043284 0 0 0
0.0011111111111111111 0.026521385414894637 0.3425102271281713 -0.03786189813238032 0 0 0
0.0011111111111111111 -0.021671090953165908 -0.32448667613144244 0.06387744025230088 0 0 0
0.0011111111111111111 0.11555402496500991 -0.2254839727289806 0.031212484690252132 0 0 0
0.0011111111111111111 -0.528391453902091 -0.195006855995394 0.25724415447993026 0 0 0
0.0011111111111111111 0.280245743881856 0.18887642143411756 -0.046797768582672254 0 0 0
0.0011111111111111111 0.34169959660889443 0.5195890241804052 -0.0756090261669196 0 0 0
0.0011111111111111111 -0.48905738091450524 0.06184457492601012 0.04042775222706384 0 0 0
0.0011111111111111111 -0.051412098523256594 -0.3273248353206153 0.2174756668453516 0 0 0
0.0011111111111111111 0.5559957291921303 -0.09891554697257114 -0.22680364298177708 0 0 0
0.0011111111111111111 0.17686479901101237 -0.41493524566155626 0.20733580943052274 0 0 0
0.0011111111111111111 0.10181650829928932 0.32183590276595303 0.01512051241677823 0 0 0
0.0011111111111111111 -0.06264820151151848 -0.1473823987740369 -0.46086094777206577 0 0 0
0.0011111111111111111 -0.19954037851055656 -0.39604834742385614 0.1281630791520292 0 0 0
0.0011111111111111111 0.2343531602589543 -0.48546885618511 0.0003866860900835881 0 0 0
0.0011111111111111111 -0.06352912830926552 -0.10264150620647651 -0.153478091832805 0 0 0
0.0011111111111111111 -0.31246808981181773 -0.0019127006444741746 0.4133148294221128 0 0 0
0.0011111111111111111 -0.057290477588818035 -0.5957855192469139 -0.051265353853038646 0 0 0
0.0011111111111111111 -0.40665723067852866 0.05856238292132975 0.16172096337314323 0 0 0
0.0011111111111111111 -0.18240755770608563 0.5061598622984369 0.3341429148645809 0 0 0
0.0011111111111111111 9.432287472371732e-05 -0.4342024346836861 0.2751799526787309 0 0 0
0.0011111111111111111 -0.3982689956466267 -0.39741749452817965 0.01900443903097996 0 0 0
0.0011111111111111111 0.29355018748936956 -0.04465598674069596 0.4559964617242569 0 0 0
0.0011111111111111111 0.08320856645666451 0.6067836068798078 0.165274569553945 0 0 0
0.0011111111111111111 0.39464152672547576 -0.43098762047600153 0.23735066697699897 0 0 0
0.0011111111111111111 0.034278441766831876 -0.5412154929287412 0.2750714385320394 0 0 0
0.0011111111111111111 0.4603434925017611 0.06820566757581291 -0.17427643010633048 0 0 0
0.0011111111111111111 -0.18972463601646403 0.2036779541462195 -0.30930990652232465 0 0 0
0.0011111111111111111 0.2916890348514295 -0.20534145121498332 -0.06430363019482865 0 0 0
0.0011111111111111111 0.4499380260004911 0.4724762878418593 0.0003062839663511393 0 0 0
0.0011111111111111111 0.1385598910587682 0.404031139813962 0.2761227996435928 0 0 0
0.0011111111111111111 -0.630592752432962 0.2877371854683962 0.011790014864578558 0 0 0
0.0011111111111111111 0.02216341662165145 0.528225262520358 0.23750159252548464 0 0 0
0.0011111111111111111 -0.25631904918911425 -0.22664025878436264 -0.36365156187489084 0 0 0
0.0011111111111111111 -0.26371087749452987 0.1241017996783476 -0.6249842009162982 0 0 0
0.0011111111111111111 -0.03728704704487177 0.49606388494691966 -0.17865871569730082 0 0 0
0.0011111111111111111 0.45888953099459084 0.33793314883383374 0.23188091124133733 0 0 0
0.0011111111111111111 -0.26907188434480334 0.044508310748093034 0.529703479999989 0 0 0
0.0011111111111111111 0.36596050825243853 -0.22777480331452074 0.046278893552481166 0 0 0
0.0011111111111111111 0.14585057246664662 -0.33999902924378717 0.5491341190283036 0 0 0
0.0011111111111111111 -0.5254158634806978 0.06964969253036223 0.10141451291708357 0 0 0
0.0011111111111111111 0.11187371148163291 0.09037264015669454 0.300942246033632 0 0 0
0.0011111111111111111 -0.19732942915093904 0.2888551970193023 -0.30024895918898786 0 0 0
0.0011111111111111111 -0.16144761339455893 0.0035677481547865225 0.06342275226441453 0 0 0
0.0011111111111111111 -0.20462512280484246 0.6147316047472202 -0.01031757316440355 0 0 0
0.0011111111111111111 0.4499284368107053 -0.19242705527219098 -0.48231125622175175 0 0 0
0.0011111111111111111 -0.23559570289837828 -0.15124144886816374 -0.4739238985787337 0 0 0
0.0011111111111111111 -0.023269218262301893 -0.5887882659952003 -0.3642276191649573 0 0 0
0.0011111111111111111 0.31900195953469523 -0.46445858650030536 -0.16662647342863057 0 0 0
0.0011111111111111111 -0.29456589168094444 -0.3371482214150238 -0.1290456699558235 0 0 0
0.0011111111111111111 -0.14930901840857802 -0.2359686228049266 0.6287209770741452 0 0 0
0.0011111111111111111 0.5701105208504477 0.15962530351932366 -0.3050512554447193 0 0 0
0.0011111111111111111 -0.4508673415680818 0.1383674790422203 -0.32200592937433287 0 0 0
0.0011111111111111111 -0.09586278105113027 0.12676681782875057 0.43764488348642444 0 0 0
0.0011111111111111111 0.4098881951631408 -0.3423897038349149 0.03197446675642841 0 0 0
0.0011111111111111111 0.2036454553666871 -0.3391494139180465 0.07242007400021488 0 0 0
0.0011111111111111111 0.21163382494948751 0.24429728963084402 -0.5579762204804203 0 0 0
0.0011111111111111111 -0.6596240252130375 0.1894310179185758 -0.062345458508469634 0 0 0
0.0011111111111111111 -0.07653910629482889 0.47919344084848653 0.3022760290544013 0 0 0
0.0011111111111111111 -0.11000632937902972 -0.5823694035034938 0.10823922512803803 0 0 0
0.0011111111111111111 0.08568398084390352 0.34157020155831114 0.3314935003830485 0 0 0
0.0011111111111111111 0.07269084977785564 0.10636928864453585 -0.12616542975263206 0 0 0
0.0011111111111111111 -0.48045178498944646 0.028348974277338127 0.2939028953340118 0 0 0
0.0011111111111111111 -0.11650558751719373 -0.42782791855541363 0.25762777793368324 0 0 0
0.0011111111111111111 -0.5745770414341494 -0.0463421970926642 -0.325668059555331 0 0 0
0.0011111111111111111 0.16513711244052315 0.02152749056504697 0.6066265349083384 0 0 0
0.0011111111111111111 -0.10783853530553555 -0.45421721372310836 -0.26706183851691606 0 0 0
0.0011111111111111111 0.20663572326692756 -0.24697651046280028 0.36388868410855624 0 0 0
0.0011111111111111111 -0.3115612685533299 0.47814090393136616 -0.18556663702700638 0 0 0
0.0011111111111111111 0.34395156092362705 0.4965507986181891 0.3025541190398849 0 0 0
0.0011111111111111111 -0.005845586273061776 0.3861523473505074 -0.20914454129519144 0 0 0
0.0011111111111111111 -0.30037488170848886 0.5981688491967978 0.09794685132510132 0 0 0
0.0011111111111111111 0.1661728079743077 -0.06061610703276393 -0.35331525303969824 0 0 0
0.0011111111111111111 0.4047418886145262 0.3354046209116432 -0.009585634569483649 0 0 0
0.0011111111111111111 -0.5025356432675743 -0.37365596489834885 0.06831888555882441 0 0 0
0.0011111111111111111 -0.2597336190347335 -0.13871036337945597 0.1928661396368063 0 0 0
0.0011111111111111111 0.008312977910023023 0.22218729185878933 0.5331186992473232 0 0 0
0.0011111111111111111 -0.3830415301570927 -0.17119860633511438 0.09560085859263123 0 0 0
0.0011111111111111111 -0.06412055822641878 0.3927857064997508 -0.4297621835941653 0 0 0
0.0011111111111111111 -0.47635431982952586 -0.1073854121428909 -0.15247161628906913 0 0 0
0.0011111111111111111 0.21494323944769228 0.2981136433994535 0.3232582388586048 0 0 0
0.0011111111111111111 0.3796046614216778 0.12429413306057568 -0.17182755384402487 0 0 0
0.0011111111111111111 0.1545434635535987 -0.012059425696237597 -0.24455827525916377 0 0 0
0.0011111111111111111 -0.4330810826329619 -0.02672376797931394 -0.4124172605957341 0 0 0
0.0011111111111111111 0.15809223934988528 0.38673670024148493 0.14617357468707523 0 0 0
0.0011111111111111111 0.2455993599788443 0.37745063250844424 0.3170988248583232 0 0 0
0.0011111111111111111 0.43642145115331343 -0.17188767260965068 -0.3689091183380208 0 0 0
0.0011111111111111111 0.1462672200441147 0.046261620249081495 -0.36838577978164794 0 0 0
0.0011111111111111111 -0.6104184020855373 -0.08640822587634706 0.00017311774696026445 0 0 0
0.0011111111111111111 0.01670796703705651 0.29244011907852185 -0.6240993117938008 0 0 0
0.0011111111111111111 0.48575925306193707 -0.0004381071308421715 0.33744026513752445 0 0 0
0.0011111111111111111 -0.6842084352757855 0.005440173491810898 -0.007573793619756652 0 0 0
0.0011111111111111111 0.1962950103451805 -0.25683216809521464 0.30462826251036984 0 0 0
0.0011111111111111111 -0.31341772553549263 0.39035726383538205 0.12789207767186778 0 0 0
0.0011111111111111111 0.35814673726549007 0.3018977195243796 -0.2189066476902601 0 0 0
0.0011111111111111111 0.26035673003184145 -0.6336607768460346 -0.03271555841640518 0 0 0
0.0011111111111111111 -0.19256565454203323 -0.6551742785770671 0.10852613157482222 0 0 0
0.0011111111111111111 -0.05425268935967837 0.4732615260966662 -0.4494368344158713 0 0 0
0.0011111111111111111 0.1534485131907906 -0.38796393087737174 0.17879591524091806 0 0 0
0.0011111111111111111 0.28759823602529566 -0.20121995606869675 -0.2717186337067354 0 0 0
0.0011111111111111111 0.33931640026112697 -0.125021877187599 0.3043971925453017 0 0 0
0.0011111111111111111 0.4217000375765965 0.35897600678153013 -0.3153678727928811 0 0 0
0.0011111111111111111 -0.3836266300278795 -0.11806338706020307 0.13086148722775506 0 0 0
0.0011111111111111111 0.09689426960710637 -0.5084373679370768 -0.13169662845108143 0 0 0
0.0011111111111111111 0.03175764234262202 -0.4602944413427319 0.21244223212395966 0 0 0
0.0011111111111111111 -0.3500192648917421 0.0074341965570969065 -0.17483113200230865 0 0 0
0.0011111111111111111 0.09764739993847688 -0.6586289002696727 0.14658003291526944 0 0 0
0.0011111111111111111 0.31967574791805425 -0.21108998496975823 -0.4439160007714403 0 0 0
0.0011111111111111111 0.05982624682127647 0.35416300121986305 -0.3487529857773074 0 0 0
0.0011111111111111111 -0.15763163931088608 0.38469934073935247 0.19989063492461764 0 0 0
0.0011111111111111111 0.24108283319647753 -0.10815800427387406 0.0286211596157779 0 0 0
0.0011111111111111111 0.5703680429483304 0.013459992055997709 -0.35929969898466896 0 0 0
0.0011111111111111111 -0.22734083719403678 -0.12535763336779324 0.6132774755430541 0 0 0
0.0011111111111111111 0.16483489683040742 0.40595783174798816 -0.17971195654686314 0 0 0
0.0011111111111111111 0.663308400302874 -0.12129680042382414 0.04252439532569849 0 0 0
0.0011111111111111111 0.20193713748215059 0.5916937634435799 0.08266857326408864 0 0 0
0.0011111111111111111 0.26895547566262973 0.49884472413713465 0.20990163197765596 0 0 0
0.0011111111111111111 -0.16552794256634898 -0.05961976177436474 -0.38891346472540717 0 0 0
0.0011111111111111111 -0.06189742151699164 -0.09625335903471874 -0.11112369458399605 0 0 0
0.0011111111111111111 -0.5682369473618529 0.049517137751655504 -0.1966065943633096 0 0 0
0.0011111111111111111 0.08254528001780319 -0.019459122039209204 -0.48954559156473176 0 0 0
0.0011111111111111111 0.06755459123214227 -0.4067726665502926 -0.41753219089025906 0 0 0
0.0011111111111111111 0.1595627796829441 -0.2005160961231173 0.2260827691038416 0 0 0
0.0011111111111111111 0.2885640048025524 -0.11266560237011881 -0.09361708094461961 0 0 0
0.0011111111111111111 -0.37172034853937097 -0.23961878944444853 0.10297904367281731 0 0 0
0.0011111111111111111 -0.2750905263469024 0.41343659559620055 -0.11502730779538169 0 0 0
0.0011111111111111111 -0.4427739006001444 0.0282700700228746 0.4895797662544051 0 0 0
0.0011111111111111111 0.15562813419039576 0.16318457011731669 -0.6271051333581923 0 0 0
0.0011111111111111111 0.017016623434400135 -0.18957543677296165 -0.5532688678420312 0 0 0
0.0011111111111111111 0.49774687488999053 0.29001105848645037 0.32720932837799027 0 0 0
0.0011111111111111111 0.01651578008012941 0.03700028806535206 0.6286901387840582 0 0 0
0.0011111111111111111 0.32883232686333347 -0.3051371441269534 0.34056495472689746 0 0 0
0.0011111111111111111 -0.05329253203456167 -0.4908119686845468 0.12629317742623558 0 0 0
0.0011111111111111111 0.47397651103206234 0.06334960372750102 0.12149658352893303 0 0 0
0.0011111111111111111 -0.19136194386452 -0.0841645303198269 0.6504650742205238 0 0 0
0.0011111111111111111 0.36358663185770834 -0.3443554214190269 -0.022670152982342276 0 0 0
0.0011111111111111111 -0.4026711986437003 -0.020617986037495966 0.45022182733964006 0 0 0
0.0011111111111111111 -0.05335284004123084 -0.08613571944882349 0.5556041317914235 0 0 0
0.0011111111111111111 0.32618573315278665 0.1340318500525632 0.20036985407310184 0 0 0
0.0011111111111111111 -0.411783325073482 -0.13977444637120995 -0.441298196908265 0 0 0
0.0011111111111111111 0.466829737077523 0.365752156498042 -0.09237230173377473 0 0 0
0.0011111111111111111 -0.34249680684734773 -0.4527884147048568 0.12396212830045043 0 0 0
0.0011111111111111111 -0.023016644775459765 -0.5281662797814634 0.2086342964236008 0 0 0
0.0011111111111111111 0.6404779962211563 -0.09155293885006223 0.2284866930255414 0 0 0
0.0011111111111111111 -0.08194987395879329 0.4080873995617138 0.20423946156912784 0 0 0
0.0011111111111111111 -0.13146286726566328 -0.10013676005597538 0.3400974855792981 0 0 0
0.0011111111111111111 -0.08808291751009116 0.010103246948219378 -0.5491453657206433 0 0 0
0.0011111111111111111 0.17076644773163954 0.10840647163022553 0.09087378492143515 0 0 0
0.0011111111111111111 0.4383657622739235 0.16982261298675272 0.08702103009758944 0 0 0
0.0011111111111111111 -0.22917199060263013 0.36845242440238446 0.18038968554540621 0 0 0
0.0011111111111111111 0.16200051357106326 -0.40026252288437525 0.20658601921112696 0 0 0
0.0011111111111111111 -0.36026342672335543 0.043058282510487336 -0.10430522231287272 0 0 0
0.0011111111111111111 -0.0702227676829564 -0.3540216679639121 0.5779858171729055 0 0 0
0.0011111111111111111 0.022282231930303726 0.641676231399366 0.18027016831907644 0 0 0
0.0011111111111111111 -0.03943241472837858 0.5279099527245041 -0.34064564413619886 0 0 0
0.0011111111111111111 -0.4079646733568953 0.12108001225386728 0.0257809777859594 0 0 0
0.0011111111111111111 -0.06806342017546044 -0.528682197560284 0.3338052732634622 0 0 0
0.0011111111111111111 0.5566285075484961 -0.06994463272366963 -0.3333183054391965 0 0 0
0.0011111111111111111 -0.34074621562174046 0.12826477772692071 -0.38221702548047953 0 0 0
0.0011111111111111111 0.14049897453897783 0.057040099989339524 0.008561521360892738 0 0 0
0.0011111111111111111 -0.6024602356246428 -0.036466568368454445 -0.2968029966390025 0 0 0
0.0011111111111111111 -0.11867277418169095 0.16210966963329526 -0.45121716205586204 0 0 0
0.0011111111111111111 -0.33480949044724173 0.13014709774326919 -0.12568773011279447 0 0 0
0.0011111111111111111 -0.16516226294152078 -0.01395676752553196 0.36871324225702135 0 0 0
0.0011111111111111111 -0.3145091867519969 -0.32722290157149614 0.14030332756002112 0 0 0
0.0011111111111111111 -0.11736456054286766 0.32812884043071455 -0.007695345782072097 0 0 0
0.0011111111111111111 -0.09995832416900992 0.3061282238492275 -0.11219199933233538 0 0 0
0.0011111111111111111 0.07288255506359627 -0.48134658913828715 -0.27360291209889614 0 0 0
0.0011111111111111111 0.24198358313741433 -0.31909814240778067 -0.1665307970117606 0 0 0
0.0011111111111111111 -0.3709611261828687 0.4603881410361581 -0.2262631520108473 0 0 0
0.0011111111111111111 -0.183939608099609 0.0006373262383819238 -0.5125768039143331 0 0 0
0.0011111111111111111 -0.04266686067900551 0.2526166497780861 0.4410122873936654 0 0 0
0.0011111111111111111 -0.1796651290027067 0.19954656224284775 0.1710196718306639 0 0 0
0.0011111111111111111 -0.07300851143007908 0.4052439239395239 0.5132366828922682 0 0 0
0.0011111111111111111 0.30403935028444257 0.19376623297008574 -0.5274349192111282 0 0 0
0.0011111111111111111 -0.37649455455139164 -0.1832652663203856 0.3671659624566756 0 0 0
0.0011111111111111111 -0.40858197976229216 0.07805296300235519 0.5415007139216735 0 0 0
0.0011111111111111111 -0.21341586156527872 -0.020264901288232866 0.6458082042986941 0 0 0
0.0011111111111111111 0.5236191062685293 0.0010226847961403945 0.3503734558115142 0 0 0
0.0011111111111111111 -0.05125573855908698 0.34719394388984676 0.5373986302555493 0 0 0
0.0011111111111111111 -0.031130434893572156 0.1581646304814373 -0.33892630710604643 0 0 0
0.0011111111111111111 -0.00786238079160193 -0.23450020230148758 -0.5106733556399375 0 0 0
0.0011111111111111111 -0.3445378541046491 -0.42943743859686107 0.2985553602821739 0 0 0
0.0011111111111111111 -0.3925667925505247 0.43592287709373045 0.2123277629231513 0 0 0
0.0011111111111111111 -0.2260112613781671 -0.29951824302170754 -0.5530262622565051 0 0 0
0.0011111111111111111 0.3602433594732901 -0.07608761495965438 -0.20772731792852708 0 0 0
0.0011111111111111111 -0.166511017648022 0.272510580777701 0.4790290796850201 0 0 0
0.0011111111111111111 -0.10656059992442313 -0.30673403072915995 -0.28239590273248255 0 0 0
0.0011111111111111111 0.45705613354032565 -0.08936358329439355 -0.16965326537202233 0 0 0
0.0011111111111111111 -0.09957187996276708 0.21943288268160363 0.37390365352698196 0 0 0
0.0011111111111111111 -0.16215846230520464 -0.26957873743537397 -0.28931846821859175 0 0 0
0.0011111111111111111 -0.01874878192380106 -0.2521507985901129 -0.402639772983073 0 0 0
0.0011111111111111111 0.2216743201204774 -0.6165161201569356 0.020715969045516897 0 0 0
0.0011111111111111111 -0.20116183056715076 0.41426287057958594 -0.04617626075808735 0 0 0
0.0011111111111111111 0.06885756284500656 -0.3713085944970245 -0.21953188247751868 0 0 0
0.0011111111111111111 0.019079073113588613 0.2969717903139974 -0.010733724979799143 0 0 0
0.0011111111111111111 -0.48989728000091737 0.2945141048989965 -0.0863934616641484 0 0 0
0.0011111111111111111 -0.10737417011281832 -0.571255306648421 0.12666794854364005 0 0 0
0.0011111111111111111 -0.16152613366157276 -0.23071881038535566 0.5433665215330438 0 0 0
0.0011111111111111111 0.6541661084421807 0.04534486126730631 -0.04151683537059695 0 0 0
0.0011111111111111111 -0.2713838738078351 0.0648030760935046 0.10029487912141649 0 0 0
0.0011111111111111111 0.014211016355507568 0.1755784082883361 -0.48548653954284043 0 0 0
0.0011111111111111111 -0.31498640916911613 0.3238540206521405 0.11943304909308029 0 0 0
0.0011111111111111111 -0.2839625662182393 -0.23549699215154882 -0.3199888762831116 0 0 0
0.0011111111111111111 -0.019865860811065273 0.6487592099718835 -0.22848598467423553 0 0 0
0.0011111111111111111 -0.03783687760184787 -0.4996061351425066 0.30710943569244764 0 0 0
0.0011111111111111111 0.07240973090197944 -0.000994295289476525 -0.6482952893498768 0 0 0
0.0011111111111111111 -0.28150388757200645 -0.30305916206714817 0.2400544835085155 0 0 0
0.0011111111111111111 -0.5242896805811428 0.2698904394967759 0.18095211775848477 0 0 0
0.0011111111111111111 0.0547361889339448 0.18813071350437405 0.2117926520471428 0 0 0
0.0011111111111111111 0.19162722235672908 0.2386969738469504 0.6099713170661551 0 0 0
0.0011111111111111111 -0.13379437812361622 0.2680980445909358 0.3483284210189888 0 0 0
0.0011111111111111111 0.3438239429861144 -0.5344161290584581 -0.07505728088952343 0 0 0
0.0011111111111111111 -0.20504872350981837 0.0931346603321017 -0.22585010612872766 0 0 0
0.0011111111111111111 0.2830016587392425 -0.49103268761862756 0.20382962695718065 0 0 0
0.0011111111111111111 -0.33097918815753374 0.07171335457518145 0.5158903120360623 0 0 0
0.0011111111111111111 0.5988460496459382 -0.2540080428440873 -0.14451378665202994 0 0 0
0.0011111111111111111 0.16851538141292716 0.006392113034954893 -0.1791504931613408 0 0 0
0.0011111111111111111 -0.16952465248018028 0.6103784058075182 -0.19948502993382716 0 0 0
0.0011111111111111111 0.44757015867370725 0.43707985539983213 -0.18513163162036306 0 0 0
0.0011111111111111111 0.17468308738164234 -0.0382053815163802 -0.3160539273468754 0 0 0
0.0011111111111111111 -0.1944798307130517 0.18935702348513683 0.027555313606634713 0 0 0
0.0011111111111111111 0.10796769251380911 -0.0006169138861134048 -0.37731723674641715 0 0 0
0.0011111111111111111 0.07072225114220636 -0.5941213629232949 -0.16137714719702112 0 0 0
0.0011111111111111111 0.03209161013530605 -0.15270566680637884 -0.6558445198558966 0 0 0
0.0011111111111111111 -0.6102947906138025 0.077150303453838 0.04225733854037031 0 0 0
0.0011111111111111111 -0.14139541668469371 0.14207123122134363 -0.29475188953880027 0 0 0
0.0011111111111111111 0.0033690691824423877 -0.29927262317621567 0.20652159996732564 0 0 0
0.0011111111111111111 0.2753092400078416 -0.5511251789476194 0.2762950529680021 0 0 0
0.0011111111111111111 -0.009984093954695352 0.5566028030617496 0.05390984850374919 0 0 0
0.0011111111111111111 -0.05302987022831968 -0.1696063198767884 -0.4329372214107402 0 0 0
0.0011111111111111111 -0.18260632497065019 -0.12896835994091257 -0.16365595604170882 0 0 0
0.0011111111111111111 0.5155126064868357 -0.08437574232270764 -0.415695318164658 0 0 0
0.0011111111111111111 -0.5855690299449462 0.15924334333259238 -0.33170168577483244 0 0 0
0.0011111111111111111 0.106632135998897 0.37264290477472667 0.25527922726483115 0 0 0
0.0011111111111111111 -0.2847937409400793 -0.03311037999589389 -0.0662980833157067 0 0 0
0.0011111111111111111 -0.3664440538915284 0.3049060039653192 0.2944827748658536 0 0 0
0.0011111111111111111 -0.32243980800034433 -0.05054199297901187 0.46655075046364963 0 0 0
0.0011111111111111111 0.2801269169073831 -0.12186210898430642 -0.056354845630702005 0 0 0
0.0011111111111111111 -0.13615958679999426 -0.4929735575121204 -0.013754485430081795 0 0 0
0.0011111111111111111 0.031385841316640614 0.1181042719537381 -0.26716786953456106 0 0 0
0.0011111111111111111 0.3019823618901046 -0.024490655063539445 0.4259575040453851 0 0 0
0.0011111111111111111 0.2359621387282663 0.4541182417792192 -0.4644678022865908 0 0 0
0.0011111111111111111 0.4004505232874672 -0.29983633179399566 -0.14770885311666926 0 0 0
0.0011111111111111111 -0.12254299668176961 0.0031370425150829425 0.1531849765459906 0 0 0
0.0011111111111111111 -0.17095927310364248 -0.22485664060283467 -0.2743340881943818 0 0 0
0.0011111111111111111 0.365442757711761 0.05842692081814276 -0.11236004277769719 0 0 0
0.0011111111111111111 -0.007291029928025992 -0.36727147577753505 -0.5524832325361745 0 0 0
0.0011111111111111111 -0.31039846493739903 -0.46110803874533896 0.20944021507745136 0 0 0
0.0011111111111111111 0.09419921317440123 -0.46962972947527987 0.43486135937863113 0 0 0
0.0011111111111111111 0.6307313883311799 0.21163786679866609 -0.08724412028306455 0 0 0
0.0011111111111111111 0.2996425910979961 -0.5410369343946004 -0.24391105025154936 0 0 0
0.0011111111111111111 0.07262414030040124 -0.026089900959109676 -0.585120004827957 0 0 0
0.0011111111111111111 0.4992566132783509 0.3538862905132725 -0.20528521355850116 0 0 0
0.0011111111111111111 -0.6292368820760869 0.07913873166754831 0.15085120864701224 0 0 0
0.0011111111111111111 0.3286376364939775 0.22789500742025118 0.07888518099997054 0 0 0
0.0011111111111111111 0.5583807616479763 0.0798684718366259 -0.09658091105874052 0 0 0
0.0011111111111111111 -0.03589780849230139 -0.1218939886152849 0.4431974324084063 0 0 0
0.0011111111111111111 -0.47391266502510626 0.35055960977324385 0.2625868580807373 0 0 0
0.0011111111111111111 -0.04981640287047948 0.3408000057161065 0.2103432673008143 0 0 0
0.0011111111111111111 -0.17166786514174606 -0.06064625347576396 0.2407027408926641 0 0 0
0.0011111111111111111 -0.49763452873417097 -0.3181308447883211 0.12683976643678022 0 0 0
0.0011111111111111111 0.2551722386338499 0.030781175511644037 -0.24890461181969042 0 0 0
0.0011111111111111111 0.16057030996994284 0.4154438075249568 -0.41315657107373704 0 0 0
0.0011111111111111111 0.02717357715477157 -0.6647202759613464 -0.18054702355326124 0 0 0
0.0011111111111111111 -0.0037427664130251165 -0.5508913533113384 -0.20332124575754768 0 0 0
0.0011111111111111111 -0.21344877053312591 0.3854169143884633 0.17761475585740863 0 0 0
0.0011111111111111111 0.1581599758022726 0.5845975747125091 0.2840487453042301 0 0 0
0.0011111111111111111 0.6283233462740864 0.09166096705909138 -0.18323566317972315 0 0 0
0.0011111111111111111 -0.1215908686971045 -0.26408069939380013 -0.4786219573758873 0 0 0
0.0011111111111111111 -0.11236610091773476 0.4884233837753311 0.10911500119118218 0 0 0
0.0011111111111111111 0.16205805476909735 -0.4766105161270065 -0.22853572663739438 0 0 0
0.0011111111111111111 -0.0061101752296031505 -0.26934593390019257 0.1819957017087573 0 0 0
0.0011111111111111111 0.3555072378239974 -0.5094951020336189 -0.16988887937272948 0 0 0
0.0011111111111111111 0.17381129908031168 0.4074399645066919 0.29147290903390954 0 0 0
0.0011111111111111111 0.2008910080445989 -0.03553147511472456 0.3902704315666585 0 0 0
0.0011111111111111111 0.3872185961943872 -0.3108108798171844 -0.4750455495391319 0 0 0
0.0011111111111111111 0.12911799485686262 -0.10606763785182968 0.4511627106416465 0 0 0
0.0011111111111111111 0.15416642078107495 -0.3204229971240892 0.38686335507554637 0 0 0
0.0011111111111111111 0.14996181791666918 0.2717330453569873 0.06567537172340807 0 0 0
0.0011111111111111111 0.14400273439045214 0.11319226507459045 0.2522915945521866 0 0 0
0.0011111111111111111 0.4923822590059891 -0.12522697781270423 -0.16298168338441446 0 0 0
0.0011111111111111111 0.09232084328572492 -0.33987407574563255 0.19787787913765123 0 0 0
0.0011111111111111111 0.06798050375170031 0.396427783551887 0.23983572589701452 0 0 0
0.0011111111111111111 -0.2869889902447944 -0.054349480705670444 0.26489555856707225 0 0 0
0.0011111111111111111 -0.2524631568095555 0.3232130912813138 0.527565386797849 0 0 0
0.0011111111111111111 0.08118009809001166 -0.5742898181111181 0.34123344626871577 0 0 0
0.0011111111111111111 0.4663171055642579 -0.029137187010470213 -0.4963367649521392 0 0 0
0.0011111111111111111 -0.0010883094532389626 0.03861895157608433 -0.5019611689373635 0 0 0
0.0011111111111111111 -0.24820924790792637 -0.41511304975413593 -0.46112052152934935 0 0 0
0.0011111111111111111 -0.07406280999425638 0.0981157476323044 0.13382807251753684 0 0 0
0.0011111111111111111 0.24709864079314176 0.12832417496861134 0.24316264167548873 0 0 0
0.0011111111111111111 -0.5275806782733824 -0.22988039232864843 0.15135070074581902 0 0 0
0.0011111111111111111 0.17549928434045647 -0.4966426029858132 -0.24302885443938368 0 0 0
0.0011111111111111111 -0.150484564692004 -0.12408203253312969 0.6270608668182638 0 0 0
0.0011111111111111111 0.03184586957037206 -0.08399197905690438 0.6055571129678748 0 0 0
0.0011111111111111111 -0.33735208218747204 0.27262527755972293 -0.5220187844465145 0 0 0
0.0011111111111111111 0.39466332432608214 -0.41030555793093104 0.14089313295325445 0 0 0
0.0011111111111111111 0.0027320627439901316 0.4664816367618366 -0.23545186247801483 0 0 0
0.0011111111111111111 -0.2163623186888315 -0.16185854888008602 0.13085254077239084 0 0 0
0.0011111111111111111 -0.3303746368661959 -0.26435205312910637 0.11471023163920464 0 0 0
0.0011111111111111111 -0.13938939613037307 -0.6274109413462245 -0.11824274724101157 0 0 0
0.0011111111111111111 -0.2245977713783617 -0.15427868220194663 -0.2233443313255678 0 0 0
0.0011111111111111111 0.011364435961042082 -0.02401719827440411 -0.0008999528553143172 0 0 0
0.0011111111111111111 0.08810948189814286 -0.036425161684778155 -0.11384854404881792 0 0 0
0.0011111111111111111 -0.5730998235484653 -0.04723822950778125 -0.058252097590424955 0 0 0
0.0011111111111111111 -0.33031226699916383 0.2268731693963292 0.5343369638928446 0 0 0
0.0011111111111111111 -0.14629243914777443 -0.41382744163150476 0.4744212468903703 0 0 0
0.0011111111111111111 0.1101206881528134 -0.33888928616270675 0.46225604671489773 0 0 0
0.0011111111111111111 -0.1965097967947792 0.32657870051865684 -0.18807962463914674 0 0 0
0.0011111111111111111 0.3273796586544573 -0.4700632152255915 0.2563258408684923 0 0 0
0.0011111111111111111 -0.3736157797591313 -0.12371913568147898 -0.4835472394845018 0 0 0
0.0011111111111111111 0.44822202630205554 -0.3553654779594419 0.35286576717767915 0 0 0
0.0011111111111111111 -0.10809132132310968 0.4765220221783425 -0.27903182744630184 0 0 0
0.0011111111111111111 -0.28272105356626664 -0.2609264565718002 0.5408631873672008 0 0 0
0.0011111111111111111 0.5586631663618007 0.16073321084486697 -0.2728302356160139 0 0 0
0.0011111111111111111 0.41335395986672474 -0.17210285059551744 0.33609218448237416 0 0 0
0.0011111111111111111 -0.05535101784011135 -0.38446181942122926 0.3952188078261233 0 0 0
0.0011111111111111111 0.4336625042358117 0.19236366548145792 -0.23624240394024687 0 0 0
0.0011111111111111111 0.5485452832051856 0.07194857710889793 -0.300940679572911 0 0 0
0.0011111111111111111 -0.15041753055772264 0.02404285666972446 0.4526097825284085 0 0 0
0.0011111111111111111 0.22400847235549265 -0.3562656407340134 -0.2043497748040165 0 0 0
0.0011111111111111111 0.5233202735147113 -0.15086243957186674 -0.20443824224317156 0 0 0
0.0011111111111111111 0.21333821342114564 -0.18355964024999932 0.4130656050541752 0 0 0
0.0011111111111111111 0.26221559753890167 0.3013378528199362 0.026658080605329475 0 0 0
0.0011111111111111111 -0.5097045197638542 -0.31167427787769125 0.09958465707798335 0 0 0
0.0011111111111111111 0.03841841401407942 -0.2199721496207122 0.6073849187078899 0 0 0
0.0011111111111111111 0.03480188470488648 -0.057489803494459014 0.6672117187978237 0 0 0
0.0011111111111111111 0.23637866035312424 -0.5222669315841234 0.03250962503926249 0 0 0
0.0011111111111111111 0.5211514129260499 0.36684439958370996 0.18542090892380433 0 0 0
0.0011111111111111111 0.17167190777227154 0.014866593915368424 -0.06602034209109134 0 0 0
0.0011111111111111111 0.09721836189491365 -0.06340546833899122 0.5686350098387375 0 0 0
0.0011111111111111111 0.20927856718141152 0.13528910122182533 -0.36859559177787593 0 0 0
0.0011111111111111111 -0.07623391621574929 0.0514388488219879 0.3918904821480708 0 0 0
0.0011111111111111111 -0.042479778348116316 -0.40232126270331814 -0.33375616165825894 0 0 0
0.0011111111111111111 0.08515789572552099 0.14605882961891176 -0.6606170821514766 0 0 0
0.0011111111111111111 0.4240839431560528 -0.25660447201450337 -0.040443724001774296 0 0 0
0.0011111111111111111 -0.6012321283872131 -0.12446841597266874 0.1583525680612816 0 0 0
0.0011111111111111111 -0.04747283351216898 0.04158744017102604 -0.43257767740025366 0 0 0
0.0011111111111111111 -0.25103318966658644 -0.4705940782248957 0.14792962222420283 0 0 0
0.0011111111111111111 -0.11414358309853688 0.4838762221810555 -0.08963303376636264 0 0 0
0.0011111111111111111 -0.49848674561962064 0.11612725376457149 -0.3340273648470238 0 0 0
0.0011111111111111111 0.10389555390422836 -0.21938780509963757 0.40031535851462374 0 0 0
0.0011111111111111111 -0.028552044708505996 0.2288717537757913 0.29575938540125307 0 0 0
0.0011111111111111111 0.29401864792481414 -0.5394290738994978 0.12870146917591277 0 0 0
0.0011111111111111111 -0.36520173181752363 0.09316740736009853 -0.11408762351861695 0 0 0
0.0011111111111111111 -0.3680209934848737 0.08168789565200876 -0.045242099760014594 0 0 0
0.0011111111111111111 0.3240325997050379 0.08256676116218264 0.4721784430819709 0 0 0
0.0011111111111111111 0.02584703646451037 -0.20838530254055962 0.31086760864911256 0 0 0
0.0011111111111111111 -0.34387893437763556 -0.0392210623436956 -0.4666826388255114 0 0 0
0.0011111111111111111 0.10433681854400306 0.4131788579687645 0.4389143662237461 0 0 0
0.0011111111111111111 0.03487943808197119 0.3507545430338904 0.3922246931519843 0 0 0
0.0011111111111111111 0.07653569335455511 -0.30540171392274423 -0.03736253832203989 0 0 0
0.0011111111111111111 0.06323682421001997 0.1193436635136844 0.20048175958898828 0 0 0
0.0011111111111111111 -0.4916622349674878 0.41578560228334127 0.04453475770428315 0 0 0
0.0011111111111111111 0.12746936425951885 -0.611891092542431 -0.10993080525607692 0 0 0
0.0011111111111111111 0.264081324953833 0.23519358337606328 -0.34523857841241434 0 0 0
0.0011111111111111111 0.09993975494397267 0.1351258354833722 0.23302406758747143 0 0 0
0.0011111111111111111 0.024300008449825692 -0.3169766623658494 0.4922045777886563 0 0 0
0.0011111111111111111 -0.28008508416184474 0.021177092165515162 0.2540494920456737 0 0 0
0.0011111111111111111 -0.4654938597633143 -0.24820223097233807 -0.27439790720541685 0 0 0
0.0011111111111111111 0.6135954887637196 0.1318040794215157 -0.29393153842617287 0 0 0
0.0011111111111111111 -0.4871217943367591 -0.08517212849190421 0.2999300509013895 0 0 0
0.0011111111111111111 0.16951746899239212 0.4054143386799015 0.2945423439517727 0 0 0
0.0011111111111111111 -0.38209191065214987 0.26588303783975004 -0.45348862579564836 0 0 0
0.0011111111111111111 -0.21027530355583268 -0.2710959420177419 0.36147477355217617 0 0 0
0.0011111111111111111 -0.30610949648549635 -0.49968974460167465 -0.14209803544045835 0 0 0
0.0011111111111111111 0.004235804216865904 0.19347776666236113 0.3292513275471409 0 0 0
0.0011111111111111111 0.3922275481976129 -0.379011177727518 -0.2121138592779456 0 0 0
0.0011111111111111111 0.0032618725387621936 0.2085059209070959 0.35565677162018855 0 0 0
0.0011111111111111111 -0.2976712404498214 -0.14296919143628373 -0.142560205183663 0 0 0
0.0011111111111111111 0.6169450263034724 0.04530628204228447 -0.11538549981949651 0 0 0
0.0011111111111111111 0.07107112194422557 0.6555772010922498 -0.18334785633559733 0 0 0
0.0011111111111111111 -0.46709800705254884 -0.4269434951166484 0.2441951013140367 0 0 0
0.0011111111111111111 0.011319973416249438 -0.4085878384232481 -0.5178773742964595 0 0 0
0.0011111111111111111 -0.027581152229504417 -0.3934492987513382 0.528281762443583 0 0 0
0.0011111111111111111 0.309105494866316 0.22629446043994256 0.14609738914193146 0 0 0
0.0011111111111111111 -0.6521424448322104 -0.03994825855351856 0.07843082769184595 0 0 0
0.0011111111111111111 0.0375807953836178 0.33851384018670033 -0.21782650823629532 0 0 0
0.0011111111111111111 0.513430042713878 0.3101938079936267 0.022111675627837283 0 0 0
0.0011111111111111111 0.12346867799253579 0.5943351570962824 -0.17055435780120862 0 0 0
0.0011111111111111111 -0.24981382799527924 0.23207717325360763 0.3108831476950241 0 0 0
0.0011111111111111111 0.38305915855494166 -0.1503050043447895 -0.08040063205470815 0 0 0
0.0011111111111111111 -0.27550950279510633 -0.1975371505137714 0.31699267507605966 0 0 0
0.0011111111111111111 -0.26608501807161555 0.21573193220778691 -0.5873109932417774 0 0 0
0.0011111111111111111 -0.20314961687724684 0.1312091786219083 -0.5820423319698077 0 0 0
0.0011111111111111111 0.06332817319936197 0.004167123826568236 0.461076426061328 0 0 0
0.0011111111111111111 -0.45385691203687833 -0.15140684032550905 0.3648835495377381 0 0 0
0.0011111111111111111 -0.3264193152181577 0.014508876065743328 0.23638335039067793 0 0 0
0.0011111111111111111 -0.6120607003032533 -0.1551008226222963 -0.17538583953188036 0 0 0
0.0011111111111111111 -0.32564301724929884 0.2876847320885808 -0.472913368493285 0 0 0
0.0011111111111111111 -0.010221269741271773 -0.05405346621719894 0.06993573720939016 0 0 0
0.0011111111111111111 -0.04037781423066517 -0.15068896779305657 -0.21795933074531032 0 0 0
0.0011111111111111111 0.27256827644309684 -0.05044200523143916 0.05825489615707323 0 0 0
0.0011111111111111111 0.4669078392426507 0.33305110889873357 -0.3351344240582389 0 0 0
0.0011111111111111111 0.29572610210311157 0.34734470801495254 0.17243332966504385 0 0 0
0.0011111111111111111 0.4727433624529007 0.0027037639762500865 0.4378409830660641 0 0 0
0.0011111111111111111 -0.2296952582332255 0.1591516215446348 -0.23051128403078427 0 0 0
0.0011111111111111111 -0.3003277258782396 -0.44116057146896187 -0.31408327934050984 0 0 0
0.0011111111111111111 0.20411940072327417 0.5702674837443445 -0.27974068658154627 0 0 0
0.0011111111111111111 -0.4307839405755346 -0.07928815441834483 -0.10182850583926784 0 0 0
0.0011111111111111111 0.5037710731571566 -0.06098138558728822 0.2386331158768121 0 0 0
0.0011111111111111111 0.09915181719755346 -0.1500444523891388 -0.20072536841279867 0 0 0
0.0011111111111111111 -0.021969550142090066 0.05684522863396737 -0.2793668963560787 0 0 0
0.0011111111111111111 0.22132555664510212 0.20575472368695846 0.5682760885786011 0 0 0
0.0011111111111111111 -0.2422001817248514 0.33540225535717 -0.10102738369307282 0 0 0
0.0011111111111111111 -0.1504373349923799 -0.04484614170976421 0.1800755733275039 0 0 0
0.0011111111111111111 -0.2792551216147327 -0.013318319234590006 -0.05155241508091226 0 0 0
0.0011111111111111111 -0.5515785298787315 0.3278285410973458 -0.08201594402427163 0 0 0
0.0011111111111111111 -0.4619254662900187 0.29315531607988116 -0.2322960349567135 0 0 0
0.0011111111111111111 -0.6449489049114852 -0.06986723967108613 -0.22796536151268929 0 0 0
0.0011111111111111111 -0.36220915511322527 -0.29365860260636095 -0.46686076196244414 0 0 0
0.0011111111111111111 0.01741655111557651 -0.41547714276908787 0.2374137189108561 0 0 0
0.0011111111111111111 -0.47841404680748034 -0.26669425833122684 0.3799425488066784 0 0 0
0.0011111111111111111 0.26503509588915414 -0.2261025747195783 -0.1885231475261461 0 0 0
0.0011111111111111111 0.12644125277091012 0.3184603753939933 0.18161309348656857 0 0 0
0.0011111111111111111 -0.14690043244494397 0.22727825747186053 -0.6221021835502392 0 0 0
0.0011111111111111111 -0.30333086080736255 0.44905662231030924 -0.10235784240803836 0 0 0
0.0011111111111111111 0.3303100855171981 0.051549170229812175 0.02906216510512451 0 0 0
0.0011111111111111111 0.060863014234604995 -0.1131348563465661 0.3524766255448368 0 0 0
0.0011111111111111111 -0.6280196984976274 0.0530281850048819 0.07074955246392838 0 0 0
0.0011111111111111111 0.11143686111191567 -0.2219917441566523 -0.2684939379601533 0 0 0
0.0011111111111111111 0.22043242921087863 0.4605176081041944 -0.31326156446376174 0 0 0
0.0011111111111111111 0.22809303545323892 -0.06367429068788198 0.5415934722632344 0 0 0
0.0011111111111111111 0.14440207349023595 0.05836131953145261 -0.08698397527976064 0 0 0
0.0011111111111111111 -0.5490371635975833 0.059973445779911636 -0.1040037440464264 0 0 0
0.0011111111111111111 0.4378852933453876 0.004936551451355369 0.5010610833618244 0 0 0
0.0011111111111111111 0.5051258897098375 0.07805253076227606 0.1796520627418328 0 0 0
0.0011111111111111111 0.4683980169471038 -0.20755814201147008 -0.3586042253334371 0 0 0
0.0011111111111111111 -0.4351897944065017 0.015068887448385316 0.1597578389363029 0 0 0
0.0011111111111111111 -0.502549220168925 -0.30830292850540864 0.15472292533425136 0 0 0
0.0011111111111111111 -0.14200140296333325 -0.13638309177728555 -0.13979563850083554 0 0 0
0.0011111111111111111 -0.3132139521996796 -0.1989617133719278 -0.4070006723950178 0 0 0
0.0011111111111111111 -0.10006753727280063 0.0009389246222331438 -0.11959066528956071 0 0 0
0.0011111111111111111 0.16221335764101996 -0.30049447288005454 0.4083643971426413 0 0 0
0.0011111111111111111 0.2675315643584513 0.24788438093862097 0.12094752724408013 0 0 0
0.0011111111111111111 0.4986870221614258 -0.2734453630214466 -0.1176382200544348 0 0 0
0.0011111111111111111 0.25783515763346776 -0.2644510426154612 -0.19143532398580893 0 0 0
0.0011111111111111111 -0.06158123168916169 0.1957767841692709 0.20630234839173003 0 0 0
0.0011111111111111111 -0.17106992795149414 -0.06302417579121557 -0.2172982880069652 0 0 0
0.0011111111111111111 -0.26576358105980935 0.1556352859369601 -0.5408441819258392 0 0 0
0.0011111111111111111 -0.2053107251867787 -0.1373166064512734 0.6457402798731271 0 0 0
0.0011111111111111111 0.316989616614645 0.33466287597841743 -0.35235312905351546 0 0 0
0.0011111111111111111 0.31327913838114596 0.5530348925050045 -0.050390612838220016 0 0 0
0.0011111111111111111 -0.31512768586997086 0.09464387472332617 -0.02671948953180587 0 0 0
0.0011111111111111111 -0.2675773147677619 0.2135812311359882 0.2413303678837631 0 0 0
0.0011111111111111111 0.2008688888930402 0.34234789629001416 0.5661793196322651 0 0 0
0.0011111111111111111 0.2305754298335847 0.6472843810164276 0.07943392834947081 0 0 0
0.0011111111111111111 0.13892054706468818 0.3076954997372523 0.27546324284935714 0 0 0
0.0011111111111111111 0.17706595135407874 -0.13015701329573115 0.37529325085615206 0 0 0
0.0011111111111111111 0.45870372769672246 0.03531902584942658 -0.515846446730305 0 0 0
0.0011111111111111111 0.33353228067835367 -0.38045488351917783 -0.07803424693217478 0 0 0
0.0011111111111111111 -0.25567047538158993 -0.06376940298350871 0.34506479231416964 0 0 0
0.0011111111111111111 -0.36476953096551884 0.05984288166470419 -0.3567456960963968 0 0 0
0.0011111111111111111 -0.3420490854774945 -0.2554642390315027 0.3650449484677152 0 0 0
0.0011111111111111111 0.27663895437184755 0.08520927395752986 0.4559724223487184 0 0 0
0.0011111111111111111 0.41389723484469326 -0.24829098685366818 0.007004095246694554 0 0 0
0.0011111111111111111 -0.49173101655100854 -0.24840130013217762 -0.09880768484375077 0 0 0
0.0011111111111111111 -0.04595598770258931 -0.2192282619038691 0.20412469457976512 0 0 0
0.0011111111111111111 0.3765513741173505 0.3934681263444862 0.20877814424294994 0 0 0
0.0011111111111111111 0.08629935952378481 0.6619042756016205 -0.18753752699171863 0 0 0
0.0011111111111111111 0.05988393691358324 0.5357754290568465 -0.15854023940918216 0 0 0
0.0011111111111111111 -0.2699712094909552 0.25526948844418756 0.060629324830516765 0 0 0
0.0011111111111111111 0.04481616008787416 -0.5309072526994287 0.3692386554102457 0 0 0
0.0011111111111111111 -0.2790670090203992 -0.29619452241355676 -0.5247091848606782 0 0 0
0.0011111111111111111 -0.5661995151125951 0.019931350924622997 0.3566627742108101 0 0 0
0.0011111111111111111 -0.040744469334149304 0.24888660733108312 -0.14362872100239268 0 0 0
0.0011111111111111111 -0.19797043194220065 0.13451973227412065 -0.2378916596566813 0 0 0
0.0011111111111111111 0.14120122879951144 -0.15218467726258716 0.271886103878219 0 0 0
0.0011111111111111111 -0.20472382464200847 -0.5805821223687899 -0.17170862428466668 0 0 0
0.0011111111111111111 -0.12920262618544204 -0.5741766078420905 -0.27750687044163314 0 0 0
0.0011111111111111111 0.14990959233618867 0.5689720669165671 0.12980199267114828 0 0 0
0.0011111111111111111 -0.013121125592791352 0.3459895144351793 0.4770264238665922 0 0 0
0.0011111111111111111 -0.25177265699864176 0.1921969848623494 0.4984948267748611 0 0 0
0.0011111111111111111 0.1408747854134718 0.03313042850520568 -0.3012759515662469 0 0 0
0.0011111111111111111 0.08001718684783397 -0.428097427860487 -0.04613975387610593 0 0 0
0.0011111111111111111 -0.10655489515892125 -0.11996134486762239 -0.1534343370913695 0 0 0
0.0011111111111111111 -0.20261963665977242 0.172243598025353 0.621412811187472 0 0 0
0.0011111111111111111 0.5004981406599787 -0.10819394923976634 -0.01082833587123033 0 0 0
0.0011111111111111111 0.6613905642076598 -0.1143044792906772 -0.10099294370549483 0 0 0
0.0011111111111111111 0.4946854302117139 0.3648182590255452 -0.2921371520660925 0 0 0
0.0011111111111111111 -0.09730427645111833 -0.10931977197856109 0.44980899980459804 0 0 0
0.0011111111111111111 -0.5123466903809677 0.10559937244555222 0.0010114953524858231 0 0 0
0.0011111111111111111 0.07352596815439479 -0.21086398726205438 -0.12668110711614214 0 0 0
0.0011111111111111111 0.2853587360223019 -0.25148764216131925 -0.17064207745080426 0 0 0
0.0011111111111111111 -0.420678568680713 0.36351704629188386 0.17609373150749932 0 0 0
0.0011111111111111111 0.24219393471271122 -0.22505277506555488 -0.3779406752409674 0 0 0
0.0011111111111111111 0.03877288280498104 0.013533253481878935 -0.6057681113328812 0 0 0
0.0011111111111111111 -0.24458603420989788 -0.543638865567026 -0.34931514356986776 0 0 0
0.0011111111111111111 -0.25938195488117133 -0.29034967946357426 0.050108679370480566 0 0 0
0.0011111111111111111 -0.39491280567329323 0.10300639067809342 0.042687391424437865 0 0 0
0.0011111111111111111 -0.07977669352475193 0.3952537281868029 -0.17774083623462045 0 0 0
0.0011111111111111111 -0.028627352110413166 0.32268561251005107 0.2000066345922475 0 0 0
0.0011111111111111111 0.577574449096897 -0.21082098384113054 -0.07103013060966377 0 0 0
0.0011111111111111111 -0.2027279352642111 -0.3534134620916075 -0.3330840709070975 0 0 0
0.0011111111111111111 -0.22614456918941256 -0.05924204266892121 -0.3155936808601721 0 0 0
0.0011111111111111111 0.45332762360852646 -0.4881948078474092 0.17794190223667403 0 0 0
0.0011111111111111111 0.23927275487521066 0.05812843080449173 -0.184378450028462 0 0 0
0.0011111111111111111 0.10200586724390373 -0.11296580703832013 -0.21116026154530337 0 0 0
0.0011111111111111111 -0.4130693162247861 0.058701556566110986 -0.42721245637375493 0 0 0
0.0011111111111111111 0.4463331406263765 0.13622542295209647 0.48215478273308127 0 0 0
0.0011111111111111111 0.5316962128902972 0.33702399526747134 0.12076634066434429 0 0 0
0.0011111111111111111 0.3060289455743287 0.07574724370337957 -0.32410217895987115 0 0 0
0.0011111111111111111 -0.3755404319512237 -0.28978768258730037 0.22267949661892622 0 0 0
0.0011111111111111111 -0.4158654745880687 -0.14121964361886283 -0.3340727806185149 0 0 0
0.0011111111111111111 -0.057679542881140036 -0.2425149584054159 0.333897039436273 0 0 0
0.0011111111111111111 0.3780579728375309 -0.13731194502639135 0.13796604351719532 0 0 0
0.0011111111111111111 0.23568527890835383 0.35178288491617915 -0.105634535130555 0 0 0
0.0011111111111111111 0.36334308380368296 -0.2338063233786306 0.23716079960203776 0 0 0
0.0011111111111111111 -0.09918616929610986 -0.403720036678645 0.20109694211217505 0 0 0
0.0011111111111111111 0.02258993482602126 -0.3452528245749844 -0.5256080241021971 0 0 0
0.0011111111111111111 0.2990538429839543 0.12639018886650372 0.09911024941130527 0 0 0
0.0011111111111111111 -0.5225556054216641 -0.27609779894445063 0.21460832834192492 0 0 0
0.0011111111111111111 0.45786266515517715 -0.31727203701926304 -0.16368889366802877 0 0 0
0.0011111111111111111 -0.29764386477257126 0.11532839035497229 -0.08332810002856583 0 0 0
0.0011111111111111111 -0.26193173813837295 -0.17067821848260847 -0.1304571777573618 0 0 0
0.0011111111111111111 0.11202684985956678 0.5666189346608286 -0.05718337396017894 0 0 0
0.0011111111111111111 0.37106981792360616 0.23985655675406842 -0.47960502617438105 0 0 0
0.0011111111111111111 -0.0757140404244382 0.13699276445354872 0.14868078801855736 0 0 0
0.0011111111111111111 0.4204988824653723 0.436487496812699 -0.3163112793729685 0 0 0
0.0011111111111111111 0.643792211883714 -0.051633814300124994 -0.01999323419133346 0 0 0
0.0011111111111111111 0.20282126086077493 -0.2936135227170544 -0.29359741817653356 0 0 0
0.0011111111111111111 -0.08238850026051363 -0.06297166282531856 -0.48140385818022363 0 0 0
0.0011111111111111111 0.35536954449164415 0.5042665272835398 -0.18344351443533027 0 0 0
0.0011111111111111111 0.5534366823595966 0.23032934450332915 0.2277525121437982 0 0 0
0.0011111111111111111 0.5190082218234556 0.09484065684156219 0.36759484507792634 0 0 0
0.0011111111111111111 0.20512157513235424 -0.254809369286661 0.1518922645447843 0 0 0
0.0011111111111111111 0.6162709885534264 0.03405589036559587 -0.07789374017723039 0 0 0
0.0011111111111111111 -0.3502896179382258 0.434706791661816 0.09199029871475349 0 0 0
0.0011111111111111111 0.2859048334053718 0.009969517147751595 0.39232999695605636 0 0 0
0.0011111111111111111 -0.28600998589246024 -0.23073021507110672 0.06130387879001788 0 0 0
0.0011111111111111111 -0.24373281026188004 0.3098481517934167 -0.0905242776276873 0 0 0
0.0011111111111111111 0.4042723883222372 0.5076383566388063 -0.05563056503443213 0 0 0
0.0011111111111111111 -0.5270752806266723 -0.21988371650138794 0.33932864126036044 0 0 0
0.0011111111111111111 0.17137460227001355 0.2940574344069425 -0.5321610033917621 0 0 0
0.0011111111111111111 0.08289394767717906 -0.6119321875062724 -0.2888523152164255 0 0 0
0.0011111111111111111 0.07591056726511337 -0.031231829381185978 -0.4533994403213242 0 0 0
0.0011111111111111111 0.116866036514113 0.4362902615066259 0.2588394497057718 0 0 0
0.0011111111111111111 0.28992098642650643 -0.18402402645810767 0.5168293313777622 0 0 0
0.0011111111111111111 0.48825905366998923 -0.35745993344922034 0.24333737426750537 0 0 0
0.0011111111111111111 0.35834718743995597 -0.009099742550127616 0.3813287789461622 0 0 0
0.0011111111111111111 -0.16756227869665105 -0.5280862684236669 -0.3294519069199504 0 0 0
0.0011111111111111111 -0.16489627559979123 -0.10094845092762121 0.37674231053852253 0 0 0
0.0011111111111111111 0.49276903127828786 0.35644513875950323 -0.3280243007431508 0 0 0
0.0011111111111111111 0.38275484638758844 0.2548621819916478 -0.44258762903506055 0 0 0
0.0011111111111111111 0.10292518694311628 0.570797616608116 -0.2672025940663572 0 0 0
0.0011111111111111111 -0.06987253429496734 -0.058045637332927315 0.3032097541996379 0 0 0
0.0011111111111111111 0.5965050051083653 0.0204906808384243 -0.0034610089263974815 0 0 0
0.0011111111111111111 0.32949890546672317 -0.12614458549628277 -0.33160062634246074 0 0 0
0.0011111111111111111 0.2380707988828523 -0.3061520365028061 -0.44734754416849576 0 0 0
0.0011111111111111111 -0.21009592318471695 0.6125800914395919 -0.1292818671972518 0 0 0
0.0011111111111111111 -0.23615709628721393 0.18708811756167967 -0.4334564762948183 0 0 0
0.0011111111111111111 0.2009059989669486 -0.09233693189039126 -0.09042060557960344 0 0 0
0.0011111111111111111 -0.11239453801706968 -0.2646272134062771 0.6297483468263972 0 0 0
0.0011111111111111111 -0.03040345283950906 0.13595581328847597 0.5486950966603417 0 0 0
0.0011111111111111111 0.10248447054969166 0.370084563843549 0.18666180250369702 0 0 0
0.0011111111111111111 0.41416544031490143 0.12442751863001156 -0.5180858985841668 0 0 0
0.0011111111111111111 0.09002383135329019 -0.28273036605046636 0.1172681118869955 0 0 0
0.0011111111111111111 -0.3362677772045254 0.29269363184224056 -0.5162792242388692 0 0 0
0.0011111111111111111 -0.20362629785804573 0.0465072576107449 -0.26830133963179287 0 0 0
0.0011111111111111111 -0.22785214954496807 -0.25064789336658394 0.4277638137186717 0 0 0
0.0011111111111111111 -0.12936493706316757 0.05962195673568106 -0.372478568377139 0 0 0
0.0011111111111111111 0.03330525004165915 0.4999987243936637 -0.2918749907595099 0 0 0
0.0011111111111111111 -0.20276077126479358 0.6264024256456405 -0.09387708653297513 0 0 0
0.0011111111111111111 -0.5641069333653641 0.21137673000446408 -0.29979448611943005 0 0 0
0.0011111111111111111 0.15729504761877552 -0.6092170063168806 -0.27036480990687844 0 0 0
0.0011111111111111111 -0.46421757103873856 0.25247620846269136 0.3054242411408705 0 0 0
0.0011111111111111111 0.2686769980437053 0.5465415255715381 -0.08682256650911391 0 0 0
0.0011111111111111111 0.2233565615990672 -0.4303779323894574 0.1408876482336818 0 0 0
0.0011111111111111111 -0.31943208442153614 0.41115318124962413 0.33657592309913814 0 0 0
0.0011111111111111111 0.3371868060862279 0.04938031151818874 -0.018439788852422295 0 0 0
0.0011111111111111111 0.16993820494972253 -0.6257570562442475 0.044647933234095515 0 0 0
0.0011111111111111111 -0.07109259521589135 -0.4965187000272105 -0.13125748987287192 0 0 0
0.0011111111111111111 0.5828105405774087 0.2597026418615873 -0.2574677027756032 0 0 0
0.0011111111111111111 0.15965194931714824 -0.5595236668182307 -0.16957480109878567 0 0 0
0.0011111111111111111 -0.11331702167615852 0.04161256879732709 0.6181209109838179 0 0 0
0.0011111111111111111 0.6183441552757494 -0.0824136485289098 0.2626803965072325 0 0 0
0.0011111111111111111 0.43342681208004086 0.11523671165335167 -0.06274911286146206 0 0 0
0.0011111111111111111 0.13557014595063607 0.17251450268945343 0.4723376597441236 0 0 0
0.0011111111111111111 -0.38728384573713476 0.13762273023929691 0.48305391434393846 0 0 0
0.0011111111111111111 -0.038414298173278044 0.41045305335781185 -0.4265985575686335 0 0 0
0.0011111111111111111 -0.3073658724162204 0.40960737702562533 0.35442157979747524 0 0 0
0.0011111111111111111 -0.5831381422462629 0.23408312473253381 0.20064177261958416 0 0 0
0.0011111111111111111 -0.4727440187923869 -0.12274363617236693 -0.07197930788828324 0 0 0
0.0011111111111111111 -0.14535395561886474 0.18966885800453903 -0.24620536978894414 0 0 0
0.0011111111111111111 -0.1780819631385315 -0.34476245557814467 0.15963428274002037 0 0 0
0.0011111111111111111 -0.014470079221425779 -0.3631353397014571 -0.17026224040584922 0 0 0
0.0011111111111111111 0.29973388449254557 0.07605642981502032 0.1835356366492336 0 0 0
0.0011111111111111111 0.49902999245915486 -0.0006829132177017717 -0.3465832440331387 0 0 0
0.0011111111111111111 0.46656043415782106 0.2934593720032453 0.29837258541616557 0 0 0
0.0011111111111111111 -0.4490271957021448 -0.34726140368555847 -0.1912170014423244 0 0 0
0.0011111111111111111 0.5035130730535021 -0.28635751541517185 -0.14230160498828778 0 0 0
0.0011111111111111111 0.031803448535277626 0.3462301899083239 -0.2880115249536825 0 0 0
0.0011111111111111111 0.2960177735269352 -0.5462744704372471 -0.01300940530518065 0 0 0
0.0011111111111111111 -0.23173166106495655 -0.10704856224193411 0.15839161580083022 0 0 0
0.0011111111111111111 0.18767045467179444 -0.27261711642086167 0.2735820175261019 0 0 0
0.0011111111111111111 0.1521193950795158 -0.10547109230683444 -0.3454179351433469 0 0 0
0.0011111111111111111 -0.5774836813837481 -0.018460699883664014 0.13797756205487136 0 0 0
0.0011111111111111111 0.49566324366173153 -0.19644021342870913 -0.08802448887668411 0 0 0
0.0011111111111111111 -0.34679062591289667 -0.5289896522752896 0.2116433491206941 0 0 0
0.0011111111111111111 0.07562627603927277 0.47887303582297946 0.023188814900265226 0 0 0
0.0011111111111111111 0.11946077925840526 -0.05800157525215147 -0.47737415161497815 0 0 0
0.0011111111111111111 0.09851432754091245 0.20378285319052472 0.2050706072829496 0 0 0
0.0011111111111111111 0.4832270641577633 -0.06075219735352281 0.1505615341203744 0 0 0
0.0011111111111111111 -0.11070822286299774 -0.004271905983329927 -0.4831027748923819 0 0 0
0.0011111111111111111 -0.48188747064771303 0.195685958818469 0.43449209782524184 0 0 0
0.0011111111111111111 0.4629895061709661 -0.46279543522051697 0.03394626890700772 0 0 0
0.0011111111111111111 0.17065001973781457 0.5055208488417641 -0.10754145391959978 0 0 0
0.0011111111111111111 -0.28410345043364776 -0.1407712788092705 0.6034948308609857 0 0 0
0.0011111111111111111 -0.1867569589899225 0.43240590882398705 0.326430181887879 0 0 0
0.0011111111111111111 0.3053484276602598 0.5434721381214803 -0.05041378827814018 0 0 0
0.0011111111111111111 0.29919736993967117 -0.4452831432838817 -0.049960125846727224 0 0 0
0.0011111111111111111 -0.060617816548640895 0.4324015759186947 -0.181610836819921 0 0 0
0.0011111111111111111 -0.29240120441188117 -0.372020944726626 -0.07769630871093479 0 0 0
0.0011111111111111111 0.18035598248374068 -0.3506420542927971 -0.34472604272502916 0 0 0
0.0011111111111111111 -0.3404666070812864 0.11593969723064912 -0.2574027585710333 0 0 0
0.0011111111111111111 -0.3982261129994443 -0.1740404525217317 0.04391536199718735 0 0 0
0.0011111111111111111 0.010459820699662989 0.28873333651980276 0.46995013779977773 0 0 0
0.0011111111111111111 -0.022755858372981934 -0.3010738771087331 0.05377243975984453 0 0 0
0.0011111111111111111 -0.2368191374912296 0.05061940919657008 -0.4199298705918133 0 0 0
0.0011111111111111111 0.4397196916397177 0.10734748057598134 -0.01334927355403384 0 0 0
0.0011111111111111111 0.19196955309726244 -0.24073181383008452 -0.4525625536030158 0 0 0
0.0011111111111111111 0.13796773795690115 0.05953911001815163 -0.25576672944493234 0 0 0
0.0011111111111111111 -0.3041869663486469 0.35795093160349883 -0.2021363809831423 0 0 0
0.0011111111111111111 -0.0381905158565451 -0.1341733077035703 -0.1296125261707585 0 0 0
0.0011111111111111111 0.475032527121727 -0.4283239348024107 0.07043027637959685 0 0 0
0.0011111111111111111 0.31918923075381206 -0.09606298884638911 0.3506627316590059 0 0 0
0.0011111111111111111 -0.050464144559306666 0.22507220887682802 0.215706121112228 0 0 0
0.0011111111111111111 -0.05433021273703775 -0.36437367313199914 -0.14564636767064681 0 0 0
0.0011111111111111111 0.17901504404255048 -0.2968626042901887 -0.5218470505693247 0 0 0
0.0011111111111111111 -0.017258965486719898 0.3056617631985834 0.4310136185329646 0 0 0
0.0011111111111111111 0.17703250059159217 -0.04136397533707189 0.03658199055566715 0 0 0
0.0011111111111111111 -0.16368141251376597 0.3693406288201806 0.1599988960131384 0 0 0
0.0011111111111111111 0.17553974983320356 -0.20185456154503495 -0.22821050350621708 0 0 0
0.0011111111111111111 0.15497248975247546 0.33470415108173035 0.38108019133123366 0 0 0
0.0011111111111111111 -0.3289998669249821 -0.4274108197746414 -0.21067116290732835 0 0 0
0.0011111111111111111 -0.1330892839110189 0.4793486149625984 -0.19560033910535463 0 0 0
0.0011111111111111111 -0.08675392948399428 0.5144362785889496 0.015818866553781865 0 0 0
0.0011111111111111111 0.19571908455987366 -0.40347113548206553 -0.3509044316281129 0 0 0
0.0011111111111111111 -0.457746529481645 -0.43383094766917496 0.02342221099260565 0 0 0
0.0011111111111111111 -0.050623357744675385 -0.13025399251660497 -0.15868411738553267 0 0 0
0.0011111111111111111 0.12225730702036885 0.3962127110785848 -0.10620457004124254 0 0 0
0.0011111111111111111 0.12447660182652683 -0.32561267492031126 0.4371431488061429 0 0 0
0.0011111111111111111 0.2817451316617289 0.05469334316284083 -0.18272758554224644 0 0 0
0.0011111111111111111 0.13806162963556487 -0.18202573439581618 0.4986911991749715 0 0 0
0.0011111111111111111 0.35030851214280245 0.1407095870488717 0.430956505928588 0 0 0
0.0011111111111111111 -0.3930054133120665 -0.4285290576018802 -0.3655174778112048 0 0 0
0.0011111111111111111 0.2911549410492608 -0.21137437104621365 -0.5163652165466835 0 0 0
0.0011111111111111111 0.24990435276807865 0.0005536331411630916 -0.08201763898915697 0 0 0
0.0011111111111111111 -0.12033350131193263 0.2808032983749572 0.32568984296216713 0 0 0
0.0011111111111111111 -0.264374974641671 0.34402485082987905 -0.1836611126535354 0 0 0
0.0011111111111111111 0.14846109393191875 -0.2989269611234341 -0.04840488611420164 0 0 0
0.0011111111111111111 0.40606208851700176 -0.022263907588037177 -0.44423375585274316 0 0 0
0.0011111111111111111 0.2201585217597378 0.16504626713189752 0.501291066120424 0 0 0
0.0011111111111111111 -0.4501025308216744 -0.09808793448247519 0.15596496937974538 0 0 0
0.0011111111111111111 -0.4925005011541419 0.08466596771558008 -0.2762942971709959 0 0 0
0.0011111111111111111 0.21068458822638808 -0.16234306968897716 -0.6242280088191046 0 0 0
0.0011111111111111111 0.011918644107219024 0.16429095698936677 -0.0006519865065854894 0 0 0
0.0011111111111111111 -0.21811828368770061 0.17951215520038352 0.2586869965945829 0 0 0
0.0011111111111111111 0.17237436893765387 -0.21601208629958496 -0.09976407830237051 0 0 0
0.0011111111111111111 -0.1755356820782666 -0.3749225531239998 0.4239181371491281 0 0 0
0.0011111111111111111 -0.003332963683821376 -0.19580293955637526 0.28485613546458094 0 0 0
0.0011111111111111111 -0.4607368308020026 0.23261101699992073 0.28742505251756073 0 0 0
0.0011111111111111111 0.1581408551533069 -0.47192439851408446 0.2797587376141103 0 0 0
0.0011111111111111111 0.06730267267961804 0.5305052959828902 -0.14901451975563734 0 0 0
0.0011111111111111111 -0.21953892477345222 -0.6117208275453091 -0.14627352197968166 0 0 0
0.0011111111111111111 -0.1049820301587691 -0.4627481259947595 0.22773266254392704 0 0 0
0.0011111111111111111 -0.09095288446137921 -0.286423568352283 0.46985234660228486 0 0 0
0.0011111111111111111 0.33810100180367314 0.20442678097556294 -0.1259723242743679 0 0 0
0.0011111111111111111 -0.03483418720943448 0.39708062024601326 -0.1484002893071886 0 0 0
0.0011111111111111111 -0.4711849298852665 0.17130165665458968 -0.2816704349714641 0 0 0
0.0011111111111111111 0.22089038345339265 -0.10761615637406222 -0.564200334107837 0 0 0
0.0011111111111111111 -0.24935602336388835 -0.058751933036825556 -0.3191812440318126 0 0 0
0.0011111111111111111 -0.5194559347092295 -0.02617355036835416 -0.09050887202855516 0 0 0
0.0011111111111111111 0.35982726952578703 0.20691204948003405 -0.08280838213200742 0 0 0
0.0011111111111111111 -0.44177690854554563 0.05680731770441903 -0.5052130629287401 0 0 0
0.0011111111111111111 0.050453894745133766 0.11061769044444109 -0.5481527448319162 0 0 0
0.0011111111111111111 0.4216354058145476 0.10049638001343578 -0.2927248540191566 0 0 0
0.0011111111111111111 -0.10733482457072938 -0.11154301115672892 -0.6174433089590646 0 0 0
0.0011111111111111111 -0.07591998865070448 -0.09485800969917459 -0.6331810409627122 0 0 0
0.0011111111111111111 -0.469768941025601 -0.1571720083488364 0.18685382473341852 0 0 0
0.0011111111111111111 0.021750491317218852 -0.06504460421615602 -0.05648083787273756 0 0 0
0.0011111111111111111 -0.2575474123281498 -0.23906695373429387 0.29011069656652977 0 0 0
0.0011111111111111111 0.3108061542877079 -0.4915638371559099 0.28675833675381457 0 0 0
0.0011111111111111111 -0.02331831792642314 0.48429174084478094 0.053020609153762534 0 0 0
0.0011111111111111111 -0.04048808406008611 0.34478136659593467 0.13027952825105343 0 0 0
0.0011111111111111111 -0.5562744843189564 -0.04386888550336776 0.4016236540322409 0 0 0
0.0011111111111111111 0.4230968984383767 -0.060521644773774655 -0.0008750885312596434 0 0 0
0.0011111111111111111 -0.2868563314486609 0.2281205287815604 -0.5106475949401926 0 0 0
0.0011111111111111111 0.19710218848982525 -0.3565280291374992 -0.47658440932189694 0 0 0
0.0011111111111111111 -0.29732900985097416 0.43458979251848695 0.15630573974038514 0 0 0
0.0011111111111111111 0.02463659919871671 0.2783436980065824 -0.09387132999758309 0 0 0
0.0011111111111111111 0.05161713454629767 -0.48286118425650687 0.2415811038991633 0 0 0
0.0011111111111111111 -0.12197730145815766 -0.42327464709065715 0.46244584703135966 0 0 0
0.0011111111111111111 -0.21331858623732372 0.15211396264017954 0.05743083598075068 0 0 0
0.0011111111111111111 -0.12026100240598812 -0.26517563503054925 -0.2406566349765852 0 0 0
0.0011111111111111111 -0.30553580253435936 -0.008134940423784343 -0.3970515482892552 0 0 0
0.0011111111111111111 0.4316440105713693 0.26190472832438927 0.241652381315248 0 0 0
0.0011111111111111111 -0.3475194090768543 0.18189750316061407 -0.006098949763747005 0 0 0
0.0011111111111111111 -0.14119390645471158 -0.05252336348459646 0.42058850335553544 0 0 0
0.0011111111111111111 0.24539900982354407 0.5213622930471982 -0.08669889470447227 0 0 0
0.0011111111111111111 0.3574635965516629 0.22106087147461156 -0.3998931779773557 0 0 0
0.0011111111111111111 -0.039632515986324536 -0.010404921769436743 -0.015406970231588008 0 0 0
0.0011111111111111111 -0.44180984080599994 -0.12737713585901078 -0.3291985745864718 0 0 0
0.0011111111111111111 0.3352128995970627 0.5112918205710932 -0.009902610744040079 0 0 0
0.0011111111111111111 -0.4110785028693899 0.003992952565263522 0.043440720351047624 0 0 0
0.0011111111111111111 0.22691354159884972 -0.36332562396685764 0.42302816332181065 0 0 0
0.0011111111111111111 0.1698005118045729 0.38788065685264705 -0.3985295678937806 0 0 0
0.0011111111111111111 -0.33050483389204466 0.16406762309092685 -0.02261708312233538 0 0 0
0.0011111111111111111 0.1774804737551948 0.0006219918579679559 0.014157061665622458 0 0 0
0.0011111111111111111 0.05500268958092256 -0.5315770471539428 -0.3406190255805848 0 0 0
0.0011111111111111111 -0.45505491605413245 -0.27004695330643924 0.26463377749743716 0 0 0
0.0011111111111111111 -0.4335401066975827 0.18768838052414813 0.28127334174441687 0 0 0
0.0011111111111111111 0.18216283230634012 0.3191467759055614 0.06350523989310367 0 0 0
0.0011111111111111111 -0.3726121748391841 -0.5340962738496864 -0.18168301884014812 0 0 0
0.0011111111111111111 -0.10531980642302209 -0.21107016257303668 -0.21586299232589076 0 0 0
0.0011111111111111111 0.24391486598174805 0.11186558684382705 -0.5528180797281453 0 0 0
0.0011111111111111111 0.24601890602014143 -0.6250691626319623 -0.026068154280147037 0 0 0
0.0011111111111111111 -0.0353054932169404 0.0996998967614713 -0.14845106857272472 0 0 0
0.0011111111111111111 0.10113037067742703 -0.29487916603403364 0.19006585742533663 0 0 0
0.0011111111111111111 -0.20051785447784434 0.456197888529959 0.20601218707827945 0 0 0
0.0011111111111111111 -0.2703317368136763 -0.0741463086391557 -0.48945025409751935 0 0 0
0.0011111111111111111 -0.005365829048025329 0.36584292186047446 0.04514828886762002 0 0 0
0.0011111111111111111 0.5967490789141296 0.05056193203660656 0.25755860987753176 0 0 0
0.0011111111111111111 0.2566545223953729 -0.2922813006509872 -0.4666001876071672 0 0 0
0.0011111111111111111 0.3616196068020029 -0.10303255432181234 0.2012604696071366 0 0 0
0.0011111111111111111 0.5447212570420877 0.28303839552459387 -0.26937711619427557 0 0 0
0.0011111111111111111 -0.21742029425086407 0.010903334895820313 -0.6072817536840411 0 0 0
0.0011111111111111111 0.269547098195168 0.061490594730708156 0.44437149428144235 0 0 0
0.0011111111111111111 -0.6012534107144519 0.21592198542129507 0.046241401417567184 0 0 0
0.0011111111111111111 0.14943866113121318 -0.5001864213547892 0.02645686185166118 0 0 0
0.0011111111111111111 0.146824985740108 0.6153871436135667 -0.04885937265476288 0 0 0
0.0011111111111111111 0.40731280969346784 -0.13054614061127415 -0.4965457063476701 0 0 0
0.0011111111111111111 -0.06839889150038585 0.25847354128982986 0.25723244058282607 0 0 0
0.0011111111111111111 0.2533813088607918 0.5285075251771264 -0.11084620843575096 0 0 0
0.0011111111111111111 -0.15417017588400683 -0.32766040521972206 0.14751543808089854 0 0 0
0.0011111111111111111 0.04189435165886709 0.40041071131380995 -0.20385742703726714 0 0 0
0.0011111111111111111 0.15144411398341187 0.12129300502822701 0.10544607350077623 0 0 0
0.0011111111111111111 -0.23228253528433734 -0.4449047116219412 0.16362512686890546 0 0 0
0.0011111111111111111 0.010372664432612878 0.17071280499115887 -0.32490959474813075 0 0 0
0.0011111111111111111 0.39738145262956853 0.48151044088874606 0.01417976465193666 0 0 0
0.0011111111111111111 0.19968651425220033 0.31741354833079455 -0.36186519098330777 0 0 0
0.0011111111111111111 0.02723864835059647 -0.5693001983583607 0.010991420143969767 0 0 0
0.0011111111111111111 -0.24553524559184592 -0.1442063974412334 0.2979082870059774 0 0 0
0.0011111111111111111 -0.33616673461170377 0.2573963258665514 -0.3840101721329759 0 0 0
0.0011111111111111111 -0.3390613693777186 -0.4501056805146234 -0.001914493643541419 0 0 0
0.0011111111111111111 -0.333357307434608 0.31799118001487175 0.350027172575491 0 0 0
0.0011111111111111111 0.08626510377106102 0.2980337281395155 -0.051645275295207196 0 0 0
0.0011111111111111111 -0.5051609679745082 -0.09658327160701492 -0.0597111841094832 0 0 0
0.0011111111111111111 0.046455098558781036 -0.31598963016538484 0.4526163276209848 0 0 0
0.0011111111111111111 -0.1263246755443961 -0.48743786430325076 0.3502430467658137 0 0 0
0.0011111111111111111 -0.1980343931842212 0.2252493688335296 -0.3622925263980912 0 0 0
0.0011111111111111111 0.3969623558478917 0.23401637452672178 -0.23817166060780198 0 0 0
0.0011111111111111111 -0.1242400778989137 0.1040435679714675 0.42603544250769165 0 0 0
0.0011111111111111111 -0.08636053184297617 0.44081317047644925 -0.3499559795582988 0 0 0
0.0011111111111111111 -0.6351312505015246 0.14635311513658394 -0.12305352185917985 0 0 0
0.0011111111111111111 0.44929276299789167 -0.06702665145282788 0.5163867275718944 0 0 0
0.0011111111111111111 0.08362110939128753 0.5933551051430807 0.03925463533666578 0 0 0
0.0011111111111111111 -0.1917527261677251 0.07046268632178929 0.07049859455375952 0 0 0
0.0011111111111111111 0.05185132693160386 0.034888482902421344 -0.25528263539207124 0 0 0
0.0011111111111111111 0.5786153096896951 0.039128584722832295 0.054565014811606354 0 0 0
0.0011111111111111111 0.2960870416249866 0.3489250615814753 -0.5107148919325585 0 0 0
0.0011111111111111111 -0.3930811468486722 -0.30180495348244457 -0.195703624207084 0 0 0
0.0011111111111111111 0.15126483358061243 -0.6081748270732762 0.07178767030078319 0 0 0
0.0011111111111111111 0.3564135251960777 -0.29235500147593685 0.39996674655064807 0 0 0
0.0011111111111111111 -0.20593435252014114 0.49049821183077763 -0.15010053283542477 0 0 0
0.0011111111111111111 -0.33381850602267266 0.360794976486411 -0.30553244426425563 0 0 0
0.0011111111111111111 0.13747439685916193 -0.21388889084649734 -0.19451108995496788 0 0 0
0.0011111111111111111 -0.07652369511321146 -0.24401336018433498 0.14764323025261125 0 0 0
0.0011111111111111111 -0.30896663213730513 0.1711602188929415 -0.14589491434086227 0 0 0
0.0011111111111111111 -0.004873450199548921 0.22820068590163825 0.06209832233278492 0 0 0
0.0011111111111111111 0.012819079527153242 0.4011900296020261 -0.061173449427339835 0 0 0
0.0011111111111111111 -0.026385868110660283 -0.4407906663001249 -0.3735503622444051 0 0 0
0.0011111111111111111 -0.08805584516408319 0.4860633168827615 0.3716757298602267 0 0 0
0.0011111111111111111 0.07132797024109128 0.22218850747901248 -0.1351165451007661 0 0 0
0.0011111111111111111 0.6223728706462015 0.19053109080668823 -0.21769017210762837 0 0 0
0.0011111111111111111 0.1775870778092487 -0.1409464901926582 0.07775891703030598 0 0 0
0.0011111111111111111 0.2549645151369469 -0.25339483941276 0.4583622913193731 0 0 0
0.0011111111111111111 -0.32869578420519235 -0.2448314662245967 -0.2943765022222859 0 0 0
0.0011111111111111111 -0.478686413831125 -0.03316641357644676 -0.24249527440777868 0 0 0
0.0011111111111111111 -0.12204299014028204 0.42718413327714194 -0.3922845061071641 0 0 0
0.0011111111111111111 -0.29812667628542855 0.023637432778568186 -0.5433648366110269 0 0 0
0.0011111111111111111 -0.5206289759806728 0.4475467789821035 0.02775977842493661 0 0 0
0.0011111111111111111 -0.1469492745386739 0.30110737418625755 0.49338301357309206 0 0 0
0.0011111111111111111 0.07218838739467177 0.2573382975156704 -0.29679654691342194 0 0 0
0.0011111111111111111 -0.5892296152047855 -0.023520820832018355 0.15118340406769148 0 0 0
0.0011111111111111111 0.6210653336525888 0.30210399597842486 0.013504757038461216 0 0 0
0.0011111111111111111 0.12459689480109785 -0.29481564666329163 -0.2857555972991035 0 0 0
0.0011111111111111111 0.08266983076750858 0.09156880676139778 0.555279429193984 0 0 0
0.0011111111111111111 -0.6237277204843314 -0.10220692881684834 0.08959433951109821 0 0 0
0.0011111111111111111 -0.4498122142259962 -0.41027095653637957 0.1268259017812287 0 0 0
0.0011111111111111111 -0.05310696525311334 0.6116783827047197 -0.2620976654905425 0 0 0
0.0011111111111111111 -0.5452615118827635 -0.14380736342604364 -0.06505647885459273 0 0 0
0.0011111111111111111 -0.10181319425829849 -0.09028948031966248 0.6326075690663431 0 0 0
0.0011111111111111111 -0.6029578154815546 0.16744783891900258 -0.12740924962648773 0 0 0
0.0011111111111111111 -0.20210425720612485 -0.37146717403529733 -0.15975409794710863 0 0 0
0.0011111111111111111 0.19321268691337112 -0.17115433544457032 -0.5997433935378854 0 0 0
0.0011111111111111111 0.6199660238147281 -0.002241602852191949 0.18287621840982657 0 0 0
0.0011111111111111111 0.44942487353002125 -0.36903833634420036 -0.22875353249599945 0 0 0
0.0011111111111111111 0.000754403284410682 0.2690734844484049 0.22979756647268518 0 0 0
0.0011111111111111111 0.3256687523956564 0.18136979765559935 -0.4515691350335827 0 0 0
0.0011111111111111111 -0.394866289134721 -0.47334646118291424 -0.29587576247244685 0 0 0
0.0011111111111111111 0.16948285743692915 -0.36285543070339765 -0.27553473728968036 0 0 0
0.0011111111111111111 0.16722038919029272 -0.0016595476972243257 -0.4595987087525463 0 0 0
0.0011111111111111111 -0.03351162236214861 0.5196415247072199 0.3145314894888542 0 0 0
0.0011111111111111111 0.21508698644547136 -0.05149838045585914 0.6183414195189478 0 0 0
0.0011111111111111111 -0.1486076564444569 0.053248339112980415 0.15960849692056245 0 0 0
0.0011111111111111111 0.06395901262775673 -0.5075043584277168 0.3505358101911947 0 0 0
0.0011111111111111111 0.36238228642366105 0.46655644322827033 -0.3316740311863683 0 0 0
0.0011111111111111111 -0.3097536179711749 0.04741272871054363 -0.03812527000628769 0 0 0
0.0011111111111111111 0.13217428980131407 -0.06780675354582481 0.6427455856895121 0 0 0
0.0011111111111111111 0.2109883040146163 -0.35689109661315466 0.40331825971891394 0 0 0
0.0011111111111111111 -0.44351682332158715 -0.0538925203511319 0.5188837040952788 0 0 0
0.0011111111111111111 -0.3027160409007151 -0.45863530467498526 0.24593854805363546 0 0 0
0.0011111111111111111 -0.4512621000468642 0.29692326042283684 -0.09765101768601651 0 0 0
0.0011111111111111111 -0.07004133851262206 -0.004167633597912633 -0.4705353620617165 0 0 0
0.0011111111111111111 -0.01835419906015541 0.12505550550559588 -0.02491573182407981 0 0 0
0.0011111111111111111 -0.4735585143458033 0.3528541422754566 -0.12224693388747901 0 0 0
0.0011111111111111111 0.21533559863284918 -0.1710217213832762 -0.5289275571069448 0 0 0
0.0011111111111111111 -0.12436368336271995 -0.14082048813742482 -0.5484381153858825 0 0 0
0.0011111111111111111 -0.34833215614910873 0.48597195695665546 -0.12051175520787044 0 0 0
0.0011111111111111111 -0.4797236707076486 0.10963432020722291 0.0702826574825597 0 0 0
0.0011111111111111111 0.20209374453891182 0.4627497734005711 -0.027858380206680574 0 0 0
0.0011111111111111111 0.02386797558763637 -0.35822314781663506 0.04832851778180217 0 0 0
0.0011111111111111111 0.16229454000396362 -0.5651229145489167 -0.33541090475381574 0 0 0
0.0011111111111111111 -0.3957633632015714 0.23948916806688605 -0.3440335486708442 0 0 0
0.0011111111111111111 -0.12978941349372738 0.3045340346552844 0.10742487752866797 0 0 0
0.0011111111111111111 -0.31935416804525263 -0.3656902042811287 -0.03131889901693321 0 0 0
0.0011111111111111111 -0.09032422112012767 -0.5332471903854226 -0.39857278968914683 0 0 0
0.0011111111111111111 -0.26463833059205566 0.19004485534831492 0.2812122452145927 0 0 0
0.0011111111111111111 -0.5483458769018464 0.08012133365589402 0.11037624100822133 0 0 0
0.0011111111111111111 0.03876351753917377 0.12795766271360984 -0.14865769839454304 0 0 0
0.0011111111111111111 0.38112942264674543 0.3399980901893817 0.23567090789562725 0 0 0
0.0011111111111111111 -0.28385737616595835 0.22483770775046774 0.29144076080458564 0 0 0
0.0011111111111111111 0.2225883814130881 0.288457296745539 -0.41394375628161323 0 0 0
0.0011111111111111111 0.528725101261731 -0.007892883182126222 -0.29448379098849303 0 0 0
0.0011111111111111111 0.15137288506776356 -0.29125289554092926 -0.428129791612102 0 0 0
0.0011111111111111111 -0.3670794580402783 0.14719285316275027 0.4515690732467582 0 0 0
0.0011111111111111111 -0.33340630201155896 0.3767374129497266 -0.16936728077284205 0 0 0
0.0011111111111111111 0.329489457141015 -0.550671877017719 -0.18417305048137544 0 0 0
0.0011111111111111111 0.13580515796357315 -0.45715455214738504 0.41909404099739395 0 0 0
0.0011111111111111111 -0.5643794938362029 -0.14937989606665358 -0.10795153831391194 0 0 0
0.0011111111111111111 0.38207197588446945 -0.2631312575798771 0.20192506501291085 0 0 0
0.0011111111111111111 0.19257552065499817 0.5626966420963325 -0.16249009831151118 0 0 0
0.0011111111111111111 0.16060423540408067 0.020811688712209408 -0.5451052940719732 0 0 0
0.0011111111111111111 0.6142320182945318 -0.19810053132775055 -0.11935212993087152 0 0 0
0.0011111111111111111 0.22420286942692683 -0.26371861324136886 0.23824741765203739 0 0 0
0.0011111111111111111 -0.4533426554987809 0.07982484237624307 -0.30520515823082345 0 0 0
0.0011111111111111111 -0.25670152229467885 -0.23788437656190725 0.10941625594666726 0 0 0
0.0011111111111111111 -0.04833210526407275 -0.5645723463869659 -0.2709452433857342 0 0 0
0.0011111111111111111 -0.20956254378236766 -0.2869677216426349 -0.2988292855738134 0 0 0
0.0011111111111111111 -0.34409773543268246 -0.02177715234095992 -0.19102441975988746 0 0 0
0.0011111111111111111 -0.21918858192341503 -0.4994259535455839 -0.3899941269046774 0 0 0
0.0011111111111111111 0.3074762317862403 -0.4287841299674767 0.22873659415777042 0 0 0
0.0011111111111111111 -0.630686721322238 -0.09595611809920615 0.18299308487182703 0 0 0
0.0011111111111111111 0.24945751673474587 -0.18279389436408475 -0.40598897515106314 0 0 0
0.0011111111111111111 -0.18512343973508663 -0.3965331737035813 0.5159189517962877 0 0 0
0.0011111111111111111 0.4175976758613201 0.29835037597839315 0.3713053273713933 0 0 0
0.0011111111111111111 -0.35331743040734204 -0.16902133636259195 -0.41899465800529384 0 0 0
0.0011111111111111111 -0.2556178860968172 0.011202154802906919 0.17985616573272073 0 0 0
0.0011111111111111111 -0.29841318007683676 -0.244054210854729 0.3316708296702616 0 0 0
0.0011111111111111111 0.055015554916589535 0.5004263037669444 0.33401297418995074 0 0 0
0.0011111111111111111 -0.07823456790594328 0.12912932492397586 -0.08183316735686938 0 0 0
0.0011111111111111111 -0.3566227092867281 0.5173808508052633 0.22792429402509634 0 0 0
0.0011111111111111111 0.3847331593694356 -0.4683602174569521 0.0941353737193072 0 0 0
0.0011111111111111111 -0.321324523066506 0.24506151805554566 -0.4556206601334134 0 0 0
0.0011111111111111111 -0.14542673529243008 0.3648260058012853 -0.3598271730099139 0 0 0
0.0011111111111111111 -0.10990392693016414 -0.2608857092487581 0.3864146165485277 0 0 0
0.0011111111111111111 0.4084947085121628 0.4503885295236523 -0.14232030278074695 0 0 0
0.0011111111111111111 0.001090204324934829 0.12902194785595614 -0.0795387130060381 0 0 0
0.0011111111111111111 0.4568962890450676 -0.20206979488698074 0.4622982418693886 0 0 0
0.0011111111111111111 0.4010195698868865 0.25669597385728016 0.15274478552471865 0 0 0
0.0011111111111111111 -0.09924548072791031 0.116332689280821 -0.5133543126047861 0 0 0
0.0011111111111111111 -0.10202100780354587 0.16204481512687907 0.5163887908429295 0 0 0
0.0011111111111111111 0.0883587698309578 -0.37848103918251813 0.09110743828311378 0 0 0
0.0011111111111111111 -0.06664141438279465 -0.060305121938174014 -0.12760418190583306 0 0 0
0.0011111111111111111 -0.5304531415516247 -0.06634347429406624 0.17158247951888023 0 0 0
0.0011111111111111111 0.12257466145784321 -0.08070245440065332 -0.5169820665624059 0 0 0
0.0011111111111111111 -0.24821936048450682 0.5676482016486489 -0.05809345302802824 0 0 0
0.0011111111111111111 0.0957931834233707 0.5261828006140825 0.2404969089574275 0 0 0
0.0011111111111111111 0.0643125959619328 -0.5410440460332352 -0.22426456850148255 0 0 0
0.0011111111111111111 0.2739703994628088 -0.14730780116238137 -0.02904810794201804 0 0 0
0.0011111111111111111 0.45409645207219845 -0.0975055753590708 -0.026023698387545986 0 0 0
0.0011111111111111111 -0.054055437232454547 -0.2084440910125 0.6349517812765502 0 0 0
0.0011111111111111111 -0.11222482385926204 0.26209541265492636 -0.3645816267496261 0 0 0
0.0011111111111111111 0.1624286008399633 -0.32122221757717795 0.4498975105162996 0 0 0
