750
0
0.0013333333333333333 -0.2740434455347759 0.37287190479092724 -0.10108645138828538 0 0 0
0.0013333333333333333 0.2745168556099015 0.0374615822263374 -0.597298151782513 0 0 0
0.0013333333333333333 0.014302584937424328 -0.4396101926740946 -0.21852694976400178 0 0 0
0.0013333333333333333 0.435554733922673 -0.44051078519523135 -0.16339082840885488 0 0 0
0.0013333333333333333 -0.0470353833554728 -0.24257572736573174 0.17697197757587213 0 0 0
0.0013333333333333333 -0.37843733052857004 0.017992733902647596 0.5668522085479366 0 0 0
0.0013333333333333333 0.1480695713773297 0.5354949380243964 -0.3786015718390515 0 0 0
0.0013333333333333333 0.5287331140387037 0.31966783081719485 -0.15294366953368776 0 0 0
0.0013333333333333333 0.0860546599486413 0.0016431183525525564 0.06595937778174553 0 0 0
0.0013333333333333333 -0.27809815938690835 0.5051646139099139 -0.3473926052144761 0 0 0
0.0013333333333333333 0.22379394372471326 0.1670388318548765 0.2831604502737302 0 0 0
0.0013333333333333333 0.10097214649196015 0.37794908162888197 -0.0923551368552363 0 0 0
0.0013333333333333333 0.5814785085653666 -0.2180568531315162 0.07093931985533974 0 0 0
0.0013333333333333333 0.1140838624488444 0.09236253159724059 -0.28859560680573776 0 0 0
0.0013333333333333333 0.27088235167580765 -0.07826208169655104 0.390717066038073 0 0 0
0.0013333333333333333 0.5503292184537344 -0.23937664993607635 0.29740673938718315 0 0 0
0.0013333333333333333 -0.010967786749894978 -0.4181979594377357 -0.2391056973153771 0 0 0
0.0013333333333333333 0.43616197512343974 0.353972986894842 0.3778858691463365 0 0 0
0.0013333333333333333 0.4133411862944103 0.25141773032995784 0.01051597614609194 0 0 0
0.0013333333333333333 0.2735493172261303 -0.4394368696118126 -0.42918394462552095 0 0 0
0.0013333333333333333 -0.04305464973527486 -0.17602629377112558 0.16785892762590918 0 0 0
0.0013333333333333333 -0.008588679797252205 -0.6468135795890114 -0.003063441638060565 0 0 0
0.0013333333333333333 -0.07427489347597313 -0.09700230242865408 -0.6237727137989648 0 0 0
0.0013333333333333333 0.07821312140323072 0.2332322185412695 -0.0823138070369153 0 0 0
0.0013333333333333333 -0.1642773639425754 -0.34083202225755455 0.022135986193077273 0 0 0
0.0013333333333333333 0.2813839718282246 0.13558621807843943 0.5836856216565485 0 0 0
0.0013333333333333333 -0.25937824678233506 -0.3741295993665735 0.37567457971891793 0 0 0
0.0013333333333333333 0.19686906786119351 0.4302600558421457 -0.033655437823108696 0 0 0
0.0013333333333333333 -0.46248599749350877 -0.21516451939310713 -0.352153676634073 0 0 0
0.0013333333333333333 0.0021725193337853907 0.18927252951422036 -0.25024913445618574 0 0 0
0.0013333333333333333 -0.28639544857909044 -0.17958246684191323 0.22067779465354065 0 0 0
0.0013333333333333333 0.17302573255960196 -0.46901259800085787 -0.3553334968077183 0 0 0
0.0013333333333333333 0.12120433893350804 -0.13232012269916943 -0.19940157354345725 0 0 0
0.0013333333333333333 -0.4041421026275361 0.4554900707796219 -0.3240544679525096 0 0 0
0.0013333333333333333 0.29995191682974376 -0.553008031268529 0.015752879017063428 0 0 0
0.0013333333333333333 -0.18912553153988104 0.22062760572053267 0.48789363524873613 0 0 0
0.0013333333333333333 -0.21104697307885592 -0.00983902699965252 0.5798401953492219 0 0 0
0.0013333333333333333 -0.17023239772481846 0.1861702410608102 0.013370365721455857 0 0 0
0.0013333333333333333 0.43700261544026736 -0.4413427364651047 -0.2242225216612182 0 0 0
0.0013333333333333333 -0.38174993068790025 0.17885269703421233 -0.49556775633721173 0 0 0
0.0013333333333333333 -0.003218647840599649 -0.06942170096297823 -0.3834561183667847 0 0 0
0.0013333333333333333 -0.48068432009206646 -0.14733697420486164 0.4517834422053542 0 0 0
0.0013333333333333333 0.438974830996689 0.2365280916364726 -0.23095635127552713 0 0 0
0.0013333333333333333 0.5040462217436414 0.3328506659613027 -0.13655252008211136 0 0 0
0.0013333333333333333 -0.33199062698352155 -0.47184258508304766 -0.13994023988217186 0 0 0
0.0013333333333333333 0.5234097299277741 0.255364371142227 0.23671980167744167 0 0 0
0.0013333333333333333 -0.059964431427923855 -0.015555378319416802 0.03659073724328929 0 0 0
0.0013333333333333333 0.4214068022348131 -0.2523411591151306 0.3087627212109477 0 0 0
0.0013333333333333333 0.19528179401464246 -0.3395434997309381 -0.2543084667593277 0 0 0
0.0013333333333333333 0.12038049276850914 -0.45448057262244235 0.1194082973887535 0 0 0
0.0013333333333333333 0.09169538482190015 0.2159719884995532 -0.31645756140795567 0 0 0
0.0013333333333333333 -0.2699631308487677 0.012652033986805747 0.6155575812151349 0 0 0
0.0013333333333333333 0.23134357556903476 0.26864658889382953 -0.4134861019798446 0 0 0
0.0013333333333333333 -0.2045638182307432 -0.18254730074187378 0.0869868142199618 0 0 0
0.0013333333333333333 -0.48866015462556955 0.11498309007803159 0.2602730946224587 0 0 0
0.0013333333333333333 0.12038446097113784 -0.5065981694804341 -0.3154315065724533 0 0 0
0.0013333333333333333 0.23517381387983238 -0.44849130830094647 -0.3479861224519334 0 0 0
0.0013333333333333333 -0.2533371894903828 -0.20177775814288818 -0.30989510472117426 0 0 0
0.0013333333333333333 0.1012198145572229 -0.14245961380290742 0.5111530449079682 0 0 0
0.0013333333333333333 0.05646992626494409 -0.30995927308555943 0.05814659047440345 0 0 0
0.0013333333333333333 0.011504459952141258 0.030418738426976587 0.5580308166693533 0 0 0
0.0013333333333333333 0.5051795987406382 0.09496623132786433 -0.35209784014664847 0 0 0
0.0013333333333333333 -0.12862129047848037 0.09420877926255947 0.2728267484300821 0 0 0
0.0013333333333333333 0.09752066474335484 -0.12082295906061297 -0.43201496791806304 0 0 0
0.0013333333333333333 -0.35054372583601634 0.12225042092932739 0.3008389288090941 0 0 0
0.0013333333333333333 0.24168557794205622 0.28007106564464984 0.2631559969820171 0 0 0
0.0013333333333333333 0.26852413015290777 -0.5852165535022964 -0.06808352699103824 0 0 0
0.0013333333333333333 -0.241696665568898 0.5152922005347695 -0.3082198744442704 0 0 0
0.0013333333333333333 0.3884491818895698 0.035555067526708985 -0.18127011625178713 0 0 0
0.0013333333333333333 -0.05777167362483 0.4909459998041299 0.2545357486355278 0 0 0
0.0013333333333333333 -0.3867028497510823 -0.08534977717999251 0.0074242219554855994 0 0 0
0.0013333333333333333 0.513845952945482 -0.3025148452187207 -0.23401332622315246 0 0 0
0.0013333333333333333 0.012384648773228018 0.3382814210056426 -0.5280576676150449 0 0 0
0.0013333333333333333 0.08681833425004523 0.061023822747292705 -0.17827377108759743 0 0 0
0.0013333333333333333 -0.42919713718320346 -0.04870303847171564 0.03365554643221476 0 0 0
0.0013333333333333333 -0.11493010383143655 -0.229120766004209 -0.23005271835008106 0 0 0
0.0013333333333333333 -0.28780183748288307 -0.33765973913765446 -0.022957353406291996 0 0 0
0.0013333333333333333 -0.42956396876370734 0.2601899064164875 0.45899348803421236 0 0 0
0.0013333333333333333 -0.018600715489000157 -0.27934056128796914 -0.18382303214611861 0 0 0
0.0013333333333333333 -0.4453159779535672 0.18383107395403084 -0.07513578751165728 0 0 0
0.0013333333333333333 0.1453262793506736 -0.3504710200752275 -0.1498755772928154 0 0 0
0.0013333333333333333 -0.07877543969604124 -0.36356246928074054 0.016815060018290365 0 0 0
0.0013333333333333333 -0.14391947637531724 0.27484971036097355 -0.33040357707143203 0 0 0
0.0013333333333333333 -0.47913331158257433 0.04477933923079955 -0.33417104377416657 0 0 0
0.0013333333333333333 0.198714110971841 0.00976160991030554 0.11145429423920705 0 0 0
0.0013333333333333333 0.4526802079509554 0.3692079861765808 -0.14731787960787326 0 0 0
0.0013333333333333333 -0.31368926996209506 -0.2661888006272221 -0.22824210016493343 0 0 0
0.0013333333333333333 0.21301138625787758 0.10789236691382367 -0.44907688521343414 0 0 0
0.0013333333333333333 -0.07673581601680787 -0.34138346733601715 0.5467529692340144 0 0 0
0.0013333333333333333 -0.2396172607412934 0.022227266974628884 0.2831433588616916 0 0 0
0.0013333333333333333 0.04604036414014788 0.4813370074054811 -0.2713425722927485 0 0 0
0.0013333333333333333 -0.36930062554075316 -0.07956510914017645 0.47884262899562297 0 0 0
0.0013333333333333333 -0.3756318103213964 -0.040756449994001805 -0.09309993270516513 0 0 0
0.0013333333333333333 -0.5143343697281435 -0.284144868908282 -0.13270403823286425 0 0 0
0.0013333333333333333 0.2796283491438068 -0.5587803582171027 -0.18299625189178825 0 0 0
0.0013333333333333333 0.0677162448204114 -0.12339339130228756 -0.29435106315198883 0 0 0
0.0013333333333333333 -0.42514261727173347 0.3361823735364346 -0.05861674312871955 0 0 0
0.0013333333333333333 -0.48675008043568674 0.36478549497934987 -0.2002884268360603 0 0 0
0.0013333333333333333 0.06425713950482394 0.04823117229146093 0.2802288800050205 0 0 0
0.0013333333333333333 0.038482632831584346 -0.3878987330518475 -0.09448794830327756 0 0 0
0.0013333333333333333 -0.03224119641848183 -0.1796399310708398 -0.6554449301974256 0 0 0
0.0013333333333333333 0.47312177522117566 0.15427867477241464 -0.07597103408047202 0 0 0
0.0013333333333333333 -0.3753810409496696 0.10345021778997154 0.47385772494538486 0 0 0
0.0013333333333333333 -0.28809363828002266 0.6226274218795472 -0.039253771211204304 0 0 0
0.0013333333333333333 -0.0738536601544978 -0.14763274134260482 0.5191756050902849 0 0 0
0.0013333333333333333 0.18819946371185586 -0.011656787076871348 0.31883579759249714 0 0 0
0.0013333333333333333 -0.3507193038080209 0.20341581514061818 -0.2818900083478488 0 0 0
0.0013333333333333333 -0.2909706426256502 0.24864546576166588 0.45700320747766515 0 0 0
0.0013333333333333333 0.015123743048434887 0.20391950061722866 0.02559141853516495 0 0 0
0.0013333333333333333 0.3961635854849517 0.06051225710381123 -0.3318942913909801 0 0 0
0.0013333333333333333 -0.11547776180726088 -0.6556281705136937 -0.048295951348160046 0 0 0
0.0013333333333333333 -0.026170871324168635 -0.2596433245873175 -0.18836219112016941 0 0 0
0.0013333333333333333 0.5399386963142452 0.17149296724092908 0.2036788222406822 0 0 0
0.0013333333333333333 -0.4344832640699014 -0.3273802104874479 0.05354695991828235 0 0 0
0.0013333333333333333 0.49066786552507236 0.45101872791498643 0.17322068585715306 0 0 0
0.0013333333333333333 -0.28440770662764153 0.48950490555702947 0.05714758232432751 0 0 0
0.0013333333333333333 -0.20488460432152583 -0.4798804344730571 -0.20674662181948322 0 0 0
0.0013333333333333333 0.52462577535482 -0.010950431099743287 -0.04828763355122428 0 0 0
0.0013333333333333333 -0.4107666713340068 0.06793477194321225 0.2758712805793779 0 0 0
0.0013333333333333333 0.09808614873820726 -0.44160376961248915 -0.4368816833618375 0 0 0
0.0013333333333333333 -0.2532274825170669 -0.133248113833391 0.4759925601298168 0 0 0
0.0013333333333333333 -0.11627548807979812 -0.18389686766551813 -0.28913656832878076 0 0 0
0.0013333333333333333 0.1302745624846253 -0.5351943852963122 0.3442923099186984 0 0 0
0.0013333333333333333 0.3307418116850661 0.5628712835192609 0.015214903776851087 0 0 0
0.0013333333333333333 -0.280564627202669 0.14480552990190496 0.4304158254223278 0 0 0
0.0013333333333333333 -0.09706363382221565 -0.2710835043771682 0.2309416094571092 0 0 0
0.0013333333333333333 0.19380509440313015 -0.38187243251174974 -0.1482890079449176 0 0 0
0.0013333333333333333 0.1682124275381966 -0.26196310264080264 -0.1658245890820857 0 0 0
0.0013333333333333333 -0.019590649292316863 0.12833542898805297 0.46489484425923805 0 0 0
0.0013333333333333333 0.1809101775673928 0.3088727658649516 0.30455498729062497 0 0 0
0.0013333333333333333 0.08204879476213014 0.551490547224387 0.15465254239724177 0 0 0
0.0013333333333333333 0.4097655765177562 -0.0638281869836608 0.41328409304678043 0 0 0
0.0013333333333333333 -0.058993747011199325 0.3102998501297781 -0.5845802735130384 0 0 0
0.0013333333333333333 0.06601246482843699 0.10622406292228193 -0.32427997730833114 0 0 0
0.0013333333333333333 -0.04141817776954732 0.024921438001137167 -0.13751058139820108 0 0 0
0.0013333333333333333 0.15640245823698154 -0.24552313599314388 -0.369759975758016 0 0 0
0.0013333333333333333 0.22346748549267556 0.15816732005264075 -0.4389865631368078 0 0 0
0.0013333333333333333 0.23073933877581196 0.42105857941642166 0.19751013058935532 0 0 0
0.0013333333333333333 -0.5027171778242759 0.00880803353794125 -0.45588923989566493 0 0 0
0.0013333333333333333 -0.663086286669949 -0.018749239808254863 0.011133829752143906 0 0 0
0.0013333333333333333 -0.348197486365672 -0.05899063919944974 0.57744821500881 0 0 0
0.0013333333333333333 -0.36085933128343206 -0.41485786345105297 0.10803082645001708 0 0 0
0.0013333333333333333 0.09675315388254696 0.30043056057553935 -0.05322501549800895 0 0 0
0.0013333333333333333 0.23444319157020557 -0.3460703999893772 -0.10058526113843363 0 0 0
0.0013333333333333333 -0.03755027820182713 0.3236382785903329 -0.4910690484627766 0 0 0
0.0013333333333333333 0.04091426466148874 -0.3235706113609481 0.5116358661389594 0 0 0
0.0013333333333333333 0.16369341894899017 0.34736892052943197 0.01624111149389615 0 0 0
0.0013333333333333333 -0.05862685938593384 0.16231740446415072 0.055967684244019794 0 0 0
0.0013333333333333333 0.11388448652409926 -0.21158152994490595 -0.6213965673728888 0 0 0
0.0013333333333333333 0.6348395315892764 -0.013927874841392346 -0.020418318259577548 0 0 0
0.0013333333333333333 0.32237195707436084 -0.46018512359473057 -0.008582501342315793 0 0 0
0.0013333333333333333 -0.1530765086443339 -0.2450570760111898 0.10211765587492004 0 0 0
0.0013333333333333333 0.37828874038852006 -0.27255948468825475 -0.16873155359921183 0 0 0
0.0013333333333333333 -0.2744115131277572 0.23112584452995594 -0.4870454394077439 0 0 0
0.0013333333333333333 0.4154259062870438 -0.21303617423599047 0.21187351764843812 0 0 0
0.0013333333333333333 -0.5256669149369146 -0.23778171302928552 0.03326709321476532 0 0 0
0.0013333333333333333 -0.0952693754639174 -0.05047496547324123 -0.49207110044962854 0 0 0
0.0013333333333333333 -0.46184275012220466 -0.4141691977634431 0.0807518657166841 0 0 0
0.0013333333333333333 0.22574183766168507 -0.14268870651713494 0.055794165335928805 0 0 0
0.0013333333333333333 -0.22223696723226063 0.3337221279450799 0.1587682980779578 0 0 0
0.0013333333333333333 -0.5035618183512782 0.08342372826418541 -0.3458086007622726 0 0 0
0.0013333333333333333 0.29141565442003525 -0.28511777528958876 -0.3289988092961178 0 0 0
0.0013333333333333333 -0.061056311828881014 0.10296024430815544 -0.13434742778116535 0 0 0
0.0013333333333333333 -0.24938886748437905 -0.10182920352897683 -0.10768740516032958 0 0 0
0.0013333333333333333 -0.027444108082207423 -0.6823574074176515 -0.09296058276909178 0 0 0
0.0013333333333333333 0.17175182488523694 0.10784069115875489 0.5856713254689762 0 0 0
0.0013333333333333333 0.14517176718985128 0.3526793000239486 -0.41363401546282347 0 0 0
0.0013333333333333333 0.017151030976151973 0.36515703339106853 -0.38416158347780105 0 0 0
0.0013333333333333333 0.30719473309212075 -0.15496224825711424 0.03840597304888533 0 0 0
0.0013333333333333333 0.21594943706102968 -0.2801483221065316 -0.22928772733974068 0 0 0
0.0013333333333333333 -0.2587917099843837 0.5839525208287453 -0.001675375416134469 0 0 0
0.0013333333333333333 -0.06581756448965437 -0.07268111170398199 0.5511018497282996 0 0 0
0.0013333333333333333 0.2815748082419614 -0.33297783270758646 -0.49528376053929696 0 0 0
0.0013333333333333333 0.29002508598847543 0.2703144794537492 0.38076603220522537 0 0 0
0.0013333333333333333 -0.39010508003617816 0.149067140955643 0.38410218844566885 0 0 0
0.0013333333333333333 0.18056956581872216 -0.5433868505404904 -0.1954162316766598 0 0 0
0.0013333333333333333 -0.5163194896303956 0.2952061645263736 0.20221457996073303 0 0 0
0.0013333333333333333 -0.16813218590111303 0.13586786072598406 -0.49036498672755596 0 0 0
0.0013333333333333333 0.12665972689706825 -0.5000715689080857 -0.07441478806056746 0 0 0
0.0013333333333333333 -0.27416657478845063 0.0640878317292099 0.2034563095288017 0 0 0
0.0013333333333333333 -0.20415617023945914 -0.24298043164228317 0.1971017502432996 0 0 0
0.0013333333333333333 -0.04757035408622401 0.28121881001563664 -0.5470888470849096 0 0 0
0.0013333333333333333 -0.40083437720240517 0.2306899629353974 -0.46439902710556263 0 0 0
0.0013333333333333333 0.008696425700105637 -0.5920054341872112 0.032133391099064754 0 0 0
0.0013333333333333333 0.31966241030357273 -0.48030295085885394 0.3280054309504791 0 0 0
0.0013333333333333333 -0.15803765951915058 -0.37758956897984514 0.5547957942798087 0 0 0
0.0013333333333333333 0.08505712339850319 0.6405976349249707 0.22330916425908437 0 0 0
0.0013333333333333333 0.5078986663172976 0.14758934636330429 -0.3851320286498695 0 0 0
0.0013333333333333333 0.1290529525481291 0.19250650366691077 0.5595393260784125 0 0 0
0.0013333333333333333 0.2958950044113876 0.3919944157042755 -0.2693616623835978 0 0 0
0.0013333333333333333 0.24089562920090568 -0.16220148904032158 0.09492676622749735 0 0 0
0.0013333333333333333 0.007747516312635631 -0.6305736641791431 0.14052535166403027 0 0 0
0.0013333333333333333 -0.3576162162621829 -0.25182017014882085 0.2127197587198488 0 0 0
0.0013333333333333333 0.09280482457691315 -0.12215129663323678 0.6233370386702611 0 0 0
0.0013333333333333333 0.2708730553274142 0.33273387004901267 0.2914070733665244 0 0 0
0.0013333333333333333 0.1802076804514664 -0.38988567236790406 0.340924705991961 0 0 0
0.0013333333333333333 -0.4009533594840204 -0.31264568430317186 0.06731458580281179 0 0 0
0.0013333333333333333 0.000916873231954349 0.4244393510730886 0.08571393465518577 0 0 0
0.0013333333333333333 0.2691677144726723 0.1835284906468323 0.49964296136578673 0 0 0
0.0013333333333333333 0.1544834874862619 -0.031121083072225036 -0.28401783553107024 0 0 0
0.0013333333333333333 -0.10296513495545902 0.638032014631531 -0.23445417175502778 0 0 0
0.0013333333333333333 0.5211770503919829 0.3593613140000689 -0.08210723155716675 0 0 0
0.0013333333333333333 0.14664478477731932 -0.18212854553570298 -0.027733770954545964 0 0 0
0.0013333333333333333 -0.2256008131490251 -0.13872556117609933 0.635129067971746 0 0 0
0.0013333333333333333 0.004218159075488397 -0.4547072904245812 -0.35426126754402304 0 0 0
0.0013333333333333333 -0.10320886366360989 -0.3197529317423617 0.3201039582308608 0 0 0
0.0013333333333333333 -0.47859870347266315 -0.20272422828186748 0.15818567408225187 0 0 0
0.0013333333333333333 -0.14729184810941423 -0.23697142587465758 -0.38984142473698236 0 0 0
0.0013333333333333333 0.47940719415937166 -0.2549020113426274 0.06475253530135416 0 0 0
0.0013333333333333333 0.31473348428762726 0.4511603436560804 -0.13629420682404236 0 0 0
0.0013333333333333333 0.024399816997179812 -0.17644813317490252 -0.4272751224906791 0 0 0
0.0013333333333333333 0.363355337829058 0.43047114920121426 -0.15890017116200772 0 0 0
0.0013333333333333333 0.07548231448273418 -0.1429004233087574 -0.6043698056269284 0 0 0
0.0013333333333333333 0.289239553784397 0.14385502153657553 -0.0970458710946665 0 0 0
0.0013333333333333333 -0.17977504472002326 0.0024139332879189544 -0.500110691916982 0 0 0
0.0013333333333333333 -0.44573017952984223 -0.3087474896551997 0.08859888847065915 0 0 0
0.0013333333333333333 0.05547065967581779 -0.2528506032780823 -0.5452644844105542 0 0 0
0.0013333333333333333 -0.38466232486978896 0.032781309851096584 0.26648987822170866 0 0 0
0.0013333333333333333 -0.3138709849399709 0.25029736355063 -0.23533681339429083 0 0 0
0.0013333333333333333 0.02014947733051606 -0.09434556858388914 -0.11045344861241285 0 0 0
0.0013333333333333333 -0.20990391176054501 -0.5873033288343003 0.19592845692148544 0 0 0
0.0013333333333333333 0.03956741520214553 -0.5804309626793808 0.260263913486991 0 0 0
0.0013333333333333333 0.13493710045067822 -0.5299262834391889 -0.19767494566762497 0 0 0
0.0013333333333333333 0.26474071564644375 -0.12204074254585391 0.5012921635297841 0 0 0
0.0013333333333333333 -0.13014927898349443 0.09539764090342556 0.04405123306782518 0 0 0
0.0013333333333333333 0.538723794170444 -0.14897906848990022 0.011416899519635294 0 0 0
0.0013333333333333333 -0.3267213476967311 0.17886691184240422 0.0110144087035619 0 0 0
0.0013333333333333333 -0.2863694520999295 -0.3015868890496854 0.13044773232642026 0 0 0
0.0013333333333333333 0.06828081775192014 -0.2943774773173969 0.14583636391004673 0 0 0
0.0013333333333333333 0.3693647146838223 -0.18739125668560164 0.17483335652475773 0 0 0
0.0013333333333333333 -0.1464104843637424 0.5928633897190062 0.03660165324683198 0 0 0
0.0013333333333333333 0.09190125892891195 -0.09857562319618261 0.15904085938767457 0 0 0
0.0013333333333333333 0.1990218096121811 0.3504401904463682 -0.5574053104937722 0 0 0
0.0013333333333333333 -0.4750827821088491 -0.026268292114495207 -0.2918982338971887 0 0 0
0.0013333333333333333 0.37720625565581395 0.00660245198236054 0.5584881087410167 0 0 0
0.0013333333333333333 -0.5214193891620629 -0.3821252082900473 0.15022693636435844 0 0 0
0.0013333333333333333 -0.2895447956920044 0.15116098184569418 -0.11326826414569072 0 0 0
0.0013333333333333333 0.2121289431054666 -0.36571612904202 -0.5246282970603721 0 0 0
0.0013333333333333333 -0.07375897537716294 -0.2759672078389998 -0.37696868277340484 0 0 0
0.0013333333333333333 -0.31501505244052347 0.3398708877495232 0.3810307473559618 0 0 0
0.0013333333333333333 0.45915149951992207 -0.06514516538679949 -0.3041721389962179 0 0 0
0.0013333333333333333 -0.24611035124134753 0.24723396680718132 0.3026214774017787 0 0 0
0.0013333333333333333 0.28948652181961665 -0.4694232797342669 0.31244269267197256 0 0 0
0.0013333333333333333 -0.25647872381229886 0.39721371521207144 0.31111344222539516 0 0 0
0.0013333333333333333 0.23413753790559813 -0.4970556478715312 0.2826969291426221 0 0 0
0.0013333333333333333 0.19526505671210018 -0.23271535888875325 -0.2986361927972022 0 0 0
0.0013333333333333333 0.2032000470377106 0.12340326032561756 0.09771572937401939 0 0 0
0.0013333333333333333 -0.3046620255503428 -0.05927617218692254 0.404892380287412 0 0 0
0.0013333333333333333 0.17177223201953484 0.5590525251271944 -0.1666628592869181 0 0 0
0.0013333333333333333 0.24649463201954633 0.3154747874743794 0.551552144942783 0 0 0
0.0013333333333333333 0.3050911248888908 -0.06108270146110074 0.20514533648488667 0 0 0
0.0013333333333333333 0.25490269214293915 0.6242896818593684 0.02972239159663992 0 0 0
0.0013333333333333333 -0.4989459966680356 -0.04268585295611949 0.030610038825792826 0 0 0
0.0013333333333333333 -0.35915831739395404 0.2108327389216819 -0.3667505309541129 0 0 0
0.0013333333333333333 0.2867547151927912 -0.47773402415993954 0.2248850239512186 0 0 0
0.0013333333333333333 -0.24245032874027603 0.5499159953790314 -0.2696731333456175 0 0 0
0.0013333333333333333 0.07753548412678143 0.30732433544001225 0.1881742023687874 0 0 0
0.0013333333333333333 0.20340333706300745 0.6368904852725832 -0.07533176791065677 0 0 0
0.0013333333333333333 -0.2577854713062521 0.14036650750641327 0.5568823213968945 0 0 0
0.0013333333333333333 0.01375605776747279 -0.11087029583526077 0.22138628145064704 0 0 0
0.0013333333333333333 -0.03502247983728455 0.03152751166241874 0.14567331894942348 0 0 0
0.0013333333333333333 -0.22551268248200781 0.11858808249663005 0.38065476824330563 0 0 0
0.0013333333333333333 -0.3643770251172941 0.17603715020092398 -0.5505046809550914 0 0 0
0.0013333333333333333 0.03607834655582696 -0.1597090420675994 0.23708750385121738 0 0 0
0.0013333333333333333 -0.36629615945297794 -0.1029265776350826 0.5512722716250587 0 0 0
0.0013333333333333333 -0.3217675960224196 0.2945702541908676 0.43716536942146406 0 0 0
0.0013333333333333333 0.3724101396913337 -0.22082684725987772 -0.46454334632019345 0 0 0
0.0013333333333333333 -0.366504191908318 -0.15370285501513703 -0.22083645082112927 0 0 0
0.0013333333333333333 -0.11328585445187063 0.3080455769574799 -0.333096163024199 0 0 0
0.0013333333333333333 -0.6252905567955717 -0.2251583244016162 0.08854147991024203 0 0 0
0.0013333333333333333 -0.3628580381060435 -0.10863430989465246 -0.4422126716358896 0 0 0
0.0013333333333333333 -0.15384697211973555 -0.24832477059636593 -0.6236363193731832 0 0 0
0.0013333333333333333 -0.31659384542005653 -0.3187283816133879 -0.4880057438023526 0 0 0
0.0013333333333333333 -0.23953117833225634 -0.4938037076389856 -0.3741852647594706 0 0 0
0.0013333333333333333 -0.21982522241205493 0.32801044011433345 0.01117037494726487 0 0 0
0.0013333333333333333 0.41844707549146387 -0.42002623411260637 -0.22545917881585706 0 0 0
0.0013333333333333333 0.5930250015867999 -0.08008854341174353 0.12009737848994709 0 0 0
0.0013333333333333333 0.3801823187357128 -0.5004190651406507 0.23668562876582705 0 0 0
0.0013333333333333333 -0.45509582794838727 -0.2790821680720779 -0.0019549320589933297 0 0 0
0.0013333333333333333 -0.19658816618853897 -0.11503345277533436 0.5079920294552476 0 0 0
0.0013333333333333333 0.05702494797762467 -0.3885188331621794 -0.20284027007107577 0 0 0
0.0013333333333333333 0.44620062530996096 -0.4537311509263634 -0.034495075499070535 0 0 0
0.0013333333333333333 -0.2489512709642628 -0.3292751851976301 0.2919867552793714 0 0 0
0.0013333333333333333 0.01581503874994904 -0.4266565118397977 -0.033172509041548726 0 0 0
0.0013333333333333333 -0.17425053445357314 -0.1341986868135128 -0.14593923482600016 0 0 0
0.0013333333333333333 0.06380698039292539 -0.19183895540235937 0.6511419205378407 0 0 0
0.0013333333333333333 0.32175443084216426 -0.00810642850974208 0.43720378989044356 0 0 0
0.0013333333333333333 -0.21420314687644024 0.018788179231053904 0.6329682901594746 0 0 0
0.0013333333333333333 -0.07424095852843565 -0.10875014326976105 0.33881530360920453 0 0 0
0.0013333333333333333 0.5854110263988432 -0.17926613602656746 0.09240027608370524 0 0 0
0.0013333333333333333 0.1407124903505138 0.31194235917615115 -0.26909823018416673 0 0 0
0.0013333333333333333 -0.2824518863011256 -0.3731114966259414 -0.05127854973106577 0 0 0
0.0013333333333333333 0.13527763374623286 -0.129004692335258 0.12392579722475375 0 0 0
0.0013333333333333333 0.12247246103770668 -0.195708825643961 -0.1831248652069725 0 0 0
0.0013333333333333333 0.6357643373538353 -0.09227263201611373 0.11226063707470346 0 0 0
0.0013333333333333333 0.05637319578501558 -0.241376407700165 -0.2309335988236857 0 0 0
0.0013333333333333333 0.03554943650443731 0.49464274714654344 0.19445244387607724 0 0 0
0.0013333333333333333 0.20311345699338904 -0.02147720247065332 -0.40062427046622673 0 0 0
0.0013333333333333333 0.28746177630775355 0.33802966513646193 0.19947312997298533 0 0 0
0.0013333333333333333 -0.3002672237820612 -0.3492504117092651 0.007745691727054856 0 0 0
0.0013333333333333333 -0.057370054166937606 -0.3290252994246088 -0.5206412825376553 0 0 0
0.0013333333333333333 -0.15803751208698966 0.008018923292322696 0.2391150065344089 0 0 0
0.0013333333333333333 -0.16026668886499862 0.32562268242416076 -0.4862232673831275 0 0 0
0.0013333333333333333 0.20533964861458293 -0.0985129094988517 0.3609338616055123 0 0 0
0.0013333333333333333 0.14872084523432202 -0.2031422427242567 -0.4141496141586721 0 0 0
0.0013333333333333333 -0.1395422674239813 0.22878333332720496 -0.019729116220780635 0 0 0
0.0013333333333333333 -0.4400150768549141 0.2690669724146311 8.54723702820999e-05 0 0 0
0.0013333333333333333 -0.3921434369816221 -0.375445620525309 0.2090456022164586 0 0 0
0.0013333333333333333 0.2981124707494918 -0.32613325983315156 -0.44472102620395754 0 0 0
0.0013333333333333333 -0.18991204518803068 -0.19182491476831656 -0.3973476640939823 0 0 0
0.0013333333333333333 0.318938621775557 0.09375577505961558 -0.451929232239032 0 0 0
0.0013333333333333333 0.3441474824654839 0.3415551820892501 -0.15293631742505953 0 0 0
0.0013333333333333333 0.5641621813980409 0.11488461152275224 -0.18735039667087175 0 0 0
0.0013333333333333333 0.29317587542324136 0.016273806455263284 -0.25368136749878845 0 0 0
0.0013333333333333333 0.03286051839515462 0.3477509592886442 0.5442750485422195 0 0 0
0.0013333333333333333 0.19456611167113144 -0.03504118278831486 0.42796586433244366 0 0 0
0.0013333333333333333 -0.41218282670774664 0.197751449133653 -0.47061348210762066 0 0 0
0.0013333333333333333 0.1012114123529738 -0.3714963210262181 0.27210103476024433 0 0 0
0.0013333333333333333 0.3128533879896384 0.29793631655921043 -0.2431978953690519 0 0 0
0.0013333333333333333 -0.35561122728046957 0.4087340866789668 -0.3291529559583862 0 0 0
0.0013333333333333333 0.11011121395187062 0.5759725027714367 -0.12810847695964794 0 0 0
0.0013333333333333333 -0.14341332514368013 0.06743822596867367 -0.5649476325038115 0 0 0
0.0013333333333333333 -0.013010989834132167 -0.5817918728855873 0.2888501347122269 0 0 0
0.0013333333333333333 -0.12184730751082255 -0.5912873224008596 -0.2120462631628557 0 0 0
0.0013333333333333333 0.11379658326814418 0.07844927502554415 0.4421804851556593 0 0 0
0.0013333333333333333 0.43016464011467564 -0.05665514433139252 0.42097397377482115 0 0 0
0.0013333333333333333 0.01780505008091947 0.20209245836611497 0.5574069910545725 0 0 0
0.0013333333333333333 -0.42180099059225973 -0.3399496947423973 -0.02135223193153708 0 0 0
0.0013333333333333333 0.4079877483380162 0.09645561392917773 0.5302163834996932 0 0 0
0.0013333333333333333 -0.22478146188221806 0.06818807896002053 -0.4393007502458704 0 0 0
0.0013333333333333333 0.2447963637958407 0.37627278988394497 0.12534291034892184 0 0 0
0.0013333333333333333 -0.3831034788272262 -0.4725917512737015 -0.30832582877932757 0 0 0
0.0013333333333333333 0.17300169199862928 -0.5361561284042515 0.3047499987729742 0 0 0
0.0013333333333333333 0.18335472581795814 0.06085058249851476 -0.4604361129439849 0 0 0
0.0013333333333333333 -0.13413714618670985 0.1366297448005673 0.4394109968871637 0 0 0
0.0013333333333333333 -0.04189281304506645 -0.19360141005638615 0.6468324555957498 0 0 0
0.0013333333333333333 -0.06794528331943432 -0.20742042863464794 -0.16534065088794603 0 0 0
0.0013333333333333333 0.47336531608633875 -0.017697603111485567 -0.06140513868978028 0 0 0
0.0013333333333333333 -0.24004088593974582 0.21713421078068398 0.516546932205554 0 0 0
0.0013333333333333333 0.3439650437561948 0.24046340679043116 -0.36863307937114925 0 0 0
0.0013333333333333333 0.522004688537501 0.0008230970708196611 -0.04579677420351272 0 0 0
0.0013333333333333333 0.26455348825342884 0.13536315042219924 -0.08964410892256164 0 0 0
0.0013333333333333333 -0.3359116657196124 -0.4201931302449348 0.12033207977545364 0 0 0
0.0013333333333333333 0.3335177325452531 -0.13903037657793857 -0.12687476650053264 0 0 0
0.0013333333333333333 0.0696681008733899 0.2364598870249088 -0.34331952642962055 0 0 0
0.0013333333333333333 0.47542966185671176 -0.004923666646179632 -0.3751820009134272 0 0 0
0.0013333333333333333 -0.11956150724355666 0.6212999091212797 -0.037747617038030985 0 0 0
0.0013333333333333333 -0.4021648717666525 0.4072265875824679 0.1323078601364264 0 0 0
0.0013333333333333333 -0.005998762479607434 -0.011757538238515821 0.6292762690400245 0 0 0
0.0013333333333333333 -0.4195672693115302 -0.12690012005232482 -0.07456358879362791 0 0 0
0.0013333333333333333 0.0828979593513566 0.14059161615669336 0.08026747394999773 0 0 0
0.0013333333333333333 -0.13826581834227927 0.3399911906615082 0.34529747097190416 0 0 0
0.0013333333333333333 0.4976936509435553 0.12448672994992456 0.2744047985818606 0 0 0
0.0013333333333333333 0.06938483521862213 -0.5653204303612631 -0.278119798427257 0 0 0
0.0013333333333333333 -0.5885552620275573 0.04393664798758581 -0.0014805133822273196 0 0 0
0.0013333333333333333 0.4067304944824822 -0.2937358937389071 0.02071672417261618 0 0 0
0.0013333333333333333 -0.1440262763306185 0.3075772073153073 0.3567150680013787 0 0 0
0.0013333333333333333 -0.13949524924210968 0.2307985263184539 -0.5196844324418509 0 0 0
0.0013333333333333333 -0.31360614249391594 0.543685983796573 0.24247548944279096 0 0 0
0.0013333333333333333 -0.21282097848664772 0.08335004342861065 -0.00047653560412701197 0 0 0
0.0013333333333333333 -0.21981695578801802 -0.0835601535149997 -0.164179418773098 0 0 0
0.0013333333333333333 -0.4997814080409039 0.19187757717912132 0.3169413118020879 0 0 0
0.0013333333333333333 0.2521566483955396 0.5120885057305044 0.05158937312575585 0 0 0
0.0013333333333333333 -0.08100609903290697 -0.3069275800622166 0.007538753491397061 0 0 0
0.0013333333333333333 0.20633057062681381 -0.6589149027979394 -0.049283265606538396 0 0 0
0.0013333333333333333 0.4178299553179819 0.3439019990834352 0.24961467418971317 0 0 0
0.0013333333333333333 -0.2574773969508481 -0.06728915819523835 0.34050138534369695 0 0 0
0.0013333333333333333 -0.17421045313632447 0.6146456812792734 0.16428076267403263 0 0 0
0.0013333333333333333 0.45918493829550733 -0.25965272179765597 -0.1620232198751625 0 0 0
0.0013333333333333333 -0.21270335680560387 -0.3086573169818514 -0.5247819756674497 0 0 0
0.0013333333333333333 0.14212602236832078 0.11534891074815448 -0.1388376801253823 0 0 0
0.0013333333333333333 0.41996578222487263 0.19168954780259986 0.434132883177164 0 0 0
0.0013333333333333333 0.16108882159270715 0.6389817105865547 -0.06680668467830819 0 0 0
0.0013333333333333333 0.3679388910156685 0.3124940321298901 -0.2106983267656293 0 0 0
0.0013333333333333333 0.32054263560384016 0.027560505276458064 0.4812937386684434 0 0 0
0.0013333333333333333 0.31545714515554274 0.10928227735003868 0.013129234651389087 0 0 0
0.0013333333333333333 -0.4985720690175414 -0.33533680566745816 0.058917042958151575 0 0 0
0.0013333333333333333 0.0055007655058933935 0.29119817178232277 0.44556384068165505 0 0 0
0.0013333333333333333 0.45792486467155824 0.24933368760910338 0.41359569328033674 0 0 0
0.0013333333333333333 -0.46660024269738537 0.20425633824776007 0.3672620045906471 0 0 0
0.0013333333333333333 -0.13573846577487572 0.010191735361429487 -0.008522176831973824 0 0 0
0.0013333333333333333 0.46685444363622536 0.39692898344856564 -0.29187209040884277 0 0 0
0.0013333333333333333 0.1035670082001067 -0.03734624805136853 -0.4498182124685129 0 0 0
0.0013333333333333333 0.14408002801642938 -0.013840648590784434 -0.03742669659759323 0 0 0
0.0013333333333333333 -0.31295573033023183 0.14244636365997893 -0.14781937732013073 0 0 0
0.0013333333333333333 0.10913354283304438 0.015224633939767009 0.43525275058112517 0 0 0
0.0013333333333333333 -0.06746250996323595 -0.09242434702147842 0.58781144563012 0 0 0
0.0013333333333333333 0.0011496533902982666 -0.24249947075877976 0.43597114998761005 0 0 0
0.0013333333333333333 0.24747268900388603 0.46845089789684324 -0.09465963446492241 0 0 0
0.0013333333333333333 0.48745101751248937 0.059802842514424324 0.4451643501109039 0 0 0
0.0013333333333333333 -0.2536895747900357 -0.2852635849713493 0.08800627363793631 0 0 0
0.0013333333333333333 -0.506475595166405 -0.07270201157358692 -0.39531627642881256 0 0 0
0.0013333333333333333 0.16985038631829852 0.09420038188808251 -0.0659791839287556 0 0 0
0.0013333333333333333 0.5308053365611606 0.013747267878250936 -0.24721770157752437 0 0 0
0.0013333333333333333 0.00547107062954873 0.198076686746499 0.34479913381967503 0 0 0
0.0013333333333333333 0.17200382366249972 0.29881095492975485 0.18759888306631847 0 0 0
0.0013333333333333333 0.22510368275257361 0.1257142701527077 0.38449845997982635 0 0 0
0.0013333333333333333 0.306996385614389 0.07204008819991434 0.44911834686057844 0 0 0
0.0013333333333333333 -0.20327145363444635 0.6265274033283368 0.14150959409754232 0 0 0
0.0013333333333333333 0.3456098007783899 -0.005339516212720463 -0.4396626153152969 0 0 0
0.0013333333333333333 0.1416495437258695 0.20396002920259096 0.4595484970205223 0 0 0
0.0013333333333333333 -0.2021394336382605 0.02109254546172812 0.08955550426270725 0 0 0
0.0013333333333333333 0.33185542859061323 0.277800194760852 -0.5219979933320265 0 0 0
0.0013333333333333333 -0.4672424738823057 0.21522852042000856 0.24407786246488303 0 0 0
0.0013333333333333333 -0.13377345763778004 0.6050926338664893 -0.2430016871922267 0 0 0
0.0013333333333333333 -0.23692233761909942 -0.19140332945670455 0.3959845102942474 0 0 0
0.0013333333333333333 -0.17442437857395482 0.4882043149612209 0.38566824651034315 0 0 0
0.0013333333333333333 -0.358241617265952 0.5668300058792597 -0.12269503585536107 0 0 0
0.0013333333333333333 0.07826233154108977 -0.39531459727359075 -0.3325034716672015 0 0 0
0.0013333333333333333 0.226174331762218 0.006894142532749969 -0.02031647650293208 0 0 0
0.0013333333333333333 -0.5953696279638453 0.2905440470860693 -0.037193277733482494 0 0 0
0.0013333333333333333 0.2961463696494805 -0.37817121321885877 0.004139845787188219 0 0 0
0.0013333333333333333 -0.028311439879989585 -0.12538142299061708 0.025109539324201353 0 0 0
0.0013333333333333333 0.10747343719460366 0.08254862788969554 -0.2839099201062753 0 0 0
0.0013333333333333333 -0.28563454254992304 -0.1744488988459197 -0.1859635958198872 0 0 0
0.0013333333333333333 -0.26307058236621933 -0.36136807911507496 -0.3413100729120046 0 0 0
0.0013333333333333333 -0.08539768761455815 0.14378030127436411 0.18733176856646966 0 0 0
0.0013333333333333333 0.14871350194414804 0.5341058371975305 0.08673071246906977 0 0 0
0.0013333333333333333 0.18526467587354592 0.304367079825323 0.09495997105129168 0 0 0
0.0013333333333333333 -0.4614600009604737 -0.08298616486989323 -0.36858198473898995 0 0 0
0.0013333333333333333 -0.334917286826331 0.2671908636616635 0.5215656614059663 0 0 0
0.0013333333333333333 -0.0068046139909778754 0.1092306877694469 0.044086978934060224 0 0 0
0.0013333333333333333 0.35216421821464583 -0.414504457003255 0.052435950175065735 0 0 0
0.0013333333333333333 -0.3014054617610491 -0.3886468708060213 -0.05114850657045882 0 0 0
0.0013333333333333333 -0.25860522245154655 0.5479271008576335 0.2653447769176408 0 0 0
0.0013333333333333333 0.004630743997477175 0.182953628494943 0.39673008344323946 0 0 0
0.0013333333333333333 -0.511751722574842 0.23816130901371219 0.2450566932664352 0 0 0
0.0013333333333333333 0.5336327431805381 -0.17949211576419283 -0.03782386815119693 0 0 0
0.0013333333333333333 0.2530507291033748 0.3152440250920384 0.5248580216097876 0 0 0
0.0013333333333333333 0.149085020893487 0.40343060733910946 -0.4889895180836509 0 0 0
0.0013333333333333333 -0.18833308732407075 -0.3445768100010113 -0.28960165035874985 0 0 0
0.0013333333333333333 -0.21113524861207836 0.4491819341467785 0.42500018061558925 0 0 0
0.0013333333333333333 0.08820244961582326 0.3218821620004713 0.11316995167853472 0 0 0
0.0013333333333333333 0.3482982195526292 -0.05406944462095764 0.23596885015573274 0 0 0
0.0013333333333333333 -0.46753732143232873 0.20068405840535083 -0.06368800847931916 0 0 0
0.0013333333333333333 -0.4582163316242062 0.025936677707027334 0.39374091420819435 0 0 0
0.0013333333333333333 -0.39034718589892975 0.01521831377267383 0.2635464518258193 0 0 0
0.0013333333333333333 0.09065496072664338 0.2711280588674919 0.041229099256046634 0 0 0
0.0013333333333333333 0.17833927324067345 -0.3792188283821187 -0.5184822667356026 0 0 0
0.0013333333333333333 -0.24510498937667075 0.14514722275401695 0.09182037413372729 0 0 0
0.0013333333333333333 0.005450157594499834 -0.4115675260115096 0.39390364667572786 0 0 0
0.0013333333333333333 0.268307594689403 -0.2468802531729835 0.5288089235058437 0 0 0
0.0013333333333333333 -0.4820901489273586 0.32729669229959074 -0.1581029275407946 0 0 0
0.0013333333333333333 0.08653812223433353 0.23600759877567729 -0.5714285529815522 0 0 0
0.0013333333333333333 -0.195465872516567 0.3249852376378966 0.15149945448763694 0 0 0
0.0013333333333333333 -0.3392175859181342 0.33897733590003687 -0.11387981583225253 0 0 0
0.0013333333333333333 0.3109210096286114 0.16828797347744245 -0.512181301809141 0 0 0
0.0013333333333333333 0.15897546258074235 0.46308887855616965 -0.2906341983675022 0 0 0
0.0013333333333333333 -0.17092588213551901 0.211787133724131 -0.21639588901378645 0 0 0
0.0013333333333333333 -0.109266635707301 -0.2012957529825666 0.007837694379981228 0 0 0
0.0013333333333333333 0.08549196668642262 0.23423191243388675 0.43183123398742335 0 0 0
0.0013333333333333333 0.058471168510997935 -0.17385578442335034 0.09898989347815376 0 0 0
0.0013333333333333333 -0.2408457211085477 0.22024872473525076 0.040180130719006245 0 0 0
0.0013333333333333333 0.4589853589777204 0.13319834229958558 0.3201269478623064 0 0 0
0.0013333333333333333 0.2255020526952564 -0.12757609789764285 0.6419408661773418 0 0 0
0.0013333333333333333 -0.5367984362498194 -0.1655005562897627 -0.4052831665776813 0 0 0
0.0013333333333333333 -0.06170325503154215 -0.002107592535749084 -0.12207513054044641 0 0 0
0.0013333333333333333 -0.42321684388833714 -0.0873041155186086 0.2033425510463182 0 0 0
0.0013333333333333333 -0.4273543262350376 -0.1884989495950575 0.045581159118684045 0 0 0
0.0013333333333333333 -0.05530375355523895 -0.2231200279921474 0.42001875802039834 0 0 0
0.0013333333333333333 -0.5455240938358747 -0.2771156234750861 -0.24547431946927836 0 0 0
0.0013333333333333333 0.6376960703261755 -0.2233965785083825 0.05261079407519056 0 0 0
0.0013333333333333333 0.2894279807538578 0.1373745990683161 -0.10984354200043579 0 0 0
0.0013333333333333333 0.31684489248307346 0.5197654891852582 0.14990750068775052 0 0 0
0.0013333333333333333 0.26217128168035747 -0.07041778324697796 -0.3912607844150538 0 0 0
0.0013333333333333333 -0.26663458545422103 -0.2699800033526359 -0.5676963088500023 0 0 0
0.0013333333333333333 0.14160238243482562 0.6252152509677573 0.14237797012832146 0 0 0
0.0013333333333333333 0.46611538071281033 0.061856487318511746 -0.08680065015822985 0 0 0
0.0013333333333333333 -0.22727463406359086 0.1677338373780358 -0.592391218392624 0 0 0
0.0013333333333333333 -0.32955970367707565 0.11939565348114496 -0.5462934899084749 0 0 0
0.0013333333333333333 0.6223060110183354 4.222867253912654e-05 -0.1547791409674747 0 0 0
0.0013333333333333333 -0.1760255142094209 -0.5501834053440269 0.19403127810770246 0 0 0
0.0013333333333333333 0.07336054899158702 0.12245500264231086 -0.004056781517953306 0 0 0
0.0013333333333333333 -0.19570129840620287 0.31276982309582096 -0.3121272661270364 0 0 0
0.0013333333333333333 -0.29128931786386086 0.32828590874404784 0.06987386591732733 0 0 0
0.0013333333333333333 0.2627207104253025 -0.3129782802639261 0.1618638741841696 0 0 0
0.0013333333333333333 0.2036308018592176 0.5354834944479804 0.2953626817162666 0 0 0
0.0013333333333333333 -0.4617338961582179 -0.21825665953253803 0.3479759027431695 0 0 0
0.0013333333333333333 -0.0719318619686527 -0.08395197219121397 0.1788339865865471 0 0 0
0.0013333333333333333 -0.1452517630170187 -0.3591677399244851 -0.5716842574398878 0 0 0
0.0013333333333333333 -0.5226103636751775 -0.13421291151386996 -0.16512523931585274 0 0 0
0.0013333333333333333 0.19802787353255483 -0.023856559560775283 -0.1984313136602361 0 0 0
0.0013333333333333333 0.5956654351643401 0.11445749438354223 -0.09325585664768889 0 0 0
0.0013333333333333333 -0.08760447930251686 -0.39520771779820585 0.15422725183086602 0 0 0
0.0013333333333333333 0.19756214424271598 0.41258138744892514 -0.05267891508893315 0 0 0
0.0013333333333333333 -0.08541581581373887 -0.5946501391967314 -0.29100019938428817 0 0 0
0.0013333333333333333 -0.27052805346589726 -0.23562971555016968 -0.08397804134136397 0 0 0
0.0013333333333333333 -0.026005871187958125 -0.3883792390341768 0.3573700958567644 0 0 0
0.0013333333333333333 0.18572661463850343 0.5438472137144392 -0.0013251093797610224 0 0 0
0.0013333333333333333 0.3964545778809192 0.23893076606919988 0.09212340285469654 0 0 0
0.0013333333333333333 -0.13223647505070454 -0.04539792036980336 0.030884248970051802 0 0 0
0.0013333333333333333 0.5986847756523446 -0.10055713219629453 0.30134814366487384 0 0 0
0.0013333333333333333 -0.2787470057565396 -0.19304582502322737 -0.2848684307643824 0 0 0
0.0013333333333333333 0.012803163988900496 -0.06678227291890372 -0.682581897457787 0 0 0
0.0013333333333333333 -0.0054653948282412735 -0.5120628050316108 -0.03838561096167957 0 0 0
0.0013333333333333333 0.4769859222628177 0.0006040310909754645 -0.45379160171803734 0 0 0
0.0013333333333333333 -0.4693726142373269 -0.17407012144304582 -0.12504580431436338 0 0 0
0.0013333333333333333 -0.0442650970379604 -0.29528720221087257 -0.32364851674974526 0 0 0
0.0013333333333333333 0.29522937111070796 0.4756923097728027 -0.06051681267178644 0 0 0
0.0013333333333333333 -0.05178680379107644 0.19144455689382125 -0.12363350830259637 0 0 0
0.0013333333333333333 0.297552097399859 -0.2814854402259941 0.1317468555847798 0 0 0
0.0013333333333333333 0.0934795553734558 0.08032068127230138 0.08726304067612181 0 0 0
0.0013333333333333333 -0.6396446135507894 -0.07171415777486183 0.019532815424723914 0 0 0
0.0013333333333333333 -0.13776055358453013 0.42341306905218684 -0.41087052697204174 0 0 0
0.0013333333333333333 0.24890417036062304 0.17867621809322098 0.3347834204394331 0 0 0
0.0013333333333333333 -0.11786143506895681 0.4065701459940156 0.4830302841231978 0 0 0
0.0013333333333333333 0.4742270314471402 0.17785743237456245 -0.37417010711999993 0 0 0
0.0013333333333333333 0.10752391465080353 0.2927134131937692 -0.44227618487573667 0 0 0
0.0013333333333333333 -0.0998739544446121 -0.023646565745793668 0.04024283488438108 0 0 0
0.0013333333333333333 0.4422504530802915 0.19706189349303743 0.18202413771808176 0 0 0
0.0013333333333333333 -0.5129363078183914 -0.3841200549969268 -0.1884100897685521 0 0 0
0.0013333333333333333 -0.2955014206034252 -0.4581572627219801 -0.15734130751256023 0 0 0
0.0013333333333333333 0.6190383446061268 0.22044065435752583 0.1411223198904002 0 0 0
0.0013333333333333333 0.15974949239443093 0.47591588584700667 -0.41042562882433586 0 0 0
0.0013333333333333333 -0.21301782528543783 -0.17326290441806283 0.15118656138444292 0 0 0
0.0013333333333333333 0.11105041683459448 -0.4008943420437501 0.3968700658553272 0 0 0
0.0013333333333333333 0.5106346987583541 0.2668903828514894 0.3741848211830477 0 0 0
0.0013333333333333333 -0.4490895751875803 -0.14640291422847446 0.0751637238023567 0 0 0
0.0013333333333333333 -0.18277758744890354 -0.5699285461465671 -0.07841096356749203 0 0 0
0.0013333333333333333 -0.22033992504826116 -0.36950919788705944 0.2984609899078422 0 0 0
0.0013333333333333333 0.01161831080604683 0.4635592306202781 0.35335331264596287 0 0 0
0.0013333333333333333 -0.1283641940015011 -0.11642442602521694 -0.03778884255950151 0 0 0
0.0013333333333333333 -0.44256859448292535 0.21027518955069732 -0.34161762064650036 0 0 0
0.0013333333333333333 0.1112774722405489 -0.39477246694988016 -0.5114704107369539 0 0 0
0.0013333333333333333 0.2631594251964466 0.1130880912111274 -0.009625355853638707 0 0 0
0.0013333333333333333 -0.07825308097229154 -0.31257565277240856 -0.5523806637193208 0 0 0
0.0013333333333333333 -0.4891726625126768 -0.4658128314180558 -0.11690585398752334 0 0 0
0.0013333333333333333 0.298152839515679 -0.34611375707801045 -0.07781470553582773 0 0 0
0.0013333333333333333 -0.1157450764840201 0.18625839722630638 -0.3597603123704694 0 0 0
0.0013333333333333333 0.05314987678525205 0.3706984003634626 0.4140114785334234 0 0 0
0.0013333333333333333 0.44334262894638876 0.1747642564563454 0.47129252499934093 0 0 0
0.0013333333333333333 -0.49409760343856823 0.17909935543440486 -0.03676382697920079 0 0 0
0.0013333333333333333 0.42623316449374204 -0.08322343753613581 0.270793790524697 0 0 0
0.0013333333333333333 0.48797258281834516 0.19947976305540127 -0.42079699561195477 0 0 0
0.0013333333333333333 -0.10332929741488074 0.012910106271307264 -0.14153798761118389 0 0 0
0.0013333333333333333 -0.3583030468161185 0.4119136706361667 0.29078511280030206 0 0 0
0.0013333333333333333 -0.19016476882855984 0.47734297839187906 0.3955132625718172 0 0 0
0.0013333333333333333 -0.48357312398257235 -0.11978925141055496 -0.31312599779819783 0 0 0
0.0013333333333333333 0.20577472301047642 0.3011419962289657 0.41553462814188 0 0 0
0.0013333333333333333 -0.016530176138868924 -0.3188472585725309 -0.37993988441933857 0 0 0
0.0013333333333333333 0.34038853145904524 -0.15922877382735273 0.21943975731719043 0 0 0
0.0013333333333333333 -0.42695532603297565 -0.4300836744590016 -0.13520979654425766 0 0 0
0.0013333333333333333 -0.008359303802539938 0.23434986696120189 0.48994381125538394 0 0 0
0.0013333333333333333 0.44961685347521263 -0.2572761299774213 0.09238797743607327 0 0 0
0.0013333333333333333 0.028319999427424015 -0.17163853260439774 0.12089116963513469 0 0 0
0.0013333333333333333 0.3503445190084838 0.02666837917474505 0.1174417177873347 0 0 0
0.0013333333333333333 -0.1277230212013225 -0.3274114528561884 0.014026619391443012 0 0 0
0.0013333333333333333 -0.1932099719546569 -0.5195641303902138 0.394261006269015 0 0 0
0.0013333333333333333 -0.17032332662306496 0.07689531638334846 0.42090377918112837 0 0 0
0.0013333333333333333 -0.6656443903048427 -0.05521862635005678 -0.05780279904682272 0 0 0
0.0013333333333333333 0.21034564406886386 -0.32399806265448194 0.2675241526982646 0 0 0
0.0013333333333333333 0.2422278689322084 0.45336460404636825 0.1668727621776762 0 0 0
0.0013333333333333333 0.30859990354168915 -0.5071598903631812 -0.18755081781978403 0 0 0
0.0013333333333333333 -0.2408131460267947 -0.342684064425132 0.3750455660942391 0 0 0
0.0013333333333333333 -0.3463658616587962 -0.1928397533943712 -0.0884211820910179 0 0 0
0.0013333333333333333 0.3236450937017377 -0.04661439756682643 -0.13406657423938548 0 0 0
0.0013333333333333333 0.5663711946841271 -0.0052671400920030345 0.35640962313525937 0 0 0
0.0013333333333333333 -0.2765229507802456 0.27101368847073454 -0.5089619192431399 0 0 0
0.0013333333333333333 -0.3660502540489765 0.11213806662801919 -0.07687328885487188 0 0 0
0.0013333333333333333 0.24757163502610652 0.40706304780014 -0.1740220011833667 0 0 0
0.0013333333333333333 0.06071689543582802 -0.3973568963785939 0.03879238670095279 0 0 0
0.0013333333333333333 0.2040313644851991 -0.14250730539641504 0.4513066991343503 0 0 0
0.0013333333333333333 0.10931559146674016 -0.508460192940767 0.24123068183171298 0 0 0
0.0013333333333333333 -0.6123047829706681 -0.02847074896093611 -0.2432523549839717 0 0 0
0.0013333333333333333 0.26110965045411094 0.060810003529117376 0.09502471063401415 0 0 0
0.0013333333333333333 0.35139950499051453 -0.14311316054215312 -0.35009340599643013 0 0 0
0.0013333333333333333 0.5448885692973334 0.3402159369904717 0.1878803831446039 0 0 0
0.0013333333333333333 -0.5269432593633329 -0.18732275458932698 -0.3787918761405992 0 0 0
0.0013333333333333333 -0.29081471225906413 0.4015519296559866 -0.16466938123597705 0 0 0
0.0013333333333333333 0.20099723116819973 0.03104133642786286 0.39729141209998675 0 0 0
0.0013333333333333333 -0.18690578694844925 0.0668637509545735 0.17686802545594763 0 0 0
0.0013333333333333333 0.4292425338175603 -0.08613017193155303 0.10668864036825494 0 0 0
0.0013333333333333333 0.041681864064097345 0.25975781378465823 -0.4564486579986775 0 0 0
0.0013333333333333333 0.055950863959481734 0.3385624648872434 0.29568965534294606 0 0 0
0.0013333333333333333 0.18208035633206582 -0.4055561860789787 -0.009640851731482193 0 0 0
0.0013333333333333333 -0.14235966061516464 -0.17750397047780503 -0.6310616469563214 0 0 0
0.0013333333333333333 -0.21803121394677205 0.5689623692512291 0.09175170753122942 0 0 0
0.0013333333333333333 -0.11630379808190758 0.5686491686390477 -0.12071474890134516 0 0 0
0.0013333333333333333 0.28686123422796983 -0.07529638256095238 -0.36181251233291434 0 0 0
0.0013333333333333333 -0.18154925635042024 0.3412680483517435 0.2694021981390379 0 0 0
0.0013333333333333333 -0.03814375156059891 -0.26051483623587474 -0.6169923380574811 0 0 0
0.0013333333333333333 0.4163821351673623 0.013133769708715123 0.4251748273190201 0 0 0
0.0013333333333333333 0.29159282925126945 -0.3732421442811519 0.21606508919143433 0 0 0
0.0013333333333333333 0.28235729766929957 -0.4182625574155352 -0.08567271052399862 0 0 0
0.0013333333333333333 -0.11910755011075748 0.6553164332868303 -0.1856706914171346 0 0 0
0.0013333333333333333 -0.22191813882006572 -0.3817090551127647 -0.265974132972051 0 0 0
0.0013333333333333333 0.05554651594043793 -0.17072323429335176 -0.5877490437057564 0 0 0
0.0013333333333333333 -0.14187179518593943 -0.312807290943659 -0.05230696282514855 0 0 0
0.0013333333333333333 0.35576191568716997 0.24414541688815547 0.3006864764811046 0 0 0
0.0013333333333333333 -0.31252968516076296 0.019575442189022893 0.2733783929635205 0 0 0
0.0013333333333333333 0.11745902908456488 0.12750224739190644 0.13726251802609507 0 0 0
0.0013333333333333333 -0.38059068418839764 0.4677115019151511 -0.00952397554637135 0 0 0
0.0013333333333333333 0.25099101922324607 -0.22704177477016182 -0.17299451365354734 0 0 0
0.0013333333333333333 0.2224626516708755 0.44062601835472487 -0.11130744453846216 0 0 0
0.0013333333333333333 0.1844344716199712 0.047658360819879286 -0.6053225407856221 0 0 0
0.0013333333333333333 -0.19814660230994532 -0.1727697033778997 -0.03958730760454607 0 0 0
0.0013333333333333333 -0.22889534086132596 -0.342700233510669 -0.16582073556687452 0 0 0
0.0013333333333333333 -0.1261953965066653 -0.20475705954822954 0.022237766673965 0 0 0
0.0013333333333333333 0.08567332448052888 0.19550686251697233 -0.23992542220578675 0 0 0
0.0013333333333333333 -0.14536602103510207 -0.27448140501611173 0.002990380755243923 0 0 0
0.0013333333333333333 -0.028258863504938975 0.34183902602854327 -0.47836014012619854 0 0 0
0.0013333333333333333 -0.18512159041671053 -0.16322419865142201 -0.46916076946968793 0 0 0
0.0013333333333333333 0.35264728862337597 -0.2711180449729444 0.48394176540274225 0 0 0
0.0013333333333333333 -0.2427290946573323 0.2777872761226337 -0.24454134899782987 0 0 0
0.0013333333333333333 -0.3352132637713415 -0.1287658555109813 0.12449475624965811 0 0 0
0.0013333333333333333 0.33161422954366265 -0.31859015638247684 0.5061140695159176 0 0 0
0.0013333333333333333 -0.05277558867149526 -0.15440706801246076 0.469429179033543 0 0 0
0.0013333333333333333 0.3865365789381398 0.42401250211152663 0.31748257179871475 0 0 0
0.0013333333333333333 0.24127231806701632 -0.3503425167684905 -0.3946547266231442 0 0 0
0.0013333333333333333 0.12632000404846572 -0.2958940464851687 0.2329329294238729 0 0 0
0.0013333333333333333 0.3352659753064848 0.05058280769866519 0.0783431271768545 0 0 0
0.0013333333333333333 -0.27167275846351724 0.13058521269710852 -0.604022975773218 0 0 0
0.0013333333333333333 -0.03618061863790197 -0.11088964480887725 0.3424728224698408 0 0 0
0.0013333333333333333 -0.40488428417548394 -0.07013545026927127 0.4670777049195283 0 0 0
0.0013333333333333333 -0.0056009147787031395 0.1202755305255176 -0.30141831261537905 0 0 0
0.0013333333333333333 -0.05602902288382629 -0.2194106246756651 0.5059472324700454 0 0 0
0.0013333333333333333 -0.022780734764852095 -0.1924656566768657 0.08803787647630103 0 0 0
0.0013333333333333333 -0.07908581219724166 -0.12168656899550517 0.11740113987248017 0 0 0
0.0013333333333333333 0.17808236396430455 -0.20869696126622397 -0.3239856603965535 0 0 0
0.0013333333333333333 -0.3310248562234973 0.2489691933889843 0.3555142230389759 0 0 0
0.0013333333333333333 0.11870325915617358 0.22334676362910239 -0.5755021067569468 0 0 0
0.0013333333333333333 -0.2543338622622217 -0.087594136922182 0.32920772615238136 0 0 0
0.0013333333333333333 0.5617325719333935 -0.1251259012321872 0.216933067467792 0 0 0
0.0013333333333333333 -0.29149208989494335 0.14118868025035386 -0.26043976924013357 0 0 0
0.0013333333333333333 0.24935914875906223 0.47054010568179305 0.10752468092810517 0 0 0
0.0013333333333333333 0.4164184979791173 0.31892400232219714 0.31667513185242196 0 0 0
0.0013333333333333333 -0.12489274013030933 0.2694842743340133 0.07585412954882617 0 0 0
0.0013333333333333333 0.03623777546520126 -0.36094730005618764 -0.002204699767914121 0 0 0
0.0013333333333333333 0.3336803355321959 -0.0331326084184769 0.5766065371010767 0 0 0
0.0013333333333333333 0.5833612604959991 -0.016113344208036073 0.029380722130452192 0 0 0
0.0013333333333333333 0.1037189996973148 -0.023734855620126144 -0.40536489856444885 0 0 0
0.0013333333333333333 0.2079142845267719 -0.07337454601052358 0.2774277800136263 0 0 0
0.0013333333333333333 -0.4440923695073394 0.38587462740949174 0.22325489099499243 0 0 0
0.0013333333333333333 0.4152136380378279 0.1409485245126699 0.27031334085481806 0 0 0
0.0013333333333333333 0.42734623954983975 -0.09300209936382829 0.021967157812905362 0 0 0
0.0013333333333333333 -0.09934544945970951 -0.1504586667807098 -0.5213162843444628 0 0 0
0.0013333333333333333 -0.02193978949721971 0.014439649248474436 0.6354939213085468 0 0 0
0.0013333333333333333 0.24956177335612686 0.16968374315478482 0.37777188162654485 0 0 0
0.0013333333333333333 0.4591570312900685 0.2445616668245072 0.056759385318289245 0 0 0
0.0013333333333333333 -0.5815542508456191 -0.05247176069081378 -0.12838721998794012 0 0 0
0.0013333333333333333 0.1292495102780674 -0.10839576918449596 0.6608741097730854 0 0 0
0.0013333333333333333 0.08428430259301671 0.39033318635929376 0.2658224364135612 0 0 0
0.0013333333333333333 0.23893284815168855 -0.3452967899507874 0.13566362450989358 0 0 0
0.0013333333333333333 -0.18128763646800292 0.20772985957236453 -0.1499211326776945 0 0 0
0.0013333333333333333 -0.07425364410865268 0.407125130785248 -0.0032897727644112165 0 0 0
0.0013333333333333333 0.008927223732193481 -0.37253022524103224 0.44242131491047226 0 0 0
0.0013333333333333333 0.15161384439303785 0.4560852573019664 -0.17429251348525207 0 0 0
0.0013333333333333333 0.33128299915959114 -0.25814186323491045 -0.4570477205303269 0 0 0
0.0013333333333333333 0.34449820263817804 -0.12884642647186406 0.5021777082655168 0 0 0
0.0013333333333333333 0.00644949769191318 0.008467529041129147 -0.4690355135647691 0 0 0
0.0013333333333333333 -0.16708246182327807 -0.31660572527890474 -0.05567640638714009 0 0 0
0.0013333333333333333 0.16613880715896018 0.4667177076462083 0.2595139519518049 0 0 0
0.0013333333333333333 0.173508667116444 -0.2009795184697801 -0.24961021868980116 0 0 0
0.0013333333333333333 0.2919947162725101 0.36254807479607704 -0.47820037089901096 0 0 0
0.0013333333333333333 -0.646832825908601 -0.14438690800056017 -0.15688440664775333 0 0 0
0.0013333333333333333 -0.03836900632712411 0.08516105356357659 -0.3379039410613796 0 0 0
0.0013333333333333333 -0.11998009457548034 -0.08787777450360884 0.5507994453337182 0 0 0
0.0013333333333333333 0.11121250008799852 -0.31763497540773244 0.4799428226789433 0 0 0
0.0013333333333333333 0.21560137184853256 -0.15165720721749248 -0.41538151106412097 0 0 0
0.0013333333333333333 0.41123010763136614 0.39964380463559074 -0.03621281193771757 0 0 0
0.0013333333333333333 -0.07527839415165032 0.12731058707022527 0.1746346403578999 0 0 0
0.0013333333333333333 -0.2878947444704847 -0.40997668130005815 -0.2241964117168316 0 0 0
0.0013333333333333333 -0.269192092540891 0.41148997467674175 0.2633939672463595 0 0 0
0.0013333333333333333 -0.18841011454570253 0.32785028489276163 -0.13473697550067074 0 0 0
0.0013333333333333333 -0.03629947237461846 -0.18930656191175713 -0.1265228685522978 0 0 0
0.0013333333333333333 0.29725507614825597 -0.23735972104919373 0.3569613567403608 0 0 0
0.0013333333333333333 -0.28148952600995414 0.09758612521688881 -0.015828268761458163 0 0 0
0.0013333333333333333 0.21666014214799648 -0.13861662669036126 0.02975047457609722 0 0 0
0.0013333333333333333 0.2981928289659682 -0.4721884973605608 0.11832924746965647 0 0 0
0.0013333333333333333 -0.36706491403942343 -0.058521895127743924 -0.5454889399686166 0 0 0
0.0013333333333333333 -0.10387391644964887 0.029436791931831865 -0.3235113166654113 0 0 0
0.0013333333333333333 0.40076126332751183 0.25038806624105603 0.18759706119894384 0 0 0
0.0013333333333333333 0.3526564218532738 0.39654789452686934 0.2864833496138742 0 0 0
0.0013333333333333333 -0.4185633650032327 0.036153256054175985 0.13886525535813704 0 0 0
0.0013333333333333333 0.13367549268924458 0.13128445512693215 0.45195793724346933 0 0 0
0.0013333333333333333 -0.6656957658379172 -0.047167180131023265 -0.09351470045696991 0 0 0
0.0013333333333333333 -0.3176001779995236 -0.5188004046004171 -0.21457306028143633 0 0 0
0.0013333333333333333 -0.26442930335957443 0.187027794953888 -0.34899817471288047 0 0 0
0.0013333333333333333 -0.18871321981265515 0.09797895349117954 -0.3687936015544891 0 0 0
0.0013333333333333333 -0.3359437624589654 0.24994642227898564 0.06959592791994273 0 0 0
0.0013333333333333333 -0.017257419963433884 0.31898705589858734 0.22195269834659634 0 0 0
0.0013333333333333333 0.18133930199322934 -0.1261881051027649 -0.2092807612003124 0 0 0
0.0013333333333333333 -0.1690280654725647 -0.4995171674788018 0.36474920393650473 0 0 0
0.0013333333333333333 -0.18112932441138022 -0.4435284701806182 0.2933180200488302 0 0 0
0.0013333333333333333 0.21128153338730085 -0.5775034738735183 -0.057567922027873156 0 0 0
0.0013333333333333333 0.0585782976130347 -0.2240176450402268 -0.3752343231464458 0 0 0
0.0013333333333333333 -0.39632876877628576 0.12751142877441754 0.17980033904092674 0 0 0
0.0013333333333333333 0.0035284937496931294 0.3086779929024464 -0.16495094307452543 0 0 0
0.0013333333333333333 0.3614786984899953 -0.14755141825024481 0.5072648239068976 0 0 0
0.0013333333333333333 0.15151657306984362 0.19665086060267656 0.3893069107162367 0 0 0
0.0013333333333333333 0.2159296100398893 0.5660319512079456 -0.1714766534984911 0 0 0
0.0013333333333333333 0.27667161593514206 0.10253842174478715 0.48528662737165873 0 0 0
0.0013333333333333333 -0.00987239961251654 0.6296290779713414 0.08797019030979777 0 0 0
0.0013333333333333333 0.3493079265758796 -0.24244180993800776 0.3120855681920962 0 0 0
0.0013333333333333333 -0.3909318493704443 -0.5613554118403009 -0.10001068966820746 0 0 0
0.0013333333333333333 -0.16523816959508264 0.3718622779243319 -0.5607468175861349 0 0 0
0.0013333333333333333 -0.41923314357041974 0.2782486389289491 0.08975865826945739 0 0 0
0.0013333333333333333 0.23008886981034266 -0.34055789170686374 0.3567796417458758 0 0 0
0.0013333333333333333 0.4057101915301154 0.3332184317085395 0.3758863359124204 0 0 0
0.0013333333333333333 -0.030949385149723938 -0.07028042861899685 -0.5709347361576662 0 0 0
0.0013333333333333333 -0.5491617803891409 -0.04141869297266563 -0.2214547848783519 0 0 0
0.0013333333333333333 -0.5168601070881182 0.2339159642898137 0.019957604702787186 0 0 0
0.0013333333333333333 0.4372560633650324 0.30481539725041207 0.2618378305904517 0 0 0
0.0013333333333333333 0.17709506341362494 -0.019031086789070558 -0.3709301251671364 0 0 0
0.0013333333333333333 -0.3431686112091146 0.4483236422091717 -0.2956842902984227 0 0 0
0.0013333333333333333 -0.018905424300144667 -0.17884432020617028 -0.040324049739332866 0 0 0
0.0013333333333333333 0.30919180538655594 -0.14537407445895176 0.38771803286987455 0 0 0
0.0013333333333333333 0.0889734681626244 -0.09708124940074565 0.005122204268865117 0 0 0
0.0013333333333333333 -0.4162331394827802 0.4746293544900917 -0.1285561331201684 0 0 0
0.0013333333333333333 0.1222575024506926 -0.6158549537466852 -0.22293497864956863 0 0 0
0.0013333333333333333 0.5843867066209605 -0.24792827716198604 0.03823721408741942 0 0 0
0.0013333333333333333 0.03819803457481462 -0.21920451848137465 -0.43736126747195436 0 0 0
0.0013333333333333333 0.01652439413134337 0.21093028695135746 0.651127428308261 0 0 0
0.0013333333333333333 0.05863376668256287 -0.3340793221141328 0.1633163866210865 0 0 0
0.0013333333333333333 0.41793600684589366 -0.41987579906865236 0.18188866901214637 0 0 0
0.0013333333333333333 -0.09012880637041644 0.20674494808957664 0.41018330263172165 0 0 0
0.0013333333333333333 -0.32532287433975027 0.33042068643835065 -0.4855726799290312 0 0 0
0.0013333333333333333 0.22150242953259927 -0.055275585193825444 -0.09046085197224227 0 0 0
0.0013333333333333333 -0.34199308360253755 -0.01086029170559922 -0.32442160084135707 0 0 0
0.0013333333333333333 -0.058297543203924045 -0.054114861060229204 -0.14128525322310684 0 0 0
0.0013333333333333333 0.318319617544117 0.07524637912823219 -0.09797207109508957 0 0 0
0.0013333333333333333 -0.10348567699694164 -0.3748398219890522 -0.03229757779812894 0 0 0
0.0013333333333333333 -0.20454725135190072 0.328565176360983 0.09409283061154519 0 0 0
0.0013333333333333333 0.41052945044849154 -0.23903801647127354 0.11732202641958975 0 0 0
0.0013333333333333333 0.27281069760995413 0.2934893667313958 -0.48031194244386566 0 0 0
0.0013333333333333333 0.20487930481240152 0.09145694291651413 0.4406034061130303 0 0 0
0.0013333333333333333 0.2884030524430816 0.2557738401307286 -0.307916275184738 0 0 0
0.0013333333333333333 0.40285308339465703 -0.035646730587357296 0.23310237903703582 0 0 0
0.0013333333333333333 0.21941850451977202 0.4378917476113694 0.3706892350518692 0 0 0
0.0013333333333333333 -0.3549631284955224 0.20962959699718875 -0.36548613891470494 0 0 0
0.0013333333333333333 -0.2541641036845154 0.5655877219197355 -0.2726557450432018 0 0 0
0.0013333333333333333 0.43147636846833687 0.18152412910454183 -0.3239741969712504 0 0 0
0.0013333333333333333 -0.35593584817077645 -0.03534121694452717 -0.396039345478637 0 0 0
0.0013333333333333333 -0.263544419860059 -0.26994189596766605 -0.21129547599749318 0 0 0
0.0013333333333333333 0.09820586846645123 -0.2221901985088762 0.4789002141976016 0 0 0
0.0013333333333333333 0.3208133991537784 -0.3329580282682972 -0.0033300483740631437 0 0 0
0.0013333333333333333 -0.3551233952627164 0.4159867151085149 0.3433659304726855 0 0 0
0.0013333333333333333 0.2611534915071952 0.5210696517671702 -0.3163253003290059 0 0 0
0.0013333333333333333 0.42334019173384985 -0.46002155152506774 -0.09388722756424746 0 0 0
0.0013333333333333333 0.2698573655317626 -0.049178565241549156 -0.22380737013919091 0 0 0
0.0013333333333333333 0.10465072106417526 0.30974156818480775 -0.4880024195276576 0 0 0
0.0013333333333333333 -0.21678309480964852 -0.029236667006176397 -0.4822133290917953 0 0 0
0.0013333333333333333 0.5742847410851281 0.31779171071072637 0.1242324961468153 0 0 0
0.0013333333333333333 0.06071144180720941 0.2770839267895589 -0.3526575347980182 0 0 0
0.0013333333333333333 0.17613813576375015 0.12986341301930598 -0.34093736086553017 0 0 0
0.0013333333333333333 -0.3056952391778174 0.41407310448745727 0.45556446733326716 0 0 0
0.0013333333333333333 0.21955091432206422 -0.10613596167817135 -0.4294479820114585 0 0 0
0.0013333333333333333 -0.3121583265685558 -0.11541550922475798 -0.37284129541032407 0 0 0
0.0013333333333333333 -0.05206608153599448 0.09311915297191566 -0.6795091919480527 0 0 0
0.0013333333333333333 -0.05138550422978025 -0.1516359417446145 -0.20155446786370743 0 0 0
