860
0
0.0011627906976744186 0.30692912266694167 0.5641041667337152 -0.18377374031722735 0 0 0
0.0011627906976744186 -0.6405850954697515 -0.12933078232657505 -0.07646994200734013 0 0 0
0.0011627906976744186 -0.5064483663716524 -0.1295724214214427 -0.4012721950305521 0 0 0
0.0011627906976744186 0.6474624020119859 0.12408322230234893 -8.489932124522565e-05 0 0 0
0.0011627906976744186 0.12915589581393702 0.2065215201288234 -0.34888020488672045 0 0 0
0.0011627906976744186 -0.2044259551878873 0.23087810677537843 -0.14960636364398566 0 0 0
0.0011627906976744186 -0.5277265258859997 0.17463457308308702 -0.1288718001473929 0 0 0
0.0011627906976744186 0.1391025781803124 -0.061006311825317225 0.2683691588365748 0 0 0
0.0011627906976744186 -0.07773153554839111 0.03533584326011797 -0.3030082704957211 0 0 0
0.0011627906976744186 0.5139712243846808 0.37193571405994746 -0.20058468414297345 0 0 0
0.0011627906976744186 0.12173075686511126 -0.22832192863677228 -0.19032337335738544 0 0 0
0.0011627906976744186 -0.22728791117078478 0.6268828773522466 0.0028216197478067653 0 0 0
0.0011627906976744186 -0.01800762570901381 0.03868272118700125 -0.1359905707291697 0 0 0
0.0011627906976744186 -0.38549897719177 0.1781508983104403 -0.4943408716790564 0 0 0
0.0011627906976744186 0.6658862609438836 0.008714457330436857 -0.06229269157396465 0 0 0
0.0011627906976744186 -0.45533767355515165 -0.28785117702595675 0.16041132725386803 0 0 0
0.0011627906976744186 -0.30266510599337165 -0.5204395855876154 -0.2673126418812915 0 0 0
0.0011627906976744186 -0.09830792538535045 0.005548664780021813 -0.5528380512727049 0 0 0
0.0011627906976744186 -0.14273175757354886 0.26632567279787445 -0.2651553085953007 0 0 0
0.0011627906976744186 -0.26127688311689534 0.48088175446221654 0.10995636763661448 0 0 0
0.0011627906976744186 -0.3653632640181135 -0.42251144264846685 -0.12689509078252068 0 0 0
0.0011627906976744186 0.3316866911316627 -0.08152025600399374 0.11022818739904491 0 0 0
0.0011627906976744186 0.2716280749272747 -0.017169337217762273 0.04101701713269894 0 0 0
0.0011627906976744186 0.18663000647409597 0.48364661662187897 -0.04058789179092477 0 0 0
0.0011627906976744186 -0.2923094207480452 0.36128657545812515 -0.41553076900910346 0 0 0
0.0011627906976744186 0.325685844148273 -0.42736597523634046 0.03195681740158841 0 0 0
0.0011627906976744186 -0.10747975014335989 -0.3036228596648878 0.45045589210415954 0 0 0
0.0011627906976744186 0.04519706292255301 -0.5734260854302252 -0.3501488507344442 0 0 0
0.0011627906976744186 -0.2804905187759767 -0.09462185427606949 0.48859741874770496 0 0 0
0.0011627906976744186 0.2996229688280887 0.05622486665429072 -0.08698640967058455 0 0 0
0.0011627906976744186 0.4334593287729791 -0.15536981564472044 -0.25461119928355297 0 0 0
0.0011627906976744186 0.09490798364227364 -0.46150323041671953 0.452802239307687 0 0 0
0.0011627906976744186 0.14929114714118047 0.2581226059115066 0.592521420822085 0 0 0
0.0011627906976744186 -0.30791238749866634 0.2281336599792046 0.005063759416807361 0 0 0
0.0011627906976744186 0.36560342427875514 0.3834194372513956 0.09351551405467953 0 0 0
0.0011627906976744186 0.18406855589726062 0.06265563702122261 -0.1648326122793779 0 0 0
0.0011627906976744186 0.45480541709695005 -0.09981314909777554 0.1592644257423707 0 0 0
0.0011627906976744186 0.27647109164113975 -0.17154973394917078 -0.43696986647363123 0 0 0
0.0011627906976744186 0.2462231865570808 -0.2238537120500423 0.22200544060273883 0 0 0
0.0011627906976744186 0.08218144839988538 0.18356834373219702 -0.2836415238538334 0 0 0
0.0011627906976744186 0.18028227768594612 -0.24750077275866686 0.15414198339842408 0 0 0
0.0011627906976744186 -0.2917892078568681 -0.02311617380678692 -0.1434786853202884 0 0 0
0.0011627906976744186 0.4506361828291161 -0.2694383266283323 0.35001204041128875 0 0 0
0.0011627906976744186 0.6075734988612015 0.12688889351833454 0.0821398157217091 0 0 0
0.0011627906976744186 0.47640185395702855 0.4040984788043659 -0.1810128147318388 0 0 0
0.0011627906976744186 0.09893483976761328 -0.5958393812870169 0.027061602102016274 0 0 0
0.0011627906976744186 -0.09407055883141062 -0.6324457221619172 -0.09539870725993274 0 0 0
0.0011627906976744186 -0.01513634214971561 0.05680829212618163 0.40106838556456315 0 0 0
0.0011627906976744186 -0.28506470417846114 -0.21708422664488464 0.22618179213092143 0 0 0
0.0011627906976744186 0.22213813201775817 0.28437532941988475 0.13199288446695753 0 0 0
0.0011627906976744186 -0.3862872859569064 0.4304364205946808 0.11520345697076681 0 0 0
0.0011627906976744186 0.25610937489102487 0.07419321558858084 0.4994856370951456 0 0 0
0.0011627906976744186 -0.3371537862610288 -0.1642322545186011 0.3566550747670133 0 0 0
0.0011627906976744186 0.3608114712266608 -0.35330134723000384 -0.39698597501764604 0 0 0
0.0011627906976744186 0.3765605440223456 -0.44733332976037515 -0.007702359492604785 0 0 0
0.0011627906976744186 0.1295050283177206 0.3456558520755467 -0.5199840283425388 0 0 0
0.0011627906976744186 0.4381021835904819 -0.04477676145210603 0.4618882880372603 0 0 0
0.0011627906976744186 0.05517640061272998 0.2889003018630876 0.07093366985743882 0 0 0
0.0011627906976744186 -0.10341020113047346 0.6460571310842453 -0.181548512186433 0 0 0
0.0011627906976744186 -0.25043062248557846 -0.5952190426337558 -0.18123589046041141 0 0 0
0.0011627906976744186 -0.1915490056500454 -0.35641597819379944 -0.3840256369802054 0 0 0
0.0011627906976744186 -0.10872779998751862 -0.0032198169127069707 -0.15873088884380007 0 0 0
0.0011627906976744186 -0.5977931029280797 -0.16384400975608573 0.03342591266815455 0 0 0
0.0011627906976744186 -0.3042477312784353 0.14906945507831545 -0.3569056935660147 0 0 0
0.0011627906976744186 -0.2559986783673531 0.004613609248103669 0.16985274072932632 0 0 0
0.0011627906976744186 -0.3478616715069403 -0.002441826321673172 0.02879059673516507 0 0 0
0.0011627906976744186 -0.5797691227003594 0.10655808244723465 -0.28694334710965286 0 0 0
0.0011627906976744186 -0.4403964951177653 0.36224553693446904 0.18754402622177363 0 0 0
0.0011627906976744186 -0.34659790974739807 -0.0013283833935583721 -0.37600497081362877 0 0 0
0.0011627906976744186 -0.042105804471553036 0.09257522559619132 0.28883857993411677 0 0 0
0.0011627906976744186 -0.14940157640281598 -0.6500751582808966 -0.0731516386882329 0 0 0
0.0011627906976744186 0.08100742369828898 0.03578933935154213 -0.5145407047040228 0 0 0
0.0011627906976744186 0.05536470920035239 -0.28658449560400007 0.008157249857571585 0 0 0
0.0011627906976744186 0.6239699670971668 0.07316161117681026 0.24694785047980328 0 0 0
0.0011627906976744186 -0.12004457631770016 -0.4575810531251956 0.07062328841943824 0 0 0
0.0011627906976744186 0.5022333064499134 0.13427890821418445 -0.10837333428811192 0 0 0
0.0011627906976744186 0.281339168738312 0.4028500795948265 -0.049161545978421414 0 0 0
0.0011627906976744186 0.1935950990349185 -0.21519075857766043 0.42902290041885555 0 0 0
0.0011627906976744186 -0.3558676924202601 0.04154909996897128 0.1137636903852134 0 0 0
0.0011627906976744186 0.04360828055085907 0.6131548470705166 0.23652212786521254 0 0 0
0.0011627906976744186 0.2422175860944419 -0.41059424052371024 -0.32245980633164817 0 0 0
0.0011627906976744186 -0.18614076915802266 -0.1510161366129776 -0.39342377520722555 0 0 0
0.0011627906976744186 0.20478657684540066 0.5240149798887827 -0.39798631674914553 0 0 0
0.0011627906976744186 0.005508345162379609 -0.45774463498010176 0.4238684863031751 0 0 0
0.0011627906976744186 -0.28516494473265974 0.17203533118090086 0.17966173523312592 0 0 0
0.0011627906976744186 0.17779683274801797 0.2585012252559557 -0.5706298228119278 0 0 0
0.0011627906976744186 0.2219911228557416 0.12753654334855122 -0.12535948464151628 0 0 0
0.0011627906976744186 0.26361692056667924 -0.05810508145755679 -0.21042232822711335 0 0 0
0.0011627906976744186 0.22730193391893042 0.27470960809946465 -0.0631342529039462 0 0 0
0.0011627906976744186 -0.41816960610415793 -0.1522355365644626 -0.2831699431556389 0 0 0
0.0011627906976744186 -0.08192981364840748 0.00884017256097957 0.06446423547657529 0 0 0
0.0011627906976744186 0.21209187016543563 0.3193057917633147 -0.009019718816499005 0 0 0
0.0011627906976744186 -0.09518293340665171 0.4280338796634283 -0.47478493251548465 0 0 0
0.0011627906976744186 0.5829986614748137 -0.08129937861834985 0.33567217260849885 0 0 0
0.0011627906976744186 -0.25718728774462324 0.22325266095942708 -0.32632562477357524 0 0 0
0.0011627906976744186 -0.3184723151266901 -0.2109792742227321 0.08838629903670597 0 0 0
0.0011627906976744186 -0.2306587080669405 -0.02861470301651937 -0.4616617288821983 0 0 0
0.0011627906976744186 -0.34725030044207017 -0.1232775799998042 0.554034636843559 0 0 0
0.0011627906976744186 0.09492028311487695 -0.1441814115758202 0.08330658193785725 0 0 0
0.0011627906976744186 0.10157777860054007 0.5080258751746454 -0.18024667634656263 0 0 0
0.0011627906976744186 -0.19267757345259867 0.19144078167659956 0.5176094127410183 0 0 0
0.0011627906976744186 0.6637086260926657 -0.035094076510296356 -0.08892673704295927 0 0 0
0.0011627906976744186 -0.6343238447042726 -0.08130982080946512 -0.18218132430571782 0 0 0
0.0011627906976744186 -0.16287117930860337 -0.5588944455226785 0.2778501445184551 0 0 0
0.0011627906976744186 0.2891609407716437 -0.21609781260139058 0.30533048425839393 0 0 0
0.0011627906976744186 -0.2624991807673408 -0.3432006026812286 0.23629092309805785 0 0 0
0.0011627906976744186 0.14898547800228729 -0.03297810088937204 0.13539891271187937 0 0 0
0.0011627906976744186 -0.38613154851120285 0.06534673217266697 0.04871594225368842 0 0 0
0.0011627906976744186 0.2121339068390295 0.10453155637293308 -0.45016503424459303 0 0 0
0.0011627906976744186 0.2056820155128883 -0.07767969098163142 0.29676279886580814 0 0 0
0.0011627906976744186 0.4261058135128169 -0.3648591608062029 -0.24157932261991086 0 0 0
0.0011627906976744186 -0.07248703201726311 0.06806272026871417 0.4429923000037291 0 0 0
0.0011627906976744186 -0.46717649571652325 -0.42346776966654787 -0.25030616350178575 0 0 0
0.0011627906976744186 0.6175512459139397 0.26713456518143214 0.15217810617806862 0 0 0
0.0011627906976744186 -0.25397713478334477 0.045868656438189624 0.10601891105466066 0 0 0
0.0011627906976744186 0.4832779046375852 -0.09088131883781791 -0.32963405861669504 0 0 0
0.0011627906976744186 0.19087253373188995 -0.14089406432134238 0.443384590845391 0 0 0
0.0011627906976744186 -0.012262980471492454 -0.5007241299978926 0.4469051791032995 0 0 0
0.0011627906976744186 -0.2255532748034861 0.12546540959472297 -0.31166513911559923 0 0 0
0.0011627906976744186 -0.24716644170529803 0.20036777608129913 -0.5398611082357281 0 0 0
0.0011627906976744186 -0.06397442647727851 0.029557476808636948 -0.20082005566234273 0 0 0
0.0011627906976744186 -0.25159436307706373 0.5185030960899157 -0.23632345136287278 0 0 0
0.0011627906976744186 -0.0005812215752969437 0.1820327190106464 -0.5895802512559181 0 0 0
0.0011627906976744186 -0.07978591543749108 -0.31355629774168087 0.25629091364644974 0 0 0
0.0011627906976744186 0.19751413181612687 0.4632474473703129 -0.06676332200461614 0 0 0
0.0011627906976744186 0.47248923026298767 -0.2935418263544534 0.3215359689095241 0 0 0
0.0011627906976744186 -0.10954479464529075 0.36918016355264005 0.38872480550693567 0 0 0
0.0011627906976744186 -0.10391532313500028 -0.36280737629927085 0.16140497791199873 0 0 0
0.0011627906976744186 -0.18815017672444062 0.126002833749785 -0.3087008684760995 0 0 0
0.0011627906976744186 -0.6365389554559743 0.0952987491317931 0.007885818674377312 0 0 0
0.0011627906976744186 0.3176779061963346 0.22132679113024112 -0.49373268480135557 0 0 0
0.0011627906976744186 0.17655192872124484 -0.09318384676003445 0.28712758688582607 0 0 0
0.0011627906976744186 -0.45289372456671906 -0.4483547429936268 0.0385482921545917 0 0 0
0.0011627906976744186 0.13221080679677735 -0.42871626855102396 0.29019993056940463 0 0 0
0.0011627906976744186 0.46993422211347946 -0.23082020396313171 0.2862004360990776 0 0 0
0.0011627906976744186 0.354236095522212 -0.08485945232782789 0.5623376903029249 0 0 0
0.0011627906976744186 0.11624488014157888 0.25344692223141135 0.38009275903845774 0 0 0
0.0011627906976744186 -0.04325632604714149 -0.6607756386060529 -0.1690912150567814 0 0 0
0.0011627906976744186 0.05912884713117717 -0.11706043041758517 -0.37387233350831867 0 0 0
0.0011627906976744186 0.40073032603056485 0.27417223401185303 0.2662213933101027 0 0 0
0.0011627906976744186 0.09501570321669293 -0.08999541635425448 -0.6047281633364815 0 0 0
0.0011627906976744186 -0.27100073000773883 0.5330171658400107 -0.290543935009413 0 0 0
0.0011627906976744186 0.08513130775910882 -0.026554313811709807 -0.5208057877956919 0 0 0
0.0011627906976744186 -0.39076309958742333 -0.2649894222436235 0.017042502592535202 0 0 0
0.0011627906976744186 -0.3036307061196573 0.051260095213297 0.5211947610983214 0 0 0
0.0011627906976744186 0.28590434638398143 -0.4908909550190253 0.008001953509001819 0 0 0
0.0011627906976744186 0.49277886917800173 -0.2313259619900888 0.019075140217790453 0 0 0
0.0011627906976744186 0.45883433402652135 -0.49314308771612664 0.1093249938405327 0 0 0
0.0011627906976744186 0.1044167850159358 -0.10830896151887327 0.10787129262519367 0 0 0
0.0011627906976744186 0.005647861003932125 -0.3978417596042747 -0.10986845641769966 0 0 0
0.0011627906976744186 0.42926441761973505 -0.47150657067238383 -0.01196252786764061 0 0 0
0.0011627906976744186 0.043485813211144884 0.11538624498820617 -0.6426999005061976 0 0 0
0.0011627906976744186 -0.010335812176599115 0.3569164553808311 0.47349922749774614 0 0 0
0.0011627906976744186 0.5184141932572851 0.22531077821531312 0.3452991092894341 0 0 0
0.0011627906976744186 -0.1613998209741806 0.11477784660435371 -0.478329374085458 0 0 0
0.0011627906976744186 -0.3736883628210788 0.0063822397122392455 0.3866678443571134 0 0 0
0.0011627906976744186 -0.29455286445356277 -0.12153222490352888 -0.11477362702199029 0 0 0
0.0011627906976744186 0.3846146733847015 0.4374400631691229 -0.3318329021848031 0 0 0
0.0011627906976744186 0.039129982702301176 -0.49284442901872116 0.3190832490436736 0 0 0
0.0011627906976744186 -0.0641047460854455 -0.1826512781254157 0.5676245180370845 0 0 0
0.0011627906976744186 -0.3500662679438479 -0.04435235645858106 0.165977345239479 0 0 0
0.0011627906976744186 0.04718048141071857 0.1799577049559102 -0.4651198822446445 0 0 0
0.0011627906976744186 -0.021947347934420325 -0.5957032160854552 0.09543532453341212 0 0 0
0.0011627906976744186 0.09241686402809973 -0.18898481936980033 -0.526336210490738 0 0 0
0.0011627906976744186 -0.05744854924515674 0.11872287451154523 0.2828220286465674 0 0 0
0.0011627906976744186 -0.08004296806207133 -0.31956690052524583 0.11706676085852401 0 0 0
0.0011627906976744186 -0.20381621669571273 -0.10241833066058022 -0.0806290170589217 0 0 0
0.0011627906976744186 0.37747300230686587 0.23247684892159132 0.4897088490472998 0 0 0
0.0011627906976744186 0.3628709986814161 0.4458741701938721 -0.38358352218808994 0 0 0
0.0011627906976744186 0.423055356609117 0.21963682977207777 0.02741856846268052 0 0 0
0.0011627906976744186 -0.12650734232157526 0.3209484917881094 -0.5322476072827749 0 0 0
0.0011627906976744186 0.3574772059618916 0.3098819407290461 0.06629691685056609 0 0 0
0.0011627906976744186 0.13867426836536553 -0.3023708487744646 -0.23377251722272704 0 0 0
0.0011627906976744186 -0.11534863960831901 -0.22022218350445674 0.2860469632483889 0 0 0
0.0011627906976744186 -0.4496845342345542 -0.14069742148313677 -0.36482407051793314 0 0 0
0.0011627906976744186 -0.4020151123362985 -0.1323526837211423 0.10102577501267612 0 0 0
0.0011627906976744186 0.5661728741437393 -0.02577550920799738 0.2162768806677777 0 0 0
0.0011627906976744186 0.12707656778260443 0.34127095387607165 0.40201018593562754 0 0 0
0.0011627906976744186 -0.11428079274250473 0.10954818610258676 -0.4670213825151316 0 0 0
0.0011627906976744186 0.37187695517901626 0.23666288152452525 0.11819121972990361 0 0 0
0.0011627906976744186 -0.5770462531099342 0.14316676157223607 -0.30053582719663313 0 0 0
0.0011627906976744186 -0.3791946685228731 0.25829486550863767 0.263885932746397 0 0 0
0.0011627906976744186 0.4129337800601217 0.2610329437787317 0.031174121150906255 0 0 0
0.0011627906976744186 -0.20537965330554267 0.0298082625678525 0.2841570149452839 0 0 0
0.0011627906976744186 0.6080129192525837 -0.07545823972819127 -0.17199603507855502 0 0 0
0.0011627906976744186 -0.17491755414369775 -0.45809860939680075 0.48296958794787925 0 0 0
0.0011627906976744186 -0.32491165666597327 0.30484375084031906 -0.2633646076924271 0 0 0
0.0011627906976744186 -0.3070142071668567 -0.508086882173198 -0.33260144752238746 0 0 0
0.0011627906976744186 0.5078226097701691 0.015663380520215653 -0.2954871940822903 0 0 0
0.0011627906976744186 -0.5169537707250371 -0.1782949222610023 0.20504127667116323 0 0 0
0.0011627906976744186 0.4367286015829262 -0.012390141114877648 0.3025383101382768 0 0 0
0.0011627906976744186 -0.4012791015989288 -0.1760918985832242 -0.451622569471762 0 0 0
0.0011627906976744186 0.5019321883195318 -0.005221972983985953 -0.007057910759690262 0 0 0
0.0011627906976744186 -0.015906965020708062 0.3313677949558747 -0.4444633347095315 0 0 0
0.0011627906976744186 -0.5948960252597564 -0.05795653163310234 -0.19931175786745914 0 0 0
0.0011627906976744186 0.3140347991096009 0.1876273268783451 0.09446547577799778 0 0 0
0.0011627906976744186 0.14869100614757003 -0.14169550835597666 -0.20885672365965122 0 0 0
0.0011627906976744186 0.16322624552100612 0.2646370949637595 0.021773229077337964 0 0 0
0.0011627906976744186 0.33297348421261286 0.17295674569825809 0.49615882109797954 0 0 0
0.0011627906976744186 0.645636062839066 0.19752118662295526 0.11955524108289721 0 0 0
0.0011627906976744186 -0.208889484371782 -0.14072397286704166 0.4882479585629657 0 0 0
0.0011627906976744186 -0.4233534208366348 0.23929749707723558 0.05872856089695794 0 0 0
0.0011627906976744186 0.3241763710123093 0.06300702154703366 -0.4252624389442915 0 0 0
0.0011627906976744186 -0.27745038643334063 -0.1614554410438895 -0.19253389349759292 0 0 0
0.0011627906976744186 -0.05153236535845732 -0.12492256668312436 0.09752011392807251 0 0 0
0.0011627906976744186 -0.4213858338151226 -0.1346093508484676 -0.018995872789018518 0 0 0
0.0011627906976744186 -0.418499849648975 -0.5340619475434393 -0.10965808453142709 0 0 0
0.0011627906976744186 0.3151289563885205 0.20111387322251023 -0.22406904832251404 0 0 0
0.0011627906976744186 -0.4538732294019602 0.025385787037051865 0.15959609011579812 0 0 0
0.0011627906976744186 0.1722545480606704 -0.5234889965796595 0.3649064433256426 0 0 0
0.0011627906976744186 -0.36993330381692585 -0.15391373542592984 -0.14308260038389667 0 0 0
0.0011627906976744186 0.12490452037919222 -0.5276428105531031 0.1832461071558957 0 0 0
0.0011627906976744186 -0.07658873378995214 0.3559028906650939 -0.37296311728020365 0 0 0
0.0011627906976744186 0.1655950754669325 0.4321361405057489 0.22099131836429062 0 0 0
0.0011627906976744186 -0.04643107692899221 0.14976315905847587 0.39547423312109775 0 0 0
0.0011627906976744186 0.43694675162724916 -0.24081431698471797 0.44089254679798945 0 0 0
0.0011627906976744186 -0.4347841482890352 0.04650045963707688 0.44255454303721675 0 0 0
0.0011627906976744186 0.5229362191213681 -0.14015353583202492 0.10207880688490137 0 0 0
0.0011627906976744186 0.19545846192558933 -0.033139621114858527 0.508531234867042 0 0 0
0.0011627906976744186 -0.5355843376298555 0.13706411711221528 -0.40639879324680206 0 0 0
0.0011627906976744186 0.3953487624632207 -0.14292685361662333 -0.1256670265251457 0 0 0
0.0011627906976744186 0.16004377441667914 0.0055517532242974985 0.015455704078033834 0 0 0
0.0011627906976744186 -0.33158579767995283 -0.5832816745430724 0.13414499168866242 0 0 0
0.0011627906976744186 -0.23248455544796887 0.30345336913719984 -0.43866651797710376 0 0 0
0.0011627906976744186 0.2202948230860081 -0.13898736563170935 -0.01780793511524482 0 0 0
0.0011627906976744186 0.3734336311031465 -0.3706632790957094 0.03146450688256244 0 0 0
0.0011627906976744186 0.04244771956209171 0.27227266506978115 0.2765142064782285 0 0 0
0.0011627906976744186 0.3381622496270432 -0.3610521452809561 -0.02065188360996012 0 0 0
0.0011627906976744186 -0.43324955242051294 -0.2665487754409134 -0.421793515191605 0 0 0
0.0011627906976744186 0.04272469193661414 0.1455281315001148 -0.1227252248681581 0 0 0
0.0011627906976744186 0.41564613170135756 0.23055193985750086 0.12689409820110362 0 0 0
0.0011627906976744186 0.5078658859037918 0.2657713530537797 -0.1841091446753102 0 0 0
0.0011627906976744186 -0.45089212888785496 0.034422100675221924 0.11602558299641531 0 0 0
0.0011627906976744186 0.30583411082107753 -0.17300282872599737 -0.27059203866150877 0 0 0
0.0011627906976744186 0.16825356654290385 -0.20276459213186412 0.16802345340595037 0 0 0
0.0011627906976744186 -0.11299132935256491 -0.2298065065699055 0.3321345517319956 0 0 0
0.0011627906976744186 0.04974190601452179 0.04784526172680737 -0.2285982041542633 0 0 0
0.0011627906976744186 0.36761937141707424 -0.021994303642221484 -0.3287788338652839 0 0 0
0.0011627906976744186 -0.3094676729917199 -0.4643913078911231 -0.17094300824975361 0 0 0
0.0011627906976744186 -0.2405619691905349 -0.3103646816673479 -0.3358766461568872 0 0 0
0.0011627906976744186 0.3904809376746825 0.28189219437070706 -0.2453997054183567 0 0 0
0.0011627906976744186 0.23429771150710962 -0.21127573939821037 0.11328205139651157 0 0 0
0.0011627906976744186 -0.037045242908485494 -0.3582844258872007 0.3928805981098393 0 0 0
0.0011627906976744186 -0.38723980500331634 -0.22248160518267904 0.40497367547845226 0 0 0
0.0011627906976744186 -0.18456596208706383 0.6026262803318599 -0.25489922658902975 0 0 0
0.0011627906976744186 -0.3322788109266581 0.04642844518015804 0.3491663191671026 0 0 0
0.0011627906976744186 -0.1833223951707561 0.5810880639731809 0.22304871959900366 0 0 0
0.0011627906976744186 -0.19835379547421522 -0.5266670436982978 -0.10878679632471656 0 0 0
0.0011627906976744186 -0.07476734911859309 0.08270600029429226 0.6630718192050656 0 0 0
0.0011627906976744186 -0.3946800351851675 0.19564232667299777 -0.36062145207490987 0 0 0
0.0011627906976744186 -0.04392450453662063 -0.3221765363365306 -0.2375448019521412 0 0 0
0.0011627906976744186 0.11605496686285686 0.1422832698266876 -0.47430139052226367 0 0 0
0.0011627906976744186 -0.5803233902497271 -0.180632977676928 0.14367827396072183 0 0 0
0.0011627906976744186 0.2563934476128318 -0.376112662694154 -0.49527746291086866 0 0 0
0.0011627906976744186 -0.2270984445701591 0.1563508153773336 0.49486718236344496 0 0 0
0.0011627906976744186 -0.5394438191927732 -0.1952150495548372 0.2959899678504749 0 0 0
0.0011627906976744186 -0.25227447410877796 0.20263878177843686 0.23974742442585562 0 0 0
0.0011627906976744186 -0.015008057123049966 0.2563967990049986 0.15525681361067356 0 0 0
0.0011627906976744186 -0.1663419826040437 0.6159026368877248 -0.008915136881832294 0 0 0
0.0011627906976744186 0.01906107097871867 -0.24501151270708765 -0.20933939044813962 0 0 0
0.0011627906976744186 0.3139148407074789 -0.06044498983025501 0.02040010395945323 0 0 0
0.0011627906976744186 0.153362029857059 0.12468772550388751 -0.44295207538562953 0 0 0
0.0011627906976744186 0.2806796289104096 -0.14192699122437166 -0.16476470319864456 0 0 0
0.0011627906976744186 -0.1600328771292045 0.023310850068843585 0.5696616210181645 0 0 0
0.0011627906976744186 -0.40888846390460437 0.08453420410153267 -0.3106141993404366 0 0 0
0.0011627906976744186 0.30590396818237675 0.1355533992348512 0.0646582359859648 0 0 0
0.0011627906976744186 0.44815768194677896 -0.2214856366403794 0.24015314445641991 0 0 0
0.0011627906976744186 0.2977983213904886 0.5354697465082965 -0.08768385306600304 0 0 0
0.0011627906976744186 0.011499606204192948 -0.48307830500817434 0.2058550963618535 0 0 0
0.0011627906976744186 0.3081729275659907 0.18134516884626933 0.1607275380831594 0 0 0
0.0011627906976744186 -0.2594983198546587 0.169620116467641 0.09221689111537393 0 0 0
0.0011627906976744186 0.2154104599658751 -0.3360332033083909 0.19089183946365634 0 0 0
0.0011627906976744186 0.3814032975981058 0.1023910147813395 0.2699782900279881 0 0 0
0.0011627906976744186 -0.04932174036782628 -0.05224364362475157 0.29066624952929554 0 0 0
0.0011627906976744186 0.5051508788398724 -0.3459814494898784 -0.011617792269550354 0 0 0
0.0011627906976744186 -0.1667607645992164 -0.31390504331200486 0.20539244153170147 0 0 0
0.0011627906976744186 -0.29412334299065496 -0.3774513490704294 -0.05926433531319725 0 0 0
0.0011627906976744186 -0.26977106055400235 0.5610740192233552 0.1066008929286706 0 0 0
0.0011627906976744186 -0.1828127548659728 -0.3950564041028796 -0.5228477459028944 0 0 0
0.0011627906976744186 0.11695356544666913 -0.2938772940176474 0.44842241643646114 0 0 0
0.0011627906976744186 0.30116029116870385 -0.05880849866683116 0.5924008642638872 0 0 0
0.0011627906976744186 -0.3573388146509918 0.006095148226050543 -0.5388632064885608 0 0 0
0.0011627906976744186 -0.010047553216172084 0.12025624652941164 -0.30536579173023964 0 0 0
0.0011627906976744186 0.14310700756375563 0.28698793773274583 -0.22114508681708311 0 0 0
0.0011627906976744186 -0.4589442480949077 0.1625662223192026 -0.41579347620240126 0 0 0
0.0011627906976744186 0.007679585171572307 -0.2526708077033637 -0.4872899389434799 0 0 0
0.0011627906976744186 -0.29925913231570583 -0.1937969708365507 -0.40133175527869464 0 0 0
0.0011627906976744186 -0.5721863442411588 -0.2792278844071123 -0.061668524706292395 0 0 0
0.0011627906976744186 -0.07690278630386148 -0.5271793956232527 0.004190905197636788 0 0 0
0.0011627906976744186 -0.43143715112511555 0.16594011305173004 0.17996938309088664 0 0 0
0.0011627906976744186 -0.27314258086852206 -0.5674148616603367 0.26149301442943856 0 0 0
0.0011627906976744186 0.03359490778399532 -0.6690834146253481 0.14462131536252298 0 0 0
0.0011627906976744186 -0.32188550818950695 -0.20275660351316582 0.4293475030899456 0 0 0
0.0011627906976744186 0.18974985695638896 0.3828615595104821 -0.37523963723762016 0 0 0
0.0011627906976744186 -0.23189946268562844 0.5223114149435701 -0.04741511102692321 0 0 0
0.0011627906976744186 0.038514787311494825 -0.012746052656220282 -0.574897765972103 0 0 0
0.0011627906976744186 -0.3810970229375398 0.4772463606767865 -0.1258899265160671 0 0 0
0.0011627906976744186 -0.28948962765418235 -0.38648540776824825 0.3896169431709198 0 0 0
0.0011627906976744186 -0.3819065548595074 0.3337584373909432 0.0907500278166716 0 0 0
0.0011627906976744186 -0.03840318361006733 -0.429345748127254 0.5165799199760368 0 0 0
0.0011627906976744186 -0.27407346474240507 -0.18492459584331192 -0.5915409834852116 0 0 0
0.0011627906976744186 0.039561053340939935 -0.08070899869372981 0.3276728879221229 0 0 0
0.0011627906976744186 0.222070595523017 -0.1479446867548175 -0.5193268516483994 0 0 0
0.0011627906976744186 0.1511740366195274 -0.10919805576780779 0.5576559890665039 0 0 0
0.0011627906976744186 0.22948382241159665 0.23702074795475914 -0.5493337661188115 0 0 0
0.0011627906976744186 0.32553811121995135 -0.4006160750030434 -0.12973711184972692 0 0 0
0.0011627906976744186 -0.5258141590117208 -0.3600146543046875 0.2654397198267819 0 0 0
0.0011627906976744186 -0.5775708364161043 0.1326515233563637 -0.17487624003859306 0 0 0
0.0011627906976744186 -0.28250031206026627 -0.01670272002902631 -0.03619925806554061 0 0 0
0.0011627906976744186 0.5904374777623513 0.29687046158750613 0.1570791158440998 0 0 0
0.0011627906976744186 -0.0666654517414254 0.06160638216616919 0.08946366768001845 0 0 0
0.0011627906976744186 0.09046141050998172 0.08381403362774666 -0.5905813656566749 0 0 0
0.0011627906976744186 -0.20038102805875666 0.49877450154035013 0.2693973938716127 0 0 0
0.0011627906976744186 -0.5101581601086127 -0.3075453098339932 -0.2020800345556383 0 0 0
0.0011627906976744186 -0.5094253928229132 -0.2672303379406094 -0.3435810352049427 0 0 0
0.0011627906976744186 0.19627466905570537 -0.4245863762345737 0.18819877483353553 0 0 0
0.0011627906976744186 0.0506823713705023 -0.36675626734329425 -0.49487027977591025 0 0 0
0.0011627906976744186 0.31914843618608063 0.5605364092343801 0.1380334878346349 0 0 0
0.0011627906976744186 0.07393308084186329 0.24407486850701376 0.2504977374997961 0 0 0
0.0011627906976744186 0.17384037160419058 -0.5738413701017441 0.10366941174238983 0 0 0
0.0011627906976744186 0.054453060377835316 0.4024374214997931 -0.473306006859226 0 0 0
0.0011627906976744186 0.346781827349247 0.4366671845357076 -0.26212592416463476 0 0 0
0.0011627906976744186 -0.24009878410072574 0.06791191668590679 -0.5298992669273145 0 0 0
0.0011627906976744186 0.12647628899286353 0.11379748135829365 -0.6281446715061534 0 0 0
0.0011627906976744186 -0.2535164703508187 0.18898023909325856 0.15446654422746464 0 0 0
0.0011627906976744186 -0.06631654004895966 -0.4774606236287527 -0.47084169259550185 0 0 0
0.0011627906976744186 0.2549976124704265 0.1189737396147882 -0.4559441133041041 0 0 0
0.0011627906976744186 0.14346092166826302 -0.40460506740756996 0.3050219261087055 0 0 0
0.0011627906976744186 -0.05957019716252944 0.15672334617688455 0.4151083632313375 0 0 0
0.0011627906976744186 -0.39183546534609115 -0.1569357365327858 -0.4344445312002287 0 0 0
0.0011627906976744186 0.3657177110715003 -0.20379736203119445 -0.4239863489354337 0 0 0
0.0011627906976744186 -0.24343088566150206 0.046937751101975234 0.18935194432479466 0 0 0
0.0011627906976744186 0.37040692207440346 0.4121546129165236 0.21830843791816237 0 0 0
0.0011627906976744186 -0.010598545182669903 0.22178483516210304 -0.05558658549835065 0 0 0
0.0011627906976744186 0.01735442039793216 0.025276482326415845 -0.353115702758493 0 0 0
0.0011627906976744186 0.6004011166634894 0.15630370179503109 -0.19682570379478279 0 0 0
0.0011627906976744186 0.4037311764132904 -0.14476203620356082 0.12125482823021566 0 0 0
0.0011627906976744186 0.4501675554870921 -0.4268457319669506 0.20493329981672406 0 0 0
0.0011627906976744186 0.036157698513472565 0.062256841411427524 -0.008730082424001608 0 0 0
0.0011627906976744186 0.4032921976291605 -0.15104743795311856 0.3478934283831908 0 0 0
0.0011627906976744186 -0.10705899330467694 -0.21635555000041784 0.04161511378775797 0 0 0
0.0011627906976744186 0.42451099719436564 -0.44380495815212606 0.11200057925008151 0 0 0
0.0011627906976744186 -0.2687378256425267 -0.48027123141880657 0.37680058011859524 0 0 0
0.0011627906976744186 0.18319657758935778 0.24292911888387209 -0.2050971733262476 0 0 0
0.0011627906976744186 -0.2247947281700391 -0.4412264664362728 -0.04623251053065562 0 0 0
0.0011627906976744186 -0.4090934330808356 -0.20469358628919945 -0.5192362089915986 0 0 0
0.0011627906976744186 0.500698774873581 -0.2966430990967115 -0.29485879063005116 0 0 0
0.0011627906976744186 0.4971417299453449 0.18287723751209195 -0.12985160021967845 0 0 0
0.0011627906976744186 -0.10818486680505777 -0.06082886979943928 -0.6310807115383641 0 0 0
0.0011627906976744186 -0.2446188506175544 0.1708843337738739 0.49404353170663406 0 0 0
0.0011627906976744186 -0.24217859995232752 -0.5624340695372642 0.12641085661483312 0 0 0
0.0011627906976744186 0.06101734259636535 0.15125523124239498 0.6030703158791269 0 0 0
0.0011627906976744186 -0.3419271657307197 0.12580280086417775 -0.019929671215917547 0 0 0
0.0011627906976744186 -0.3068779880074679 -0.3527022527250354 0.38113811439697914 0 0 0
0.0011627906976744186 0.4568404685946965 -0.2895994421987656 -0.0411337137294947 0 0 0
0.0011627906976744186 -0.06398672485281887 -0.5801301443919145 0.1595979799386954 0 0 0
0.0011627906976744186 -0.06350730607156237 0.3012550362297307 0.2793797474639506 0 0 0
0.0011627906976744186 0.6036988135944962 -0.13073893119667399 -0.09330323756523819 0 0 0
0.0011627906976744186 0.03486804483191082 -0.5146757544702983 0.4399333906962837 0 0 0
0.0011627906976744186 0.07778302722859304 0.18296313941603953 0.4374309154793476 0 0 0
0.0011627906976744186 0.16985444684144496 -0.3550020516144341 0.44015635879482695 0 0 0
0.0011627906976744186 0.4742976175365952 0.10999200791584458 -0.17994103428889285 0 0 0
0.0011627906976744186 0.4255815305851861 -0.3839572870809077 0.050490624495992086 0 0 0
0.0011627906976744186 0.5767943703950837 -0.0794276329516568 -0.11883309730421165 0 0 0
0.0011627906976744186 0.45483133634633255 -0.1984774459697663 -0.44161754118435115 0 0 0
0.0011627906976744186 0.375436601223651 0.42184433818526473 0.02859093168322727 0 0 0
0.0011627906976744186 -0.2346216475419446 0.3918213248498546 -0.27561694385557867 0 0 0
0.0011627906976744186 -0.20043067514929933 0.37346062709424693 -0.08185766010674646 0 0 0
0.0011627906976744186 0.10401153987360633 0.14109377480953156 0.11207708302121817 0 0 0
0.0011627906976744186 0.16949038306942515 -0.6199392262720496 0.19837312661042567 0 0 0
0.0011627906976744186 0.11164309591664096 -0.6097130909190772 0.02863736408689147 0 0 0
0.0011627906976744186 -0.5427131302722993 0.22278263206915566 -0.3607517794853265 0 0 0
0.0011627906976744186 0.181359565114278 0.5176868197803433 -0.3446045925919259 0 0 0
0.0011627906976744186 -0.6337059287977714 -0.027260511031374498 0.0613719821062612 0 0 0
0.0011627906976744186 0.4487191167409901 -0.33298934301838723 0.11019102042022909 0 0 0
0.0011627906976744186 0.24108742880552045 -0.212735370860929 0.43078236392905966 0 0 0
0.0011627906976744186 -0.385330577277616 0.2643724956866523 -0.3969304151368988 0 0 0
0.0011627906976744186 0.5565944950605475 -0.0788160656642242 -0.38211808772334555 0 0 0
0.0011627906976744186 -0.36433483312463744 0.37868011847637645 0.12312315246040433 0 0 0
0.0011627906976744186 -0.28131912869823517 -0.5798954619449368 -0.02166736493149884 0 0 0
0.0011627906976744186 0.3307993855380781 -0.5381846733887411 -0.050098346024473585 0 0 0
0.0011627906976744186 -0.4599392111427684 0.05616486091674095 -0.5130631670597021 0 0 0
0.0011627906976744186 -0.328989694347429 -0.4966421107771626 0.2540937247767805 0 0 0
0.0011627906976744186 -0.05674476747895445 -0.020040657084456466 0.02290726047818 0 0 0
0.0011627906976744186 0.004625410544798631 0.4204338091564426 -0.4431954482576646 0 0 0
0.0011627906976744186 -0.25973819330490594 -0.5590596450742329 -0.20364978329767 0 0 0
0.0011627906976744186 0.10739658947179437 0.30456911757582866 -0.1758024240053688 0 0 0
0.0011627906976744186 0.6197013281590005 -0.27001869738734074 0.08379786484564229 0 0 0
0.0011627906976744186 -0.2540363190547913 0.2788934285345255 0.3431509799044557 0 0 0
0.0011627906976744186 0.11746829729751126 -0.016606832850089022 0.023770106473883078 0 0 0
0.0011627906976744186 -0.059661384435947734 0.5171295846734171 -0.1627364281349333 0 0 0
0.0011627906976744186 -0.5336760332475231 -0.18883438848041875 0.2824564512095871 0 0 0
0.0011627906976744186 -0.38856236067119954 -0.27126120584220126 -0.09831433033452072 0 0 0
0.0011627906976744186 0.15291467582701812 0.0351988736763239 0.5402050432563611 0 0 0
0.0011627906976744186 -0.16086244466000443 -0.37295871165693045 0.30939457071783366 0 0 0
0.0011627906976744186 0.24617772317821396 0.41451170094229234 0.44091539874478874 0 0 0
0.0011627906976744186 0.08960504557678847 -0.33479506605594517 -0.2525827705739284 0 0 0
0.0011627906976744186 0.3108117012851575 0.5152727250207608 -0.3306107124873191 0 0 0
0.0011627906976744186 0.44859430784749876 0.20658108478758472 -0.25699700692672556 0 0 0
0.0011627906976744186 0.486142422683245 -0.23786969919761958 0.32283720233090774 0 0 0
0.0011627906976744186 0.1942941326706198 -0.48802531087754614 -0.28283771593079515 0 0 0
0.0011627906976744186 0.50163124503956 0.38747867479242626 -0.2691058430145657 0 0 0
0.0011627906976744186 0.456234209997688 0.033265670207494734 -0.13145380518016164 0 0 0
0.0011627906976744186 -0.07047205868876422 -0.6159168060156397 -0.2189123593251491 0 0 0
0.0011627906976744186 0.4733893540637665 0.15135333737956647 -0.33602145500880687 0 0 0
0.0011627906976744186 -0.297690289913429 0.3296575605524619 0.4675477457886199 0 0 0
0.0011627906976744186 0.13190895288148108 -0.08488945670176916 -0.37888110086625115 0 0 0
0.0011627906976744186 -0.35305412281703347 -0.2807265129319607 0.37448510338278806 0 0 0
0.0011627906976744186 0.4602359500042119 0.077704047141031 0.26418458109944054 0 0 0
0.0011627906976744186 -0.16661592589164362 -0.2585030807331869 0.4193728372728163 0 0 0
0.0011627906976744186 0.35317299315262135 0.1345320595746217 0.34301256122293144 0 0 0
0.0011627906976744186 0.42583314129546296 -0.018436915454621932 0.28359241710855393 0 0 0
0.0011627906976744186 0.4620475959580004 -0.11435777737341735 0.09983552872457382 0 0 0
0.0011627906976744186 -0.03331384520898229 0.34295787234880204 -0.1918758754651685 0 0 0
0.0011627906976744186 -0.2541401187287423 -0.17736624242203003 -0.48567425078649024 0 0 0
0.0011627906976744186 -0.3003541346300576 0.41068231938681843 0.1956479204270129 0 0 0
0.0011627906976744186 -0.44859638667611795 -0.3446389588149157 0.28460036271874917 0 0 0
0.0011627906976744186 0.08886277971312877 0.24829042809299678 -0.3569951119119258 0 0 0
0.0011627906976744186 -0.309001014710996 -0.24597297994091213 -0.1705668133915002 0 0 0
0.0011627906976744186 -0.5544125327324114 -0.22198038991929483 0.23543264762583468 0 0 0
0.0011627906976744186 -0.3015077853553402 0.3634910685653661 0.2541800920235548 0 0 0
0.0011627906976744186 0.3147179444979945 0.1476981616056716 0.4431089222944073 0 0 0
0.0011627906976744186 -0.06202005572588596 -0.09618134018956988 -0.218153675903519 0 0 0
0.0011627906976744186 0.1518251948668058 -0.41007730706612716 -0.4826537090716554 0 0 0
0.0011627906976744186 -0.2402947158311087 -0.06268389025327922 -0.15494375126095217 0 0 0
0.0011627906976744186 0.14534131608762887 0.17898383461294784 -0.3043977438715165 0 0 0
0.0011627906976744186 -0.01484065044196755 -0.5526622860757032 -0.08181945386957751 0 0 0
0.0011627906976744186 -0.013951349952192445 0.05461264641482364 0.5274629302855696 0 0 0
0.0011627906976744186 0.11467842597183485 -0.2614347893862315 -0.30544334237371495 0 0 0
0.0011627906976744186 0.4956701478340094 0.03914927005037498 -0.036077074858695185 0 0 0
0.0011627906976744186 0.08627322684314598 -0.3017524536512251 -0.2398224343292836 0 0 0
0.0011627906976744186 0.4875643007756831 0.2916380701503464 0.1283431112140489 0 0 0
0.0011627906976744186 -0.5373204708912928 0.03793885263184212 -0.16107542410088327 0 0 0
0.0011627906976744186 -0.09497261875387504 -0.5368237263395929 -0.007112096468322329 0 0 0
0.0011627906976744186 -0.2924166765226117 -0.31509370103328616 0.1616179342915891 0 0 0
0.0011627906976744186 -0.16029754152272987 0.2973567590446845 -0.0009493238260032539 0 0 0
0.0011627906976744186 -0.6091257501996205 0.06658358938261755 0.027306470140885074 0 0 0
0.0011627906976744186 0.22057637148208498 -0.026964889840119168 -0.5226384463635656 0 0 0
0.0011627906976744186 0.1020016774749371 0.09630523892425885 -0.16465100092421203 0 0 0
0.0011627906976744186 0.027944142464170867 0.2092027610110643 -0.40429813710110024 0 0 0
0.0011627906976744186 -0.16798404959683105 -0.4440392222364264 0.043633805919704005 0 0 0
0.0011627906976744186 -0.2047736648991618 -0.2891917731021573 -0.27427342561005275 0 0 0
0.0011627906976744186 0.24541163039713834 0.44371542679589543 -0.19861227046718405 0 0 0
0.0011627906976744186 -0.4054368794860438 0.03710045754229361 0.44939700921135495 0 0 0
0.0011627906976744186 -0.1942658182364306 0.6264536165377069 -0.03934447064528211 0 0 0
0.0011627906976744186 0.3563539228234393 -0.24456637943683845 0.20757048294806602 0 0 0
0.0011627906976744186 -0.5555120934421067 0.3521895237688364 -0.10577624502103908 0 0 0
0.0011627906976744186 -0.14106281801822076 0.5442710040476717 -0.19054750550699298 0 0 0
0.0011627906976744186 0.14394843568951116 -0.5681176695062699 0.23782780979545023 0 0 0
0.0011627906976744186 -0.3799610752145478 -0.2133158718866742 -0.003361638344513594 0 0 0
0.0011627906976744186 0.13172406827007585 0.08398036340522536 0.49751069684343735 0 0 0
0.0011627906976744186 -0.37473461556652055 -0.36889789993405253 -0.16326551799427724 0 0 0
0.0011627906976744186 0.36185659600644565 0.1947097928582536 0.008348021381172768 0 0 0
0.0011627906976744186 -0.1767350463972922 -0.1466438793764959 0.0483599527091462 0 0 0
0.0011627906976744186 -0.15353987962364374 -0.07791206707844249 -0.08947441675072461 0 0 0
0.0011627906976744186 0.1893839653893882 0.5587945457928278 0.28399681576461455 0 0 0
0.0011627906976744186 -0.3968748726074111 -0.1928624855351467 0.19948686025855875 0 0 0
0.0011627906976744186 0.3027002598556957 0.3312165543164298 -0.4085973174026996 0 0 0
0.0011627906976744186 0.1543532042890869 -0.4552023377314329 0.11638575185662313 0 0 0
0.0011627906976744186 -0.21452560621895037 0.5955471067014818 0.22616160207247968 0 0 0
0.0011627906976744186 0.2922054353268486 0.0668747223737842 -0.18352859049617076 0 0 0
0.0011627906976744186 0.21126889236474336 0.5878745835569195 -0.18870302596243932 0 0 0
0.0011627906976744186 -0.48435004717448504 -0.006267680863025214 -0.03476478643408868 0 0 0
0.0011627906976744186 0.47258451887135244 -0.44622716557231007 0.003061886280299149 0 0 0
0.0011627906976744186 -0.02388975964663288 -0.33437239657714163 -0.0880382226291483 0 0 0
0.0011627906976744186 0.13015553370117286 0.543199268422952 0.046792246831990666 0 0 0
0.0011627906976744186 0.02551294034548153 -0.26091824374760014 0.04530068998387087 0 0 0
0.0011627906976744186 -0.015368422598292575 -0.025776962047779683 -0.3132447635301156 0 0 0
0.0011627906976744186 -0.46519657790669344 0.4293540772326478 -0.06565563431215031 0 0 0
0.0011627906976744186 -0.06285656008894296 -0.1763925179219576 0.252781051721959 0 0 0
0.0011627906976744186 0.6316199706239255 0.2237537375410461 -0.05682357604364791 0 0 0
0.0011627906976744186 0.12825894817099542 0.24509209419404948 -0.09029446205090255 0 0 0
0.0011627906976744186 0.6339922873820135 0.2349106667153734 0.07273786370052016 0 0 0
0.0011627906976744186 0.22348049515521382 0.019870214846699756 0.23766614067919972 0 0 0
0.0011627906976744186 -0.47560721948776674 0.30905406143987324 -0.1802133476795957 0 0 0
0.0011627906976744186 0.21000819063796378 0.44939561149721324 -0.34784540749015935 0 0 0
0.0011627906976744186 -0.31715159338301346 -0.27184597080770945 -0.37347018862295284 0 0 0
0.0011627906976744186 -0.30565429272233563 -0.20816673726046386 0.09559437336627848 0 0 0
0.0011627906976744186 -0.16438138135401179 -0.24040614756915296 -0.46754980108857197 0 0 0
0.0011627906976744186 0.43552830291892636 -0.21991938881256556 0.2672697385308909 0 0 0
0.0011627906976744186 0.25012145772743827 0.013119873803272184 -0.14903636919299265 0 0 0
0.0011627906976744186 -0.053244546068548906 0.17099985477836022 0.37103249812361433 0 0 0
0.0011627906976744186 -0.3991564043074983 -0.16696414100766613 -0.30243234436468486 0 0 0
0.0011627906976744186 -0.29620946487553357 -0.19237803031952772 -0.3610328607373545 0 0 0
0.0011627906976744186 -0.13174705466354744 0.13280886982535392 0.3548826804710292 0 0 0
0.0011627906976744186 -0.23514343525077752 -0.13099754243041858 -0.0649180914296802 0 0 0
0.0011627906976744186 0.12766986884276477 -0.5441159617339058 -0.19693477891353295 0 0 0
0.0011627906976744186 0.0692476461937626 -0.013648713067844624 -0.6816041075238598 0 0 0
0.0011627906976744186 -0.2261658824874414 -0.0835050113751802 -0.42468396223750354 0 0 0
0.0011627906976744186 0.6595601086728569 0.1656804638397124 -0.023581903226205174 0 0 0
0.0011627906976744186 -0.15380026261753682 -0.20621872535917413 -0.10725124263974402 0 0 0
0.0011627906976744186 0.21655992377230313 0.030692174318693824 0.21539080468921437 0 0 0
0.0011627906976744186 0.34167981649215307 -0.23867167235270403 -0.27017256010291585 0 0 0
0.0011627906976744186 -0.45674964706387156 -0.14427272558127718 -0.38851871905344176 0 0 0
0.0011627906976744186 0.011266419626101894 -0.03590210553344714 -0.35920323554261296 0 0 0
0.0011627906976744186 -0.5512513686267375 0.18520294110412758 0.11454556262266145 0 0 0
0.0011627906976744186 -0.27991882153142944 0.23676028327665688 0.23221519252764328 0 0 0
0.0011627906976744186 -0.3373652455095237 -0.32173349832989556 -0.44450540651932774 0 0 0
0.0011627906976744186 0.3900050797192056 -0.4674689187231551 0.14866240958520252 0 0 0
0.0011627906976744186 0.2905078115802928 -0.14038627334819967 0.2203766023077911 0 0 0
0.0011627906976744186 0.16283988549698378 0.46088670286707506 0.09322121494943737 0 0 0
0.0011627906976744186 -0.09816888469689586 0.07730616085353306 -0.4028922991604224 0 0 0
0.0011627906976744186 -0.5021492006835192 -0.001205787971868897 0.4421012472747067 0 0 0
0.0011627906976744186 -0.6193970108390624 0.016609063382242648 0.07126530133599084 0 0 0
0.0011627906976744186 -0.6011301295683071 0.002127661672119377 0.050909299729802744 0 0 0
0.0011627906976744186 0.40997440576327804 0.46866532003790856 0.1671691534350684 0 0 0
0.0011627906976744186 0.12478366243182619 -0.1294917089280721 0.015351396103920997 0 0 0
0.0011627906976744186 0.17399964847918975 0.3422632721592355 0.14682396513412901 0 0 0
0.0011627906976744186 -0.10496702714447755 -0.5959351799071421 0.20124266858624557 0 0 0
0.0011627906976744186 -0.10541764306498995 0.48618041305670145 -0.45349828537282894 0 0 0
0.0011627906976744186 0.029736774263962016 0.6040956424861967 -0.13217518609217171 0 0 0
0.0011627906976744186 0.2057423530539983 -0.35427943021009284 -0.4334432909377472 0 0 0
0.0011627906976744186 -0.04398744290882668 0.22062008529761548 -0.5797269719900704 0 0 0
0.0011627906976744186 0.5934975084408107 -0.2716541379319352 0.10144761477163657 0 0 0
0.0011627906976744186 -0.053053539259969085 0.15733195052114857 -0.6093423688035225 0 0 0
0.0011627906976744186 -0.048448832331761185 -0.051728935320819416 0.6885501846975163 0 0 0
0.0011627906976744186 0.10428893438777802 0.28737929686657576 -0.07644235011735856 0 0 0
0.0011627906976744186 0.04797454495198723 0.19935525240010366 -0.5309523094382622 0 0 0
0.0011627906976744186 -0.17904100738206138 -0.341981995354082 0.5678778259242444 0 0 0
0.0011627906976744186 -0.14463684466552068 0.030388521888497767 0.3894259637241243 0 0 0
0.0011627906976744186 0.05234714071821073 -0.0023067750075001616 -0.08040071047486463 0 0 0
0.0011627906976744186 0.0962318565464687 0.04681667732513498 -0.13284599460063598 0 0 0
0.0011627906976744186 -0.2228070988138061 0.5022784257047417 -0.1337984340369787 0 0 0
0.0011627906976744186 -0.2449405414682682 -0.01727893596612496 -0.437955078278476 0 0 0
0.0011627906976744186 0.16678438675034662 0.1676373791419135 0.4353982800787964 0 0 0
0.0011627906976744186 -0.1245955806678643 -0.15056564306729112 0.14024885619072247 0 0 0
0.0011627906976744186 -0.3824921086184886 0.26336316772243984 0.06114828161479703 0 0 0
0.0011627906976744186 0.29612779033406983 -0.018787946769279213 0.4132275629372512 0 0 0
0.0011627906976744186 -0.6514764071453538 0.08059796078831659 0.11376063192002783 0 0 0
0.0011627906976744186 0.14054926837777304 0.0070001803862067 0.042933698124675006 0 0 0
0.0011627906976744186 -0.27426725718487316 0.42402347817676905 0.3882190197358583 0 0 0
0.0011627906976744186 0.02818076733391418 -0.6467047121681896 0.14857075061894742 0 0 0
0.0011627906976744186 -0.14994192162328565 -0.06204465447612696 -0.5798522884515913 0 0 0
0.0011627906976744186 -0.318695083642962 -0.5680304426633329 -0.06826336721148142 0 0 0
0.0011627906976744186 0.11274175751651158 0.36091744216282323 -0.31587324857028237 0 0 0
0.0011627906976744186 -0.45772778062865765 0.23850068836400673 -0.33655751882546436 0 0 0
0.0011627906976744186 -0.31502693454063024 0.10902282831833905 0.5278725369559227 0 0 0
0.0011627906976744186 -0.5043699307998154 -0.2373346530233126 0.01878882393968269 0 0 0
0.0011627906976744186 -0.03648912681911077 0.2175421345286578 0.007642695317380923 0 0 0
0.0011627906976744186 -0.07917883712546439 0.008641282249210184 0.6643597885291883 0 0 0
0.0011627906976744186 0.5615569097751391 -0.2856755664457264 0.2702168818801897 0 0 0
0.0011627906976744186 -0.1500948807587379 0.07338083168129049 0.29002725327375506 0 0 0
0.0011627906976744186 -0.1260546108366917 -0.21172973350201393 0.4859448006687459 0 0 0
0.0011627906976744186 0.26884002465640794 0.23699350837358762 -0.08549268735036489 0 0 0
0.0011627906976744186 0.14326462143724056 0.14371596800198191 -0.28039123100128965 0 0 0
0.0011627906976744186 0.5618745197329347 -0.06612933704242072 0.09786335794433687 0 0 0
0.0011627906976744186 0.4425612477619909 0.48098262823212773 0.1775965975423142 0 0 0
0.0011627906976744186 -0.047442714202647986 -0.4124342006679798 -0.020858553792526918 0 0 0
0.0011627906976744186 0.4396620920364015 0.28861353328732053 0.39504723348656506 0 0 0
0.0011627906976744186 0.2325675215643007 -0.5917917133181319 0.1256981654070878 0 0 0
0.0011627906976744186 -0.24405573605449682 -0.3618976069042722 0.5072179517322346 0 0 0
0.0011627906976744186 -0.17591051248091294 0.03245006950899065 0.45207208705113544 0 0 0
0.0011627906976744186 -0.0020321219215267633 -0.6052763030863919 -0.25195115384171524 0 0 0
0.0011627906976744186 0.2978512441572073 0.5666566781024035 -0.16972636498830296 0 0 0
0.0011627906976744186 -0.660497989665414 -0.19441574191900984 0.02283576317017707 0 0 0
0.0011627906976744186 -0.17449615898586898 -0.15860578036049616 0.3823335553447661 0 0 0
0.0011627906976744186 -0.24226880633374562 -0.3055502224501113 0.08631244026827059 0 0 0
0.0011627906976744186 0.6557496016526453 -0.2005400078585618 0.07713715789933345 0 0 0
0.0011627906976744186 0.04053419919200583 -0.03065474680512769 -0.2831902585130244 0 0 0
0.0011627906976744186 -0.4341070853970345 0.209985208160024 0.11237103531268389 0 0 0
0.0011627906976744186 0.030200670065006333 -0.23867919332691645 0.3696970971994559 0 0 0
0.0011627906976744186 -0.14407436377725294 0.21286585664399235 0.26382913392796475 0 0 0
0.0011627906976744186 -0.009851631577357647 0.2871918356818101 0.4879079524935945 0 0 0
0.0011627906976744186 -0.23634158959474108 0.09649059612036448 -0.14524897050020347 0 0 0
0.0011627906976744186 0.039279314639615176 -0.06263935464826596 -0.11249245212770766 0 0 0
0.0011627906976744186 0.3856030621636967 0.5036659025207365 -0.22663086699890952 0 0 0
0.0011627906976744186 -0.5248573266046476 -0.20032965911428482 -0.13657865551111664 0 0 0
0.0011627906976744186 -0.41291762976715857 -0.45329811858254465 0.2300676730373913 0 0 0
0.0011627906976744186 0.158762589366658 0.5321258584939383 -0.16252969875779036 0 0 0
0.0011627906976744186 -0.29442597366654394 0.5636478302674437 -0.11719968038599596 0 0 0
0.0011627906976744186 0.13266359054320606 -0.26074488398057316 0.5324284188198946 0 0 0
0.0011627906976744186 -0.5406047149315278 0.31879346236180955 -0.1038099003590161 0 0 0
0.0011627906976744186 0.5380464880046906 -0.23265214081246857 0.0005861444624451303 0 0 0
0.0011627906976744186 -0.2722156682101104 -0.38948978293523956 0.04695107339879566 0 0 0
0.0011627906976744186 0.2884605729027984 0.04387142888329603 0.32308766588623117 0 0 0
0.0011627906976744186 0.44725561949698284 -0.10657672506958128 0.3528413772227149 0 0 0
0.0011627906976744186 0.4743263612870955 -0.41189975606894724 0.07875728636958272 0 0 0
0.0011627906976744186 -0.5460563357435778 -0.2725290348162957 -0.3176314077736094 0 0 0
0.0011627906976744186 0.14514692407845134 -0.5997651087950616 -0.11788996376320159 0 0 0
0.0011627906976744186 -0.04115234586645586 -0.19445574661064918 -0.5724363247140098 0 0 0
0.0011627906976744186 -0.4494107058456614 -0.1372928494855526 -0.2355629641361024 0 0 0
0.0011627906976744186 -0.626963831540847 0.1528116100320625 -0.1318127005977191 0 0 0
0.0011627906976744186 0.6448091434632048 -0.21350350626815434 -0.0876457631672933 0 0 0
0.0011627906976744186 -0.13825806429710907 0.46046029409354333 0.37631188491552414 0 0 0
0.0011627906976744186 -0.361125100833796 -0.21529345459698263 -0.2744138714739664 0 0 0
0.0011627906976744186 -0.12118958132543245 -0.31977219990145767 -0.1358468717318071 0 0 0
0.0011627906976744186 -0.15341053913512892 -0.30022113761032365 0.15012793438906324 0 0 0
0.0011627906976744186 0.2547785190830508 0.2783104623201685 -0.09195048090888532 0 0 0
0.0011627906976744186 -0.10184572441853197 0.15229323285908594 0.2792857388867282 0 0 0
0.0011627906976744186 0.006664147735065055 0.1169462810030291 0.6739167215985107 0 0 0
0.0011627906976744186 -0.26421017536423214 0.3282990241483935 -0.31595282625874 0 0 0
0.0011627906976744186 0.04658944695244481 0.6126444932259343 -0.08335409109233954 0 0 0
0.0011627906976744186 0.5255545113322291 -0.05827721604757247 0.14582959226818096 0 0 0
0.0011627906976744186 -0.687868337386615 0.03578212502214245 -0.024077400700450308 0 0 0
0.0011627906976744186 0.072618084379353 -0.22166409411976534 -0.5058059527484909 0 0 0
0.0011627906976744186 -0.4637300085166155 -0.38272087076881967 0.23147590344330227 0 0 0
0.0011627906976744186 -0.27983178210116916 0.5426031880899486 0.08024929736697396 0 0 0
0.0011627906976744186 -0.48835815354757556 -0.20600779473963163 -0.30608400608502107 0 0 0
0.0011627906976744186 -0.4830072295942055 -0.3707338705290989 0.3003494735456432 0 0 0
0.0011627906976744186 0.4098049878934794 -0.3873226196478324 0.3918971789778962 0 0 0
0.0011627906976744186 -0.09181237399537852 0.4989985924556954 0.05586344214299713 0 0 0
0.0011627906976744186 0.06363461837534284 -0.09258446366373409 0.1478392149739015 0 0 0
0.0011627906976744186 0.16722070200565564 -0.15970054541514678 -0.6165434427778096 0 0 0
0.0011627906976744186 -0.017089691460629212 0.05044845493775415 -0.3594536869509986 0 0 0
0.0011627906976744186 0.020578070603392097 -0.04516801961017749 0.6085276716592138 0 0 0
0.0011627906976744186 0.010598553180259736 0.07060821518454151 -0.5546407384209672 0 0 0
0.0011627906976744186 0.32465103037732346 0.12376043091481435 -0.37268620578898165 0 0 0
0.0011627906976744186 -0.16988912890618954 0.31007903657351615 0.21908583239436016 0 0 0
0.0011627906976744186 0.02065642899678972 0.24086512065306184 -0.6109672708631317 0 0 0
0.0011627906976744186 0.3781061023384305 0.050184197132908955 -0.16437225820158738 0 0 0
0.0011627906976744186 -0.3901442981673331 0.46777902837503615 -0.11029604649052488 0 0 0
0.0011627906976744186 0.2737228012433723 0.09657734806084911 -0.3004971846241049 0 0 0
0.0011627906976744186 -0.5492843242378935 0.19668384482286083 -0.22931730681620185 0 0 0
0.0011627906976744186 -0.02937155516992271 -0.12053148311385803 0.04529655188150533 0 0 0
0.0011627906976744186 0.08490392424687246 0.36449353133520557 -0.5566219556453277 0 0 0
0.0011627906976744186 0.17959136169008608 -0.5248373843219931 -0.19396203384829117 0 0 0
0.0011627906976744186 -0.03057183893113349 0.24405985616234216 0.48905822818985173 0 0 0
0.0011627906976744186 0.2650059707649128 0.2601473609258371 -0.06394138622020332 0 0 0
0.0011627906976744186 0.35387799553154586 0.3935838018264071 -0.3608391398535122 0 0 0
0.0011627906976744186 0.19002410682278922 0.2814395795013267 -0.3529882366295118 0 0 0
0.0011627906976744186 0.23327944660528108 -0.14379401922794421 -0.020217983335040213 0 0 0
0.0011627906976744186 -0.03978821610206861 0.2899061674165923 -0.043437512603820616 0 0 0
0.0011627906976744186 0.30701266192431564 0.34864208028697596 -0.4211920950544562 0 0 0
0.0011627906976744186 0.051325984961644575 -0.03777608842680616 0.5305576155736526 0 0 0
0.0011627906976744186 0.027696928269571756 0.15422197542263907 -0.6612663651315028 0 0 0
0.0011627906976744186 0.24789824421241055 -0.5523613685231178 -0.13558953342679173 0 0 0
0.0011627906976744186 -0.5465078021649077 -0.005073767609728163 0.3260593604680993 0 0 0
0.0011627906976744186 -0.19021270142680485 0.4419552270054187 -0.4081165733540606 0 0 0
0.0011627906976744186 -0.2066086918278147 -0.18047884363373717 0.23245661158211053 0 0 0
0.0011627906976744186 0.029477784822723452 0.40845128961538196 -0.2911304215542135 0 0 0
0.0011627906976744186 0.10169345787106178 0.056220688472088096 -0.4858474569935545 0 0 0
0.0011627906976744186 0.06565247934725421 0.3247822513103608 0.11348438505934945 0 0 0
0.0011627906976744186 0.2939607583825985 -0.1441378558765038 -0.37480372030621284 0 0 0
0.0011627906976744186 -0.26769721730461765 -0.2375570131294386 -0.4275259572071861 0 0 0
0.0011627906976744186 0.12573834785254848 -0.40743041575076966 -0.0996727684691968 0 0 0
0.0011627906976744186 -0.2527772940070142 0.2838339787127536 -0.4537794126815516 0 0 0
0.0011627906976744186 0.06729822213822007 -0.502136273673747 -0.33548198480926544 0 0 0
0.0011627906976744186 -0.17720985515100157 0.08402747670434688 -0.0690146274605734 0 0 0
0.0011627906976744186 0.4958794154571299 -0.11563514893556914 -0.22083438505255573 0 0 0
0.0011627906976744186 0.06168290909787799 0.1651440999325638 -0.33852251936798616 0 0 0
0.0011627906976744186 0.4680786002063487 0.17481683225956754 0.01968130198172487 0 0 0
0.0011627906976744186 0.15302020783939005 -0.12301838035514524 -0.5872119023262387 0 0 0
0.0011627906976744186 -0.005583330149964435 -0.3433390084204975 0.12225230014091473 0 0 0
0.0011627906976744186 -0.048891192041500754 -0.5506737367651325 0.06154308342170979 0 0 0
0.0011627906976744186 -0.15896989309386833 -0.4401638918937942 0.4251496407353974 0 0 0
0.0011627906976744186 0.07244947398379616 0.36987287236771627 0.01996343835046728 0 0 0
0.0011627906976744186 0.20016210843403298 0.3915902056407316 -0.3951508369875949 0 0 0
0.0011627906976744186 0.3170491408332641 -0.048242097952956496 -0.15556092487834827 0 0 0
0.0011627906976744186 0.2101607443713213 0.38946039931379733 -0.29298648223471363 0 0 0
0.0011627906976744186 -0.08063692808708912 0.575398428029599 -0.1911222902788714 0 0 0
0.0011627906976744186 0.28253631050106454 0.21222506340869005 -0.5829106229759262 0 0 0
0.0011627906976744186 -0.3292606228211193 0.0006054846507280035 0.16809648278609024 0 0 0
0.0011627906976744186 -0.68474537999565 0.10301599390391127 -0.031058994973578145 0 0 0
0.0011627906976744186 -0.10867905859788658 -0.0347466865151999 -0.5025430948684141 0 0 0
0.0011627906976744186 0.06660071848436476 0.33145840196550835 -0.14921365032670117 0 0 0
0.0011627906976744186 -0.2584968197960455 -0.17607706563254893 -0.19790930537925222 0 0 0
0.0011627906976744186 -0.37433667311715746 0.0024360690967429343 0.4034363140681131 0 0 0
0.0011627906976744186 0.28178019314445224 0.3676258481362532 0.04458961845022338 0 0 0
0.0011627906976744186 -0.31990070267474646 -0.11138825838703867 -0.14979699609516742 0 0 0
0.0011627906976744186 0.16935500511306353 -0.21727407595189796 -0.2977869609036321 0 0 0
0.0011627906976744186 0.2643445797586581 -0.22427008465723342 -0.15486421685810933 0 0 0
0.0011627906976744186 -0.011928178478242913 -0.3328031204385403 0.2999894551260903 0 0 0
0.0011627906976744186 0.3514894883065121 -0.22361101695488134 0.44879033637458204 0 0 0
0.0011627906976744186 0.3537043649585695 -0.2598383959324351 0.03703173145105849 0 0 0
0.0011627906976744186 -0.011936871263833984 -0.3328602012574733 -0.37942576423383384 0 0 0
0.0011627906976744186 0.14638596318915498 -0.6154135846259347 0.2689859880045397 0 0 0
0.0011627906976744186 0.3362850079897038 -0.12851367464202865 -0.3066571128150302 0 0 0
0.0011627906976744186 0.3576192500932505 -0.09615018756957959 0.04116729331462522 0 0 0
0.0011627906976744186 0.2954690992285037 0.1044464451376805 -0.5177192453625379 0 0 0
0.0011627906976744186 -0.12340208377092665 -0.42077029687787515 0.2855927456557482 0 0 0
0.0011627906976744186 -0.31190793975304254 0.08649498125627844 0.45267760575391836 0 0 0
0.0011627906976744186 -0.1272856162332941 -0.24179040839353305 0.4682598141802934 0 0 0
0.0011627906976744186 -0.168178192828632 0.1836970199175151 0.12935563539296285 0 0 0
0.0011627906976744186 0.362359869960655 -0.25671823718656483 -0.397914986831299 0 0 0
0.0011627906976744186 -0.402119632559887 -0.17093821788466967 -0.3197818442509465 0 0 0
0.0011627906976744186 -0.15925608132894908 0.3407824168523207 -0.2792664730228331 0 0 0
0.0011627906976744186 -0.6072494990382732 0.27689099284668955 0.03850009592602587 0 0 0
0.0011627906976744186 -0.09597688472829724 0.04823128946142867 -0.6395845219719113 0 0 0
0.0011627906976744186 -0.14118563495851566 0.046938293930885444 0.6090883037946667 0 0 0
0.0011627906976744186 -0.4436913913544279 -0.1874275786037495 -0.17054214352523225 0 0 0
0.0011627906976744186 0.13188133063932087 0.16229866230495585 0.5782577441432633 0 0 0
0.0011627906976744186 0.20890948438856657 0.2549837978738375 0.5278254881899241 0 0 0
0.0011627906976744186 -0.2365999391020572 0.5182752506157324 0.29519425963179985 0 0 0
0.0011627906976744186 0.08232110116151428 -0.5121808619108649 -0.010982742904658737 0 0 0
0.0011627906976744186 0.3187813993975988 0.16481568914251377 0.2590094933649694 0 0 0
0.0011627906976744186 0.4330370571016644 0.2202171582480425 -0.46006304321093006 0 0 0
0.0011627906976744186 -0.30825919196239593 0.12127887448334415 -0.40093473956289694 0 0 0
0.0011627906976744186 -0.10262410922103303 -0.502753408182925 -0.3495848874076138 0 0 0
0.0011627906976744186 -0.05733655328988204 0.011634408815769088 -0.42078797204546486 0 0 0
0.0011627906976744186 -0.18260044426171415 0.11768144619610783 -0.5895915307744389 0 0 0
0.0011627906976744186 -0.03484887709692911 -0.47773220015042583 -0.3183356373401217 0 0 0
0.0011627906976744186 0.1204055239628113 -0.3013827941907333 -0.5522033248061993 0 0 0
0.0011627906976744186 0.26339272873339853 -0.07270972334431382 -0.6110340423674887 0 0 0
0.0011627906976744186 0.2989061198365943 0.6118519421152062 0.050007368085067665 0 0 0
0.0011627906976744186 -0.398226258460758 -0.13002413711740637 0.36071307813829806 0 0 0
0.0011627906976744186 0.49402179195017776 -0.25904865233028757 -0.03475580659377422 0 0 0
0.0011627906976744186 0.6760331134809388 -0.09678617050603489 0.10228425350149892 0 0 0
0.0011627906976744186 0.15556379176944662 -0.3009547984203427 0.18085314310633968 0 0 0
0.0011627906976744186 0.2696268522856942 -0.20244053933606182 -0.17106742357586802 0 0 0
0.0011627906976744186 -0.3968923312004692 0.44321511166527544 -0.2281635910595671 0 0 0
0.0011627906976744186 -0.12803806290870753 -0.4111393453776301 0.17590423272084899 0 0 0
0.0011627906976744186 -0.29569428768316436 -0.3344751527767189 0.24766821455072502 0 0 0
0.0011627906976744186 0.0989486079568683 0.06790087114322528 -0.5659300094455222 0 0 0
0.0011627906976744186 -0.2197519836293978 -0.10087835324215126 -0.5553244929701204 0 0 0
0.0011627906976744186 -0.08685931244833771 0.2576949718460033 -0.28196953963062643 0 0 0
0.0011627906976744186 -0.1580177264283256 0.04676528476519217 -0.47931912631047174 0 0 0
0.0011627906976744186 -0.1753360175747015 0.25777846585118586 0.206034415916808 0 0 0
0.0011627906976744186 0.23935325085654305 0.4945271155841001 0.40029534447619053 0 0 0
0.0011627906976744186 -0.30308574362430774 0.1766495901092557 -0.37326666612305537 0 0 0
0.0011627906976744186 -0.3515052573128333 -0.030527749312387005 0.12728178209641053 0 0 0
0.0011627906976744186 0.13266242210046544 0.2887813934905111 -0.17629736854116995 0 0 0
0.0011627906976744186 0.5035935325730645 -0.04301131098679322 -0.08753282417944439 0 0 0
0.0011627906976744186 0.18431325169682933 -0.05103527917305486 0.09140881866362148 0 0 0
0.0011627906976744186 0.10866860565166478 -0.5533318016184251 0.1710540283619584 0 0 0
0.0011627906976744186 0.044006708499547756 0.35191481816346504 0.10256225507980768 0 0 0
0.0011627906976744186 -0.44069416505292447 -0.22290977187552277 -0.03864569724899834 0 0 0
0.0011627906976744186 0.1579176455898122 -0.08522336619237564 -0.23449873349752903 0 0 0
0.0011627906976744186 -0.48668210166645937 -0.36187004816642787 0.11349373909178896 0 0 0
0.0011627906976744186 0.45112118810440344 0.3160250881405041 0.08106583282713013 0 0 0
0.0011627906976744186 0.37442500447097615 0.2825806797656159 0.025737710703640698 0 0 0
0.0011627906976744186 -0.05782941967030065 0.36326724977508323 0.33492097148305106 0 0 0
0.0011627906976744186 -0.0861825411315212 -0.625999667273097 -0.1331590115381016 0 0 0
0.0011627906976744186 -0.024496482542470967 0.4465166545608869 0.3170137322395993 0 0 0
0.0011627906976744186 -0.06421633495275872 -0.5387803904644939 0.317154294992753 0 0 0
0.0011627906976744186 0.1749856130718414 0.02651401063560857 0.4843673186943095 0 0 0
0.0011627906976744186 0.40962994250129264 0.0560289875744584 -0.48250765843968285 0 0 0
0.0011627906976744186 0.2754430248305741 0.1443792444889025 0.6070072544866187 0 0 0
0.0011627906976744186 -0.19449456122916065 0.06852581356335916 0.3188638726046816 0 0 0
0.0011627906976744186 -0.057590481183057665 0.40351242381899 0.20051206678924544 0 0 0
0.0011627906976744186 -0.05772550120844819 0.25488139481211664 -0.5897800852368215 0 0 0
0.0011627906976744186 -0.06431721138899099 -0.4059532533179766 0.2790136030392537 0 0 0
0.0011627906976744186 -0.1450228710927747 -0.6572223812696776 0.00999476803909739 0 0 0
0.0011627906976744186 -0.1378682412904477 0.0800326498708903 -0.27312344308410846 0 0 0
0.0011627906976744186 -0.1896746824858482 0.5671159962724732 0.23232003601500373 0 0 0
0.0011627906976744186 0.2948787052735611 0.042725284605075645 0.4208137157000395 0 0 0
0.0011627906976744186 0.45444993243181686 -0.38078310292385004 -0.32549383024835443 0 0 0
0.0011627906976744186 -0.12634156725346213 -0.025777243998496284 0.3122265899963684 0 0 0
0.0011627906976744186 0.2179054013654135 0.16067156345515843 0.3849952804567596 0 0 0
0.0011627906976744186 -0.03963513024202477 -0.1361539843836338 -0.4998210624915303 0 0 0
0.0011627906976744186 0.37847017254556553 -0.2352697802879861 0.29761788165159503 0 0 0
0.0011627906976744186 0.3990505295450162 -0.47547978513227257 0.007783090305882616 0 0 0
0.0011627906976744186 -0.02682304415743215 -0.011324725661916998 0.6586525419064118 0 0 0
0.0011627906976744186 -0.5618573308961642 0.1583349752440576 -0.3057456936293723 0 0 0
0.0011627906976744186 -0.013972941650033315 -0.49831590868271863 -0.1332204601804216 0 0 0
0.0011627906976744186 0.4143810328015858 0.19443848445906722 0.038339031434470774 0 0 0
0.0011627906976744186 -0.40298450269118863 -0.392666262923287 -0.13694819223368027 0 0 0
0.0011627906976744186 0.1450152490800003 -0.27570354826306687 0.6160213223740136 0 0 0
0.0011627906976744186 -0.3194640188958651 -0.16060833925578286 -0.16010369123977058 0 0 0
0.0011627906976744186 -0.6215096309002613 -0.030628708356360765 0.2142696752005475 0 0 0
0.0011627906976744186 -0.0340656771244593 0.04568017569500838 0.5580238692355057 0 0 0
0.0011627906976744186 0.4570441871004189 0.30652599205191244 -0.31715632166070945 0 0 0
0.0011627906976744186 0.06285028876505214 -0.1851597755060593 -0.20150646897032407 0 0 0
0.0011627906976744186 0.25124146598249175 0.2577958427564603 -0.5433283595117727 0 0 0
0.0011627906976744186 0.05335214583813891 0.48000010063699033 0.4593915148519801 0 0 0
0.0011627906976744186 0.21157888268493238 0.03616186240221126 0.3138267920111491 0 0 0
0.0011627906976744186 0.027756701367839372 0.00473978728161201 0.5434431470559293 0 0 0
0.0011627906976744186 0.3100339807467385 -0.12367771813931892 0.4101277829400697 0 0 0
0.0011627906976744186 0.07565677085466695 -0.06660246068965281 -0.5172412173576313 0 0 0
0.0011627906976744186 0.17233047702839285 -0.17622838483447711 0.19686882147125753 0 0 0
0.0011627906976744186 -0.4139178835282866 -0.21910750109920543 0.43003086776849603 0 0 0
0.0011627906976744186 0.049819656023985325 0.11518847273566983 -0.6558634303275784 0 0 0
0.0011627906976744186 0.18047849505031058 0.37549537332724814 0.28631985543860156 0 0 0
0.0011627906976744186 0.05685749090975672 -0.45092907486137757 0.23606029843904935 0 0 0
0.0011627906976744186 0.06570495912253516 0.6510724849346309 -0.11671912989246655 0 0 0
0.0011627906976744186 0.6127967135290342 0.10892682494120848 0.28701962127982056 0 0 0
0.0011627906976744186 -0.08737022987808458 -0.023055781299847845 -0.3443752611618921 0 0 0
0.0011627906976744186 0.5868174129817383 -0.2848012722622197 0.02024832868120442 0 0 0
0.0011627906976744186 0.147198416157479 -0.41435403304053264 -0.0433231369110267 0 0 0
0.0011627906976744186 -0.10085517854396324 0.2826207652713876 0.5288372152953204 0 0 0
0.0011627906976744186 0.1613710827650039 0.6358236215201039 0.16253679750283645 0 0 0
0.0011627906976744186 0.3042990756502446 0.03971469851959847 -0.5370269490596974 0 0 0
0.0011627906976744186 0.06642970271361487 0.3636493448472138 -0.26228529965343084 0 0 0
0.0011627906976744186 0.19630126510269835 0.1958274312897599 -0.4298549425070009 0 0 0
0.0011627906976744186 0.12007744343332821 -0.17997843279835732 0.153064875603853 0 0 0
0.0011627906976744186 -0.07798394335544323 -0.1358131049887568 -0.4414934478484051 0 0 0
0.0011627906976744186 0.328653562449839 0.37685494861954416 0.19914663250213968 0 0 0
0.0011627906976744186 0.4211911400590276 -0.11436779734161567 0.19120352306884272 0 0 0
0.0011627906976744186 -0.06480188670891689 0.1711475113339191 -0.3334820535296237 0 0 0
0.0011627906976744186 0.08072978023165539 -0.09527296695058819 0.5084932326919102 0 0 0
0.0011627906976744186 -0.4744332910914019 0.1706435917025516 -0.027356845777455487 0 0 0
0.0011627906976744186 -0.6786776343915389 0.012507629074457278 0.05923144073218767 0 0 0
0.0011627906976744186 0.17914157197717814 -0.6079735550215933 -0.03435607176347659 0 0 0
0.0011627906976744186 -0.3175723046151612 0.12545148131743275 0.4132516070845197 0 0 0
0.0011627906976744186 0.04936091702951102 -0.25866117347982037 -0.5711524545803586 0 0 0
0.0011627906976744186 0.39703073107721326 -0.2216814605436899 -0.20103701886542208 0 0 0
0.0011627906976744186 0.1170350950579184 0.2651840652149809 -0.3229257057420652 0 0 0
0.0011627906976744186 -0.3512385404526037 0.5411636463676934 0.0021055266151194037 0 0 0
0.0011627906976744186 0.01403627351806821 -0.3251761310955458 -0.3892195134291468 0 0 0
0.0011627906976744186 -0.12385325209855162 -0.3521834932031298 -0.3663646806732293 0 0 0
0.0011627906976744186 -0.3326938444544892 0.20220367735627834 0.08317388737124404 0 0 0
0.0011627906976744186 -0.2949252262346711 -0.3503566089975664 0.4103418610777675 0 0 0
0.0011627906976744186 -0.03548224575148729 -0.2330914848744017 -0.024437815435335842 0 0 0
0.0011627906976744186 0.409957945749406 -0.13393266845768004 -0.3653702069871709 0 0 0
0.0011627906976744186 -0.3583710408990754 0.09999230991153941 -0.5129184868006694 0 0 0
0.0011627906976744186 -0.1730276562737425 0.6038920237827131 0.02309630409478167 0 0 0
0.0011627906976744186 0.10461744982237856 0.567775358393198 0.12177649235791325 0 0 0
0.0011627906976744186 -0.18843752067852917 -0.20550237571415805 0.06587903959792288 0 0 0
0.0011627906976744186 -0.26447848232962207 0.5667263309053794 0.00746456340671632 0 0 0
0.0011627906976744186 0.06436119552277211 0.20280825272944278 -0.057593216567435095 0 0 0
0.0011627906976744186 -0.30348012069314295 -0.1161556060850427 -0.4640811326852892 0 0 0
0.0011627906976744186 0.46989122836690284 0.3534227221890627 0.281890282047673 0 0 0
0.0011627906976744186 -0.5197447729315859 -0.05210145122356909 -0.3446680177782872 0 0 0
0.0011627906976744186 -0.15276657954078246 -0.4347665390843106 0.27789115529417296 0 0 0
0.0011627906976744186 -0.07114055196215988 0.47489391330199854 -0.05695532561339543 0 0 0
0.0011627906976744186 -0.02039899138090406 0.3278244952932343 0.19791617418640553 0 0 0
0.0011627906976744186 -0.450953156219806 0.12950796874621717 0.14338174414526744 0 0 0
0.0011627906976744186 -0.2724337714901274 0.3093848215466808 0.27061461838171763 0 0 0
0.0011627906976744186 -0.3123336733569315 0.012346887528055664 0.11125993825964403 0 0 0
0.0011627906976744186 -0.2671599058847673 0.2782407344017516 0.19154701700890073 0 0 0
0.0011627906976744186 -0.43744840769086957 0.05819304031816444 -0.0699406770998515 0 0 0
0.0011627906976744186 0.4469424956782134 0.4414307842268268 -0.1058809805157824 0 0 0
0.0011627906976744186 -0.04752082739490284 0.05522935791159587 0.24477113418688734 0 0 0
0.0011627906976744186 0.07293035365856174 -0.3684463830345658 0.5703957776982147 0 0 0
0.0011627906976744186 -0.27298022999889926 0.11203056299546638 0.22846819227864779 0 0 0
0.0011627906976744186 -0.03328600519773358 -0.2539953626112807 0.4761724172398011 0 0 0
0.0011627906976744186 0.2013307443456261 -0.2769370788328487 0.3378780038356522 0 0 0
0.0011627906976744186 0.18163422697267764 0.23704857782893665 0.4665771571362981 0 0 0
0.0011627906976744186 -0.37693100147999636 0.2773570891859095 0.03889978867282296 0 0 0
0.0011627906976744186 0.05561807650042623 -0.055405958940471164 0.02314155070467605 0 0 0
0.0011627906976744186 0.3158818353850983 0.13802859335518172 0.4462357267878993 0 0 0
0.0011627906976744186 0.3388796189336036 -0.47864710788824216 0.14627772104660627 0 0 0
0.0011627906976744186 -0.23708234829411742 -0.5503268763101156 0.2336507150500549 0 0 0
0.0011627906976744186 -0.21318822706446328 -0.3700368267252041 -0.5441826445881375 0 0 0
0.0011627906976744186 0.03519938051820019 0.03908053222284595 -0.5294732817041435 0 0 0
0.0011627906976744186 -0.369831932927781 0.1871078267161973 0.15129227848518298 0 0 0
0.0011627906976744186 0.30589635668624804 0.22986032932429595 0.19391548825559474 0 0 0
0.0011627906976744186 0.4090826037999733 -0.07780951528087987 -0.26907107652122103 0 0 0
0.0011627906976744186 0.5854580757168547 -0.035257993657283784 0.10954817833849041 0 0 0
0.0011627906976744186 -0.23110318486223078 -0.24971619397838024 0.2930092877768901 0 0 0
0.0011627906976744186 0.3051475499486103 -0.19034941187372176 -0.24476818762314045 0 0 0
0.0011627906976744186 0.19809200541349015 0.24131331746725276 0.4232606364942815 0 0 0
0.0011627906976744186 0.30175431835365424 0.24049429115160106 0.2196423755643716 0 0 0
0.0011627906976744186 -0.42139469461620854 0.12387807958519939 0.4372252279194515 0 0 0
0.0011627906976744186 0.3944279230685642 0.44181042934651865 -0.024400300646463313 0 0 0
0.0011627906976744186 0.2493310228317232 0.07366456458780374 0.3912043738007167 0 0 0
0.0011627906976744186 0.2555424361116752 -0.22912687227203438 0.2689215425338401 0 0 0
0.0011627906976744186 0.17915936623626613 0.07549857385436719 -0.12356841841779947 0 0 0
0.0011627906976744186 0.09771696616700991 -0.591860000757335 0.1731902184988715 0 0 0
0.0011627906976744186 -0.08803064976254778 0.5837538458293744 0.2079691168351205 0 0 0
0.0011627906976744186 -0.28503080582475887 -0.05065567188035252 -0.0680660563396118 0 0 0
0.0011627906976744186 -0.3586480610805504 0.14397867883864815 -0.09763262417010528 0 0 0
0.0011627906976744186 0.5014450620850917 0.3512823837362961 0.11872956259110697 0 0 0
0.0011627906976744186 -0.1451088389291416 -0.013950592401379835 0.16227717211180048 0 0 0
0.0011627906976744186 0.5584161170146758 0.19885258868185138 0.1803852588024242 0 0 0
0.0011627906976744186 -0.42579604801021065 -0.2345963840361066 0.013937026363264993 0 0 0
0.0011627906976744186 0.010016750826186388 -0.3837002685339696 -0.420536171638876 0 0 0
0.0011627906976744186 0.14882117423556918 0.34052725726611943 0.3531683755820371 0 0 0
0.0011627906976744186 -0.23535495538300036 0.18279518613266735 0.6161114297672516 0 0 0
0.0011627906976744186 0.13982626795570594 -0.022406477933603102 -0.17115436700487754 0 0 0
0.0011627906976744186 0.22577139904737 -0.36516166321637294 0.5433179082098377 0 0 0
0.0011627906976744186 0.525146442696707 -0.006624458512521487 0.03940626019146849 0 0 0
0.0011627906976744186 0.15780197464331108 -0.18378071382605685 -0.08420020957189718 0 0 0
0.0011627906976744186 0.26328838863792914 0.5189723168505579 -0.31095322262439684 0 0 0
0.0011627906976744186 -0.05101466745455066 0.4954461494146488 0.2861722334421362 0 0 0
0.0011627906976744186 0.30587564857868166 -0.4664940561077384 -0.10465633953158508 0 0 0
0.0011627906976744186 0.46099990486925263 0.3503904695221994 -0.37774373041353704 0 0 0
0.0011627906976744186 0.07223272597836572 -0.6374424327723045 0.18441754033324234 0 0 0
0.0011627906976744186 0.10137264438315004 0.15804567195448893 0.07370315255070216 0 0 0
0.0011627906976744186 -0.3886683679780307 0.21746023259341749 0.10385381235500009 0 0 0
0.0011627906976744186 0.0389929913563347 0.5397397288161444 -0.05058246410847931 0 0 0
