880
0
0.0011363636363636363 -0.48234207101034104 0.2561447431490653 0.2688317123347777 0 0 0
0.0011363636363636363 0.19406948146793174 0.5607799093775083 -0.23582671881061013 0 0 0
0.0011363636363636363 0.3113586147727683 0.051411030895251175 -0.013794485719133059 0 0 0
0.0011363636363636363 0.022835181900604844 0.07559057102385479 0.5000568185342993 0 0 0
0.0011363636363636363 -0.013428674344319963 -0.1468997703913609 0.2527000376970712 0 0 0
0.0011363636363636363 -0.16651120080125886 0.6426586207234715 -0.168009827933398 0 0 0
0.0011363636363636363 0.491537293481543 0.14260672420111822 0.045672106042667186 0 0 0
0.0011363636363636363 0.5144628481018884 -0.29506886382372216 0.2117546108187626 0 0 0
0.0011363636363636363 -0.3359151654265226 0.4172951716623742 -0.4084584358947207 0 0 0
0.0011363636363636363 -0.2324129851202042 -0.05806574823189622 0.6057149484735884 0 0 0
0.0011363636363636363 0.07272180996314138 0.4582284016063686 -0.4481239123422153 0 0 0
0.0011363636363636363 -0.39660920855845394 -0.05460854812113654 -0.29180797701231426 0 0 0
0.0011363636363636363 0.15107697906614148 0.25379812397009754 -0.5366131829593828 0 0 0
0.0011363636363636363 0.3916153862938366 -0.0014347336545275616 -0.02428635418669457 0 0 0
0.0011363636363636363 0.5358910671987128 0.22233245930203194 -0.08406070944919596 0 0 0
0.0011363636363636363 0.029546377084017673 0.003048020586717462 0.16809245579008258 0 0 0
0.0011363636363636363 0.3652349591138935 -0.17172038653411625 -0.4583335586008714 0 0 0
0.0011363636363636363 -0.363681152381186 -0.061075763621684084 0.10550652904976301 0 0 0
0.0011363636363636363 0.18183786240469602 0.2657387932920437 -0.20127890229183268 0 0 0
0.0011363636363636363 -0.3338618313566906 -0.40574930209366744 -0.29814701959476053 0 0 0
0.0011363636363636363 -0.555891220693892 0.19280217878960051 0.1268098657442113 0 0 0
0.0011363636363636363 0.5435338142554879 -0.14898835758926907 -0.1582153795454426 0 0 0
0.0011363636363636363 0.4259602075659535 -0.04527613909546374 -0.3093077634332863 0 0 0
0.0011363636363636363 0.5935361835979348 -0.2801025382118269 -0.143628459531261 0 0 0
0.0011363636363636363 -0.2508671148753551 0.11258353789091177 0.26671631012078484 0 0 0
0.0011363636363636363 -0.019038828903701788 0.2760403951994225 -0.14870947666044196 0 0 0
0.0011363636363636363 0.2874426083429851 -0.4449637606977137 0.30987665166254474 0 0 0
0.0011363636363636363 -0.05708058237816785 -0.03829156492875358 0.5205769626102988 0 0 0
0.0011363636363636363 0.168721708420047 -0.09531450776279377 0.2846203577801424 0 0 0
0.0011363636363636363 0.3244535765542651 -0.1148937020300648 0.11050973943188373 0 0 0
0.0011363636363636363 0.23885622202464069 0.3855858336763167 -0.3386661084680949 0 0 0
0.0011363636363636363 0.5463980414337348 0.39756608972116747 0.0964327123037966 0 0 0
0.0011363636363636363 0.04304997076466325 0.19715590690047913 -0.2873135736612654 0 0 0
0.0011363636363636363 0.13863044489717982 0.49142883886276206 -0.18955048469059188 0 0 0
0.0011363636363636363 -0.4998044017347208 -0.12740785971054625 0.0004902523249437895 0 0 0
0.0011363636363636363 -0.34614649711859924 0.44955419243414435 0.05955544124334137 0 0 0
0.0011363636363636363 0.22459054928682698 0.4951438740559511 0.03553533903056413 0 0 0
0.0011363636363636363 -0.4116168656252866 0.36935191268041356 -0.0022528736159948795 0 0 0
0.0011363636363636363 -0.5622913550373124 -0.1440892755628943 0.055424536034348555 0 0 0
0.0011363636363636363 -0.2799301126265086 -0.057051983329415516 -0.26472907842493476 0 0 0
0.0011363636363636363 0.036590004626511026 0.35796024288796957 -0.14456403494730627 0 0 0
0.0011363636363636363 0.37381205859057054 -0.37792434097402416 -0.3090522031554403 0 0 0
0.0011363636363636363 -0.46393380797293293 -0.45779341527932965 -0.19898980901175137 0 0 0
0.0011363636363636363 0.5400595511573606 0.32831649111321043 0.14414960212546754 0 0 0
0.0011363636363636363 0.47159761720886945 0.40298527148405594 -0.2819346425087289 0 0 0
0.0011363636363636363 -0.3147646368254836 -0.3993715743664331 0.06576698010186821 0 0 0
0.0011363636363636363 0.12105449602882054 -0.507094840030613 -0.18501404649714198 0 0 0
0.0011363636363636363 -0.23553336656650337 -0.4970008253993408 -0.2951744104836386 0 0 0
0.0011363636363636363 -0.17835528722834598 0.6295539303777975 -0.14115287075757688 0 0 0
0.0011363636363636363 0.2636488125412205 0.41032527023505677 0.037860640763358974 0 0 0
0.0011363636363636363 -0.057616749472488994 -0.26698759079984136 -0.5826651088094748 0 0 0
0.0011363636363636363 0.15329319440914912 -0.4376706462325443 0.14328721223268776 0 0 0
0.0011363636363636363 0.20142186982336963 -0.06033644566593661 0.34625695614306484 0 0 0
0.0011363636363636363 -0.05970448771279112 0.4763491076622363 -0.4058577803540032 0 0 0
0.0011363636363636363 -0.12491104776986747 0.35541052801523254 -0.4474655167691483 0 0 0
0.0011363636363636363 0.2838256413992557 0.36337561225367904 -0.37720048093100056 0 0 0
0.0011363636363636363 0.3873028243910308 -0.16926621311235882 -0.11282025834210152 0 0 0
0.0011363636363636363 0.44192695198064524 0.5166898895543073 -0.12731239844683376 0 0 0
0.0011363636363636363 0.5042134367835601 0.45235469367085324 0.04171420919546182 0 0 0
0.0011363636363636363 0.56850124782385 -0.10706884565998037 -0.16676257720518495 0 0 0
0.0011363636363636363 -0.016095298281503564 0.12175346031840623 -0.4349999729410765 0 0 0
0.0011363636363636363 0.03255781196881261 0.17749625622365658 0.11958327426485066 0 0 0
0.0011363636363636363 0.08341379269596157 0.5085879265650141 0.33302107592124053 0 0 0
0.0011363636363636363 0.1884216514059765 0.08111184052114946 -0.5990127701839627 0 0 0
0.0011363636363636363 0.039427008727486106 -0.15845636583636535 0.04349730270447069 0 0 0
0.0011363636363636363 -0.2890098218650707 -0.19494565740623965 0.43257621597917617 0 0 0
0.0011363636363636363 -0.3080962353004825 -0.38978129769353753 -0.1359943185831012 0 0 0
0.0011363636363636363 -0.28571473447146145 0.30808500394549376 0.12475748326084998 0 0 0
0.0011363636363636363 0.5216544874380447 -0.4146303193552923 -0.13965896116273993 0 0 0
0.0011363636363636363 0.1359173230966559 -0.6137112269280458 0.07864897473871325 0 0 0
0.0011363636363636363 -0.1211449805886382 -0.39637292717759665 -0.07616419860895172 0 0 0
0.0011363636363636363 -0.04464436436688356 -0.5244955156187587 -0.032871280414600135 0 0 0
0.0011363636363636363 0.0718778915222039 -0.38724370376183037 0.3581118794567256 0 0 0
0.0011363636363636363 -0.32828200705738353 0.03233738816420879 0.24035090697635797 0 0 0
0.0011363636363636363 -0.5326836764506802 0.03513738069348394 0.12040691266199917 0 0 0
0.0011363636363636363 0.02464126018769942 -0.16437119887806664 0.014857463760617355 0 0 0
0.0011363636363636363 -0.18282974024593948 -0.23602762750512093 -0.5256285082816171 0 0 0
0.0011363636363636363 0.021082028036194283 -0.14681255313121416 -0.6295622067615445 0 0 0
0.0011363636363636363 0.5359340135263421 -0.4162756008191779 -0.12331644349980915 0 0 0
0.0011363636363636363 -0.39778137947559333 -0.3436350753096763 0.2987208715319231 0 0 0
0.0011363636363636363 0.11202365654928598 -0.28621344670453197 0.3872931666216594 0 0 0
0.0011363636363636363 0.3260580384556793 0.45782060220914483 -0.2619428511975391 0 0 0
0.0011363636363636363 -0.3391366191982138 -0.390836282611966 0.4431231400676369 0 0 0
0.0011363636363636363 -0.06755702905974616 -0.05574739607780643 0.5221664630619202 0 0 0
0.0011363636363636363 -0.46714988862566403 0.04998988604965461 -0.3610216077211002 0 0 0
0.0011363636363636363 0.14200831628357835 -0.4825164895822386 -0.41698509692729135 0 0 0
0.0011363636363636363 -0.5800439488927678 0.3608005396290344 0.08220787738048893 0 0 0
0.0011363636363636363 0.21185725361188 0.28370692681728343 0.13175382756650852 0 0 0
0.0011363636363636363 0.1904504389398332 -0.4417430578117913 -0.4243057228862278 0 0 0
0.0011363636363636363 -0.0642757457102253 0.3068329874430946 -0.3751333660959795 0 0 0
0.0011363636363636363 0.03687154831501559 -0.22737687178157545 0.08093665394891594 0 0 0
0.0011363636363636363 0.1381342357418023 -0.38475775653786765 -0.1590709057263547 0 0 0
0.0011363636363636363 -0.5830897576784054 -0.1546141204698475 0.2673490597025545 0 0 0
0.0011363636363636363 -0.06792033889673184 -0.4651508573021429 -0.43475992035258587 0 0 0
0.0011363636363636363 -0.49283284206857386 0.28153001498106695 -0.10520765016616815 0 0 0
0.0011363636363636363 -0.18187377000894514 -0.21840523384487773 0.08462945721859738 0 0 0
0.0011363636363636363 -0.18675954396408473 0.3168189162025196 0.3159154851024513 0 0 0
0.0011363636363636363 -0.08517945442175748 -0.5688207792528721 -0.07592688555874912 0 0 0
0.0011363636363636363 0.09150336394179329 -0.36651197546414405 -0.46431327962436914 0 0 0
0.0011363636363636363 0.28108240577447624 -0.6115279287602566 -0.023277419717636135 0 0 0
0.0011363636363636363 0.3794662991573533 0.21539687751126188 0.2895386803439617 0 0 0
0.0011363636363636363 -0.10579144683679849 0.5968955480049755 0.03909887253735655 0 0 0
0.0011363636363636363 0.27349871344364535 0.32107927923420393 0.5468993185735144 0 0 0
0.0011363636363636363 -0.11025722816803912 -0.3293715783010514 -0.4329746277174451 0 0 0
0.0011363636363636363 -0.4984597045239233 0.16273770285074082 -0.33912477636819877 0 0 0
0.0011363636363636363 0.2753720415290625 0.39704935491736093 0.2346037454987513 0 0 0
0.0011363636363636363 0.27748653008015317 0.4125144863496359 -0.21448536537175839 0 0 0
0.0011363636363636363 0.42953289396850924 0.06724413594027882 -0.28160180926306044 0 0 0
0.0011363636363636363 0.1040096896870106 0.428565183688277 -0.28505939166384986 0 0 0
0.0011363636363636363 0.38271760794286713 -0.19428274514723437 -0.46382214364877017 0 0 0
0.0011363636363636363 -0.4911543251647598 -0.21773869306312144 0.3546772232738266 0 0 0
0.0011363636363636363 0.015336202274212323 0.22297367706014906 -0.43145403391072784 0 0 0
0.0011363636363636363 0.5853985993920819 0.20544398958112522 0.18560372763684221 0 0 0
0.0011363636363636363 0.5409956346729405 0.22809813922110592 -0.28935293486792196 0 0 0
0.0011363636363636363 0.033241728293876116 0.68887776216324 -0.05582495587024039 0 0 0
0.0011363636363636363 -0.24112705020946615 0.06000795717298782 -0.2894441475028523 0 0 0
0.0011363636363636363 -0.015913558367037724 -0.5703984925797984 -0.2320975837385611 0 0 0
0.0011363636363636363 0.20130067899465723 0.08555903915962979 -0.0028217994434193666 0 0 0
0.0011363636363636363 -0.219808663833612 0.4187331053743397 -0.3101200715211711 0 0 0
0.0011363636363636363 0.26715071131864376 0.07327647375495702 -0.3009750843981583 0 0 0
0.0011363636363636363 -0.35856411432468477 0.1342305975495667 -0.2392535649057428 0 0 0
0.0011363636363636363 0.476896640729594 0.25549543501509053 0.392660089252431 0 0 0
0.0011363636363636363 0.4610052376427332 -0.30755768169170145 0.2275502135730079 0 0 0
0.0011363636363636363 -0.11897523241690448 -0.4838231233641344 0.31519613321728573 0 0 0
0.0011363636363636363 -0.6745584401131609 0.009801156297231805 -0.08955723841786406 0 0 0
0.0011363636363636363 -0.3825876084443598 0.3331735174108632 0.15346450570002773 0 0 0
0.0011363636363636363 0.037237884039801085 -0.04381984747576398 0.10439943247700309 0 0 0
0.0011363636363636363 0.006586887610568942 -0.5662022630172125 -0.23880050825522456 0 0 0
0.0011363636363636363 -0.29616589092825896 0.23958227105180246 -0.2837423494496171 0 0 0
0.0011363636363636363 0.0024172099211111505 -0.2692577774297125 -0.25856894095657523 0 0 0
0.0011363636363636363 0.220825159250206 -0.34373084021222294 0.09898815811365583 0 0 0
0.0011363636363636363 -0.04417588453037778 0.60784810160873 -0.10198418519147869 0 0 0
0.0011363636363636363 -0.5900934604643782 0.06209280025577147 0.11809281269500634 0 0 0
0.0011363636363636363 -0.43435136543096353 -0.32357925149910677 -0.40351523792511607 0 0 0
0.0011363636363636363 0.2839916150918916 -0.027111249922803168 0.4873884540817137 0 0 0
0.0011363636363636363 0.6073337581799307 -0.09165827901848334 0.000278805417689722 0 0 0
0.0011363636363636363 0.13557614768741 -0.11217343681287256 -0.6219428782764642 0 0 0
0.0011363636363636363 -0.07895283079935933 0.31275983578523503 -0.10022169775697184 0 0 0
0.0011363636363636363 -0.6244797705047437 0.0821973791375453 0.04624024463502504 0 0 0
0.0011363636363636363 0.2520824222172923 -0.2502739170217343 0.5115429936679099 0 0 0
0.0011363636363636363 0.16472701995441236 0.156688163234436 -0.24248889104295387 0 0 0
0.0011363636363636363 -0.34828410654066827 -0.4073868425344483 0.26393196558205256 0 0 0
0.0011363636363636363 0.09781537403401978 -0.09850150188751293 -0.36307535480484227 0 0 0
0.0011363636363636363 -0.3676169833100271 0.3560075529863544 0.2113783762024292 0 0 0
0.0011363636363636363 0.1852159915464521 -0.009678212361234347 -0.3800963402592942 0 0 0
0.0011363636363636363 -0.6121345998084137 -0.2857877154585391 -0.025153423983361466 0 0 0
0.0011363636363636363 0.5286098616679129 -0.271486595529678 -0.28551629372242865 0 0 0
0.0011363636363636363 -0.4691074007979521 -0.2957258220824261 -0.25852675156323396 0 0 0
0.0011363636363636363 -0.05187338646903816 0.4843642195385223 0.37470126755541916 0 0 0
0.0011363636363636363 0.30034648056932567 -0.12455912314089962 0.11085621727472114 0 0 0
0.0011363636363636363 0.4566005363581128 -0.042593912773535275 0.11709148868735296 0 0 0
0.0011363636363636363 0.41301070684782726 0.35591060385426726 -0.08615575228949392 0 0 0
0.0011363636363636363 -0.476000024738314 -0.06650972525931503 0.0057641263971554965 0 0 0
0.0011363636363636363 -0.010434596196952365 0.10261765515448797 0.5379288813779235 0 0 0
0.0011363636363636363 -0.23359818265045165 -0.054554165221205236 0.12262296598767383 0 0 0
0.0011363636363636363 -0.17553892568662866 0.1911330186362903 0.10335572326705132 0 0 0
0.0011363636363636363 -0.5087774135872072 -0.26813937173634167 -0.1803980243733195 0 0 0
0.0011363636363636363 0.162478899988386 0.46354196380082996 -0.07537690666819634 0 0 0
0.0011363636363636363 -0.19176978331583844 0.5630822826893082 0.016779853122958144 0 0 0
0.0011363636363636363 0.4180547863012243 0.4423083233486781 -0.012511124469258937 0 0 0
0.0011363636363636363 0.517209391213369 -0.23901985876467166 0.38030912898601704 0 0 0
0.0011363636363636363 -0.07287593737592758 0.01121385490112066 -0.24355794366884828 0 0 0
0.0011363636363636363 0.4515505343311323 -0.062416348251220805 0.35271348250650014 0 0 0
0.0011363636363636363 0.36964686599414903 -0.013024823737729277 0.02855378689766704 0 0 0
0.0011363636363636363 0.09991946563084414 0.012784424545838132 0.1211859392715138 0 0 0
0.0011363636363636363 -0.0911999040616739 0.19149657186309074 -0.24841866983122662 0 0 0
0.0011363636363636363 -0.11771092055953747 -0.13567563014426293 0.6265858577956616 0 0 0
0.0011363636363636363 0.1112548512560111 -0.46216411473406427 0.3302105707494352 0 0 0
0.0011363636363636363 -0.32335812753329807 -0.571774709622587 -0.06013322879819445 0 0 0
0.0011363636363636363 -0.06887870051472648 0.41157739993760406 -0.15453117808422698 0 0 0
0.0011363636363636363 0.32406324361273986 -0.3000320977385217 0.09842033099431327 0 0 0
0.0011363636363636363 0.4010657485450447 -0.15211367160613806 0.015885151430299185 0 0 0
0.0011363636363636363 -0.48561600647821956 -0.0543047939487224 0.02453572697120689 0 0 0
0.0011363636363636363 0.14388912887748034 -0.21390628446083015 -0.06148725623920029 0 0 0
0.0011363636363636363 -0.21890230311843628 0.37130629635011 0.52469116122876 0 0 0
0.0011363636363636363 -0.3706028927010787 0.2989729955127062 -0.3359348277729112 0 0 0
0.0011363636363636363 -0.16750955876796747 0.31012343614645443 0.49984383559911155 0 0 0
0.0011363636363636363 -0.16731873847854045 0.20055003014006287 0.05253756018214458 0 0 0
0.0011363636363636363 0.3296450563205765 0.1403547244938421 -0.04266032390266444 0 0 0
0.0011363636363636363 0.2411709369776384 -0.08421077323441845 0.46883930871754176 0 0 0
0.0011363636363636363 -0.025914090050581654 -0.09907877037364549 -0.5759233798222817 0 0 0
0.0011363636363636363 0.3266669008709752 -0.09334274785641752 0.16123640570757772 0 0 0
0.0011363636363636363 0.10280679222178804 0.3782604039337451 0.10209432558101672 0 0 0
0.0011363636363636363 -0.21016863263059657 0.3578439166827905 -0.009353665730567878 0 0 0
0.0011363636363636363 -0.0691975084169023 -0.08069953225922108 0.5013672496663181 0 0 0
0.0011363636363636363 0.41505146261451575 -0.374406717405445 -0.021083802361189403 0 0 0
0.0011363636363636363 0.04979622745604237 0.0768911696213842 0.17245801457018925 0 0 0
0.0011363636363636363 0.5345943494824204 0.27486842122421856 -0.18688401898674517 0 0 0
0.0011363636363636363 0.1906522472683289 -0.6262104380568608 -0.03823495225102806 0 0 0
0.0011363636363636363 0.4201573606423713 -0.36558017060230075 -0.36995377560004916 0 0 0
0.0011363636363636363 0.22335047233988944 -0.21150206597416857 0.41901105098011204 0 0 0
0.0011363636363636363 -0.24789072468681353 0.42774098241260144 -0.4411593499792178 0 0 0
0.0011363636363636363 -0.2583171105298929 0.4067576632661026 0.42344802187045333 0 0 0
0.0011363636363636363 0.3461111607032278 0.548702668607098 -0.1503307923798581 0 0 0
0.0011363636363636363 -0.15713263639050382 0.24329497864833582 -0.6031239265812616 0 0 0
0.0011363636363636363 -0.3767228036805177 -0.21921314812363088 -0.12425531836607212 0 0 0
0.0011363636363636363 -0.3315967036108881 0.0969071894626156 -0.40205247373234665 0 0 0
0.0011363636363636363 0.11032749586093907 0.4364476489711854 -0.28716227687520335 0 0 0
0.0011363636363636363 0.24684585084208294 0.10450442599704587 -0.10985299376538638 0 0 0
0.0011363636363636363 0.16711699562790122 0.015406471420545065 0.1576948596020422 0 0 0
0.0011363636363636363 -0.4205893479706644 0.11427661686311398 -0.06659436535256379 0 0 0
0.0011363636363636363 0.30552326252854817 -0.35685507215460843 0.4418461673735622 0 0 0
0.0011363636363636363 -0.6027446139416021 -0.2354950341036631 0.2348052656602817 0 0 0
0.0011363636363636363 0.11926372567227012 0.5970227065296552 -0.18713319968902306 0 0 0
0.0011363636363636363 -0.05237576738333632 0.25948152027913446 -0.022901475193174772 0 0 0
0.0011363636363636363 0.09347736433097734 -0.5112126273328768 0.0447173196529076 0 0 0
0.0011363636363636363 0.3476436489872462 -0.39810153295634343 0.12241885017156705 0 0 0
0.0011363636363636363 -0.020726323383794223 0.1811074278898662 -0.5673667455942664 0 0 0
0.0011363636363636363 -0.13915389737781605 -0.048066249728008284 -0.5722550462100321 0 0 0
0.0011363636363636363 0.07083320839898749 -0.40063987375921273 -0.338531389359679 0 0 0
0.0011363636363636363 0.15084183960083608 -0.5694153474644796 -0.3308514721562795 0 0 0
0.0011363636363636363 0.08544584322413115 0.463283594961089 0.10766792622906246 0 0 0
0.0011363636363636363 0.1105603760991354 0.0550009899563996 -0.09962966869649825 0 0 0
0.0011363636363636363 0.5287927247589217 0.09643497917254854 -0.12748300644456312 0 0 0
0.0011363636363636363 -0.5900850695555621 0.020295050525892786 -0.2984257062398214 0 0 0
0.0011363636363636363 -0.3494477469719582 0.14272103186539886 -0.551972638508213 0 0 0
0.0011363636363636363 0.10751287425056864 0.17218138199427152 0.44860480396479174 0 0 0
0.0011363636363636363 -0.19890485251891543 0.5991094722085464 0.09448705204930141 0 0 0
0.0011363636363636363 0.1841393157624416 -0.25659480493195547 -0.5179539832885485 0 0 0
0.0011363636363636363 0.2001172654864104 -0.2850559754331789 0.3046270647414419 0 0 0
0.0011363636363636363 0.04272097999065628 -0.41802388158267234 0.27975172379147834 0 0 0
0.0011363636363636363 0.19514594951496442 -0.24283244925980937 0.03744410427648245 0 0 0
0.0011363636363636363 -0.07693168631788776 -0.514758303217365 -0.31414024489153713 0 0 0
0.0011363636363636363 -0.1268253742750701 0.4153383214359459 0.3875597564337499 0 0 0
0.0011363636363636363 0.2755477680962557 -0.17169632738198412 0.4650484629398382 0 0 0
0.0011363636363636363 -0.4491671249468195 -0.315702458777745 -0.12987993485899724 0 0 0
0.0011363636363636363 -0.4462710417511007 -0.4207821863937226 0.17510554007338686 0 0 0
0.0011363636363636363 0.05130166912093153 0.21644815918778337 0.5681703695783032 0 0 0
0.0011363636363636363 0.10977403552273768 -0.5661440739259327 0.2812837708060208 0 0 0
0.0011363636363636363 -0.056033451283434794 0.6148572263458832 -0.2972734610130267 0 0 0
0.0011363636363636363 -0.5838396687358705 -0.14589231483453985 0.2105285312964546 0 0 0
0.0011363636363636363 -0.23052317282575654 -0.28706182099907246 0.2799970970515608 0 0 0
0.0011363636363636363 0.5262485103262515 0.14417922821918505 -0.23173108329459394 0 0 0
0.0011363636363636363 -0.10274607176160713 0.5443920740435817 0.41543279611023265 0 0 0
0.0011363636363636363 0.203666253412942 -0.1451128906268937 0.6030471145507117 0 0 0
0.0011363636363636363 -0.2819846938715991 -0.10184716849251499 0.03216588474830639 0 0 0
0.0011363636363636363 0.3030758839411549 0.23703732260092955 -0.1777201469033537 0 0 0
0.0011363636363636363 -0.23012768759947858 0.35048133431194606 0.09713989279105897 0 0 0
0.0011363636363636363 0.004239580474142916 -0.1300621011896065 -0.4506706284712451 0 0 0
0.0011363636363636363 -0.42289285375232555 0.5164205244508003 0.004426247506379906 0 0 0
0.0011363636363636363 0.060449887384653775 0.4813492929905135 0.21257076989900367 0 0 0
0.0011363636363636363 0.4639680381208611 -0.44545442407922775 -0.12901851425050206 0 0 0
0.0011363636363636363 0.12920589169909127 0.07143142406089271 0.30111811537149136 0 0 0
0.0011363636363636363 0.49092498146015706 0.3122475568953381 -0.19307061427237868 0 0 0
0.0011363636363636363 -0.054764623520640966 0.260043494639983 0.4835096231571614 0 0 0
0.0011363636363636363 -0.2607664354208773 -0.09803283267859521 -0.39898260655281254 0 0 0
0.0011363636363636363 0.04445257014461347 -0.21031739907444474 0.5309384902528499 0 0 0
0.0011363636363636363 0.5350934210935456 -0.02238836405250396 -0.2831494138564299 0 0 0
0.0011363636363636363 0.4349680961687845 0.3475731640369506 0.37187933539531215 0 0 0
0.0011363636363636363 0.2126977233854407 -0.3666676025213999 0.4328070863938375 0 0 0
0.0011363636363636363 -0.36891690261298044 -0.5289383452112293 0.11021949908596458 0 0 0
0.0011363636363636363 -0.17481269498207117 -0.23960327434969736 0.4163097876644334 0 0 0
0.0011363636363636363 -0.14296762548952804 0.48945768201541595 -0.26982116099621434 0 0 0
0.0011363636363636363 0.6252708990257229 0.04704325240825911 -0.12036343482769267 0 0 0
0.0011363636363636363 0.23640076553240053 -0.3313424644586342 -0.23714821492455332 0 0 0
0.0011363636363636363 -0.09897203171588535 0.5645221163583468 0.009064465950619376 0 0 0
0.0011363636363636363 -0.004911008974588214 -0.6822812702109822 -0.08133853051706873 0 0 0
0.0011363636363636363 0.2600070230637192 -0.05629888875156843 -0.5069412143108 0 0 0
0.0011363636363636363 0.0025062931328512167 -0.31681335690123485 0.26893313280209424 0 0 0
0.0011363636363636363 -0.24470684459141148 -0.34310013619357466 -0.27841724909747495 0 0 0
0.0011363636363636363 -0.5784111158160027 -0.23748538719835327 -0.0036130429305776843 0 0 0
0.0011363636363636363 -0.03764176012983011 -0.08695054471529869 0.5523348564501052 0 0 0
0.0011363636363636363 0.33556557462656633 0.34594820696600753 -0.07699848444103667 0 0 0
0.0011363636363636363 0.43213909674134454 -0.4030798889923161 0.11403800190283303 0 0 0
0.0011363636363636363 -0.4965638242446204 0.14358533564499212 -0.4212627686528885 0 0 0
0.0011363636363636363 -0.03662183042857512 0.5797695751902248 -0.37629881426342254 0 0 0
0.0011363636363636363 -0.16722428806111628 0.4597318857138308 0.27019920783987095 0 0 0
0.0011363636363636363 0.14613576028189468 0.6310203952696773 -0.0468953953259783 0 0 0
0.0011363636363636363 -0.4008668136990843 0.20912504023588327 -0.27524014941557806 0 0 0
0.0011363636363636363 0.15245243077514922 -0.5072906727783649 -0.06792279644838796 0 0 0
0.0011363636363636363 -0.34004325497722176 -0.2867001932404247 -0.3365106937621082 0 0 0
0.0011363636363636363 -0.42654572358098064 0.05609962481055283 0.3023623618628677 0 0 0
0.0011363636363636363 -0.022890729693052034 -0.058431370039743344 0.10274241719850556 0 0 0
0.0011363636363636363 -0.3231554680806278 0.4712431156831706 0.16372025833947298 0 0 0
0.0011363636363636363 -0.2995922359897908 0.05225511277453491 -0.4930028278215885 0 0 0
0.0011363636363636363 -0.007747411725253406 -0.10742453956781706 0.4333896639731479 0 0 0
0.0011363636363636363 0.15564826765622933 0.5537315130485605 0.09889884053859667 0 0 0
0.0011363636363636363 0.24948719560461355 -0.4651749055727641 -0.06579576447407402 0 0 0
0.0011363636363636363 0.4723932602494017 0.07605047146564603 0.16544132719475635 0 0 0
0.0011363636363636363 0.4744454075520568 -0.13477041689004154 0.4667403209372113 0 0 0
0.0011363636363636363 -0.018068403445426852 0.005966733742202213 0.056662087819513214 0 0 0
0.0011363636363636363 0.633423063434897 0.2115401882350618 -0.04095380432896356 0 0 0
0.0011363636363636363 -0.021249109771848382 0.2425091981439596 -0.19297599205722485 0 0 0
0.0011363636363636363 0.4555838273403984 0.0070359058378078165 0.27950829368345825 0 0 0
0.0011363636363636363 0.17548050007335306 0.14952959419702636 0.5191628646791973 0 0 0
0.0011363636363636363 0.321848593741055 -0.4418602276364279 0.1565921015252095 0 0 0
0.0011363636363636363 -0.10122929716060433 0.3709320563026238 -0.35287005883506356 0 0 0
0.0011363636363636363 -0.29947544770956896 -0.11335768908341859 -0.3405376477882714 0 0 0
0.0011363636363636363 -0.46229804756376747 0.23309530780473975 0.39634406291598323 0 0 0
0.0011363636363636363 -0.26971962888698076 0.13199782215833591 0.07479398665831331 0 0 0
0.0011363636363636363 0.1878401328854577 -0.3544437362640814 0.24899971661262188 0 0 0
0.0011363636363636363 -0.10397720755284431 -0.6814144752757998 0.07110767148543724 0 0 0
0.0011363636363636363 -0.09454944921391457 0.04032014151877533 0.5751679519922627 0 0 0
0.0011363636363636363 0.23493939449595483 -0.47883179115292634 -0.26685451666748916 0 0 0
0.0011363636363636363 -0.031054737266380337 -0.026507072047729 0.07175357580480189 0 0 0
0.0011363636363636363 -0.41665792511112465 -0.28806861683307566 0.3718446663884833 0 0 0
0.0011363636363636363 -0.34423548890069033 -0.2113838668480341 0.3158612966847532 0 0 0
0.0011363636363636363 -0.08559326560879797 0.07147225961453599 -0.29602150314842113 0 0 0
0.0011363636363636363 -0.31340137719910166 0.2395703936822237 -0.5450969071859932 0 0 0
0.0011363636363636363 -0.19772065323774218 0.22084120837302454 -0.4780246869770794 0 0 0
0.0011363636363636363 0.2785333861796551 0.3534222628000536 -0.4111491838820448 0 0 0
0.0011363636363636363 -0.10654511481934655 -0.386066423695444 -0.22987868883503224 0 0 0
0.0011363636363636363 -0.07810248244735492 -0.42552710235650465 0.2193868574549864 0 0 0
0.0011363636363636363 0.24096764389090577 0.23665492700935328 -0.44278055809138117 0 0 0
0.0011363636363636363 0.33668978960597135 0.04714490555253415 -0.4763339161237291 0 0 0
0.0011363636363636363 0.1262064858363544 0.6737919505485891 -0.06901376652464598 0 0 0
0.0011363636363636363 -0.3620175330960439 -0.5551846489274367 0.19022639221303567 0 0 0
0.0011363636363636363 -0.36616507783247015 -0.023854309396825948 0.18864222445805445 0 0 0
0.0011363636363636363 0.20202820496986568 -0.3231177186184373 0.5680674083963707 0 0 0
0.0011363636363636363 -0.583929638030965 0.2630514415851313 0.14924536693017346 0 0 0
0.0011363636363636363 -0.14478481179380928 -0.06656888091246663 -0.14619330143368517 0 0 0
0.0011363636363636363 0.2734047400011888 -0.23089773924088358 -0.0400464323801741 0 0 0
0.0011363636363636363 0.104333804453307 -0.23257576097694163 -0.5762345953525689 0 0 0
0.0011363636363636363 -0.2190631380138193 -0.08733032514066748 0.5346719267207022 0 0 0
0.0011363636363636363 -0.1754714211280163 0.055123672033776 0.2893772488693528 0 0 0
0.0011363636363636363 0.2793078251242553 0.42165633903752714 0.45591663989344283 0 0 0
0.0011363636363636363 0.0713951041275219 0.4632941931921832 -0.2136387142719923 0 0 0
0.0011363636363636363 -0.5594431358099181 -0.36775884268710757 -0.11168457632088888 0 0 0
0.0011363636363636363 0.20137247598872945 0.3450718149348323 0.02570269348899395 0 0 0
0.0011363636363636363 -0.38271816876794323 0.10553104481370254 -0.3385807156583886 0 0 0
0.0011363636363636363 0.503571703527603 -0.2946122755565617 -0.2812223285394588 0 0 0
0.0011363636363636363 -0.5287005162374352 0.2930566112736948 -0.10578278882964515 0 0 0
0.0011363636363636363 -0.24071512968800804 0.5018945447201782 0.24557293660178972 0 0 0
0.0011363636363636363 -0.42009426251972914 -0.18783196341787936 0.369807675441154 0 0 0
0.0011363636363636363 0.14853281123901396 -0.4835860379288637 -0.2740015809852334 0 0 0
0.0011363636363636363 0.5052007707085754 0.23254200882075768 -0.24629575061566128 0 0 0
0.0011363636363636363 0.18968737522783213 0.39492205059612256 0.2718407985685765 0 0 0
0.0011363636363636363 -0.40029835227061716 -0.249907238717487 -0.2671493360737703 0 0 0
0.0011363636363636363 0.023562145391744015 -0.18851704861172972 0.4397022170002916 0 0 0
0.0011363636363636363 0.26074570262260366 0.2015107805722311 0.5830896773045342 0 0 0
0.0011363636363636363 -0.14821100989254787 -0.39889032075431435 0.16473019858083174 0 0 0
0.0011363636363636363 0.46515767162569716 0.1581497344847669 0.3693259256345721 0 0 0
0.0011363636363636363 -0.560748595224491 0.29752720061198734 0.020980566671961014 0 0 0
0.0011363636363636363 0.31726870126187945 -0.12886621744172708 0.3041849149269472 0 0 0
0.0011363636363636363 -0.46803640001397295 -0.15189573589598934 -0.20297379428762846 0 0 0
0.0011363636363636363 0.36088411158499234 -0.0683903985073731 -0.022875818055683724 0 0 0
0.0011363636363636363 -0.00043543387749767846 -0.2662280029196103 0.6262024013319691 0 0 0
0.0011363636363636363 0.12493856076530004 -0.18971747329862967 -0.2017954628741543 0 0 0
0.0011363636363636363 -0.3790733667108101 0.4438621495575851 0.217222492750123 0 0 0
0.0011363636363636363 0.09796550186618445 0.2949277996739907 0.3317734029442516 0 0 0
0.0011363636363636363 -0.28789356390899823 0.19324929264957394 0.042608950980897085 0 0 0
0.0011363636363636363 0.21951865638062618 0.19506182577088182 -0.37100718232964014 0 0 0
0.0011363636363636363 -0.05301995712599006 -0.2856721048195173 -0.5018907391974103 0 0 0
0.0011363636363636363 0.1660186949462767 -0.1882801914470168 0.3116361288701348 0 0 0
0.0011363636363636363 0.21845584182854358 -0.28784866681905996 0.5909262032817372 0 0 0
0.0011363636363636363 -0.39553388958188024 0.21795083147250438 0.06855311796400754 0 0 0
0.0011363636363636363 0.14349864030398193 -0.09871813734160598 -0.6612466632935091 0 0 0
0.0011363636363636363 -0.5592711898792703 0.2835654779586479 0.06939244809053002 0 0 0
0.0011363636363636363 0.07045233843813924 0.5272399510392881 -0.34817505245311725 0 0 0
0.0011363636363636363 -0.07933937117649782 0.06869411663096897 -0.00824735464037448 0 0 0
0.0011363636363636363 -0.3023542857852374 -0.5281242362216113 0.32590573455728317 0 0 0
0.0011363636363636363 0.18592011632589786 0.5974428054245711 -0.12206741087909784 0 0 0
0.0011363636363636363 0.08839022360046812 0.060934120123033494 0.23542320646780904 0 0 0
0.0011363636363636363 -0.6470122808612043 -0.242857281593829 -0.018245188975210522 0 0 0
0.0011363636363636363 -0.5433070890196469 0.2524442690937241 -0.08592374230208434 0 0 0
0.0011363636363636363 0.32807863611878685 -0.24237744755672122 0.5588669863814102 0 0 0
0.0011363636363636363 0.16857492331496338 0.5274677754046647 0.28866996485640417 0 0 0
0.0011363636363636363 -0.3496884231904016 -0.4208610877170489 -0.12373789137599622 0 0 0
0.0011363636363636363 -0.43883567570871407 -0.1837394224732548 0.21779276751701387 0 0 0
0.0011363636363636363 -0.05910198807375499 0.5313875548178805 -0.18808410317647947 0 0 0
0.0011363636363636363 0.39368853907635704 0.41394702293344515 -0.3235689371169417 0 0 0
0.0011363636363636363 0.2114381652385192 -0.21031122760305884 -0.31684931342634504 0 0 0
0.0011363636363636363 -0.22095966772756787 0.10648953224287622 0.3593146224427377 0 0 0
0.0011363636363636363 0.004669428958616598 0.5651067670934322 -0.36864149284399206 0 0 0
0.0011363636363636363 -0.20022242280142397 0.1666261819534213 0.1994382516303439 0 0 0
0.0011363636363636363 -0.39484321858568133 -0.16373927174987335 0.2390471587294651 0 0 0
0.0011363636363636363 -0.4647748440993142 -0.015364070894079634 -0.27842814361715246 0 0 0
0.0011363636363636363 0.4678294041735607 -0.41417986366757065 0.1281790489881538 0 0 0
0.0011363636363636363 -0.5712401078367056 0.36551079790678015 -0.11230309148413994 0 0 0
0.0011363636363636363 0.30551820294407844 -0.4231403127915589 -0.3711459751065866 0 0 0
0.0011363636363636363 0.2506725118468648 -0.3031658907966078 0.5233645495440382 0 0 0
0.0011363636363636363 -0.24435354614802712 0.01272662980247469 0.4346898918969261 0 0 0
0.0011363636363636363 -0.3080961607505561 -0.03778956884651843 0.122032715993606 0 0 0
0.0011363636363636363 -0.323902959773971 0.08431367910829796 0.5545063690864495 0 0 0
0.0011363636363636363 0.17066927811985158 -0.30984439422233806 -0.5814016618419375 0 0 0
0.0011363636363636363 -0.2853801064061185 0.17908489300344382 0.5756699033048074 0 0 0
0.0011363636363636363 -0.1906306085154721 0.34552115238598446 -0.06080655839036867 0 0 0
0.0011363636363636363 0.021942702069484895 -0.0010616516720636175 -0.12401892217293262 0 0 0
0.0011363636363636363 0.5092425443354408 0.37806375085174054 0.1045690438948932 0 0 0
0.0011363636363636363 -0.10864449775097851 -0.045598437958399345 -0.13803696636076995 0 0 0
0.0011363636363636363 -0.4445429785961928 -0.04439566298270483 0.29422709581688333 0 0 0
0.0011363636363636363 -0.2707456430480113 0.12359252441666889 0.31866584169611306 0 0 0
0.0011363636363636363 -0.04454563834983713 -0.09685143552957824 0.2313414507183537 0 0 0
0.0011363636363636363 -0.10723704027079604 0.34980411874949546 0.3578022947102647 0 0 0
0.0011363636363636363 0.42520245689030595 -0.39917032079975195 0.3425055954737394 0 0 0
0.0011363636363636363 0.14304126174310974 0.6430680620017414 0.12031381914921702 0 0 0
0.0011363636363636363 0.2500723122916016 0.425844850220666 0.35802296058760597 0 0 0
0.0011363636363636363 0.3194107401834153 -0.3613940609910737 0.1716089869663374 0 0 0
0.0011363636363636363 -0.08680675184861125 0.46317637191003314 0.32109410923644394 0 0 0
0.0011363636363636363 -0.3589161311538055 0.06739723380766456 0.5316816743115633 0 0 0
0.0011363636363636363 0.12449306290431301 0.11405769076818321 -0.3835724537770152 0 0 0
0.0011363636363636363 0.04108973435877338 0.08612745120316967 -0.2292094292925776 0 0 0
0.0011363636363636363 0.16539715260476295 0.33578111226664537 0.2766922898744262 0 0 0
0.0011363636363636363 -0.4031307503398854 -0.004484448490373408 -0.4655877335991095 0 0 0
0.0011363636363636363 0.16026263621633588 0.42298761270453505 -0.17059980443952052 0 0 0
0.0011363636363636363 -0.1809364182282858 0.09134901355203565 0.2214446775509683 0 0 0
0.0011363636363636363 -0.09265816913185464 -0.05726883619012521 0.14095264916868425 0 0 0
0.0011363636363636363 0.28445863940481936 0.3035049946552901 0.13836141232332927 0 0 0
0.0011363636363636363 -0.31886697915842915 -0.3849446215663288 0.3149087189163036 0 0 0
0.0011363636363636363 0.08454678446651631 -0.008451378397891398 -0.4616927188474031 0 0 0
0.0011363636363636363 -0.22477531949779175 -0.41504072345954446 0.10316691147638116 0 0 0
0.0011363636363636363 0.302501855554309 0.12579803301062953 -0.31963234269001584 0 0 0
0.0011363636363636363 -0.2729816488739988 0.46024860271359186 -0.32559522416128167 0 0 0
0.0011363636363636363 -0.14944893014400296 0.47203265116185705 0.44956557472348624 0 0 0
0.0011363636363636363 -0.30623189527752304 0.21712145740126246 -0.004619806543564131 0 0 0
0.0011363636363636363 -0.21160328157718905 -0.2715025099696018 -0.5501092826199586 0 0 0
0.0011363636363636363 0.22582720388133945 0.3754762950993932 -0.3823725430931798 0 0 0
0.0011363636363636363 -0.38712428465119647 0.05141858754660254 -0.12305301487808906 0 0 0
0.0011363636363636363 0.25874203018788006 0.10973625132440265 -0.34887035389603954 0 0 0
0.0011363636363636363 0.4867204661463748 0.434252703133961 0.06754032344844156 0 0 0
0.0011363636363636363 0.2554129840376293 0.06708782732677691 -0.3670240578335346 0 0 0
0.0011363636363636363 0.40377169971564747 -0.021472208838333444 -0.4296116932839793 0 0 0
0.0011363636363636363 0.06756783953718427 0.07699396291301626 0.11724615329783414 0 0 0
0.0011363636363636363 0.1721195200016375 -0.2894072019518075 -0.41331951553991647 0 0 0
0.0011363636363636363 0.23607629032532174 0.003892073494910758 -0.09864457567850309 0 0 0
0.0011363636363636363 0.04450536153846437 -0.35856507380188263 0.5532226707635235 0 0 0
0.0011363636363636363 -0.30810676188028596 -0.5011998977822588 -0.27913266663432557 0 0 0
0.0011363636363636363 0.3024823350753644 -0.5002962850353765 -0.06491651307096727 0 0 0
0.0011363636363636363 0.4545169631554731 -0.5018186912834651 0.0791617236775506 0 0 0
0.0011363636363636363 -0.20783868598348124 -0.5233768895218003 -0.19119698963005058 0 0 0
0.0011363636363636363 -0.22028105778081863 0.034851655093590665 0.4037776907693842 0 0 0
0.0011363636363636363 0.35265100270638783 0.4369818889913585 0.2249941499396708 0 0 0
0.0011363636363636363 0.16605745710455314 -0.5079920162837799 0.24516568795177143 0 0 0
0.0011363636363636363 -0.08923578149689329 -0.16029001022899106 0.06378621069450081 0 0 0
0.0011363636363636363 0.06515451291496467 0.43051590280225244 -0.04272268241321162 0 0 0
0.0011363636363636363 0.074364534169476 -0.29738046432008475 -0.16743877068046548 0 0 0
0.0011363636363636363 0.30414293498215933 -0.08552776650488726 0.24064264645147332 0 0 0
0.0011363636363636363 -0.06881532324966519 0.15683400839617065 -0.2952362145192394 0 0 0
0.0011363636363636363 -0.3121977437388416 0.49505847469597386 0.367518996769079 0 0 0
0.0011363636363636363 -0.055956891926058454 0.48384786784521044 -0.16473284556713694 0 0 0
0.0011363636363636363 -0.33612867417429937 0.515914469918378 0.16111600255448633 0 0 0
0.0011363636363636363 0.30289922091339366 0.20453190780566827 -0.04471288069307068 0 0 0
0.0011363636363636363 -0.5368451033604935 -0.09832309910775448 -0.25745278857856363 0 0 0
0.0011363636363636363 0.27002062902315077 -0.19784338174814237 -0.19880061093173967 0 0 0
0.0011363636363636363 -0.13825446106574854 -0.340029962365312 0.37959734287256713 0 0 0
0.0011363636363636363 -0.013033490083086763 0.11323342408000779 -0.6728374971668277 0 0 0
0.0011363636363636363 -0.6001165482155797 -0.07248347964959304 0.16833205606708215 0 0 0
0.0011363636363636363 0.24643644780236573 -0.13386935332901612 -0.27689833230261085 0 0 0
0.0011363636363636363 0.041363806966918305 0.24637079388389055 -0.25415277470216846 0 0 0
0.0011363636363636363 0.3318584468192363 -0.4521061448880603 0.292268152789239 0 0 0
0.0011363636363636363 -0.5219302939696192 0.15521539127340755 0.2751320269104817 0 0 0
0.0011363636363636363 -0.08543427820300648 0.2246452152015673 -0.16514417786527666 0 0 0
0.0011363636363636363 0.2061076135047574 0.2770445261705368 -0.08973424940369513 0 0 0
0.0011363636363636363 -0.2916837413339705 -0.3243338139779737 -0.2573299970119249 0 0 0
0.0011363636363636363 -0.3720237441761806 -0.13883859751474117 -0.2601062480163577 0 0 0
0.0011363636363636363 -0.1900896025927634 -0.43072984990432484 0.047317379831597506 0 0 0
0.0011363636363636363 0.1855519487585251 -0.2454029194963187 0.10207509615918375 0 0 0
0.0011363636363636363 -0.3633755203374544 0.10792395924972041 -0.2001185119711603 0 0 0
0.0011363636363636363 0.6095294985357002 -0.25084495454540534 0.18175818377643727 0 0 0
0.0011363636363636363 -0.3175032714230256 -0.024680036514951202 -0.21543866227674524 0 0 0
0.0011363636363636363 0.2871984915865404 -0.34875341513717506 -0.3423763762896975 0 0 0
0.0011363636363636363 0.04084291826398135 0.2268467695920788 0.06741891731012564 0 0 0
0.0011363636363636363 0.273713188584279 0.14268666510207237 -0.17600337466181742 0 0 0
0.0011363636363636363 -0.06989284154158171 -0.5941805780582906 0.15990967322228353 0 0 0
0.0011363636363636363 -0.28194716450743745 -0.13218431097485225 0.3576118596761097 0 0 0
0.0011363636363636363 -0.18885652830955663 0.06366985779959722 -0.35412745266573914 0 0 0
0.0011363636363636363 0.21305833955962547 0.45845952222814107 -0.14223550904887183 0 0 0
0.0011363636363636363 0.21568442963282528 0.16974309833105403 -0.1810973241001988 0 0 0
0.0011363636363636363 -0.25131087663275337 0.2613576873227326 -0.4459513988219116 0 0 0
0.0011363636363636363 0.08666950022645956 0.29727265072641834 -0.3941761313241598 0 0 0
0.0011363636363636363 -0.023178139080389324 0.15659162569121093 -0.4613205657995689 0 0 0
0.0011363636363636363 -0.3942161148849485 -0.32306819837135897 -0.36903808732197696 0 0 0
0.0011363636363636363 -0.30800716891039653 -0.44823222515797156 0.344151528206054 0 0 0
0.0011363636363636363 -0.4009546117044325 0.5488298243202571 -0.03568230969732745 0 0 0
0.0011363636363636363 -0.20350528860270703 -0.030878850801175424 -0.6514010731058535 0 0 0
0.0011363636363636363 -0.17742101071898161 -0.06023796099831894 -0.36369145566051614 0 0 0
0.0011363636363636363 0.33281855268646465 -0.3422422657111034 -0.4029640471604783 0 0 0
0.0011363636363636363 -0.03615994089918053 0.59554118471408 -0.018341676579051714 0 0 0
0.0011363636363636363 0.2746886284505248 0.28116041648502765 -0.3871338689340359 0 0 0
0.0011363636363636363 -0.06872693485951223 -0.4369747172183389 -0.2900939915410098 0 0 0
0.0011363636363636363 0.2699543154644507 -0.15565510221959755 -0.6157081766574624 0 0 0
0.0011363636363636363 -0.4815639209058829 -0.07521604846449852 0.02717015246042966 0 0 0
0.0011363636363636363 -0.08077300706966249 -0.15043820240939618 -0.44835533586341764 0 0 0
0.0011363636363636363 -0.227525117848045 0.23977446099031055 0.278979580783907 0 0 0
0.0011363636363636363 -0.1816318425877434 -0.1489938792579939 0.10335161005058235 0 0 0
0.0011363636363636363 0.5517911891060271 -0.3297306867949372 -0.17922113398542647 0 0 0
0.0011363636363636363 -0.1273168535476789 0.025777521060796404 -0.2907681858062139 0 0 0
0.0011363636363636363 0.5619887225081256 -0.3983755632697708 -0.054850430171484395 0 0 0
0.0011363636363636363 -0.19536292010249437 -0.03592325371378736 -0.521969719620945 0 0 0
0.0011363636363636363 -0.35326181114384986 -0.23398085163413787 -0.05703443410273442 0 0 0
0.0011363636363636363 0.16000286162921631 -0.08012315493204701 0.3204168906910061 0 0 0
0.0011363636363636363 0.26749015210508587 -0.1957091655391355 0.5336081293241437 0 0 0
0.0011363636363636363 -0.3190491806570268 0.01071041379659865 0.22338351464059167 0 0 0
0.0011363636363636363 0.572736134196446 0.11051613418118515 -0.15765871025957456 0 0 0
0.0011363636363636363 -0.47335860460401147 0.018776579951325926 -0.35474251614120045 0 0 0
0.0011363636363636363 0.6711249267041492 -0.06684862838438935 -0.13646897618118395 0 0 0
0.0011363636363636363 0.5598787212884606 -0.10663796079435231 0.3590262687714003 0 0 0
0.0011363636363636363 0.06623934405336081 0.6356968639556256 -0.06564212789763901 0 0 0
0.0011363636363636363 0.04451746605711149 0.11458170816133358 -0.5274465209830757 0 0 0
0.0011363636363636363 0.35840228595025037 0.13767153210318686 -0.453972452306365 0 0 0
0.0011363636363636363 -0.24455774549107828 -0.4057003143131286 -0.054606043080954375 0 0 0
0.0011363636363636363 -0.24861490822846563 -0.5022899126902751 0.33168217030308367 0 0 0
0.0011363636363636363 -0.13048108336950484 -0.18399838371142355 0.3551486346759502 0 0 0
0.0011363636363636363 -0.008522034529047004 -0.039291841514854035 -0.4586577892960123 0 0 0
0.0011363636363636363 -0.22386152694811617 -0.5005289296233963 0.21511623601900098 0 0 0
0.0011363636363636363 0.3668727327330118 -0.21369775339194155 -0.0026541317887771613 0 0 0
0.0011363636363636363 -0.2512614922710583 -0.45771428811966525 -0.13067152444492688 0 0 0
0.0011363636363636363 -0.4526112627533798 0.2631369244734223 0.31369028167986257 0 0 0
0.0011363636363636363 -0.3874927032859261 0.43405551722352254 0.07443065447039122 0 0 0
0.0011363636363636363 -0.635455706816389 -0.2140920171581062 -0.05476268251857629 0 0 0
0.0011363636363636363 0.010415698274473358 -0.5687194577295526 -0.2410885501086956 0 0 0
0.0011363636363636363 -0.4360829095914839 -0.2741067452814933 -0.032522254026666794 0 0 0
0.0011363636363636363 -0.5145452134881031 -0.32961776300271584 0.13369604247754666 0 0 0
0.0011363636363636363 0.5012190119203821 -0.007666224492034374 0.004844180984081783 0 0 0
0.0011363636363636363 -0.24699412055756637 -0.055073390788287886 0.18680830580180782 0 0 0
0.0011363636363636363 -0.03778892125955544 0.48727371522080803 0.042253117073834924 0 0 0
0.0011363636363636363 0.29813182504721775 0.31568113778618045 -0.5195926109267781 0 0 0
0.0011363636363636363 -0.46218981761539213 -0.314606000171 0.39640963066471735 0 0 0
0.0011363636363636363 -0.0388038665770713 0.22477436673370868 -0.059605784639920716 0 0 0
0.0011363636363636363 -0.16316535175021346 0.5586823220434485 0.26044531952199856 0 0 0
0.0011363636363636363 0.19274195306209563 -0.12984202509581025 -0.4438541144804777 0 0 0
0.0011363636363636363 -0.1448972079269651 0.24632142447439115 -0.03760619502604706 0 0 0
0.0011363636363636363 0.5397091846984331 -0.22502582196938758 -0.1103033116029796 0 0 0
0.0011363636363636363 -0.0018225669510651135 -0.19298573443110714 0.5097217782503106 0 0 0
0.0011363636363636363 -0.5040163041677829 0.015153086093354504 0.02784237491640769 0 0 0
0.0011363636363636363 -0.16662401370345908 0.045414384952836985 0.24669268012339 0 0 0
0.0011363636363636363 0.06050138600081896 0.0230799051389484 -0.4920989040552557 0 0 0
0.0011363636363636363 -0.3183247266121494 0.48145785333809515 0.28770674574294597 0 0 0
0.0011363636363636363 -0.4717553885226779 0.16361552144416064 0.02585842300743162 0 0 0
0.0011363636363636363 0.3000007065744116 -0.034731681356018874 0.24551641969735105 0 0 0
0.0011363636363636363 -0.5552558581405252 -0.1206949576440265 -0.18266551240323683 0 0 0
0.0011363636363636363 -0.12724849749361278 0.460324556773634 -0.17155717757083286 0 0 0
0.0011363636363636363 0.0310657088243344 -0.23404722834958314 0.14877890853250725 0 0 0
0.0011363636363636363 -0.3215366070452656 -0.007654973268722024 0.16400117901950756 0 0 0
0.0011363636363636363 0.3089650443686717 0.06705229268381295 -0.4736051099138735 0 0 0
0.0011363636363636363 -0.3764202274762278 -0.23258188233891325 -0.49521225627318893 0 0 0
0.0011363636363636363 -0.3006563719454143 -0.48141539791216875 0.01929954461544209 0 0 0
0.0011363636363636363 -0.05627632726848661 0.6235882928037884 -0.19828799683891274 0 0 0
0.0011363636363636363 -0.3112664850781762 -0.06415809282594902 0.603576978279689 0 0 0
0.0011363636363636363 -0.42339241371163816 0.0899336571541175 -0.4602054534937787 0 0 0
0.0011363636363636363 0.04801581789825307 -0.40068074623077443 -0.545191271314559 0 0 0
0.0011363636363636363 0.08850698941588105 -0.35837019115771984 -0.360496336014853 0 0 0
0.0011363636363636363 -0.276345566888178 0.499573270253123 0.3152435642387345 0 0 0
0.0011363636363636363 0.45252013629785404 -0.28936065856113785 -0.22561561714572642 0 0 0
0.0011363636363636363 0.2175138919036735 -0.4332152025773012 0.3386325836778439 0 0 0
0.0011363636363636363 0.5905649303381653 0.016932972822147986 0.2806297329252882 0 0 0
0.0011363636363636363 -0.09427297153360166 0.2010636147892093 0.24053040155441008 0 0 0
0.0011363636363636363 -0.2165065332278659 0.3549283158238419 -0.18012487277135678 0 0 0
0.0011363636363636363 0.24956228178302592 0.5898999834606645 0.22247943300182885 0 0 0
0.0011363636363636363 0.24594897766560625 0.1550014280905682 -0.5339558823846322 0 0 0
0.0011363636363636363 -0.0340206496195974 0.3417027063244141 -0.33578236291565783 0 0 0
0.0011363636363636363 0.22425108181284828 0.43386384914592646 -0.16389068687388866 0 0 0
0.0011363636363636363 -0.26860579098712783 -0.5621523738471442 0.22622157430971251 0 0 0
0.0011363636363636363 -0.5050892378013705 -0.08504104736723152 -0.17513297695438612 0 0 0
0.0011363636363636363 -0.640029013586316 0.14884223633772622 0.15115062364854878 0 0 0
0.0011363636363636363 0.2195301096252337 -0.3186536416071857 -0.22682400441368156 0 0 0
0.0011363636363636363 0.36469299763579377 0.22760489084953817 0.36191626298891033 0 0 0
0.0011363636363636363 0.2674802310603641 0.1838721000328086 0.07484076870255604 0 0 0
0.0011363636363636363 -0.26465777451767974 0.09031793671709532 0.04532086128027739 0 0 0
0.0011363636363636363 -0.386505372894983 0.17798843593790603 0.41746005064993114 0 0 0
0.0011363636363636363 0.49047061330564384 -0.003950478153810237 -0.45347214445685435 0 0 0
0.0011363636363636363 -0.16064254907826467 0.26159121684685516 -0.5295875709231584 0 0 0
0.0011363636363636363 -0.5366774046453797 0.170439541209225 -0.2709740526414615 0 0 0
0.0011363636363636363 0.6532376541560941 -0.2021137038267896 -0.030080270245579088 0 0 0
0.0011363636363636363 -0.006250824100697319 -0.01066934720840043 0.07841678437494995 0 0 0
0.0011363636363636363 0.2801122962934251 0.2037601903098929 0.34342150639142105 0 0 0
0.0011363636363636363 0.14683604866027233 -0.21980966050855308 -0.03908252349688487 0 0 0
0.0011363636363636363 0.26317547747023085 0.039085173487952686 0.35286203628075796 0 0 0
0.0011363636363636363 -0.28299355971171597 0.43989912200458253 -0.07999380759515556 0 0 0
0.0011363636363636363 -0.018480885341143727 0.3658164148097554 -0.42436359896794335 0 0 0
0.0011363636363636363 -0.231905176335389 0.5350802337296146 0.36351729180205855 0 0 0
0.0011363636363636363 -0.5633571422873613 0.29237596441469516 0.25800058605873083 0 0 0
0.0011363636363636363 -0.48701497116400366 0.28167489930056805 -0.2984483937871706 0 0 0
0.0011363636363636363 0.05034770780662547 0.06495979771379529 -0.6402398538307825 0 0 0
0.0011363636363636363 0.5118089899956277 -0.4424486382018384 -0.0053323427674317565 0 0 0
0.0011363636363636363 0.14180315361706636 0.011988352909706271 0.19006591282627777 0 0 0
0.0011363636363636363 -0.32418497073651364 -0.0722970471387449 -0.18057636501305238 0 0 0
0.0011363636363636363 -0.4315072003463508 0.24605788261376044 -0.05018893965955875 0 0 0
0.0011363636363636363 -0.13554048139312422 0.014038952257416948 0.09448903305730261 0 0 0
0.0011363636363636363 -0.1896139454345652 -0.266672184531798 0.20399649921921112 0 0 0
0.0011363636363636363 0.14963213288562277 0.16694421321064762 0.6198215405355195 0 0 0
0.0011363636363636363 -0.14841896698395493 0.41723882020065695 -0.03249080253372984 0 0 0
0.0011363636363636363 0.32051176301393997 -0.2990392252253074 0.5201840619769964 0 0 0
0.0011363636363636363 0.17753972645052632 -0.060403918128046796 0.4246718032296043 0 0 0
0.0011363636363636363 -0.4694181995686959 0.20876372686474592 0.05548316901705039 0 0 0
0.0011363636363636363 0.09461645278446357 0.19071976289672093 -0.5037240825732675 0 0 0
0.0011363636363636363 -0.6644466121724799 -0.055629364198278304 0.1320441382400478 0 0 0
0.0011363636363636363 -0.10640397091331937 -0.3520740973871188 0.3902077666627473 0 0 0
0.0011363636363636363 0.4858511666368554 -0.07623139613323995 0.29820836722978183 0 0 0
0.0011363636363636363 0.3538865499812276 0.16570829349574406 -0.40741369887959666 0 0 0
0.0011363636363636363 -0.16428952394334223 0.19235500002603162 0.17040636990578967 0 0 0
0.0011363636363636363 -0.14612658408259 -0.25070230062079624 -0.3813675199663863 0 0 0
0.0011363636363636363 -0.1883774776124889 -0.549741474822605 -0.32899797656333135 0 0 0
0.0011363636363636363 -0.004681342645892361 -0.47260939150396036 0.4774715807564901 0 0 0
0.0011363636363636363 0.5913466780724118 0.13975536722708118 0.09273051658111385 0 0 0
0.0011363636363636363 0.19321911957974508 0.14134309511805868 0.04119697341112208 0 0 0
0.0011363636363636363 -0.4672955980007549 -0.06109652418559588 0.29425706528911416 0 0 0
0.0011363636363636363 -0.390951840657406 -0.3854276231620477 0.03801799132173545 0 0 0
0.0011363636363636363 -0.2752272026744582 -0.4785210691653204 0.22598594843306521 0 0 0
0.0011363636363636363 0.20775625920898852 -0.2935075675159598 0.10672414557241976 0 0 0
0.0011363636363636363 -0.007722683268710455 0.5571321245059185 0.3767492200624539 0 0 0
0.0011363636363636363 -0.20717357038701012 -0.41560318261541335 0.22557318354395875 0 0 0
0.0011363636363636363 0.1646466804930155 0.34406425512926636 -0.28508748373484055 0 0 0
0.0011363636363636363 0.31842715456400644 0.19047044205931307 -0.5187633556517284 0 0 0
0.0011363636363636363 0.027533982726416117 0.06617179231673027 0.07695837862453796 0 0 0
0.0011363636363636363 -0.013627542714003902 -0.21777218591659914 -0.45760578577182004 0 0 0
0.0011363636363636363 0.11362862054654095 -0.436950934549458 0.3066228288931726 0 0 0
0.0011363636363636363 -0.2525098945940302 0.4785975949584333 -0.35610700878631957 0 0 0
0.0011363636363636363 -0.41580991029833403 0.0392564413100337 0.28244032176352624 0 0 0
0.0011363636363636363 -0.05696381892071714 -0.40218408155014795 0.3758331602553741 0 0 0
0.0011363636363636363 -0.307541738672044 -0.35660196365775815 0.1972360076344616 0 0 0
0.0011363636363636363 -0.25711102574809946 -0.03949938764406787 -0.08830635281527752 0 0 0
0.0011363636363636363 0.48777532848833405 -0.011846817509371653 -0.26454648956125965 0 0 0
0.0011363636363636363 0.37076716184042435 0.2915203994335594 -0.3460075169715795 0 0 0
0.0011363636363636363 0.23517081642952253 -0.2977088153199536 0.04545251838924538 0 0 0
0.0011363636363636363 0.3961898805725772 -0.1251736562187752 -0.3785227000920399 0 0 0
0.0011363636363636363 -0.15586959174503842 0.11368995965486745 -0.409152273046579 0 0 0
0.0011363636363636363 -0.41710246457463274 0.3335408555327232 0.26076777977090937 0 0 0
0.0011363636363636363 0.5489221083964043 -0.34572287924281453 -0.07539785598827103 0 0 0
0.0011363636363636363 0.5843192892878984 -0.034805357883228555 -0.15101435963574902 0 0 0
0.0011363636363636363 -0.47308394784868807 0.2333065114783261 0.43232278307701816 0 0 0
0.0011363636363636363 -0.25448989362699836 0.11354192925869416 0.46442866966662477 0 0 0
0.0011363636363636363 0.49270621988623176 0.2868037481432786 0.11346990827977288 0 0 0
0.0011363636363636363 -0.08944176718243531 0.11553129845792816 -0.04745898105710079 0 0 0
0.0011363636363636363 0.12132468678351331 0.6445028726136268 0.18042069265695357 0 0 0
0.0011363636363636363 -0.08832932066050289 -0.5500686890680719 0.007801770410219849 0 0 0
0.0011363636363636363 0.4130076395306908 0.23367527761140766 -0.3271163407829846 0 0 0
0.0011363636363636363 0.5639953999966402 -0.27170829790437434 -0.09619920320482171 0 0 0
0.0011363636363636363 0.36971702495602676 -0.0974537572498293 0.2511564492434026 0 0 0
0.0011363636363636363 0.06516605363496145 -0.12302089847683861 -0.5661245200103787 0 0 0
0.0011363636363636363 -0.3496656933411968 0.07076964081477229 -0.03695091111044001 0 0 0
0.0011363636363636363 -0.32140254930735535 -0.3655038164293279 -0.2128931472420147 0 0 0
0.0011363636363636363 -0.5454989674542862 -0.23292989134244463 -0.27714380774325653 0 0 0
0.0011363636363636363 -0.03779461461245644 0.4558766586287992 0.30418507218200114 0 0 0
0.0011363636363636363 -0.21325262585049937 0.06745385586873902 -0.4585073643078599 0 0 0
0.0011363636363636363 -0.1455019611821546 -0.046745424840448115 -0.6460205310954827 0 0 0
0.0011363636363636363 0.31080404648636445 -0.47875881942547416 0.24216716186149342 0 0 0
0.0011363636363636363 0.18390092000162125 -0.0619622773446924 0.11470972396286537 0 0 0
0.0011363636363636363 -0.20045417140642213 0.1482982028412011 -0.48827228029639663 0 0 0
0.0011363636363636363 0.4584565880369179 -0.13559128548862845 0.27871860833640505 0 0 0
0.0011363636363636363 0.3926744391685926 -0.16017025418844094 0.1726167529236269 0 0 0
0.0011363636363636363 -0.4824837380417407 0.1471277242103208 -0.01866940130755239 0 0 0
0.0011363636363636363 -0.015311867985710038 0.35315198209958343 -0.23124739473352485 0 0 0
0.0011363636363636363 0.5418820734463816 -0.3044546261017686 0.18028765308834543 0 0 0
0.0011363636363636363 -0.05167930072730459 0.4631153209182501 0.3134350407049117 0 0 0
0.0011363636363636363 -0.10979627460631156 -0.6280346237675439 0.008440660506367072 0 0 0
0.0011363636363636363 -0.10850481624001915 -0.5300578622831331 0.425821236424499 0 0 0
0.0011363636363636363 0.24302387280793428 0.5042065662597388 -0.006198975217944334 0 0 0
0.0011363636363636363 -0.08267410275159995 0.16622477901074603 -0.4010612183997494 0 0 0
0.0011363636363636363 -0.1763385244173908 -0.44878886868102047 -0.33688866143931595 0 0 0
0.0011363636363636363 -0.30573423103206154 0.45899264600662787 -0.09950378022251984 0 0 0
0.0011363636363636363 -0.027026893703721074 -0.0597268556444527 0.39712979412494065 0 0 0
0.0011363636363636363 -0.23224945603163577 -0.19329057851165538 -0.1027149603725162 0 0 0
0.0011363636363636363 0.16943209315976288 -0.13295131638178584 0.4920551081971147 0 0 0
0.0011363636363636363 0.17085419181114486 0.27244433972506654 -0.2642183350241403 0 0 0
0.0011363636363636363 0.19879959407750947 -0.543530758195001 0.3495622879438448 0 0 0
0.0011363636363636363 0.0992953821341021 0.4922539135112933 -0.378381470900688 0 0 0
0.0011363636363636363 -0.0999640061773317 0.02123907743469009 0.3089117109242053 0 0 0
0.0011363636363636363 -0.4740939596451314 0.451483970505464 -0.0792927053952315 0 0 0
0.0011363636363636363 -0.020623009411259493 -0.11248284968013522 -0.4121934823311222 0 0 0
0.0011363636363636363 -0.5893098232095098 0.05358168897206912 -0.1647623370381182 0 0 0
0.0011363636363636363 -0.26228823375772764 0.3222628388337277 0.38442261115874304 0 0 0
0.0011363636363636363 -0.28723221986710795 0.3746230211692494 0.09198178646153136 0 0 0
0.0011363636363636363 0.6486916294992093 -0.008554814769716782 -0.019972547855777654 0 0 0
0.0011363636363636363 -0.017902848266088612 -0.4002518682464286 0.5647560126865536 0 0 0
0.0011363636363636363 -0.5310310135796362 0.32173027509849994 -0.1287555453334923 0 0 0
0.0011363636363636363 -0.3076621207193714 -0.2081230452763045 0.48242772841966275 0 0 0
0.0011363636363636363 -0.05733610964929464 -0.23518430545082175 -0.23051997090651838 0 0 0
0.0011363636363636363 -0.15134683711590055 -0.184913052745005 -0.3476425270284026 0 0 0
0.0011363636363636363 -0.3242174948113083 -0.357611939368688 0.3695935589206178 0 0 0
0.0011363636363636363 0.056870127917522814 -0.10092067971257906 0.28083686447778256 0 0 0
0.0011363636363636363 -0.06523642510918898 0.3689785055531881 -0.158607799397519 0 0 0
0.0011363636363636363 0.18265207519361532 0.04078664270958797 -0.1824382598951144 0 0 0
0.0011363636363636363 -0.17510645473539416 -0.2623262223603395 -0.1267704974645216 0 0 0
0.0011363636363636363 0.4937596045420355 -0.07705842047660813 0.30828937239349935 0 0 0
0.0011363636363636363 -0.09352714999035004 0.485156597102554 -0.2612168714609547 0 0 0
0.0011363636363636363 -0.4212962973889342 0.24505468521562848 0.23219621534333595 0 0 0
0.0011363636363636363 0.4887940545301099 0.24887038346024667 -0.3343461547316853 0 0 0
0.0011363636363636363 -0.09002396770295022 0.24775521811137785 -0.1060603900209351 0 0 0
0.0011363636363636363 -0.10179648318138255 0.5903484234408043 0.07573021495655981 0 0 0
0.0011363636363636363 -0.5277517372116515 0.2900891888974671 -0.34350698272665453 0 0 0
0.0011363636363636363 0.08829053769878849 -0.0018962856780947927 -0.37413966558835066 0 0 0
0.0011363636363636363 0.20048328099815807 -0.3932792979498777 0.37422663423385877 0 0 0
0.0011363636363636363 0.1848693416379711 -0.06026373706648414 -0.16181647789279538 0 0 0
0.0011363636363636363 0.36527886071127064 0.2679812384306372 0.40653760810299205 0 0 0
0.0011363636363636363 0.44028656433871255 0.20733391253966438 -0.47207141553345355 0 0 0
0.0011363636363636363 0.31147921350566177 -0.47136816977463325 0.09261189386723286 0 0 0
0.0011363636363636363 -0.5674480621670346 -0.03487821098737791 0.2522473722780465 0 0 0
0.0011363636363636363 -0.20607699151969835 -0.10609815916477398 0.10197794804262839 0 0 0
0.0011363636363636363 0.43289093260173006 -0.12070863623590879 0.36464790041781026 0 0 0
0.0011363636363636363 0.254626181459454 0.16228421613440036 -0.5620749760308441 0 0 0
0.0011363636363636363 0.25898235359189825 0.3414756418539395 0.4508813492429557 0 0 0
0.0011363636363636363 -0.35249506767036837 -0.01915745214704399 0.28418302409077345 0 0 0
0.0011363636363636363 0.09585045172006745 0.011463200705192361 0.38476062545799977 0 0 0
0.0011363636363636363 -0.4715318297867375 -0.07192585667455305 -0.4636718220328325 0 0 0
0.0011363636363636363 -0.11185727228808318 -0.18564748511484386 0.26462156930781916 0 0 0
0.0011363636363636363 0.11713126617268792 0.4590919755496197 -0.108424385349591 0 0 0
0.0011363636363636363 0.2834045713742867 -0.22550984160073553 -0.15663688305921253 0 0 0
0.0011363636363636363 0.5700973461232113 -0.09184230957408092 0.3069731621263103 0 0 0
0.0011363636363636363 0.3201175432349127 -0.0012337942198378104 0.2548404415711139 0 0 0
0.0011363636363636363 -0.4305369214370635 0.010819198774791112 -0.24698307020632823 0 0 0
0.0011363636363636363 0.4901669270444005 -0.046170647102901634 -0.4451190419336262 0 0 0
0.0011363636363636363 -0.033371942773914295 0.1012450472066665 0.09849583904364417 0 0 0
0.0011363636363636363 0.2564933213123152 0.06000788497411224 0.36189185102591215 0 0 0
0.0011363636363636363 -0.19478522479158317 -0.21025668519952875 0.06634433032576828 0 0 0
0.0011363636363636363 -0.30663546707508166 -0.49919177569648837 -0.06975297843178618 0 0 0
0.0011363636363636363 -0.26351703032065293 0.20381266443182622 -0.4845194938675449 0 0 0
0.0011363636363636363 0.22001888782420329 -0.22927588607649144 -0.2891752207915438 0 0 0
0.0011363636363636363 0.21448914751640147 0.24255705382276993 0.3280397690812264 0 0 0
0.0011363636363636363 -0.42742861707561486 -0.32840876167911054 0.1522010240031785 0 0 0
0.0011363636363636363 0.09630771599911035 0.06882441228032438 -0.6708125322054568 0 0 0
0.0011363636363636363 -0.32940589235648476 0.1878737529579366 0.12346087839656938 0 0 0
0.0011363636363636363 -0.2237927742197293 -0.3379411723403818 0.502560912360354 0 0 0
0.0011363636363636363 -0.19756179066772475 0.028645542396469686 -0.32901389711765766 0 0 0
0.0011363636363636363 0.28910263981117695 -0.5291252324015077 0.1059587927426426 0 0 0
0.0011363636363636363 -0.06402283885883137 0.35890111434170013 -0.20399781542507125 0 0 0
0.0011363636363636363 0.4423571695112472 -0.3165808049449791 -0.002649517845944827 0 0 0
0.0011363636363636363 -0.5030615426538961 -0.3661633863442316 0.2219623725695773 0 0 0
0.0011363636363636363 0.08288316502286941 -0.06454460948216426 -0.5828865604779805 0 0 0
0.0011363636363636363 0.10988668916633847 -0.2430329813127499 -0.3238574386615409 0 0 0
0.0011363636363636363 -0.08428288996481 -0.1802969730155901 -0.24211694843256362 0 0 0
0.0011363636363636363 -0.4233018407312015 0.1812966314956569 0.3787495982373738 0 0 0
0.0011363636363636363 -0.2713658249000552 -0.40167641935564824 -0.40038827439178915 0 0 0
0.0011363636363636363 -0.056113072166853434 0.07874975090970443 0.19095940712143183 0 0 0
0.0011363636363636363 0.03323729874797286 -0.11290629092787798 -0.29183520617469877 0 0 0
0.0011363636363636363 -0.4806828802169971 0.41593391815736824 0.26320638554103576 0 0 0
0.0011363636363636363 -0.2855073200676541 -0.5672481660912512 -0.03156609471349551 0 0 0
0.0011363636363636363 -0.17506915022241132 0.030063201819098714 0.5104420834523371 0 0 0
0.0011363636363636363 -0.37983066707741503 -0.46997816963637795 -0.07271004146625691 0 0 0
0.0011363636363636363 0.3734287185061319 0.37711546803932255 -0.17110663969652082 0 0 0
0.0011363636363636363 0.2722446818308024 -0.046307399969834115 0.28502704452176325 0 0 0
0.0011363636363636363 -0.2171126627439299 -0.5584126275611436 0.22813918095985466 0 0 0
0.0011363636363636363 -0.028177493333951382 0.27248371142512245 -0.4137176264485305 0 0 0
0.0011363636363636363 -0.25795843702259125 0.05170896262572061 0.024632851249260772 0 0 0
0.0011363636363636363 -0.1891046900958637 0.4982909730348317 0.2609693864171491 0 0 0
0.0011363636363636363 0.4672822214748174 -0.04824552718927501 -0.5059069076068146 0 0 0
0.0011363636363636363 -0.5056426166080423 -0.31697760102771017 -0.02932118515248059 0 0 0
0.0011363636363636363 0.33105356647264617 -0.0816322220593239 0.3733954129759388 0 0 0
0.0011363636363636363 0.29998792781571815 -0.017517910074669532 -0.515435173797049 0 0 0
0.0011363636363636363 -0.37351396833717543 0.08123419612707211 0.4631600074393086 0 0 0
0.0011363636363636363 0.5300033153502848 0.3232911748463431 0.13870326620304077 0 0 0
0.0011363636363636363 0.21601401614264418 0.3370361220081626 -0.5242200575591759 0 0 0
0.0011363636363636363 0.42734037753209037 0.41788896692414906 0.018620363880386973 0 0 0
0.0011363636363636363 -0.5381186305334541 -0.24671669581387407 0.04221479803820482 0 0 0
0.0011363636363636363 -0.3932832048914634 -0.4273529259016528 0.2941460663665772 0 0 0
0.0011363636363636363 0.5042106720470741 0.2282958482086233 -0.18204109906279892 0 0 0
0.0011363636363636363 0.0002912885925152751 0.23640939626381718 -0.5500623425393859 0 0 0
0.0011363636363636363 0.3338861539583513 -0.4744171458589016 0.25354478316836254 0 0 0
0.0011363636363636363 -0.20096308862675272 0.18705950005275093 0.45521112833439903 0 0 0
0.0011363636363636363 0.03202123325216946 -0.36771152718823596 0.15859795169712543 0 0 0
0.0011363636363636363 -0.3948948557919732 0.06146560076507564 0.15412144768238292 0 0 0
0.0011363636363636363 0.24090782503656522 -0.126869581728303 -0.56468860381127 0 0 0
0.0011363636363636363 0.05314119345017492 0.4520920110910015 0.46143772995768817 0 0 0
0.0011363636363636363 -0.03379147832273637 -0.42432990358654316 -0.0296671317777633 0 0 0
0.0011363636363636363 -0.30373107076088923 -0.2019010907800389 0.056065804329411245 0 0 0
0.0011363636363636363 -0.11344085624460748 -0.043410268293438393 0.648459510639194 0 0 0
0.0011363636363636363 0.0019689995680164337 -0.1967676106140784 0.003298639469204677 0 0 0
0.0011363636363636363 -0.04538080924219927 -0.3899400739785402 0.301549028560549 0 0 0
0.0011363636363636363 0.24285345600866423 0.3562346754381091 0.4816877131069238 0 0 0
0.0011363636363636363 -0.23504813284668416 -0.26619863515895836 0.5332137582092998 0 0 0
0.0011363636363636363 -0.11628831812887652 0.16292850710212126 -0.026713898466046247 0 0 0
0.0011363636363636363 -0.1415660293407409 -0.14211032041110488 0.22064617233146663 0 0 0
0.0011363636363636363 -0.3380940221422649 0.49061013308166057 0.27124798863981675 0 0 0
0.0011363636363636363 -0.014827357950732145 -0.6302827939990099 -0.030405647725656716 0 0 0
0.0011363636363636363 0.3396566310189535 0.46482150371922304 -0.04260848194567992 0 0 0
0.0011363636363636363 -0.03197983662648267 0.07577217749400471 -0.6172341615083131 0 0 0
0.0011363636363636363 0.2026705569633712 0.5603999527024536 0.20003817737950977 0 0 0
0.0011363636363636363 0.11776343473240673 0.26932498878741523 0.2995383800450753 0 0 0
0.0011363636363636363 -0.014040601831071827 0.19976209801204042 0.22495454154373695 0 0 0
0.0011363636363636363 -0.11714992114520088 -0.01016237721142827 0.078114710642019 0 0 0
0.0011363636363636363 0.27628835007409625 -0.19044736065227588 -0.30616328366810525 0 0 0
0.0011363636363636363 -0.2336510441292357 -0.20121193788337186 -0.25139370223134605 0 0 0
0.0011363636363636363 0.003469824560870307 -0.1130640626214572 0.6667259703386593 0 0 0
0.0011363636363636363 0.44990305952971776 -0.031325472945678924 0.3228077380191278 0 0 0
0.0011363636363636363 0.2566731314778614 0.4219666116438345 0.2224027372871342 0 0 0
0.0011363636363636363 -0.5433686949603481 0.13598899614312593 0.19403902569064202 0 0 0
0.0011363636363636363 0.22057331058404953 0.5062513317460221 0.2413911930283556 0 0 0
0.0011363636363636363 -0.039517416456111634 0.10891741949997337 -0.21730393808818416 0 0 0
0.0011363636363636363 -0.21709315151980824 0.3876195814329266 0.47365715231259303 0 0 0
0.0011363636363636363 -0.46090793000043806 0.31258780060925373 -0.0436208705227103 0 0 0
0.0011363636363636363 -0.2203731449610556 -0.28686048155971666 -0.08211024393351123 0 0 0
0.0011363636363636363 -0.5744200194130226 0.07421308276912357 0.039707761035568626 0 0 0
0.0011363636363636363 0.3348857382178697 0.12587928948193602 0.588826729342854 0 0 0
0.0011363636363636363 0.09088083469345984 0.18747966242169084 0.07677214426276999 0 0 0
0.0011363636363636363 0.09407703955738621 0.08117728175054571 -0.06368262147674687 0 0 0
0.0011363636363636363 0.24671318451435906 0.0925976551154752 0.4856792521686773 0 0 0
0.0011363636363636363 0.5423470271581972 0.28259997139487636 -0.22895552705660926 0 0 0
0.0011363636363636363 0.39140730352561054 -0.2873785368343601 -0.2235017705425731 0 0 0
0.0011363636363636363 -0.21179144505491462 -0.35878333552636715 0.4050257990290972 0 0 0
0.0011363636363636363 0.507218758658255 0.07785005593595652 0.07488124843068225 0 0 0
0.0011363636363636363 -0.27255405554615414 0.28774285194431404 -0.08634424557033027 0 0 0
0.0011363636363636363 -0.2430643962487622 0.33811872767667833 0.19300347178117847 0 0 0
0.0011363636363636363 0.19818758249241736 -0.2635964440836713 0.15407327211263583 0 0 0
0.0011363636363636363 -0.36090105006376627 0.2550159943948442 0.17484049805312812 0 0 0
0.0011363636363636363 -0.6529304382191002 -0.1534473419479022 -0.07168085730635206 0 0 0
0.0011363636363636363 0.07552627210855184 -0.31185558125385404 0.017091232920903705 0 0 0
0.0011363636363636363 -0.3229273273180557 0.1474969536541018 0.03413415998736994 0 0 0
0.0011363636363636363 -0.01607131833307361 0.19790144515113484 0.23890875143562673 0 0 0
0.0011363636363636363 -0.5024841009112438 -0.38879135452773855 0.16559983406662016 0 0 0
0.0011363636363636363 0.0988068206205718 -0.5544331758559851 0.015124141149715001 0 0 0
0.0011363636363636363 0.37646959396060253 -0.30677071487101953 0.16719757945182978 0 0 0
0.0011363636363636363 -0.22034152270573093 -0.02379896822156252 -0.44423265342249557 0 0 0
0.0011363636363636363 -0.15889535064561708 0.33246248860188915 0.4705327083664506 0 0 0
0.0011363636363636363 0.3928672778080259 0.3147286687599223 0.2808372757216015 0 0 0
0.0011363636363636363 -0.5948487119595917 0.06307383456002158 -0.27431526856731225 0 0 0
0.0011363636363636363 -0.016100214805360176 -0.4933367536636971 -0.004773590993309841 0 0 0
0.0011363636363636363 0.47165535857722934 0.4255240754040833 0.16868746466397203 0 0 0
0.0011363636363636363 0.03654527162295785 0.4443636516901146 0.22969228384557971 0 0 0
0.0011363636363636363 0.3313617092363889 0.37297647474014906 -0.17130381776834575 0 0 0
0.0011363636363636363 0.03262663514856919 0.3263774896195926 -0.44993212056830917 0 0 0
0.0011363636363636363 0.5799937236783781 0.16989037065343116 -0.23324827217082758 0 0 0
0.0011363636363636363 -0.2103715319427664 -0.022347600282899206 0.24896510245782133 0 0 0
0.0011363636363636363 -0.001450355340587208 0.49868443238887694 -0.34327983501960563 0 0 0
0.0011363636363636363 0.04566064645748804 0.2429986933730177 -0.13310062210835175 0 0 0
0.0011363636363636363 -0.2207970518825723 -0.32723613304405325 -0.25768095219755777 0 0 0
0.0011363636363636363 0.33620642071943374 -0.3371330562910892 -0.32653965444614386 0 0 0
0.0011363636363636363 -0.6258224148444027 0.0299365897374327 -0.010191611386316107 0 0 0
0.0011363636363636363 0.6002610515236267 0.200024401948938 0.04452290876381201 0 0 0
0.0011363636363636363 0.1067081060612189 -0.016489256476705197 0.05809959087121617 0 0 0
0.0011363636363636363 0.5551434338214944 -0.23338181110413492 -0.002112863390096232 0 0 0
0.0011363636363636363 -0.4246039221165921 0.4249799922897289 -0.3020824052482848 0 0 0
0.0011363636363636363 -0.4859384313246884 -0.24542970661129537 -0.05592598369839572 0 0 0
0.0011363636363636363 0.37262181456930954 -0.5018145301281481 -0.16730875347678062 0 0 0
0.0011363636363636363 -0.004468117544844227 0.29143155251020314 0.5599161373970393 0 0 0
0.0011363636363636363 -0.4611358064266345 0.27150807920076675 -0.32634488223146246 0 0 0
0.0011363636363636363 0.2866768702850817 0.11754814050011927 -0.33583114909665823 0 0 0
0.0011363636363636363 -0.2931322321728958 -0.09502118871814574 0.4210296616152611 0 0 0
0.0011363636363636363 -0.19692449440988954 0.5754042176943782 0.28463246049803526 0 0 0
0.0011363636363636363 0.29176889115877813 -0.5843967059709902 0.133636017556116 0 0 0
0.0011363636363636363 -0.44333709789324377 0.0077720440088853045 -0.2506099811743054 0 0 0
0.0011363636363636363 0.007383496387847711 -0.13880346164660165 0.14820128607645952 0 0 0
0.0011363636363636363 -0.5541088025948442 -0.08026005878375422 -0.10846793357437634 0 0 0
0.0011363636363636363 0.27024618886653073 0.3653489511222014 -0.12799544744532862 0 0 0
0.0011363636363636363 -0.0844846098621432 -0.5291371172265665 0.13972586148824837 0 0 0
0.0011363636363636363 -0.5538654181134419 0.24163819472191297 -0.17917219387887734 0 0 0
0.0011363636363636363 0.04843522811274177 0.10342075886459973 -0.40329665544062454 0 0 0
0.0011363636363636363 -0.22123968913359224 0.19679193306776688 0.08045760213802779 0 0 0
0.0011363636363636363 -0.11749364663726965 0.16200750160818606 -0.24397880556043244 0 0 0
0.0011363636363636363 0.04436976343373113 0.24406645906500776 -0.42571354262057176 0 0 0
0.0011363636363636363 0.2619660399893551 -0.2404844741317801 0.15462084955338473 0 0 0
0.0011363636363636363 0.20334913262791401 0.4408768241570627 0.0703562318670653 0 0 0
0.0011363636363636363 0.501998370566653 0.3716621605672687 0.1401229182333054 0 0 0
0.0011363636363636363 -0.38149854789143006 -0.16960172786541705 -0.4493178430169711 0 0 0
0.0011363636363636363 0.31416006439222754 0.3897574107940082 -0.12124720397956867 0 0 0
0.0011363636363636363 -0.09863081307240132 -0.22889563992590461 -0.03717992784681484 0 0 0
0.0011363636363636363 -0.15696221860327086 0.008358192809352925 0.43954242570757335 0 0 0
0.0011363636363636363 0.1810335447316005 -0.07282229451539916 -0.23321203543450217 0 0 0
0.0011363636363636363 -0.43350395597971064 0.34986629660292645 -0.12809788505893988 0 0 0
0.0011363636363636363 -0.011584468587690367 -0.5088724037532409 0.33274158026883827 0 0 0
0.0011363636363636363 -0.424299398315314 0.328478720289058 -0.25615728924003867 0 0 0
0.0011363636363636363 0.4387069292166359 -0.2705820489638035 -0.33807186650129084 0 0 0
0.0011363636363636363 0.29952098457523746 0.41850865689453365 0.2774875516479009 0 0 0
0.0011363636363636363 0.23528638374483427 -0.22570320749257436 0.4080502333983841 0 0 0
0.0011363636363636363 0.001570677039308951 -0.05966816678016157 0.08548172353804266 0 0 0
0.0011363636363636363 0.2604893985961672 0.21313231488935977 -0.2795098015123811 0 0 0
0.0011363636363636363 0.39245171890583674 0.5655485582403551 0.014915661187936117 0 0 0
0.0011363636363636363 -0.10173752105731752 0.20759378152900834 0.3862858531862377 0 0 0
0.0011363636363636363 -0.6030448699135211 0.044953936781828026 -0.1381976125500384 0 0 0
0.0011363636363636363 -0.40055358866266944 0.01906735099404489 -0.25894309970558577 0 0 0
0.0011363636363636363 -0.17874926645509792 0.13204784898489969 0.3219360380530609 0 0 0
0.0011363636363636363 0.1289323570194006 0.5288950698612752 0.15492978983377545 0 0 0
0.0011363636363636363 -0.4521703791317467 0.3261517690952539 0.2488076468455589 0 0 0
0.0011363636363636363 0.07364507864060474 0.45266207349208076 0.4545886953294093 0 0 0
0.0011363636363636363 -0.2393382218989681 -0.2338315539033072 0.1839289382315545 0 0 0
0.0011363636363636363 -0.5863705491161438 -0.28328812238747 0.12081965073248035 0 0 0
0.0011363636363636363 -0.555868287311945 -0.055558293071275265 -0.34587637534508725 0 0 0
0.0011363636363636363 0.02029236147472804 -0.2702356158970394 0.5180952746960094 0 0 0
0.0011363636363636363 -0.35534325255171384 -0.4833411568194748 0.01780510136708659 0 0 0
0.0011363636363636363 0.3498731089160991 -0.1585861936241492 0.373551973311609 0 0 0
0.0011363636363636363 0.14769520685671972 -0.2495571216420019 0.535163450532598 0 0 0
0.0011363636363636363 -0.298982857050792 0.1560259742138478 -0.5724177841727487 0 0 0
0.0011363636363636363 0.12997624156306467 -0.2681863489629662 -0.43155717352409817 0 0 0
0.0011363636363636363 -0.011968377633987315 0.13285467327849304 -0.24879177775238967 0 0 0
0.0011363636363636363 -0.43986694054741815 0.5052850187919813 -0.06271311502622413 0 0 0
0.0011363636363636363 -0.1199884670979377 0.6674355045499057 -0.002944011928134057 0 0 0
0.0011363636363636363 -0.15926813465197995 0.36100240790765425 0.26601291661506843 0 0 0
0.0011363636363636363 0.21395185808271994 0.07301214554064826 -0.5273140660716193 0 0 0
0.0011363636363636363 -0.5543173571558127 -0.281117136783507 -0.15937626482225692 0 0 0
0.0011363636363636363 -0.10158972661640644 -0.33392478745507675 0.35631587855325697 0 0 0
0.0011363636363636363 -0.2525635446358968 0.20265821239031337 0.156860771239357 0 0 0
0.0011363636363636363 -0.20772376559273617 0.4363233456533602 0.13154581231540516 0 0 0
0.0011363636363636363 0.29780403189255167 -0.1718114729173459 0.2972164150833994 0 0 0
0.0011363636363636363 0.4714593525442928 0.2070035825625399 -0.22037692625635824 0 0 0
0.0011363636363636363 -0.056112343441077836 -0.4053905339822651 -0.3795835263895771 0 0 0
0.0011363636363636363 -0.04975588669554825 -0.6607218490265586 -0.03532721702733649 0 0 0
0.0011363636363636363 0.38877934237414685 -0.15729271320382224 -0.5102462441975413 0 0 0
0.0011363636363636363 0.35007419538166196 -0.0382535814406272 -0.5912825584791556 0 0 0
0.0011363636363636363 -0.30207752635345636 -0.04072908066672348 -0.22748334703850864 0 0 0
0.0011363636363636363 0.15071818229901698 -0.6547876958800515 -0.019624018694757016 0 0 0
0.0011363636363636363 -0.29028464015108535 -0.23924465187236238 0.008828357853459184 0 0 0
