690
0
0.0014492753623188406 -0.17716203277491957 -0.47558045136699806 -0.16615940922997388 0 0 0
0.0014492753623188406 -0.1735099362250683 -0.462217449114305 0.024946920484559165 0 0 0
0.0014492753623188406 0.15332009875283353 0.4674675299746903 0.10301358489212338 0 0 0
0.0014492753623188406 -0.5892829152701023 0.11377091129697102 -0.32114163736333196 0 0 0
0.0014492753623188406 0.6449435695167515 -0.13467708403341058 0.20427309959966947 0 0 0
0.0014492753623188406 -0.10088566027413608 0.6498979830397718 0.21166188730076457 0 0 0
0.0014492753623188406 0.11158177917913714 -0.3397885553488284 -0.1553124772445187 0 0 0
0.0014492753623188406 -0.04218306937987888 -0.27667486435615907 -0.22883753007169386 0 0 0
0.0014492753623188406 -0.06298810219792733 0.08163663118375658 0.4313288176585349 0 0 0
0.0014492753623188406 -0.5490955122272209 0.3421316379615207 -0.22984356313614793 0 0 0
0.0014492753623188406 0.03662004541535699 0.14402361112079973 -0.6545707759442743 0 0 0
0.0014492753623188406 -0.19134847923623216 0.07920933318236129 -0.41896884430862874 0 0 0
0.0014492753623188406 -0.1434714675079493 0.20445643513538078 -0.21902278007721807 0 0 0
0.0014492753623188406 -0.33430619639990583 0.10620135822861561 0.5451114786981426 0 0 0
0.0014492753623188406 -0.3639454721411476 0.22338646626350073 -0.32066093741049656 0 0 0
0.0014492753623188406 0.013374129801066816 -0.17883797314338598 -0.21856010457379785 0 0 0
0.0014492753623188406 0.003170554572503112 0.4521397828430192 -0.10635297448657534 0 0 0
0.0014492753623188406 -0.520171906808304 -0.27528434108451233 -0.32561644808841744 0 0 0
0.0014492753623188406 -0.07900417458049544 0.42041229965024063 0.5304255320898981 0 0 0
0.0014492753623188406 -0.3952979880476071 0.06566808268670149 0.11414629442071955 0 0 0
0.0014492753623188406 -0.5538415231121309 0.05544690136811671 -0.02068138982933538 0 0 0
0.0014492753623188406 -0.48851750286828904 -0.1737677461210183 0.30011188386479976 0 0 0
0.0014492753623188406 -0.32610150684773903 -0.1477243768153878 0.5929551530441967 0 0 0
0.0014492753623188406 -0.5005660068132338 0.0873329545754199 0.3728153631041555 0 0 0
0.0014492753623188406 0.5976886849842263 0.3364541806704703 -0.0859923262763786 0 0 0
0.0014492753623188406 0.10464235493354464 0.4134303138768804 -0.03303008056509297 0 0 0
0.0014492753623188406 0.39281015447870554 -0.3910096315198298 -0.21254321546825536 0 0 0
0.0014492753623188406 0.4454424552072316 -0.031516641097235065 0.4470391920336033 0 0 0
0.0014492753623188406 -0.026283184797971485 -0.45394060855095636 0.03650925783545482 0 0 0
0.0014492753623188406 0.1417679124409445 -0.23385305906354947 0.38928954922961995 0 0 0
0.0014492753623188406 0.437850462900032 0.10096381217626538 -0.1987499211888757 0 0 0
0.0014492753623188406 -0.4432695063752871 0.021628959132922898 -0.06277617997846675 0 0 0
0.0014492753623188406 -0.5391430514495655 -0.01625916989797345 0.10243220838689739 0 0 0
0.0014492753623188406 -0.03497337125068128 0.4805065837357563 0.2160930764096842 0 0 0
0.0014492753623188406 -0.43714562611803726 0.03396134841150576 0.06695907823148656 0 0 0
0.0014492753623188406 -0.6267279041177544 0.12737778186987575 0.1268318040848433 0 0 0
0.0014492753623188406 -0.49281252181232393 0.036861570219823 -0.35218619844933885 0 0 0
0.0014492753623188406 -0.2359161605834509 -0.3388464857600374 -0.22614421378981797 0 0 0
0.0014492753623188406 0.22874321441232276 -0.2555845922405493 -0.019764765366196976 0 0 0
0.0014492753623188406 0.04086482063820267 -0.3679786426574144 -0.5546589497868638 0 0 0
0.0014492753623188406 -0.07361252932012846 0.24894388505029882 0.46988440061161824 0 0 0
0.0014492753623188406 0.44816653013937807 0.21750786858335291 0.07328146323882759 0 0 0
0.0014492753623188406 -0.13198056146862275 0.5241440586386739 0.12031468534940909 0 0 0
0.0014492753623188406 0.18262627782054036 -0.14939771446892647 -0.23689592556371253 0 0 0
0.0014492753623188406 -0.1632211731204382 -0.32223337027591087 0.17486865430214957 0 0 0
0.0014492753623188406 -0.10755993202791471 -0.2572202232239631 0.35884997521507744 0 0 0
0.0014492753623188406 0.14395144640190183 0.37967378782466304 -0.5471181951157191 0 0 0
0.0014492753623188406 -0.28645987260348144 0.0022896018951906205 0.22947590835779882 0 0 0
0.0014492753623188406 0.48537594536039835 0.005529192087611494 -0.030460711330103144 0 0 0
0.0014492753623188406 0.48232158894899746 -0.47497993239239267 -0.14315867642254387 0 0 0
0.0014492753623188406 0.190128673906928 0.12661254632073607 -0.2532677204727469 0 0 0
0.0014492753623188406 -0.24627988271269785 0.25876022879899513 0.21257406799717338 0 0 0
0.0014492753623188406 -0.31525106899722694 0.0810919755247967 0.2767668761539453 0 0 0
0.0014492753623188406 -0.1356663089121687 -0.16472814003290423 -0.06709674128461789 0 0 0
0.0014492753623188406 0.42010958623403033 0.29305241064543625 0.42716791255059217 0 0 0
0.0014492753623188406 -0.04214715540838766 0.6724321853505354 0.05952463717975928 0 0 0
0.0014492753623188406 0.08485479343405627 0.21877828279190606 0.06897067135542792 0 0 0
0.0014492753623188406 0.057170176464968185 0.33043079555672594 -0.4574032828827528 0 0 0
0.0014492753623188406 -0.13713874491877598 -0.27882731460197613 -0.1475675084156535 0 0 0
0.0014492753623188406 0.20279614830170584 0.25230063972740036 -0.546929712628123 0 0 0
0.0014492753623188406 -0.1422226310484223 -0.5296404231697739 -0.014575940976540688 0 0 0
0.0014492753623188406 0.5256578375996467 -0.4002171464614392 0.1825590028940212 0 0 0
0.0014492753623188406 -0.5192455996734966 0.0722245753472185 0.2721975324410144 0 0 0
0.0014492753623188406 -0.556105625517331 0.13137161898439353 0.31933943123488856 0 0 0
0.0014492753623188406 -0.6116055295117904 -0.07104407045833779 0.05080540479334042 0 0 0
0.0014492753623188406 -0.2473230905466346 0.4099587749894805 -0.3667816481813784 0 0 0
0.0014492753623188406 -0.22686414334968666 0.029021435481200227 -0.5058020277982728 0 0 0
0.0014492753623188406 0.3174858006208515 -0.09376544799939361 0.006957994636875885 0 0 0
0.0014492753623188406 0.29987198655048386 0.26017992961287223 0.059274186162135624 0 0 0
0.0014492753623188406 0.21725314297818296 -0.1781572229234162 -0.5077885873294414 0 0 0
0.0014492753623188406 0.12120321971410207 -0.11963916754807741 -0.1616312007643212 0 0 0
0.0014492753623188406 0.07620917116434549 0.6171644540037573 0.022242943570246698 0 0 0
0.0014492753623188406 -0.16864366606751938 0.28790737183292153 -0.3520902113298887 0 0 0
0.0014492753623188406 0.6265174956278984 -0.17178882404241258 0.11638945566392071 0 0 0
0.0014492753623188406 -0.3253929476987728 0.018164507790816322 0.30339267395853403 0 0 0
0.0014492753623188406 -0.1180353619607877 0.05249552532996318 0.3955163661123184 0 0 0
0.0014492753623188406 -0.15043375779742826 -0.4463391905003891 -0.39600405561160534 0 0 0
0.0014492753623188406 0.43311986325837865 -0.42669107420609526 -0.3057596760669669 0 0 0
0.0014492753623188406 -0.35024716345162016 -0.3267329317735133 0.1380826734581815 0 0 0
0.0014492753623188406 0.05561860244227803 0.5321482699195178 0.28424757416696733 0 0 0
0.0014492753623188406 -0.09329924776513757 0.287128840846653 -0.24251287509850725 0 0 0
0.0014492753623188406 -0.006174441056900216 0.44504998435858306 -0.45554544465347746 0 0 0
0.0014492753623188406 -0.2657721710751513 0.39998752123501763 -0.14954643733818465 0 0 0
0.0014492753623188406 -0.4892362263725602 -0.32735497599689134 -0.15879322587696595 0 0 0
0.0014492753623188406 -0.0037757946318220255 0.5651000091851016 -0.01017089938060376 0 0 0
0.0014492753623188406 0.5379503081379929 0.0966291816752369 -0.39314438234346144 0 0 0
0.0014492753623188406 0.07953981068295406 0.2928335047329568 -0.10034925500833028 0 0 0
0.0014492753623188406 -0.3478724263401307 -0.16131306101740103 0.05329273130658765 0 0 0
0.0014492753623188406 0.35217143158786407 0.04744743195382429 -0.032311493840085144 0 0 0
0.0014492753623188406 -0.13701595555763355 0.3966647402171259 -0.07373933881823139 0 0 0
0.0014492753623188406 -0.42672799841277875 0.16655478504818258 -0.43480661520558894 0 0 0
0.0014492753623188406 0.6532880410460061 0.19017809709751388 0.08647479430552164 0 0 0
0.0014492753623188406 0.047112287932383014 -0.47131495574250376 -0.3240250947785514 0 0 0
0.0014492753623188406 0.38732991490438357 -0.4876435102255587 0.15293748030641344 0 0 0
0.0014492753623188406 0.08237685174072303 0.013759805552314009 0.14274592468717273 0 0 0
0.0014492753623188406 -0.2942801641082783 -0.34907457513107415 0.4051630884847501 0 0 0
0.0014492753623188406 0.2644071903587619 0.05142559480686057 -0.04321592010079928 0 0 0
0.0014492753623188406 -0.04753756218653165 -0.26686644089533607 0.15510433461504028 0 0 0
0.0014492753623188406 -0.36985279132137144 -0.3705281862414853 -0.04776710998940572 0 0 0
0.0014492753623188406 0.14145876022068982 -0.031706214543920225 -0.10710130982702575 0 0 0
0.0014492753623188406 0.5774102303421728 -0.10149374413307637 0.34159640083966736 0 0 0
0.0014492753623188406 0.11110136017208296 -0.34066671896254885 -0.23037450235129148 0 0 0
0.0014492753623188406 0.2993235744111627 0.0781405910554352 0.36623936318633266 0 0 0
0.0014492753623188406 -0.3474118523646863 0.5332488368102831 -0.15224299895678953 0 0 0
0.0014492753623188406 0.039948920899037545 -0.17846081910955822 0.5830221446799433 0 0 0
0.0014492753623188406 -0.1936843402469081 -0.4631564960182206 -0.3909846288564874 0 0 0
0.0014492753623188406 -0.013080455486071181 0.18073428626972107 0.0033389221682676197 0 0 0
0.0014492753623188406 -0.3123295301540153 -0.21643203128451083 -0.3193537018194577 0 0 0
0.0014492753623188406 0.2335082669563928 -0.3520756583599568 0.3276538683865244 0 0 0
0.0014492753623188406 -0.03391148447402178 -0.460276990166 0.21479045367868796 0 0 0
0.0014492753623188406 0.19933728807738277 0.3949218851046176 0.11793377209338529 0 0 0
0.0014492753623188406 0.31734842556484394 0.13664853164246757 0.42880014012197143 0 0 0
0.0014492753623188406 -0.6099184714233746 -0.08222167726614288 -0.18470837364580558 0 0 0
0.0014492753623188406 0.5571438183718891 0.19558404792211173 0.1939632882729009 0 0 0
0.0014492753623188406 -0.24450392022040157 -0.4618862414496693 -0.1732974670456468 0 0 0
0.0014492753623188406 0.2185425216468384 0.15624743908315264 0.5763675297975791 0 0 0
0.0014492753623188406 -0.10784816081171333 -0.11331552637945443 0.5278140311394849 0 0 0
0.0014492753623188406 0.05542605419374899 0.02087614238068039 -0.059418927362252114 0 0 0
0.0014492753623188406 -0.1372595619344892 -0.22785357063319667 -0.05553558536497807 0 0 0
0.0014492753623188406 -0.6850460490291936 0.08532287215235874 0.059233104886746255 0 0 0
0.0014492753623188406 -0.2336827302453383 -0.37593147934434856 -0.0958559750321464 0 0 0
0.0014492753623188406 0.5596343856374341 -0.0020624048818193336 0.04975819188488874 0 0 0
0.0014492753623188406 0.26192567069459044 -0.17205683821379256 0.3723463339499851 0 0 0
0.0014492753623188406 0.012881997034589275 0.11860640916198681 -0.49106733389176416 0 0 0
0.0014492753623188406 0.3328971252510051 0.41549799883413957 0.006881518362876295 0 0 0
0.0014492753623188406 -0.20016755133778896 0.4617176171564327 -0.35704590021571475 0 0 0
0.0014492753623188406 -0.017792801057836583 -0.4405677852098128 -0.40284071885342293 0 0 0
0.0014492753623188406 0.33001990131752584 0.17441927109040628 0.4773730763594701 0 0 0
0.0014492753623188406 -0.5162509049216852 -0.2752842349435133 -0.03295160936852362 0 0 0
0.0014492753623188406 -0.05394995459809708 -0.4084185818591003 -0.16831800253957427 0 0 0
0.0014492753623188406 0.440626822592023 0.37685296448024797 -0.33277884518314016 0 0 0
0.0014492753623188406 0.2851600805525245 -0.3857028406712478 0.4351166339216849 0 0 0
0.0014492753623188406 -0.08622105605498287 0.0812340518994209 -0.00994826221320237 0 0 0
0.0014492753623188406 0.10372588948173939 0.3751187641442977 0.27630982094604 0 0 0
0.0014492753623188406 -0.24988477285718957 0.16753291897734224 0.6178053740261567 0 0 0
0.0014492753623188406 0.2872048448370755 -0.0410991449941619 -0.13525936936997526 0 0 0
0.0014492753623188406 -0.3601425667881329 0.314110037051886 0.33813174333086676 0 0 0
0.0014492753623188406 0.04343857257644078 0.15807393436463055 -0.6087747298019803 0 0 0
0.0014492753623188406 -0.37684032437928094 0.3396387235705158 -0.08526144861478849 0 0 0
0.0014492753623188406 -0.0664442682126636 0.0014156506234265368 0.3624727225440403 0 0 0
0.0014492753623188406 0.19012906952057837 0.6363658331480443 -0.1345695176431049 0 0 0
0.0014492753623188406 0.11017248340937398 0.2776839292620427 0.1535095092221283 0 0 0
0.0014492753623188406 -0.07901619753632912 0.41935041421210556 -0.11428106274871838 0 0 0
0.0014492753623188406 0.08689461348128247 -0.24382532162342346 -0.06582131903736103 0 0 0
0.0014492753623188406 0.08396366465484964 0.409463511091825 0.39655798420593696 0 0 0
0.0014492753623188406 0.06991025203168866 -0.5019325379129007 0.4173258591341158 0 0 0
0.0014492753623188406 -0.08952303733205749 0.4490116298169097 0.2112132677674882 0 0 0
0.0014492753623188406 -0.16891602440812875 -0.010635754769270115 0.2859246245081328 0 0 0
0.0014492753623188406 -0.25437121958396713 -0.031025408727570664 0.48459094540413356 0 0 0
0.0014492753623188406 -0.24540870988978508 0.46264249570535154 0.11540004629687374 0 0 0
0.0014492753623188406 -0.07859919785743713 0.39523042677229975 0.5012644835072524 0 0 0
0.0014492753623188406 0.1342995356872616 -0.2919419341860795 -0.17126004446300477 0 0 0
0.0014492753623188406 -0.3373474609084768 0.562097323935227 -0.030287159665858755 0 0 0
0.0014492753623188406 0.25880891070424367 -0.12889663884317035 -0.1424670442938236 0 0 0
0.0014492753623188406 -0.28897592242247044 -0.19557770234448096 -0.18823255355159374 0 0 0
0.0014492753623188406 -0.37730566592937226 -0.33383215117553905 -0.30013909654230986 0 0 0
0.0014492753623188406 -0.13180090219695084 -0.5470599250849608 -0.2451348739418571 0 0 0
0.0014492753623188406 -0.24359199971425471 -0.4992172251027761 0.2546311766946085 0 0 0
0.0014492753623188406 -0.3721237967755873 -0.0981304211693175 -0.07527491748247057 0 0 0
0.0014492753623188406 -0.13998405078440618 -0.2400410606885381 0.4014598359324386 0 0 0
0.0014492753623188406 -0.3589462608321917 0.07916672248641621 0.1695997727825834 0 0 0
0.0014492753623188406 0.15604174802785298 0.17432251534619686 -0.009835401484265356 0 0 0
0.0014492753623188406 -0.20636495241750583 0.3048090742593739 0.15983860728593302 0 0 0
0.0014492753623188406 0.2722533036974543 0.5173497716393766 -0.22750536159262277 0 0 0
0.0014492753623188406 0.10120136296351111 -0.3732894361424489 -0.15783283413442561 0 0 0
0.0014492753623188406 -0.26890101597973304 -0.5337854068923765 0.1381694308746355 0 0 0
0.0014492753623188406 -0.2624205005148441 0.5106859963908651 -0.3241350515226455 0 0 0
0.0014492753623188406 -0.1217142512428713 0.21118472878422628 0.5143135973105064 0 0 0
0.0014492753623188406 0.47282631453401663 -0.36254859255826727 0.003000465595809893 0 0 0
0.0014492753623188406 0.4406062400313153 -0.36434785288674904 -0.07995444963383876 0 0 0
0.0014492753623188406 -0.05751870942687557 -0.47556186365034614 -0.02895390828758963 0 0 0
0.0014492753623188406 0.3189106995895166 0.5597603724045502 -0.1300405458227703 0 0 0
0.0014492753623188406 -0.5410190991735151 0.32373095699932386 -0.06545402964355869 0 0 0
0.0014492753623188406 -0.23008818907352796 0.016388272043748223 -0.42439910342797166 0 0 0
0.0014492753623188406 -0.6212868337218984 0.14219162776383054 0.21446419371483788 0 0 0
0.0014492753623188406 -0.1908050530133863 0.2858092391908439 -0.15647929634056376 0 0 0
0.0014492753623188406 0.49459521959626085 0.023013507823587194 0.026111780348290495 0 0 0
0.0014492753623188406 -0.5995309941559537 -0.06978311039337254 -0.04587625361843973 0 0 0
0.0014492753623188406 -0.0921659456834826 0.0503740520528786 -0.3651670381706214 0 0 0
0.0014492753623188406 -0.2715559424683005 -0.3775392532099828 0.04566298244080899 0 0 0
0.0014492753623188406 0.4131763795940695 0.19887470427436635 0.17869682816480684 0 0 0
0.0014492753623188406 0.227750221128966 0.155901819640913 0.5052567426426556 0 0 0
0.0014492753623188406 0.0742307433445294 0.6430105384896583 0.07916304238759675 0 0 0
0.0014492753623188406 0.22202417900542426 0.005753770614765277 -0.12058028897520288 0 0 0
0.0014492753623188406 -0.4617339193522861 -0.2829857138106941 -0.021058603015944356 0 0 0
0.0014492753623188406 0.45240720260698586 -0.23027648236653567 0.019727640997595528 0 0 0
0.0014492753623188406 0.09264838146618097 0.02199495123567308 -0.08671599615240795 0 0 0
0.0014492753623188406 0.42215931134039114 -0.19525166774999317 0.1626294160008005 0 0 0
0.0014492753623188406 0.011323491626234054 -0.4930807117811862 0.29923542830145067 0 0 0
0.0014492753623188406 0.630116756079167 0.2086272025147126 -0.15940247961701193 0 0 0
0.0014492753623188406 -0.4815492474720954 -0.33501125730286285 -0.02230366233976298 0 0 0
0.0014492753623188406 0.3893056542856176 -0.35770834125328915 -0.3682431765280045 0 0 0
0.0014492753623188406 -0.20904632815344273 0.22083796468625908 -0.4072055691844885 0 0 0
0.0014492753623188406 0.6485136903544177 -0.18949127960450193 0.019941930880345966 0 0 0
0.0014492753623188406 0.4615599134888615 0.16769611043082638 0.4406789229512209 0 0 0
0.0014492753623188406 0.005687117796988754 -0.3787112672395344 0.24730015149825696 0 0 0
0.0014492753623188406 0.08672166679173895 -0.5158962135563645 -0.15034443910153317 0 0 0
0.0014492753623188406 0.13624127882833548 -0.41662456730442143 0.5167519193370418 0 0 0
0.0014492753623188406 0.5334720455294667 0.1117273398671119 0.4278134046900652 0 0 0
0.0014492753623188406 0.25042629751661755 0.0011482942356085004 0.5632726413016805 0 0 0
0.0014492753623188406 -0.2737389142106731 -0.45109428968453935 0.15454480291122152 0 0 0
0.0014492753623188406 0.10711008431086608 0.40459913291527944 0.0173262623818525 0 0 0
0.0014492753623188406 -0.03127084027729532 0.3722757742997363 0.5368736869639142 0 0 0
0.0014492753623188406 0.12395040753781854 -0.3119759813515982 -0.5627254726562474 0 0 0
0.0014492753623188406 0.11815601405510963 -0.2454691306560375 0.10142118440283765 0 0 0
0.0014492753623188406 0.63948154116817 0.07003647669649894 0.10662916757695524 0 0 0
0.0014492753623188406 0.023568850543473095 -0.3410408713294183 -0.6012572390094905 0 0 0
0.0014492753623188406 0.5006188005416591 -0.31625030663491976 -0.09579813864732002 0 0 0
0.0014492753623188406 0.1191752035344727 0.4991472887560834 -0.04881877638182304 0 0 0
0.0014492753623188406 -0.054120340004232215 0.31904559556796036 0.11187599861593761 0 0 0
0.0014492753623188406 -0.19582809875025037 0.6063093726349222 -0.1406431693434334 0 0 0
0.0014492753623188406 -0.2731543119120696 -0.290267507323076 0.13232488907353643 0 0 0
0.0014492753623188406 0.3470663192519549 0.3267613241577666 0.34016629485228317 0 0 0
0.0014492753623188406 0.20410395573960238 -0.5760015591455723 0.034742991194279246 0 0 0
0.0014492753623188406 0.006169282135652244 0.5132616032416422 0.3224072839747703 0 0 0
0.0014492753623188406 -0.3761683127406047 -0.06672102905293993 0.19349145949467517 0 0 0
0.0014492753623188406 -0.5860745980334133 -0.04892541047471721 0.35056945043920995 0 0 0
0.0014492753623188406 -0.5416911112654278 0.14089975635809554 -0.38707274184681656 0 0 0
0.0014492753623188406 0.10471936936823001 0.024257336583059078 0.3134375070963855 0 0 0
0.0014492753623188406 0.22238305487920176 -0.348308997250613 -0.31550856531021415 0 0 0
0.0014492753623188406 -0.49860336014334405 -0.12695232503687023 0.010111417272635906 0 0 0
0.0014492753623188406 -0.34047369472388334 0.24489474634563319 0.14651222472435613 0 0 0
0.0014492753623188406 0.06847175968332701 -0.32576736044320403 -0.1068823410710512 0 0 0
0.0014492753623188406 0.40772961934171686 0.2720163022104678 0.2766223588129024 0 0 0
0.0014492753623188406 -0.2934973433647159 0.3016130877552266 -0.4131052157071559 0 0 0
0.0014492753623188406 0.41713969274257284 -0.4490120900747741 0.26974818671564155 0 0 0
0.0014492753623188406 -0.3460335164279053 0.21336239160202616 -0.5185451561923639 0 0 0
0.0014492753623188406 -0.41348804114086285 0.18810744476788616 0.00230365156057544 0 0 0
0.0014492753623188406 0.19871989849241728 0.014350146958411527 0.050478325525890266 0 0 0
0.0014492753623188406 -0.23741153092978307 0.041064781949378286 -0.1674494867960234 0 0 0
0.0014492753623188406 -0.4048661809813727 0.4886785477303188 0.023926429470405474 0 0 0
0.0014492753623188406 0.04279492641295793 0.15836165719616593 0.19356905992372744 0 0 0
0.0014492753623188406 -0.5530862320358984 0.31469340568944365 -0.04844954275486328 0 0 0
0.0014492753623188406 -0.013157615875689553 0.35039645666786745 0.45256634191566736 0 0 0
0.0014492753623188406 -0.4574947257612193 -0.49865825948433223 0.09792090355591945 0 0 0
0.0014492753623188406 -0.38779379754893367 0.14356646390657943 0.025834544367302793 0 0 0
0.0014492753623188406 -0.20401283576869866 -0.1112023964251261 0.34195500035525067 0 0 0
0.0014492753623188406 -0.017335368022211615 0.030051602969311014 0.31605411120988786 0 0 0
0.0014492753623188406 0.11325922421583362 -0.0015526726511751838 -0.5750840568235371 0 0 0
0.0014492753623188406 0.2533297000190038 0.4416226319767739 0.07567948534144416 0 0 0
0.0014492753623188406 0.4413131169645536 -0.5182818942745386 -0.11498475530792035 0 0 0
0.0014492753623188406 -0.4127235597867592 0.14419932015254833 -0.5196771262352431 0 0 0
0.0014492753623188406 -0.24112487344138084 0.5627476588823941 0.26888362602411453 0 0 0
0.0014492753623188406 0.12057150558055998 -0.5011467220479244 -0.11403184898169849 0 0 0
0.0014492753623188406 -0.19193452963420654 0.3530729300988725 0.5452123727395851 0 0 0
0.0014492753623188406 0.1724358342015771 -0.33599489445800224 0.18846967042723847 0 0 0
0.0014492753623188406 -0.10785495055086869 0.22152972030490384 -0.47988950783487805 0 0 0
0.0014492753623188406 -0.07325473460370698 -0.2138976612698043 -0.28479989949980544 0 0 0
0.0014492753623188406 -0.04377230442568131 -0.3018557096478917 0.5200683054807793 0 0 0
0.0014492753623188406 0.058678645442585234 -0.303996417414163 -0.11400018064381591 0 0 0
0.0014492753623188406 -0.3751912871273719 -0.18208704807404721 0.1848356879804412 0 0 0
0.0014492753623188406 -0.20859392996652146 0.014353181349769647 -0.11360788742625645 0 0 0
0.0014492753623188406 0.4508454419010791 -0.20211226617550526 -0.23416111946813883 0 0 0
0.0014492753623188406 -0.1647019076901006 -0.08285871446104942 -0.4945908920761139 0 0 0
0.0014492753623188406 -0.09162799148357492 -0.33959510913213314 0.4652685196946352 0 0 0
0.0014492753623188406 -0.21952776259223786 -0.6239109612936407 -0.03821423354665009 0 0 0
0.0014492753623188406 0.1578070742365287 -0.34986417410364595 -0.22643315674609168 0 0 0
0.0014492753623188406 -0.2852890421761067 -0.10132448470427168 -0.3850925128573974 0 0 0
0.0014492753623188406 0.1893987017556861 0.02754685478681327 0.4120293021578256 0 0 0
0.0014492753623188406 0.2935027797077565 0.1839774439657718 0.09792516526286717 0 0 0
0.0014492753623188406 0.3914948722280784 -0.016578417703622665 0.3876085710386721 0 0 0
0.0014492753623188406 -0.4622912333244804 -0.260645161584088 0.0373060094121358 0 0 0
0.0014492753623188406 0.5339932062887296 -0.17624380318832136 -0.01768344382729576 0 0 0
0.0014492753623188406 0.03934881783966395 0.5854220034948676 0.30235684969560866 0 0 0
0.0014492753623188406 0.08652433243038006 -0.5046848860510347 -0.25488046039892326 0 0 0
0.0014492753623188406 -0.31839397853759893 0.24958467850586494 0.4428477488500001 0 0 0
0.0014492753623188406 -0.3419684654909662 0.19588143306062114 0.5416012150635932 0 0 0
0.0014492753623188406 -0.46560511264331983 -0.26395534848517394 -0.33991258009793357 0 0 0
0.0014492753623188406 0.22266995580681598 -0.3349559301931493 -0.04789719015599013 0 0 0
0.0014492753623188406 0.4443664309680672 -0.46852795076409626 -0.04735035997937331 0 0 0
0.0014492753623188406 -0.18283911374520492 0.198855432545973 -0.47351498088749344 0 0 0
0.0014492753623188406 0.17446297838096375 0.004740717233614695 -0.18621905223545482 0 0 0
0.0014492753623188406 0.0003818210327724685 0.13985492146943063 -0.44242385720800165 0 0 0
0.0014492753623188406 -0.07447956125196982 0.11919796186191717 0.3581090741040829 0 0 0
0.0014492753623188406 -0.12593977040926788 -0.3378982200636437 0.41813750723084336 0 0 0
0.0014492753623188406 0.34200466231533666 0.21792404166701973 -0.1847269964544521 0 0 0
0.0014492753623188406 0.5958127844240808 -0.19671082051793976 -0.22981652502621336 0 0 0
0.0014492753623188406 -0.18248154198011987 -0.27616297734068107 0.2611799364325997 0 0 0
0.0014492753623188406 -0.1519733699709202 0.17254267364310502 0.2917760905710086 0 0 0
0.0014492753623188406 0.2198155024788445 0.40876549786004385 0.4998595602285351 0 0 0
0.0014492753623188406 -0.33116418322109364 0.02322974458225671 0.008689202290280433 0 0 0
0.0014492753623188406 0.20843081674202144 0.16055156655284794 -0.35647418040695056 0 0 0
0.0014492753623188406 -0.20089112420834382 -0.1929606539322863 -0.20461107505099463 0 0 0
0.0014492753623188406 0.319413414062242 0.28122513732805143 0.28674299317699736 0 0 0
0.0014492753623188406 0.4678135913536889 0.13472058302926326 0.3984020872265679 0 0 0
0.0014492753623188406 0.31620135826100276 0.15059128762725657 0.3637740809645496 0 0 0
0.0014492753623188406 0.5606667594001506 0.10369603375161786 0.07956497913068854 0 0 0
0.0014492753623188406 -0.14306988640700266 -0.10140080621375643 0.3620477000115305 0 0 0
0.0014492753623188406 -0.11481304678414538 0.4028837702881968 0.18075999196235149 0 0 0
0.0014492753623188406 -0.6555707796966126 -0.19790317577570532 -0.0007089852959833259 0 0 0
0.0014492753623188406 -0.283877153566576 -0.028849712340393324 -0.24935302235101212 0 0 0
0.0014492753623188406 -0.25389158775099874 0.4068937078874189 0.2414043815811121 0 0 0
0.0014492753623188406 -0.479283082116259 0.08879337442041625 -0.2249442432505724 0 0 0
0.0014492753623188406 0.19769691941201278 -0.5944397628631441 0.014226757665151432 0 0 0
0.0014492753623188406 -0.13979945043323386 -0.4122349481986523 0.44105433457713505 0 0 0
0.0014492753623188406 -0.1448685221613662 -0.45166543751707255 0.04755235848420272 0 0 0
0.0014492753623188406 0.17278135249855797 -0.2946507733475091 0.41615124012978183 0 0 0
0.0014492753623188406 -0.3437827173723862 -0.2751824049010446 -0.08921456993190527 0 0 0
0.0014492753623188406 -0.2516787207900307 -0.028044166520312237 -0.04959618621177966 0 0 0
0.0014492753623188406 0.41517182119578677 -0.0765112912731214 0.3294701924871163 0 0 0
0.0014492753623188406 0.07663929099628318 0.4108551405679355 0.4634949458246365 0 0 0
0.0014492753623188406 -0.217847118856556 0.5480113388112 0.315571148643843 0 0 0
0.0014492753623188406 0.08988402144405094 -0.30790635762033974 0.20397872918571638 0 0 0
0.0014492753623188406 0.33237702476420933 -0.24131402053501655 -0.38375083807505084 0 0 0
0.0014492753623188406 0.1262615651646585 0.19667838350629951 0.434964354396026 0 0 0
0.0014492753623188406 -0.3336939478200048 -0.24798037257688163 0.5231226400217118 0 0 0
0.0014492753623188406 -0.27582049206225856 0.060465482892495405 -0.31756360246505766 0 0 0
0.0014492753623188406 -0.3407077486892434 0.22987550912007185 0.2810100203742739 0 0 0
0.0014492753623188406 0.20200784772417296 0.19752390473300085 0.531460233902022 0 0 0
0.0014492753623188406 0.0594954976360904 -0.45403088180780876 0.3611813578492819 0 0 0
0.0014492753623188406 0.07853529028901222 0.04117065792521914 0.48415625691146885 0 0 0
0.0014492753623188406 -0.3640698018113169 0.40941746163356507 0.0986290248221906 0 0 0
0.0014492753623188406 -0.3384730112502114 0.40997645357493606 0.1419188249436675 0 0 0
0.0014492753623188406 -0.28677421400639574 -0.3454886758640691 0.1389656310367527 0 0 0
0.0014492753623188406 0.24592968008503766 0.345266060406727 0.25541774303298065 0 0 0
0.0014492753623188406 0.05875467577341662 -0.43489490876668935 -0.07004497750111202 0 0 0
0.0014492753623188406 -0.4818284498644451 -0.3885138788926664 -0.21878222235076678 0 0 0
0.0014492753623188406 0.19357594015352897 0.11065535992410698 0.35078844705135576 0 0 0
0.0014492753623188406 0.32618936801209025 0.1010452561965951 -0.06957478355386386 0 0 0
0.0014492753623188406 0.2995401517906806 -0.10188531481091513 -0.3338417941650286 0 0 0
0.0014492753623188406 -0.516721309996128 -0.44981822896276424 -0.06324738706633967 0 0 0
0.0014492753623188406 -0.03928054547578737 -0.255941119091898 0.09336630938962244 0 0 0
0.0014492753623188406 0.11676588510611148 0.33966090806452104 0.527881489420026 0 0 0
0.0014492753623188406 0.3518324875844115 0.00904760884541711 0.3358730778159933 0 0 0
0.0014492753623188406 -0.045049567512101686 0.4678391337975574 0.017460612465355466 0 0 0
0.0014492753623188406 -0.3830854705431556 -0.05646905824484638 -0.1582804085186866 0 0 0
0.0014492753623188406 0.30556713919487344 -0.29814753733261357 -0.3098579766092308 0 0 0
0.0014492753623188406 0.5428658361507963 0.17003967814270526 0.1780968207554929 0 0 0
0.0014492753623188406 -0.07164642556683633 0.6147946596579137 -0.06563952664781973 0 0 0
0.0014492753623188406 0.40321999612706305 0.2120340818343722 0.39175813819106 0 0 0
0.0014492753623188406 0.23247678252011 0.14182188176509533 0.16432090504067864 0 0 0
0.0014492753623188406 0.20006702645968752 0.592521865005066 -0.2961605568572728 0 0 0
0.0014492753623188406 -0.28572652427340156 0.4802747911095942 0.16430356788774653 0 0 0
0.0014492753623188406 -0.018402718639931225 0.5966523622717101 0.06899571404403412 0 0 0
0.0014492753623188406 0.04242172947189673 0.17707357081848416 0.5728122514817066 0 0 0
0.0014492753623188406 -0.3150119661293044 -0.12480552879309108 0.09426275703839025 0 0 0
0.0014492753623188406 0.3323955542399071 0.08519499386063557 -0.08753181338047775 0 0 0
0.0014492753623188406 -0.5459047034816088 0.14826224365332857 -0.37742179058379 0 0 0
0.0014492753623188406 -0.13096341928575878 0.20776101292529514 0.6266574284144132 0 0 0
0.0014492753623188406 -0.20229288423736996 -0.07598918240328068 0.2105598673128354 0 0 0
0.0014492753623188406 0.5382635443172031 -0.0448218074840362 0.3804030201559222 0 0 0
0.0014492753623188406 -0.5242608538327925 0.1971565745673085 0.15666380421412585 0 0 0
0.0014492753623188406 0.09357516869310394 -0.28405835994627954 0.5436297376471526 0 0 0
0.0014492753623188406 0.2672822870742392 0.11472367099084128 -0.2288354011638199 0 0 0
0.0014492753623188406 0.3303438326085434 0.18218903128100028 0.525821203143218 0 0 0
0.0014492753623188406 0.3198812153478415 0.35368162246607643 -0.17295315836587244 0 0 0
0.0014492753623188406 0.0006299546708062097 -0.42768560584839677 -0.03545443967692559 0 0 0
0.0014492753623188406 -0.4992387560889105 -0.11186818442696554 0.053212945426865665 0 0 0
0.0014492753623188406 0.22307111930115908 -0.15258510481713364 -0.002568423576547184 0 0 0
0.0014492753623188406 0.09959847803398961 0.29402106193485456 -0.46271857129338406 0 0 0
0.0014492753623188406 -0.4984859574608118 -0.2902174912622449 -0.19292523972749748 0 0 0
0.0014492753623188406 0.44706974390780657 -0.05007764198772717 0.19164839209629211 0 0 0
0.0014492753623188406 0.3357905113711788 -0.35350679344280744 -0.4296159608255496 0 0 0
0.0014492753623188406 0.2925567967965039 -0.5072212358779962 -0.2806210118492395 0 0 0
0.0014492753623188406 -0.5799810731560826 0.08628183933894273 -0.36377482977851283 0 0 0
0.0014492753623188406 0.09118870629545492 -0.13066626463126443 -0.16976251810707438 0 0 0
0.0014492753623188406 -0.1574941119435884 0.23605359062564768 0.3424242350361104 0 0 0
0.0014492753623188406 -0.5250796713571916 0.41943932689424784 -0.14821749363710704 0 0 0
0.0014492753623188406 0.191350914470829 0.39183809161946836 -0.49305419708609655 0 0 0
0.0014492753623188406 0.0016390506021833793 0.4711135527618703 -0.039588409567962494 0 0 0
0.0014492753623188406 -0.3120258332855544 0.13911617873917048 -0.013667019648275706 0 0 0
0.0014492753623188406 -0.5567606365958855 -0.1165799716766949 0.25339842396633006 0 0 0
0.0014492753623188406 0.10982269236811994 -0.5112984957383214 0.10336019869777435 0 0 0
0.0014492753623188406 0.12918268246796227 -0.5814500943075552 -0.15722091154782408 0 0 0
0.0014492753623188406 -0.04584860157412435 0.4720474621131496 -0.16898624873503038 0 0 0
0.0014492753623188406 0.3661431514311662 -0.2876677609514823 -0.2835795013863031 0 0 0
0.0014492753623188406 -0.13726538442097233 -0.018604248336036976 -0.42487707505569794 0 0 0
0.0014492753623188406 -0.1087001071960126 -0.3665222548331988 0.31234656862008153 0 0 0
0.0014492753623188406 -0.021926235045447152 -0.44048048039432414 -0.15491056768833342 0 0 0
0.0014492753623188406 -0.4141337208558705 0.335982259066095 -0.4069746029262835 0 0 0
0.0014492753623188406 -0.4701034512470133 -0.08760757690966527 -0.47471282704026374 0 0 0
0.0014492753623188406 0.606484540717612 0.3193424217330842 -0.08005200535648989 0 0 0
0.0014492753623188406 -0.10543852893593549 -0.06129967947077929 -0.42079067909958884 0 0 0
0.0014492753623188406 -0.00618584567006961 0.32155654175862003 -0.029054079143555435 0 0 0
0.0014492753623188406 0.3263777809888573 -0.2789083229309127 0.13885633514334925 0 0 0
0.0014492753623188406 0.26090917311435324 0.4561311359294461 -0.31309057118061484 0 0 0
0.0014492753623188406 -0.22726201309756486 -0.2636077054137196 -0.25273185690008365 0 0 0
0.0014492753623188406 -0.08144352799506553 0.27093993851588655 0.06810681140766092 0 0 0
0.0014492753623188406 0.2413468297986011 0.01833830713410444 0.49848248644504684 0 0 0
0.0014492753623188406 0.3133283480909051 0.4628936671806918 0.07405885315115367 0 0 0
0.0014492753623188406 0.4929415508835124 0.18327387839439674 0.32420546574014497 0 0 0
0.0014492753623188406 0.3807489252115124 0.051036009219107045 -0.576736756547486 0 0 0
0.0014492753623188406 -0.1954407850597183 0.3988971172707557 -0.00020822570919005413 0 0 0
0.0014492753623188406 0.04211465306268977 0.2683524405687805 0.6298016435159584 0 0 0
0.0014492753623188406 -0.5500530936232716 0.38309775777089067 0.15306462040997731 0 0 0
0.0014492753623188406 0.4268039970168446 -0.3046786465947506 0.3449565398099383 0 0 0
0.0014492753623188406 -0.01781437845290559 0.5590044764757205 0.16328865703882917 0 0 0
0.0014492753623188406 0.1951130864172824 0.4400384742083212 0.11930193531516885 0 0 0
0.0014492753623188406 0.24818090259525524 -0.5387553204072708 0.1902220516655242 0 0 0
0.0014492753623188406 0.5321275528622017 0.42704992360073524 0.11475319598053231 0 0 0
0.0014492753623188406 -0.38198594686481596 -0.08037475450600699 -0.5267208988550488 0 0 0
0.0014492753623188406 0.07867694696536283 0.460310037343057 -0.435464175760765 0 0 0
0.0014492753623188406 0.11661551362371292 0.45446250639493774 0.37419308176675387 0 0 0
0.0014492753623188406 0.33995210323429825 0.04569153470780608 0.4746553349096272 0 0 0
0.0014492753623188406 -0.6278963005760038 0.0994490581336838 0.011753284877470016 0 0 0
0.0014492753623188406 0.352932854795233 0.19666067393630468 0.45679882943516265 0 0 0
0.0014492753623188406 -0.5106807847627178 -0.4191307222396449 -0.11956877662079363 0 0 0
0.0014492753623188406 0.3636877931925236 -0.17839272383339852 0.07609200446587777 0 0 0
0.0014492753623188406 -0.09853867115128993 -0.5578930957622817 -0.2136015705655409 0 0 0
0.0014492753623188406 -0.1459804764232612 0.44023303666092145 -0.1825490135185889 0 0 0
0.0014492753623188406 -0.4520178958303448 -0.2432215912585652 0.34565481838601503 0 0 0
0.0014492753623188406 0.286332459048759 0.216834839081239 -0.031241370828059573 0 0 0
0.0014492753623188406 0.25464585648276 -0.31390378167604627 0.4224437670563406 0 0 0
0.0014492753623188406 0.577903205349862 0.3095861989731341 -0.21189331161443176 0 0 0
0.0014492753623188406 -0.6697133571140803 -0.13506644476524987 0.1049571511314305 0 0 0
0.0014492753623188406 -0.07197329297403998 0.1957441456416597 0.19774542405519546 0 0 0
0.0014492753623188406 -0.27245871911176606 -0.2991871851411096 -0.37777610402937106 0 0 0
0.0014492753623188406 0.41870570100366017 -0.3791711019119761 0.34863580014556855 0 0 0
0.0014492753623188406 0.4267069044559258 0.28248688368662117 -0.38401275864445966 0 0 0
0.0014492753623188406 -0.4710406497423068 0.34013219564677505 -0.2989790599473083 0 0 0
0.0014492753623188406 0.3001472362226976 0.3440288806005074 -0.28958810271152513 0 0 0
0.0014492753623188406 -0.18565418566461883 0.15398990167774124 -0.3643656533379042 0 0 0
0.0014492753623188406 -0.06712505666577757 -0.1552016296103993 0.02122989070651795 0 0 0
0.0014492753623188406 -0.0860210947087387 -0.16127044313780928 0.4509352868047818 0 0 0
0.0014492753623188406 -0.1643186736142545 0.1697750238837451 0.5017378456435831 0 0 0
0.0014492753623188406 -0.1751471808881085 -0.3828145682544526 -0.10804589722653568 0 0 0
0.0014492753623188406 0.03257827419146064 0.19489534632125996 -0.486406151330965 0 0 0
0.0014492753623188406 0.03765426663084822 -0.6313793718007243 -0.2580460498970809 0 0 0
0.0014492753623188406 0.24356072499614792 0.43974303546566684 0.39532541406785054 0 0 0
0.0014492753623188406 0.2582542206938312 -0.19536987254213659 -0.22913804000633564 0 0 0
0.0014492753623188406 -0.42778736127643546 0.0956035745005524 0.025605917326526877 0 0 0
0.0014492753623188406 -0.49079000150362867 0.2788754553386393 -0.08525698657904283 0 0 0
0.0014492753623188406 0.09344534061398548 -0.42512977142702213 0.2955948196193381 0 0 0
0.0014492753623188406 0.12403324567239174 0.08077560773187478 0.2909310877920007 0 0 0
0.0014492753623188406 0.11239571090718671 -0.24117654028358282 0.1293501546574336 0 0 0
0.0014492753623188406 -0.04282008923923927 0.28229674560538953 0.14294999030247343 0 0 0
0.0014492753623188406 -0.1646195589819632 -0.505764697012003 -0.20003459497332182 0 0 0
0.0014492753623188406 -0.07080564767247884 0.3023287821605929 0.21910245577876236 0 0 0
0.0014492753623188406 -0.07929702997729765 0.5641051312383089 0.0022979666536446213 0 0 0
0.0014492753623188406 -0.05950881410148797 -0.4902295718406581 -0.3627740006738507 0 0 0
0.0014492753623188406 0.04599804225494702 -0.40080217727226974 0.2975710390824804 0 0 0
0.0014492753623188406 0.14194002394399954 -0.26726815300051987 0.14643702378047643 0 0 0
0.0014492753623188406 -0.27906059971602576 0.32874417475243667 -0.3865153763240884 0 0 0
0.0014492753623188406 -0.010404366914221235 0.036680638627855026 0.6641599663626536 0 0 0
0.0014492753623188406 0.31890298097767894 -0.2998732694577561 -0.34506496182979085 0 0 0
0.0014492753623188406 0.09158762460654048 -0.21216220641611055 0.19775257583722394 0 0 0
0.0014492753623188406 -0.19207130622634885 -0.20382888189903836 -0.1911834350209127 0 0 0
0.0014492753623188406 -0.3219969618592385 0.09335493183876234 -0.02160110285902342 0 0 0
0.0014492753623188406 0.10795961313796544 0.6158057253024597 0.12478757825164895 0 0 0
0.0014492753623188406 0.2242119449236259 -0.34585350428298556 -0.4734980321360027 0 0 0
0.0014492753623188406 0.08347501155775362 -0.22690118783671698 -0.06593365843784796 0 0 0
0.0014492753623188406 -0.2698709339766926 -0.151377914477631 -0.6033824430651149 0 0 0
0.0014492753623188406 0.11006063885282828 0.15673217563736078 -0.5455942091714057 0 0 0
0.0014492753623188406 0.3314559910826006 0.153904681802288 -0.18501277403578775 0 0 0
0.0014492753623188406 -0.07705333098609854 0.04751742520384437 0.20693422095858055 0 0 0
0.0014492753623188406 -0.3866895571787042 0.23607875676914528 0.15255885786873208 0 0 0
0.0014492753623188406 0.030370755282237507 -0.42322739104446644 0.20938643900218623 0 0 0
0.0014492753623188406 0.07797854879758978 -0.0989045586055889 0.6403950118971946 0 0 0
0.0014492753623188406 -0.23671852471385368 -0.13118327205569363 0.41435486742330274 0 0 0
0.0014492753623188406 0.3090174332735715 0.05564028874547773 0.028584781838225125 0 0 0
0.0014492753623188406 -0.4975596228423453 0.21277035802647923 -0.08392244348085115 0 0 0
0.0014492753623188406 -0.2928705428876989 -0.212602929436664 -0.3721480277502325 0 0 0
0.0014492753623188406 0.0538317617538815 0.3824666479998944 -0.07697715113268996 0 0 0
0.0014492753623188406 -0.6227208042245856 -0.21842363764023512 0.1749284738795291 0 0 0
0.0014492753623188406 -0.3884551331499157 -0.09420491346602149 0.12158328994142867 0 0 0
0.0014492753623188406 0.015133418360151403 -0.12522867932141601 -0.35194248386734206 0 0 0
0.0014492753623188406 -0.031643124447879104 0.6448092755072365 0.09871825058518571 0 0 0
0.0014492753623188406 0.06282320565433414 -0.0471869863242584 -0.13094943459266395 0 0 0
0.0014492753623188406 0.1562837334747017 0.1678740070462567 -0.30591932489109613 0 0 0
0.0014492753623188406 -0.5456324252604848 0.005930244224892678 0.2874893276105406 0 0 0
0.0014492753623188406 0.016133037796664633 0.36403237570939856 -0.24718618102310974 0 0 0
0.0014492753623188406 -0.21082222023017855 0.1806774971579335 -0.3071056580915378 0 0 0
0.0014492753623188406 0.41816020487265065 -0.032668648539984566 0.5153289262401853 0 0 0
0.0014492753623188406 0.2977186689314304 0.3839226271039802 0.20341518871275416 0 0 0
0.0014492753623188406 -0.06897033069449651 -0.025211559039797753 -0.6217798555859994 0 0 0
0.0014492753623188406 -0.2069115462897871 -0.4862770344795694 -0.13177513794739318 0 0 0
0.0014492753623188406 0.16321883029856815 0.4641252196166182 0.1379143593668643 0 0 0
0.0014492753623188406 -0.06501253799481148 -0.3085533505051348 0.040118459762116226 0 0 0
0.0014492753623188406 -0.0771033840850922 -0.15396188551257267 0.4453615040758639 0 0 0
0.0014492753623188406 0.21284374942831608 0.3768425999033015 0.13072023964728566 0 0 0
0.0014492753623188406 -0.20432638843157566 -0.5092546125501916 0.16751201603403254 0 0 0
0.0014492753623188406 -0.1528316537789726 0.071900195599432 0.13090366746416585 0 0 0
0.0014492753623188406 -0.47993074081706827 -0.12312266766647323 0.23369421131917556 0 0 0
0.0014492753623188406 0.10942397897107818 -0.25141981559478527 -0.11820065961972281 0 0 0
0.0014492753623188406 -0.36925619724651676 -0.28859902556607214 0.17534754599886032 0 0 0
0.0014492753623188406 0.438435500106093 -0.06794907483241869 -0.2355943852875169 0 0 0
0.0014492753623188406 0.470573137772622 0.0906409848206252 -0.3665975608207616 0 0 0
0.0014492753623188406 0.014737304062148722 -0.06563308547111175 0.655476795668681 0 0 0
0.0014492753623188406 0.27005366150307103 -0.42210208783915704 0.18425572556946862 0 0 0
0.0014492753623188406 0.24180835412963905 -0.05446365495809644 0.3243730189429943 0 0 0
0.0014492753623188406 -0.07929293948488968 0.17687130152806438 -0.6114958935265872 0 0 0
0.0014492753623188406 0.33812042441436435 -0.524298613469605 0.20229728567900268 0 0 0
0.0014492753623188406 -0.064481877979555 0.15170264084395174 0.1351816651327274 0 0 0
0.0014492753623188406 0.10761952359260361 0.10552033609252746 -0.15745386103905473 0 0 0
0.0014492753623188406 -0.056570527181167334 0.24408405959107576 -0.5361903560621113 0 0 0
0.0014492753623188406 -0.37552075192622403 -0.2004190784502612 -0.2599794860908049 0 0 0
0.0014492753623188406 -0.1384199846587538 -0.0774866944231182 0.5868968593602788 0 0 0
0.0014492753623188406 -0.320490176323992 0.3663510962959981 0.16421503011795993 0 0 0
0.0014492753623188406 0.010326613662421843 0.6532671676684458 -0.08508180803331117 0 0 0
0.0014492753623188406 -0.44176769201473204 0.30112671645322137 0.051842250043191096 0 0 0
0.0014492753623188406 -0.23197159883010973 -0.41482805096552033 -0.29006044897821065 0 0 0
0.0014492753623188406 -0.5130586526033298 -0.2010628312893699 0.0945798917736856 0 0 0
0.0014492753623188406 -0.2148880245525279 0.09141120004886738 0.18287201756159072 0 0 0
0.0014492753623188406 0.09007537100068207 0.24756249164639255 0.3695465649776829 0 0 0
0.0014492753623188406 0.21953314727748005 -0.4463003655025832 0.017337610406459848 0 0 0
0.0014492753623188406 0.026092250546272684 0.36530289729051896 -0.25367789565344423 0 0 0
0.0014492753623188406 -0.46460527262215606 -0.19457844985378292 -0.08596994974333055 0 0 0
0.0014492753623188406 -0.6359523433297372 -0.12498427652339991 -0.1694383078871428 0 0 0
0.0014492753623188406 -0.35631630997456776 -0.16767520360746177 -0.3813310791897863 0 0 0
0.0014492753623188406 -0.0018949149081673336 0.053598034113095494 0.4432449718765192 0 0 0
0.0014492753623188406 -0.0723552283087659 -0.3251284105657383 0.04423433858536195 0 0 0
0.0014492753623188406 0.15418034442509074 0.45062201151851344 -0.15825340168163332 0 0 0
0.0014492753623188406 -0.2642666089944991 -0.5314355496232788 0.30030297224017577 0 0 0
0.0014492753623188406 -0.2165099705796425 -0.33162324246200175 0.14496699321522669 0 0 0
0.0014492753623188406 -0.2784426160016163 -0.3577027638482988 -0.3602820195819225 0 0 0
0.0014492753623188406 -0.19043726522067075 0.4191547756275322 -0.40757538149168915 0 0 0
0.0014492753623188406 -0.19142676362663097 0.5486919355513209 0.007319415463438054 0 0 0
0.0014492753623188406 0.2578043806169802 -0.58451607118887 -0.13669241292891796 0 0 0
0.0014492753623188406 -0.134175932879381 -0.5798653321090774 -0.005098054613306815 0 0 0
0.0014492753623188406 0.169082509437049 0.6403905139815992 -0.1188683764149511 0 0 0
0.0014492753623188406 0.14324173001673496 0.07071178797637427 -0.18857317599312193 0 0 0
0.0014492753623188406 -0.0454574430519729 -0.10528058868717395 0.37492528669447195 0 0 0
0.0014492753623188406 0.539747961579604 0.36522439492025266 -0.11722959455002162 0 0 0
0.0014492753623188406 0.6227562292889585 0.1647573337787595 -0.12464265756991266 0 0 0
0.0014492753623188406 -0.13363830313811703 -0.18364080725463572 -0.12492641923960573 0 0 0
0.0014492753623188406 -0.5362387536329762 0.08400979813183904 -0.394241266560756 0 0 0
0.0014492753623188406 -0.12243462239930293 -0.012701567277687335 0.23766277744914457 0 0 0
0.0014492753623188406 -0.10425275021181768 -0.6061783946848391 -0.15488608683567814 0 0 0
0.0014492753623188406 -0.41693207720399483 0.10024632808805681 0.2120499853507757 0 0 0
0.0014492753623188406 -0.4894720660541706 0.18091945695452943 0.2047621246400895 0 0 0
0.0014492753623188406 -0.4110959667441827 -0.11206719986085498 -0.4326849479090493 0 0 0
0.0014492753623188406 0.36338102887435647 0.4501245242696404 0.2085957658915465 0 0 0
0.0014492753623188406 0.053824634289380675 -0.4290528637590992 0.5350794004161274 0 0 0
0.0014492753623188406 0.1970577274062556 0.018907403249124953 0.5218013138490308 0 0 0
0.0014492753623188406 0.18156143976465 0.10567885208680063 -0.2173858276353069 0 0 0
0.0014492753623188406 0.03464677924439344 -0.2342430813599676 0.07093781059185571 0 0 0
0.0014492753623188406 -0.11530393374494805 0.12508437409611828 0.34527653757651106 0 0 0
0.0014492753623188406 0.03692632655428907 -0.5763906732526982 0.22720450384770155 0 0 0
0.0014492753623188406 -0.4766831194339495 -0.28831445625663865 0.2727790891086341 0 0 0
0.0014492753623188406 0.014117371376634935 -0.5193502758830265 -0.02640502571825797 0 0 0
0.0014492753623188406 0.25565258301074945 -0.3587875855606543 0.353643983500549 0 0 0
0.0014492753623188406 0.430002747574354 0.07209159273224917 0.1999881277457011 0 0 0
0.0014492753623188406 -0.024502716992164896 -0.6274745785005335 0.19582446571338433 0 0 0
0.0014492753623188406 0.25060584013027815 0.37013701941460303 -0.32099178202911743 0 0 0
0.0014492753623188406 -0.510044633210921 -0.34164674251453664 -0.10106949030268761 0 0 0
0.0014492753623188406 0.48595447025214167 0.38908562318002843 -0.028559226598056056 0 0 0
0.0014492753623188406 0.08321738204352765 0.24463039151981228 -0.2790071770884122 0 0 0
0.0014492753623188406 -0.13037390433892246 0.14320570446936068 -0.5492556482309559 0 0 0
0.0014492753623188406 0.3775119885260467 0.0466679619868924 0.552138716403067 0 0 0
0.0014492753623188406 0.13464121572054225 0.0153810460813673 -0.4566336978986989 0 0 0
0.0014492753623188406 -0.39447132639871746 -0.2344661014883688 -0.4954355649940509 0 0 0
0.0014492753623188406 0.31755940262424603 0.009755873662719818 0.3410130322515872 0 0 0
0.0014492753623188406 0.0823712598531245 -0.10443328914626823 -0.6485123576851396 0 0 0
0.0014492753623188406 -0.26587521941672554 -0.20228752459695223 0.18700631395272097 0 0 0
0.0014492753623188406 -0.07047058130564357 0.3287662457050738 0.12710244509920102 0 0 0
0.0014492753623188406 -0.1998749931517279 -0.17542752357328922 -0.4455548588115744 0 0 0
0.0014492753623188406 0.01899123376114822 0.5518973981127538 -0.3050770196224008 0 0 0
0.0014492753623188406 -0.3037163161010441 -0.2614750639901228 -0.5243922743839852 0 0 0
0.0014492753623188406 0.3323634151721594 -0.48386202812432433 -0.30427555305701115 0 0 0
0.0014492753623188406 -0.24706340543847635 0.3984913674646365 0.34296437009872205 0 0 0
0.0014492753623188406 0.1753105667604156 0.17922425144030127 -0.2153165984100238 0 0 0
0.0014492753623188406 -0.23072932074782979 -0.45415211448793463 -0.3216134604077526 0 0 0
0.0014492753623188406 -0.3570070245770381 0.3109927278023084 0.3276126589022437 0 0 0
0.0014492753623188406 -0.2850400418013986 0.3819770499966589 -0.2611942332152641 0 0 0
0.0014492753623188406 0.43146547215543385 0.340062321900929 0.21051823669031758 0 0 0
0.0014492753623188406 -0.5007125425802631 0.2512240454171889 -0.08920570648353099 0 0 0
0.0014492753623188406 -0.047343263394356204 0.37161371301637103 0.41851735291472764 0 0 0
0.0014492753623188406 -0.5279622092199497 0.030561365425954907 0.32064785057840234 0 0 0
0.0014492753623188406 0.44045258597543435 -0.1585600603086611 -0.4899440606656812 0 0 0
0.0014492753623188406 0.08434015968672887 0.04190016364954971 -0.06046795912498028 0 0 0
0.0014492753623188406 0.22924265772865066 0.5516046675897395 0.04347252535160075 0 0 0
0.0014492753623188406 0.1691471829648488 -0.3603180557041118 -0.29631081624717354 0 0 0
0.0014492753623188406 -0.26209884406179845 -0.015266685917588172 -0.17629456873303376 0 0 0
0.0014492753623188406 0.3904663058184621 -0.2750062729269474 0.011954388759917743 0 0 0
0.0014492753623188406 0.19978062536513597 0.23416683624441056 -0.41229606522441015 0 0 0
0.0014492753623188406 0.15559462357230885 -0.04381009345651265 -0.6218416758481048 0 0 0
0.0014492753623188406 -0.24662598508959677 -0.4404609758750958 -0.0454614252051441 0 0 0
0.0014492753623188406 0.21283200696900986 -0.1470067849208118 0.2466661428760864 0 0 0
0.0014492753623188406 -0.1419330737383693 -0.18858260899402435 -0.2228951794517279 0 0 0
0.0014492753623188406 -0.45439106335623036 0.051458199537289064 -0.5188367786677319 0 0 0
0.0014492753623188406 -0.07276833561283219 0.3311382036498408 -0.4928994047520961 0 0 0
0.0014492753623188406 0.48823891638520717 0.30495842635426174 0.3161356985937136 0 0 0
0.0014492753623188406 0.27502294865071325 -0.062422749092406506 -0.43737542644118294 0 0 0
0.0014492753623188406 0.019738013020517503 -0.18233702329585247 -0.20520517899902813 0 0 0
0.0014492753623188406 0.2381343099985404 -0.28955642195042103 -0.517144143507001 0 0 0
0.0014492753623188406 -0.011391380576940394 0.12357610639776805 0.13343432742918107 0 0 0
0.0014492753623188406 -0.3282826615422459 0.05791445617250255 -0.3660064138698018 0 0 0
0.0014492753623188406 0.09867484450087696 -0.04041619498151326 0.09461915751944774 0 0 0
0.0014492753623188406 0.05736795122985794 0.4568316843247037 0.1732917287442488 0 0 0
0.0014492753623188406 -0.27169401125488035 -0.5748779113628124 -0.18701870742090887 0 0 0
0.0014492753623188406 0.30096155112691886 0.19528650784734594 -0.3740864208239334 0 0 0
0.0014492753623188406 -0.3623219315428116 0.1348959736713906 -0.46618123090550706 0 0 0
0.0014492753623188406 0.19864412673210094 -0.3456128962271433 -0.326933400751417 0 0 0
0.0014492753623188406 0.18683986690733256 0.09013874240332236 -0.5379099485560823 0 0 0
0.0014492753623188406 0.17657304521617043 0.2482508736228069 -0.36347991632447063 0 0 0
0.0014492753623188406 -0.28162297782044976 0.42426759815116116 -0.14758960013573255 0 0 0
0.0014492753623188406 0.24158508288543173 -0.12914248965533978 0.3223132907657081 0 0 0
0.0014492753623188406 0.046813731588280755 0.09915555795174509 0.2957981904008941 0 0 0
0.0014492753623188406 -0.5569504754074333 0.2206025179543218 0.3466610456227652 0 0 0
0.0014492753623188406 0.5091175133618059 0.008384183668460317 -0.3434456177302901 0 0 0
0.0014492753623188406 -0.3973076983762238 -0.31166546747250584 -0.17441961577526371 0 0 0
0.0014492753623188406 0.026377776947252813 -0.27861530577450283 -0.038699582798071994 0 0 0
0.0014492753623188406 -0.34011614570079785 0.26431350990828906 0.28746340378243496 0 0 0
0.0014492753623188406 0.21522880064145958 -0.043913059456743134 -0.006225157227405366 0 0 0
0.0014492753623188406 0.08548144325218775 0.4686100286537714 0.49297379901348515 0 0 0
0.0014492753623188406 -0.174584744584528 -0.21116949416277922 -0.4989676481382812 0 0 0
0.0014492753623188406 0.36802869800633486 0.26813740707756156 0.42553563493572877 0 0 0
0.0014492753623188406 0.0879235188193515 0.6387974061739398 -0.042408261309426674 0 0 0
0.0014492753623188406 -0.6473748471378753 0.14546834020159422 0.1996796281926306 0 0 0
0.0014492753623188406 0.5233209531003022 0.18170606075322168 -0.0015588650922840636 0 0 0
0.0014492753623188406 0.0766643393770877 -0.21838823965536663 -0.07642093550090649 0 0 0
0.0014492753623188406 0.057532205791942244 0.11414764016242056 0.1908736872062033 0 0 0
0.0014492753623188406 -0.657574022209569 0.14327961320263713 -0.09175578918336369 0 0 0
0.0014492753623188406 0.6324010120491078 -0.051243658983369134 -0.16375715196155438 0 0 0
0.0014492753623188406 -0.048733584005375044 0.5135011147787086 -0.3190985783588731 0 0 0
0.0014492753623188406 0.04806336353949566 0.5731782677973222 0.18846014734722807 0 0 0
0.0014492753623188406 0.24214878152545988 0.1365553750948755 0.08285190394750543 0 0 0
0.0014492753623188406 0.21367067979527837 0.19788031304527734 -0.5106309634092453 0 0 0
0.0014492753623188406 -0.29765458352002283 -0.42787448263635436 -0.06003339037811459 0 0 0
0.0014492753623188406 -0.13333527518277152 -0.06375575751774595 -0.3195234536437382 0 0 0
0.0014492753623188406 -0.12913956738717203 -0.3434670129149651 0.29246612521778304 0 0 0
0.0014492753623188406 0.6367980379928065 -0.04268831418788161 -0.14735883648805342 0 0 0
0.0014492753623188406 -0.20935904374521097 0.2745659327629148 -0.3043069244836888 0 0 0
0.0014492753623188406 0.5619756446098912 -0.023465192540625006 -0.10673690725649965 0 0 0
0.0014492753623188406 -0.46154141776636726 0.04519176277709067 0.02527920186349987 0 0 0
0.0014492753623188406 -0.1732350126497145 -0.5294112400521623 -0.11142257732843261 0 0 0
0.0014492753623188406 -0.24436695725206226 -0.2272104671784396 0.3182141103249145 0 0 0
0.0014492753623188406 0.2913605725887464 -0.1711688479242403 0.31185093453726875 0 0 0
0.0014492753623188406 0.07150477439740634 0.2945908458059582 0.5156502434177037 0 0 0
0.0014492753623188406 -0.49912563439469654 0.38505940193648486 -0.19575837752351946 0 0 0
0.0014492753623188406 -0.26066541627389983 0.08814537318227893 0.5170201793957134 0 0 0
0.0014492753623188406 0.14380497601162945 -0.29445585363125854 -0.07672892811029823 0 0 0
0.0014492753623188406 0.4439264910062254 0.27573966735946726 -0.38883213422804264 0 0 0
0.0014492753623188406 0.5020379668825921 -0.07031907777009884 0.013263778838830844 0 0 0
0.0014492753623188406 -0.3772552877213168 0.38446536009207 0.24909231540861898 0 0 0
0.0014492753623188406 0.04739335492922469 0.4795146827194816 -0.1955930142307021 0 0 0
0.0014492753623188406 0.056580738888872585 -0.37833366525328177 0.3737518094715684 0 0 0
0.0014492753623188406 -0.0677196920536089 0.5921772634551838 -0.08579899548584928 0 0 0
0.0014492753623188406 0.33862996755846964 0.4830455045006352 -0.13579235027449843 0 0 0
0.0014492753623188406 -0.39132115289450997 0.5334142853926254 -0.19022589650526564 0 0 0
0.0014492753623188406 -0.12320117344395619 -0.45384559917522854 0.28881058039010127 0 0 0
0.0014492753623188406 0.07408784807603652 0.6851871387951688 -0.04182192695006672 0 0 0
0.0014492753623188406 -0.29486899714164166 -0.013368281335565611 0.20496549449169102 0 0 0
0.0014492753623188406 0.03803414549432259 0.018227096730538198 -0.3144715418325773 0 0 0
0.0014492753623188406 -0.1765821047333179 -0.3925325966006775 -0.14982172279917694 0 0 0
0.0014492753623188406 0.10483789271858905 0.3735617912222759 0.17674259984773036 0 0 0
0.0014492753623188406 -0.5311711029936669 -0.05203170804888686 -0.19631628975266818 0 0 0
0.0014492753623188406 0.4543278442464582 -0.19918569783349313 -0.12102123166104226 0 0 0
0.0014492753623188406 -0.18070449475020586 0.4276899735240079 0.4088270113223774 0 0 0
0.0014492753623188406 -0.4588929500847399 0.05795537654061438 -0.2933736553182489 0 0 0
0.0014492753623188406 -0.5940395721053057 -0.04165368305727668 0.2554270722107864 0 0 0
0.0014492753623188406 -0.2107557109077661 0.10941825429936684 -0.43013343436622886 0 0 0
0.0014492753623188406 0.24158651203272544 -0.4869542496182447 0.04880542646155598 0 0 0
0.0014492753623188406 0.2007711073662069 0.1092087051871255 -0.02207795785302568 0 0 0
0.0014492753623188406 -0.22451344369251086 0.32982175244217105 -0.16883829293379238 0 0 0
0.0014492753623188406 -0.047528631441016975 -0.19656097332424213 0.13334811431106333 0 0 0
0.0014492753623188406 0.5073963409753193 0.24662171023011165 -0.1593245688089606 0 0 0
0.0014492753623188406 -0.19399921165133327 0.18437363996024936 0.10776135288177559 0 0 0
0.0014492753623188406 0.33334628401276734 0.16480655190239257 -0.4848938266977024 0 0 0
0.0014492753623188406 -0.26591427248731864 -0.27571141507871033 -0.409837258998683 0 0 0
0.0014492753623188406 -0.29854003109810034 0.20512832767630898 -0.2766642585404143 0 0 0
0.0014492753623188406 0.3831644303543275 -0.5150244624887311 0.251588145621232 0 0 0
0.0014492753623188406 -0.07593071709200401 0.5316249460973509 -0.11096052671591959 0 0 0
0.0014492753623188406 -0.551739459731928 0.06681458928974367 -0.027755739132426505 0 0 0
0.0014492753623188406 0.40089503126954734 0.174166359884515 0.20730796604726712 0 0 0
0.0014492753623188406 0.5973148877217858 -0.1939469069031297 0.061690588020399006 0 0 0
0.0014492753623188406 0.049035013670174446 -0.6904636719141063 -0.017537421060737392 0 0 0
0.0014492753623188406 -0.06328325338981054 -0.3589897149207429 0.046980336542532974 0 0 0
0.0014492753623188406 -0.08826411174353005 0.293673145685981 -0.3271143166062851 0 0 0
0.0014492753623188406 0.3349766680030707 0.17835785502275794 0.4680018281704197 0 0 0
0.0014492753623188406 0.35503920120292204 -0.24321232821489455 -0.19483611291489872 0 0 0
0.0014492753623188406 -0.009477651046804168 -0.219712547324387 0.21546582221335675 0 0 0
0.0014492753623188406 0.37057585791060277 -0.5024319425699216 -0.2028517445441722 0 0 0
0.0014492753623188406 0.10276517336787495 0.3068403959921074 0.16276523501667284 0 0 0
0.0014492753623188406 0.1847757849371691 -0.36063387613416126 0.28959323430352113 0 0 0
0.0014492753623188406 0.2561073593401501 -0.36773990906756693 -0.46941965072602937 0 0 0
0.0014492753623188406 -0.10023408162121585 0.47222243584460327 -0.25343753955480053 0 0 0
0.0014492753623188406 0.004072262057088411 -0.04459858380154678 -0.44768637746153356 0 0 0
0.0014492753623188406 -0.32185384114327026 -0.12175070873143601 -0.5636544016276037 0 0 0
0.0014492753623188406 0.3955288480613013 -0.3842628492314649 0.174710174188808 0 0 0
0.0014492753623188406 0.2635101483853182 -0.08231514211391702 0.3995886348851737 0 0 0
0.0014492753623188406 -0.12253191513424218 0.3502281991642955 0.1467495297554173 0 0 0
0.0014492753623188406 0.30226903154427126 0.05269849088071017 -0.4163615556760137 0 0 0
0.0014492753623188406 0.5922864837255967 -0.13831656581159954 0.22501192625489067 0 0 0
0.0014492753623188406 0.03340033953652947 0.0005618119817700569 -0.3437124326253541 0 0 0
0.0014492753623188406 0.0211858026538405 -0.03811846832393887 -0.024786415068217355 0 0 0
0.0014492753623188406 -0.2910139411251132 -0.4927835206959502 0.27668690660501 0 0 0
0.0014492753623188406 -0.05421782169852879 0.2048119216394553 0.3804486340256519 0 0 0
0.0014492753623188406 0.3286227736932228 -0.3289779770971098 0.2243669139119291 0 0 0
0.0014492753623188406 0.380714829875636 0.020254520680669373 -0.03643734704475149 0 0 0
0.0014492753623188406 -0.1703811498670758 -0.45681877152302514 0.09323998373064514 0 0 0
0.0014492753623188406 0.04278170440230112 0.045479003025196425 -0.2552564068908638 0 0 0
0.0014492753623188406 -0.23151502118553577 -0.3461984313519086 -0.35815629203126 0 0 0
0.0014492753623188406 -0.07013256490027364 -0.32728925728572617 0.15169761187036068 0 0 0
0.0014492753623188406 0.06300709708647123 -0.3242197154650965 0.11025926599925681 0 0 0
0.0014492753623188406 0.12063488467318881 0.19513879881565646 -0.16525828264034387 0 0 0
0.0014492753623188406 -0.3447848237810117 -0.29880530646931086 -0.17033198385471618 0 0 0
0.0014492753623188406 -0.3795556582151877 0.2974097624223825 -0.28204011827270686 0 0 0
0.0014492753623188406 0.557535691586442 -0.12875494837460424 0.29479940760420237 0 0 0
0.0014492753623188406 0.49950185928050794 -0.23977732308679978 0.34178804005012403 0 0 0
