640
0
0.0015625 0.5329128155946421 0.1542746849969865 -0.25907490916457915 0 0 0
0.0015625 0.2535182050605658 0.07975122800710968 -0.562828318421968 0 0 0
0.0015625 0.02895968505965103 -0.4038180481374142 -0.11437678007587025 0 0 0
0.0015625 0.17495707404916577 0.37892328098693323 -0.4796180255705681 0 0 0
0.0015625 0.3412823582641108 -0.40760073095887717 -0.37425682403499216 0 0 0
0.0015625 -0.3719663247241996 -0.4675140117005921 -0.25850636024066753 0 0 0
0.0015625 -0.4111855787224656 0.24879022419727168 0.2039125433701172 0 0 0
0.0015625 0.06578327911551556 0.3025506694039962 0.004094928660858875 0 0 0
0.0015625 -0.12721754084102238 0.1452600324485811 -0.3656702654225788 0 0 0
0.0015625 0.1327963415864804 0.10214658081676345 -0.33607096230294375 0 0 0
0.0015625 0.4044025331535571 -0.4214582867725035 -0.07335238743487754 0 0 0
0.0015625 -0.5477125282821127 0.15015530334880176 -0.06104077582507215 0 0 0
0.0015625 -0.34590886014145916 0.06180568510505346 0.23370808700926118 0 0 0
0.0015625 -0.03633495872939453 -0.48670283864600455 -0.32423771834073156 0 0 0
0.0015625 -0.02047477034671422 0.29386176602947717 0.4774523290686693 0 0 0
0.0015625 0.22696960486554166 -0.4643268942141512 -0.18568350037322018 0 0 0
0.0015625 -0.1871179989653951 0.4795027718794551 0.05246639619421204 0 0 0
0.0015625 -0.5971893192996353 0.25892872585231025 -0.020093580936216094 0 0 0
0.0015625 -0.2525005159084675 0.12073436613384711 -0.6253593385970325 0 0 0
0.0015625 0.20590124797928125 0.40596975495882426 -0.33262572493269954 0 0 0
0.0015625 0.009718209752699837 0.4724476264606696 0.4647877562359575 0 0 0
0.0015625 0.3691669893093756 -0.3032232137964691 0.39656825887387276 0 0 0
0.0015625 -0.17692945375602404 -0.3495404593176931 0.48164281132996895 0 0 0
0.0015625 0.34382994557255636 0.302575897937352 -0.30599529416750265 0 0 0
0.0015625 -0.032948629974375296 0.3173677847499138 -0.2639777706714886 0 0 0
0.0015625 -0.4827620353607112 0.3375797806093384 -0.341509537515028 0 0 0
0.0015625 0.5247773095927483 -0.05438839064210404 0.41995131679802133 0 0 0
0.0015625 -0.3435468198625106 -0.23704617036773845 0.033373537168108855 0 0 0
0.0015625 -0.13208486309682135 -0.35459885217816073 -0.3864744524670743 0 0 0
0.0015625 -0.38825719893490485 0.12276445160332301 0.4699751865271864 0 0 0
0.0015625 0.23090435218113592 0.2759393819971757 0.23773241919171495 0 0 0
0.0015625 -0.3481648083333421 0.3623945199941378 0.294926889200873 0 0 0
0.0015625 0.03245797923900844 -0.43716651184512756 -0.2839432459858833 0 0 0
0.0015625 0.2560980101046771 0.20828749381242564 0.5357397504930906 0 0 0
0.0015625 -0.0904686589365708 0.4636207055147967 0.03559715570422515 0 0 0
0.0015625 -0.5354708438089574 0.28665672852066043 0.11129207610891508 0 0 0
0.0015625 0.08315294583489138 0.08927460399157229 0.0935745851289385 0 0 0
0.0015625 0.3594336092782747 -0.24435818013202995 -0.2739422483057218 0 0 0
0.0015625 0.5328662824208722 -0.33673440675590494 0.20774610248083714 0 0 0
0.0015625 -0.05594100073570423 0.18635267578780432 -0.12341553931167562 0 0 0
0.0015625 0.5001788150938838 0.0684678400604228 0.1447471213283375 0 0 0
0.0015625 0.21898800132810245 -0.11357559567206056 -0.43091116814481856 0 0 0
0.0015625 -0.095421415498675 0.5683023752791019 -0.11697398073850479 0 0 0
0.0015625 -0.005329624041840892 0.26996933338086193 -0.1552206651549506 0 0 0
0.0015625 0.03275752458813391 -0.4560443687465199 -0.0159848520698907 0 0 0
0.0015625 -0.15392467279690092 0.2958788165336453 -0.12890944205424182 0 0 0
0.0015625 0.6078009517276531 0.09937387457919798 0.3004813201636799 0 0 0
0.0015625 0.40700726375957386 0.09052527170889034 -0.11517991765578042 0 0 0
0.0015625 0.030610897270731553 0.04313679321494805 -0.0654609941031583 0 0 0
0.0015625 -0.33510260752274135 0.5191158681814427 -0.2346305788303164 0 0 0
0.0015625 -0.17793281101859873 0.17134045685459035 -0.09334432924554788 0 0 0
0.0015625 0.2946335502825301 0.5247033985464178 0.2690674371923869 0 0 0
0.0015625 0.34632946792630465 0.3771414340884295 -0.1147504473729636 0 0 0
0.0015625 -0.20464235125334418 0.2688491691076136 -0.47810938927849994 0 0 0
0.0015625 -0.6278723654503375 -0.10077206264604148 -0.22170046889911835 0 0 0
0.0015625 -0.3691547945416043 -0.25995753581155684 0.12445578422892271 0 0 0
0.0015625 0.6281370281477854 -0.005624068739869446 0.015337087444288506 0 0 0
0.0015625 -0.011250119183915221 0.231795507192329 -0.10566200412079951 0 0 0
0.0015625 -0.11857467761942343 0.07014623929661834 0.5163468784579089 0 0 0
0.0015625 -0.23871518256686708 0.1375782006113161 0.4534816281512718 0 0 0
0.0015625 0.1433712061205369 0.32878403559305797 -0.41350777809484046 0 0 0
0.0015625 0.021846434995656566 -0.3672415716170944 -0.22678929620779337 0 0 0
0.0015625 -0.5800964583441708 0.08491257178727754 -0.25090481553698407 0 0 0
0.0015625 0.38432342611435544 -0.0008059079325795208 0.5285669958942534 0 0 0
0.0015625 0.5037691002699963 0.36921955979503257 -0.14671242590573488 0 0 0
0.0015625 0.4995939887191885 0.04129061407813547 -0.10995324644909808 0 0 0
0.0015625 0.11117852102286513 0.014399282560281659 -0.5333601780542261 0 0 0
0.0015625 -0.357855497346437 0.25043438987095884 0.2468860690221971 0 0 0
0.0015625 0.0034317113150662774 -0.3010641234543969 -0.609583396035826 0 0 0
0.0015625 0.011634312983354048 -0.33376866065352795 -0.13631181551147992 0 0 0
0.0015625 -0.23121160236503754 -0.012691688115825531 0.4086513154228109 0 0 0
0.0015625 -0.3157368165971877 0.2661782713001306 0.16378619356048008 0 0 0
0.0015625 0.24155343560471979 0.5322047230838859 -0.05626109611166827 0 0 0
0.0015625 -0.29543171981716065 -0.11043926482456552 -0.40597808541668473 0 0 0
0.0015625 -0.1665172112122229 0.23245981604305935 -0.16627816661030903 0 0 0
0.0015625 0.07112490860181324 -0.012322211578669194 -0.4591399956961498 0 0 0
0.0015625 -0.49097693553735466 0.16445898283553942 -0.4417532924380028 0 0 0
0.0015625 -0.29979388794354145 -0.3762327815079536 -0.28623563460429363 0 0 0
0.0015625 0.34962106047610453 -0.13601895928918065 0.13098742498238938 0 0 0
0.0015625 0.11216030744411497 -0.324138251497092 0.10976474729525672 0 0 0
0.0015625 -0.0750410322871659 0.2887201031111302 -0.30039577709024085 0 0 0
0.0015625 0.4837241187366685 -0.1753505972870146 -0.2521375423773334 0 0 0
0.0015625 -0.15766150829269604 -0.17321861440054973 0.40400349764655497 0 0 0
0.0015625 0.21500559178019352 0.2521764012625411 -0.5245371732196982 0 0 0
0.0015625 -0.13835960501011166 0.33551912718477434 0.350050172501183 0 0 0
0.0015625 -0.390431732555943 0.31731928734804926 -0.07962927714055304 0 0 0
0.0015625 0.34002079242263383 -0.5348184421640949 0.024974877859892046 0 0 0
0.0015625 0.05100110195903204 -0.32342728935429405 -0.6080957390408943 0 0 0
0.0015625 0.1605105614384033 -0.6127908048469346 -0.19188824510548344 0 0 0
0.0015625 -0.33166040903987565 -0.29802263679942376 -0.06218607592495212 0 0 0
0.0015625 0.4850817283763783 -0.4133875150359795 -0.11259184481989001 0 0 0
0.0015625 -0.19028315753086453 0.2178736968985348 0.33748244817641293 0 0 0
0.0015625 -0.34530912884643616 -0.05103820423978348 0.223740667087666 0 0 0
0.0015625 0.4689295111161462 -0.13982199032808415 0.21226880625317412 0 0 0
0.0015625 -0.5130333099878341 -0.04121502350035768 -0.4271337533644238 0 0 0
0.0015625 0.543660866123161 -0.048587042040003844 0.18317084717245385 0 0 0
0.0015625 0.007586625347134771 -0.3933558976208707 -0.03573151586541782 0 0 0
0.0015625 0.5031281464822522 -0.2344234672658776 -0.23629016206339717 0 0 0
0.0015625 -0.06706468778569717 -0.19077836354947708 -0.20152743323450864 0 0 0
0.0015625 0.14638265203643722 -0.12350784136721289 -0.12254379522704212 0 0 0
0.0015625 0.046850464240013726 0.5906802410811011 -0.315901507895366 0 0 0
0.0015625 0.4516075254772321 0.29061702700625935 0.3081838551650935 0 0 0
0.0015625 0.42032064991059226 0.1491634906311247 -0.13010911250220372 0 0 0
0.0015625 -0.2821055122044798 -0.39197591333270243 0.03352607070726399 0 0 0
0.0015625 -0.4504098278688878 -0.05565237472399862 -0.2270617793057152 0 0 0
0.0015625 0.0897285324326117 -0.502914700234979 0.43004522966088704 0 0 0
0.0015625 0.18225380367173738 0.4007381655437308 -0.27696754865664275 0 0 0
0.0015625 -0.1766382652093173 -0.052264855648604065 0.5944125357630958 0 0 0
0.0015625 0.03835254475573644 0.5531405332988897 0.12067247220975746 0 0 0
0.0015625 -0.4019490756749128 0.22844026341796117 -0.04140445689105887 0 0 0
0.0015625 -0.19114315195489032 -0.5211484725573569 0.3086902663785239 0 0 0
0.0015625 0.035680526348998286 0.30492413413867286 0.3792940153100476 0 0 0
0.0015625 -0.4170830721973802 0.208897541086465 -0.10252987500090857 0 0 0
0.0015625 -0.0999454048467824 0.5021296254261187 0.20693673960824358 0 0 0
0.0015625 -0.2504474810193464 0.18964725374056088 -0.24373067169076995 0 0 0
0.0015625 0.35368602882293937 0.044595937905611734 -0.4033255846062822 0 0 0
0.0015625 0.05755728816071613 0.21389330083142327 0.5963935870149614 0 0 0
0.0015625 0.5152343029286023 0.4106410151503414 0.17210347854195968 0 0 0
0.0015625 0.4274368787062672 -0.39319557339667394 0.20170016990652298 0 0 0
0.0015625 0.3605887085983676 0.030838566191478168 0.5075489364890939 0 0 0
0.0015625 -0.3115354837503388 -0.1793929936269534 0.35427194130158496 0 0 0
0.0015625 0.30340820012358416 -0.4680136499601674 -0.1151208397206367 0 0 0
0.0015625 0.48860139040723993 -0.28901864133932814 0.10233451056081742 0 0 0
0.0015625 -0.4452064221591909 -0.06074944000657168 0.012167305000184795 0 0 0
0.0015625 0.38604580271627575 -0.11067342817502758 0.36730422833752 0 0 0
0.0015625 -0.35131633483688635 -0.46009467503184676 0.014984441104827577 0 0 0
0.0015625 0.03567989539023776 -0.20914356821005986 0.039513684430054895 0 0 0
0.0015625 -0.2347025078519403 -0.13315392367939463 0.49768425180796566 0 0 0
0.0015625 0.25725803219748566 -0.2811557849363488 0.23400007633093753 0 0 0
0.0015625 -0.48893830643463093 0.2412359494062313 -0.2892433125326434 0 0 0
0.0015625 -0.3795318469749577 0.3256080665187682 0.3424041275860671 0 0 0
0.0015625 0.08577124623508818 -0.4643345538533596 -0.05038044850469181 0 0 0
0.0015625 -0.26090546141447407 -0.3325483165680592 0.07034815356395131 0 0 0
0.0015625 -0.3849650800508385 0.4385853227760287 0.3565429094277414 0 0 0
0.0015625 -0.3219278379335073 0.24629558689169914 0.15209939285173207 0 0 0
0.0015625 -0.11051902408049627 0.5487076820865676 0.016565727082403104 0 0 0
0.0015625 0.23183417220497868 0.043777174468349715 0.5669686036948166 0 0 0
0.0015625 0.5476234711980967 0.032861519919002075 0.1622434834154826 0 0 0
0.0015625 0.4382574050946675 -0.013716880911526706 0.07403653795331921 0 0 0
0.0015625 0.03249361744693761 -0.15554949185644612 0.3360072330781234 0 0 0
0.0015625 -0.21692399151143796 -0.15434830124053653 -0.09843706636313672 0 0 0
0.0015625 0.04044433769242079 -0.003339956300110866 -0.15005281577472554 0 0 0
0.0015625 0.10406345823833232 -0.12924782585416064 -0.3361389630137487 0 0 0
0.0015625 0.42555176740271833 -0.48026946018153926 -0.046948602234819094 0 0 0
0.0015625 0.22449262557058053 0.16630275316308063 -0.4926097663459669 0 0 0
0.0015625 0.4029901711194314 -0.08415995760098528 0.2756059647423045 0 0 0
0.0015625 -0.06878802314198153 -0.36926281149950124 -0.30290562160544476 0 0 0
0.0015625 -0.16667834877849255 0.18751307239623533 0.015924807335213217 0 0 0
0.0015625 -0.31470324463985655 0.029865958228555426 -0.30302514604565794 0 0 0
0.0015625 -0.07736193155583962 0.2518448068204656 0.17573401707187625 0 0 0
0.0015625 -0.01245770405499793 0.44122790426927494 0.27307757699815965 0 0 0
0.0015625 -0.04818490306565163 -0.2658017803989403 -0.004010120800278771 0 0 0
0.0015625 0.45865130782709307 -0.09190583479828097 -0.35608813444288384 0 0 0
0.0015625 -0.054076379768400275 -0.06338610846434121 0.5321676172830696 0 0 0
0.0015625 -0.28761973182693285 -0.47349720915507065 0.1398965226409572 0 0 0
0.0015625 -0.49926774330518003 0.13653151357417984 0.24723519183371984 0 0 0
0.0015625 -0.3317355806491287 0.16204777578626917 0.5463653237090383 0 0 0
0.0015625 -0.0366929543939965 0.24273775228709518 0.14147126781932756 0 0 0
0.0015625 -0.530205997258431 0.1558893273768413 0.2427863178864194 0 0 0
0.0015625 0.23888385306844845 0.3774387609985143 -0.21213075961956987 0 0 0
0.0015625 -0.3193907874709494 0.12079490819857688 0.18441103688422866 0 0 0
0.0015625 -0.11903684053779302 -0.26855668469579375 -0.4099499255007352 0 0 0
0.0015625 0.22836419499237923 0.05172057163566906 -0.6224445831913648 0 0 0
0.0015625 0.057433482225107135 0.4091741657378088 0.36276302069693456 0 0 0
0.0015625 0.026625836495614407 -0.576666805096898 0.3282127235827986 0 0 0
0.0015625 0.07526003455973578 -0.23322495602572327 -0.2742977682857479 0 0 0
0.0015625 -0.31127295224808565 0.2723916464467605 0.04901604501046167 0 0 0
0.0015625 0.3915278299587195 -0.289935858350928 0.04361711173127325 0 0 0
0.0015625 -0.38717594624489504 -0.2523538305632514 -0.27877423730053336 0 0 0
0.0015625 -0.21624511024100418 -0.608285131729124 0.1688466189609518 0 0 0
0.0015625 -0.2559985957903144 -0.23654778106521393 0.393383664958003 0 0 0
0.0015625 0.32981492112597416 -0.41944651058694987 -0.23796904850918316 0 0 0
0.0015625 -0.295599748384444 -0.49048117026565746 -0.29322633412077076 0 0 0
0.0015625 0.38165308169942497 -0.05434734129967335 -0.27513402436382284 0 0 0
0.0015625 -0.2672598219621899 0.0022839898897016975 0.6358074223857486 0 0 0
0.0015625 0.19931910120583807 0.4019203325203029 -0.06220461507994794 0 0 0
0.0015625 -0.014441885200197306 0.48774494709129995 -0.4406467054319695 0 0 0
0.0015625 0.3919231668740036 0.29177259196418925 0.40348470319772956 0 0 0
0.0015625 0.24109860620783582 -0.25963470267888605 0.03175385263169743 0 0 0
0.0015625 0.4134738590818659 -0.22729132809371447 -0.07036637011242299 0 0 0
0.0015625 -0.11774740184123446 -0.3344795590598199 0.24936159917129558 0 0 0
0.0015625 0.13803926836997826 -0.1672435313765692 -0.08779295845861652 0 0 0
0.0015625 0.2494771204132726 0.00411197393272229 -0.3598606597656116 0 0 0
0.0015625 0.2510965688579736 -0.5354707786012526 -0.15798530355222273 0 0 0
0.0015625 -0.3648795313317656 -0.1235413116175373 0.29999565978922765 0 0 0
0.0015625 0.12498668933838433 -0.5356288589469458 0.16067044898910718 0 0 0
0.0015625 -0.2290367684860381 0.04845562340511792 -0.5574336850027874 0 0 0
0.0015625 0.5592529775005045 0.019213948190098133 -0.005343084941484647 0 0 0
0.0015625 -0.22084188574479557 0.32916120450253683 -0.5417364135241881 0 0 0
0.0015625 0.16308543545649545 -0.4415844391071638 -0.48300752357634535 0 0 0
0.0015625 -0.09524992703133131 0.3317299367734915 0.525572274468308 0 0 0
0.0015625 -0.038395673664002455 0.21635331101113392 -0.10040936151907054 0 0 0
0.0015625 0.24942763609959828 -0.2573787431034186 -0.1623839440050849 0 0 0
0.0015625 0.2616870251224522 -0.025518129350005827 -0.4789660160415301 0 0 0
0.0015625 0.1622402092910027 -0.013668851780143447 0.2140834999665009 0 0 0
0.0015625 -0.1471940864202109 -0.12467605549934631 -0.3951377815973208 0 0 0
0.0015625 0.15494246844450396 0.3843027639234596 -0.49029050248332057 0 0 0
0.0015625 -0.5943185097936229 -0.20976332047568852 0.03843222565019574 0 0 0
0.0015625 0.10289715572858053 -0.028613193290885314 0.18485550026031866 0 0 0
0.0015625 0.26765857292441325 -0.1113274112197985 -0.48503862886701904 0 0 0
0.0015625 -0.5449709211666024 -0.17255002111142645 -0.15695856412995268 0 0 0
0.0015625 0.3453985422125597 0.2324515851321418 0.22211552671297913 0 0 0
0.0015625 -0.05411072273287151 -0.05565377287141841 0.6292265539752616 0 0 0
0.0015625 -0.06809356217176077 0.19611923544995138 0.15469788064575482 0 0 0
0.0015625 -0.35431332992070197 -0.03063586819468927 -0.5636419562575983 0 0 0
0.0015625 0.17997837193332025 -0.6018709384501872 0.10100440982313733 0 0 0
0.0015625 -0.05240382497842721 0.49700646290159295 -0.17736149927045422 0 0 0
0.0015625 -0.12697904618513084 -0.17424107391330712 0.34641555383333944 0 0 0
0.0015625 0.3826856887033397 0.2517778991575951 0.41902882330993674 0 0 0
0.0015625 -0.3082673837452331 0.2363291406678489 -0.11872353475247596 0 0 0
0.0015625 0.18520496164631575 0.07845490551811043 -0.3811685307578561 0 0 0
0.0015625 0.003108489943515131 0.16031461586829499 0.13462145469895478 0 0 0
0.0015625 -0.4177549054507212 0.36943115537817983 0.2952788096179813 0 0 0
0.0015625 0.14981069484789872 -0.2711218843510949 -0.09584512983613121 0 0 0
0.0015625 -0.5763462264024902 0.1560857376971357 0.05119604516241584 0 0 0
0.0015625 -0.09050627377629346 -0.17240719497770007 -0.6279292999232987 0 0 0
0.0015625 0.4222399919084528 0.4000349601049731 0.0341460526945052 0 0 0
0.0015625 -0.5764094150526929 -0.02291242700332931 0.21349590206846933 0 0 0
0.0015625 0.0701296045677286 -0.08063595423925154 -0.32360695437872716 0 0 0
0.0015625 0.2990391741546158 0.022100277912030616 0.5494438876291518 0 0 0
0.0015625 0.4311914125146291 -0.20186242763068274 0.29116678922170414 0 0 0
0.0015625 -0.32433825194772975 0.38375884485410017 0.06323488127974262 0 0 0
0.0015625 0.2377467999185744 -0.15174850748243005 -0.18078362036938253 0 0 0
0.0015625 -0.5019729885583318 -0.12541131290798255 0.41791523558657173 0 0 0
0.0015625 0.21591970736200133 0.18173430447858702 -0.12793077384280266 0 0 0
0.0015625 0.49174710953186046 -0.3797504384428664 0.1987033170992363 0 0 0
0.0015625 0.07191705477859288 -0.18147691750544306 -0.48865761136683744 0 0 0
0.0015625 -0.45090503263114207 -0.3537511111150974 -0.1957927347653303 0 0 0
0.0015625 0.36062068904020406 -0.05017469180339117 0.07524846878575775 0 0 0
0.0015625 -0.2680998856673158 0.1657452196984333 0.5145480513795312 0 0 0
0.0015625 -0.0481533740603605 -0.05819845633277904 0.6100865801722929 0 0 0
0.0015625 -0.5427212412666547 -0.3719221125086358 -0.053394810364066944 0 0 0
0.0015625 0.1370584249827433 -0.060847761809769675 0.15197335568040335 0 0 0
0.0015625 0.20862121545689968 -0.6310481345817782 0.009527387530178481 0 0 0
0.0015625 0.43866610877413453 -0.3145654428228712 0.1718347013208547 0 0 0
0.0015625 0.04794706096900329 -0.28842518279273577 -0.1389971057185346 0 0 0
0.0015625 0.1931389093143759 -0.20532636010680316 0.23922345718715254 0 0 0
0.0015625 -0.5243564042341933 0.12897748801754075 0.04524979928011169 0 0 0
0.0015625 0.21160454231705492 -0.061100050591921695 -0.47931337528824136 0 0 0
0.0015625 -0.0756924369372867 0.4457145468415506 0.3175204688190631 0 0 0
0.0015625 0.1421394321758526 0.46341397111749577 -0.3512002999578984 0 0 0
0.0015625 0.21895389192146147 0.5945559908483428 -0.07347968911843762 0 0 0
0.0015625 -0.44505792118082543 0.14424289170156154 -0.318956926056787 0 0 0
0.0015625 -0.08484169665429245 0.04702445995299208 0.18409341051472258 0 0 0
0.0015625 -0.34609984342757744 0.18118011048744712 0.10961098491928975 0 0 0
0.0015625 0.033797984667904894 -0.3048044203034921 0.06672613666842171 0 0 0
0.0015625 -0.35008816532429665 -0.3075074679645976 0.21809420768840743 0 0 0
0.0015625 -0.415239336148645 -0.3013331261580838 -0.08892421079542444 0 0 0
0.0015625 -0.06003250098515634 -0.32795130979025994 -0.11630876280095613 0 0 0
0.0015625 0.4835467485637332 0.19042083340615462 0.4232076882035548 0 0 0
0.0015625 -0.4653323079667183 -0.23095392174144366 -0.22519624774472496 0 0 0
0.0015625 0.3158281722696466 0.11190054386062959 -0.07687734744742826 0 0 0
0.0015625 -0.16512456319457275 0.33676360730563953 0.4440811125161377 0 0 0
0.0015625 0.13410483061271677 -0.575386511095362 -0.1759972548690576 0 0 0
0.0015625 -0.567609560822746 0.28207773413461334 0.06498466809391147 0 0 0
0.0015625 0.4291560186905216 -0.23160371260830637 -0.15397271788581912 0 0 0
0.0015625 0.2070028621552815 -0.0033670667597611734 0.44770005688962505 0 0 0
0.0015625 -0.5864532110150055 -0.08756581274147023 -0.19592356443098455 0 0 0
0.0015625 -0.007814668854893063 0.18018602467908076 0.3479988382047386 0 0 0
0.0015625 0.17732142065271286 -0.0012106850476464206 -0.5043678636946565 0 0 0
0.0015625 -0.09550604242731574 0.2664552749536367 0.3317725656509026 0 0 0
0.0015625 0.25171697434820733 0.38609610171275965 0.16551365506788607 0 0 0
0.0015625 -0.3381402856228798 0.04315541841044927 -0.4054283671607739 0 0 0
0.0015625 0.493773178618545 -0.29719896828040226 0.36276191413458286 0 0 0
0.0015625 0.3220124720369263 0.4680802810767647 0.1318047241409988 0 0 0
0.0015625 -0.22066280142063024 -0.558489384341473 -0.312787044664007 0 0 0
0.0015625 0.1915176265585577 -0.044871711530598435 0.32986118415363197 0 0 0
0.0015625 -0.04294665856032741 -0.5705580545816289 -0.17307573383708194 0 0 0
0.0015625 0.2141994252282579 -0.6471201985413294 0.02175865588587484 0 0 0
0.0015625 0.35520371089429154 0.21720899383729927 -0.51907046831004 0 0 0
0.0015625 0.5329976680091927 0.07412139859547805 0.38245813222916514 0 0 0
0.0015625 0.1842280808691721 0.06090318426381581 0.5748827035114678 0 0 0
0.0015625 0.1364989629814507 0.6431021382159972 0.027132659231024727 0 0 0
0.0015625 0.3515799754862289 -0.3636764995107555 -0.4329852364631611 0 0 0
0.0015625 0.059821330832476316 -0.643822510196458 -0.23748654358523671 0 0 0
0.0015625 0.31668457008626777 0.4362167176949957 -0.15280456974213127 0 0 0
0.0015625 0.36513266682530743 0.018803411212779245 -0.2906466733627778 0 0 0
0.0015625 -0.6008288906069232 0.13894332792169908 0.15806766947208883 0 0 0
0.0015625 0.0749641864919742 0.1196067167389935 -0.6567547847157471 0 0 0
0.0015625 -0.3500618965635981 0.48412027299840343 0.21537725664122984 0 0 0
0.0015625 0.2513779544900756 -0.2166824132142885 0.5103925613092175 0 0 0
0.0015625 -0.3601357961629602 -0.5672534559276692 0.1651686643136411 0 0 0
0.0015625 -0.034231433037893486 0.33234964180647897 0.19788226051744798 0 0 0
0.0015625 -0.3437634769224298 -0.3727463390245046 -0.12224250333356132 0 0 0
0.0015625 -0.4934624195545023 0.06774736766215954 -0.035283157434140316 0 0 0
0.0015625 -0.2546038411415589 0.15234664295261954 0.5478526502869921 0 0 0
0.0015625 0.30475237681346634 0.182164100325404 0.37415130653585443 0 0 0
0.0015625 -0.08913421432416109 -0.17076283350646887 0.23119539022602742 0 0 0
0.0015625 -0.0033362906589291695 -0.15148140482097272 -0.060549158156224865 0 0 0
0.0015625 0.3752732506849288 0.36237039189885906 -0.14619943934725807 0 0 0
0.0015625 0.28214396806193515 0.3199256946536233 0.13987056694877245 0 0 0
0.0015625 -0.057625365319497905 -0.6307236976029368 0.0989392288271081 0 0 0
0.0015625 -0.04322195195131374 0.6532741072923509 0.02077227811449887 0 0 0
0.0015625 -0.2275024568247861 0.6463309614212086 -0.013120645371252208 0 0 0
0.0015625 -0.17670752803375153 0.008986029997430553 -0.4926099467914487 0 0 0
0.0015625 -0.06358310672770945 -0.48196053547546686 0.017580496642308034 0 0 0
0.0015625 0.3905686857048035 0.22889802556657493 -0.27543350791493204 0 0 0
0.0015625 -0.4699389579728402 0.40125640472500823 -0.1804713562191065 0 0 0
0.0015625 0.5489212936797602 -0.06814747842883012 0.07464592003174864 0 0 0
0.0015625 -0.010096660890206983 -0.1693977064421599 0.3308202425954307 0 0 0
0.0015625 -0.45588964311573166 -0.015033005077211904 0.29976602278379627 0 0 0
0.0015625 0.0292882232925065 -0.09199720517093535 -0.3756629489289037 0 0 0
0.0015625 0.6068261776886741 0.2133998576435639 -0.2197020524605713 0 0 0
0.0015625 0.31017196221918397 -0.5285984392111507 0.012680988938303635 0 0 0
0.0015625 -0.010106797826593784 -0.33029939341821823 -0.45427658949277466 0 0 0
0.0015625 0.3439011829570059 -0.4264189295475399 -0.07240220733090036 0 0 0
0.0015625 0.029681063185770306 0.03856389022205024 -0.5107486736585809 0 0 0
0.0015625 -0.0816611001265433 0.057109406769214256 -0.2479084044487316 0 0 0
0.0015625 -0.2743014270035612 0.2165284581303085 -0.010805613442349047 0 0 0
0.0015625 -0.2298445797429 -0.24085225988668926 0.5138101989174847 0 0 0
0.0015625 -0.2863307479861577 0.5270994713172148 0.24920797399060857 0 0 0
0.0015625 0.027366317869249923 0.44694209577614286 0.1842937991500923 0 0 0
0.0015625 0.02593216867750592 -0.11830734194930584 -0.08111987277819369 0 0 0
0.0015625 -0.21075251731885467 -0.1849691533838767 -0.6231468766568617 0 0 0
0.0015625 0.04611693762452042 -0.44976765495451626 -0.06525883683828834 0 0 0
0.0015625 -0.5207151404169401 0.34725537029853054 -0.2743359431234385 0 0 0
0.0015625 0.04649922517372538 0.3095617344656888 -0.43883526361038927 0 0 0
0.0015625 0.000755658630570941 -0.3470588578384445 0.24226175067840375 0 0 0
0.0015625 -0.18483061973756718 0.35104717885809367 0.37025819037998053 0 0 0
0.0015625 0.34825463564384695 0.24889406188527732 0.21953496012712093 0 0 0
0.0015625 0.11752688802166762 -0.20633539297376333 0.5496261924475466 0 0 0
0.0015625 0.12123196698522437 -0.32738869571887763 0.12055600877684074 0 0 0
0.0015625 -0.2705180323827066 -0.24391772625837438 -0.45463645649293755 0 0 0
0.0015625 0.09934448727961083 0.4956992099066131 -0.3293422008363785 0 0 0
0.0015625 -0.25634916473395053 0.4342118197597012 0.23606044761331282 0 0 0
0.0015625 0.14505415154648788 0.3175156536698748 0.24255590529907312 0 0 0
0.0015625 -0.06004350139519718 0.5172383263354341 0.10139947942234864 0 0 0
0.0015625 -0.23625428862165554 0.5731070165866311 0.054402494305477916 0 0 0
0.0015625 0.24391125937657507 -0.3364962021860999 -0.016825524633194294 0 0 0
0.0015625 -0.06784275784726407 0.5008825680647357 0.17212800179013682 0 0 0
0.0015625 0.06003380025307297 -0.26251596201866706 0.2205074011309356 0 0 0
0.0015625 -0.47705544830760566 -0.4057854160712316 -0.2330572735969309 0 0 0
0.0015625 -0.1193944741356426 0.36053200485487086 0.017080553936783392 0 0 0
0.0015625 0.28690776741640345 -0.07447250298120063 0.00805069739163213 0 0 0
0.0015625 0.41188606155598895 -0.3477298836933329 -0.007020838021226818 0 0 0
0.0015625 -0.05157956488452092 0.6582469252070183 -0.20712978250120542 0 0 0
0.0015625 0.10834495078763444 0.23241266326912297 -0.1757947278740835 0 0 0
0.0015625 0.5783315238044404 0.12776823486156907 -0.033530236857531204 0 0 0
0.0015625 0.09786064299021095 0.15499895449128992 0.07935740287180328 0 0 0
0.0015625 -0.17383880628584938 0.06299215840109515 0.17855316374260963 0 0 0
0.0015625 -0.05639227561596868 0.585111125239997 -0.22569933603267583 0 0 0
0.0015625 -0.20136798769326256 -0.02065524394924461 -0.6308724336754903 0 0 0
0.0015625 -0.17396349804175956 0.5943233184967743 -0.06575837889131685 0 0 0
0.0015625 0.31767990394903833 -0.5108075217635959 0.17156365913625532 0 0 0
0.0015625 0.11351705553067697 -0.11876363806500066 -0.11479717036149792 0 0 0
0.0015625 0.20572119872681963 0.20997107139202975 0.03077308504085614 0 0 0
0.0015625 0.0875528342599647 -0.43208476834702586 -0.4841936697140504 0 0 0
0.0015625 0.33277008102017563 0.002602097084375366 0.3805248899556593 0 0 0
0.0015625 0.2035167251608586 -0.5033888670817416 -0.3400113519034165 0 0 0
0.0015625 0.4702920132081587 -0.41175128496201663 0.21371537575281463 0 0 0
0.0015625 -0.49652434336667706 -0.32449534188642354 -0.05199597168179095 0 0 0
0.0015625 0.046282002631234526 -0.410130840051721 -0.057496963994473564 0 0 0
0.0015625 -0.28337514395489816 0.14728242270824599 -0.41744921669032564 0 0 0
0.0015625 -0.5316172123580026 0.37740966453863695 -0.1181214218702439 0 0 0
0.0015625 -0.28946481768824 -0.14288870186251446 0.5970868372399829 0 0 0
0.0015625 0.15085382206458575 0.23802770401848963 -0.00966453953601323 0 0 0
0.0015625 0.3963387947822772 0.13827388905510934 0.2750733650983609 0 0 0
0.0015625 0.38857399489057864 0.5433867159102788 0.123656411504876 0 0 0
0.0015625 -0.3929674913642669 -0.475198011350927 0.12083635251200148 0 0 0
0.0015625 0.027107705520463286 0.08897169301730967 -0.5811697808743513 0 0 0
0.0015625 -0.42411608083965413 0.28160003121715477 0.2702748494273771 0 0 0
0.0015625 0.3924348316293943 -0.11637297980146427 -0.1364485473069947 0 0 0
0.0015625 0.29280828379881485 0.33398202667877425 0.05837763903258342 0 0 0
0.0015625 0.6634633417942963 0.06832623230221166 -0.11308616946573144 0 0 0
0.0015625 -0.4025044966134834 0.006553547011329965 0.08899826246189706 0 0 0
0.0015625 0.02940495552040023 -0.06366899582799108 0.006477552807281456 0 0 0
0.0015625 0.15280821414301138 -0.021836559852915466 -0.2955179020215405 0 0 0
0.0015625 0.1177045617712329 -0.42401590078048823 -0.22278281198189703 0 0 0
0.0015625 0.1315947013341371 0.20888570557109543 0.5920154920511742 0 0 0
0.0015625 -0.18904978201747066 0.48293646085721464 0.2080306797729716 0 0 0
0.0015625 0.570031554083325 -0.00988801734456052 -0.26571342192355735 0 0 0
0.0015625 -0.1270673994509023 -0.037496797274017606 0.37917998564092936 0 0 0
0.0015625 0.46794728598015994 -0.2031926189620767 -0.06537315498673184 0 0 0
0.0015625 0.07941340583591575 0.1617512613641097 -0.5266872612647268 0 0 0
0.0015625 0.22026381086194727 -0.47425560265770716 0.2340575093086409 0 0 0
0.0015625 0.025320982171814922 -0.12387787072664737 -0.13458276578396858 0 0 0
0.0015625 0.2786498639323925 -0.0561786521864298 0.2445072560780274 0 0 0
0.0015625 -0.5483218095810276 -0.26359648925646256 0.2483318931761244 0 0 0
0.0015625 0.5847242015115833 0.0422367989919451 0.2786552368723643 0 0 0
0.0015625 -0.1893980084622136 -0.27781778378089805 -0.2816364192697643 0 0 0
0.0015625 -0.04009457434457923 0.310018707003586 0.032124399174477444 0 0 0
0.0015625 -0.24933716587672983 -0.5660104555263109 0.00420845254379759 0 0 0
0.0015625 -0.4152513238435556 -0.31054388436165686 -0.03208501981565643 0 0 0
0.0015625 -0.2817470598303213 0.07180923892062246 -0.1454181861165579 0 0 0
0.0015625 -0.5808589506026365 0.05738071441110849 0.11595950011891633 0 0 0
0.0015625 0.22497323526636348 0.5605328493645593 0.12422738845951031 0 0 0
0.0015625 -0.21121166418917517 0.2665843278708253 0.10849696571904754 0 0 0
0.0015625 0.07763304048027898 0.2564193459222018 0.3177969192691174 0 0 0
0.0015625 0.4398743840792373 -0.11554146625141815 -0.3703669065981081 0 0 0
0.0015625 0.1399717467147761 0.37591316526151575 0.468834539590518 0 0 0
0.0015625 0.5068834999023261 0.20347639776539936 0.38733915767179916 0 0 0
0.0015625 -0.6433731010132911 0.0890684444044714 0.11396287137310118 0 0 0
0.0015625 0.4575333300728399 0.23524271184153803 -0.14524074167693746 0 0 0
0.0015625 -0.262989095826064 0.17600571154063982 0.20527955793630545 0 0 0
0.0015625 -0.23142054441339852 0.5053732790699929 -0.08664808216534027 0 0 0
0.0015625 0.03320264403637435 -0.27375260177828137 0.27521779210386166 0 0 0
0.0015625 -0.22514059780177295 0.252607923094873 -0.27930158576631103 0 0 0
0.0015625 -0.3189783249511022 -0.1548839324490705 0.44710977584759454 0 0 0
0.0015625 -0.23920799938261939 0.4867836544839561 0.012745962919121586 0 0 0
0.0015625 -0.38490180119520573 -0.2765718611669866 -0.05005190919122852 0 0 0
0.0015625 0.4708685877350891 0.06993577249137344 -0.15173492935603647 0 0 0
0.0015625 -0.5785118216734272 -0.03323413101899007 -0.17283112600468356 0 0 0
0.0015625 0.49657070468687675 0.07110833881303597 0.278132835190882 0 0 0
0.0015625 -0.2743237475391271 0.024757922579535317 -0.20311320015894352 0 0 0
0.0015625 -0.2412177233899216 -0.6005647683889545 0.20758442533270147 0 0 0
0.0015625 0.26457449316353754 -0.3149362729199395 0.40312321120540745 0 0 0
0.0015625 0.2472546671208347 -0.40688431211498427 0.11816739602921623 0 0 0
0.0015625 0.2993869192456568 -0.26017757196354047 0.26009495150431605 0 0 0
0.0015625 0.39475182018915644 0.39338595295902024 0.028053568944119988 0 0 0
0.0015625 0.09865913973244828 -0.37908769842347706 -0.5121883423403202 0 0 0
0.0015625 -0.262770812957423 -0.20161626684798267 -0.06802261430511085 0 0 0
0.0015625 0.24275043923739623 0.18139889291382827 -0.35463243693279317 0 0 0
0.0015625 -0.3985546195420382 0.26575573017647847 -0.4459177461054713 0 0 0
0.0015625 0.24218461718415435 -0.11776878252252711 -0.256168003201581 0 0 0
0.0015625 -0.2641926157079072 -0.24610113335898698 -0.20659804739198578 0 0 0
0.0015625 0.14997807711936056 -0.24903179522050506 0.3439636271376971 0 0 0
0.0015625 0.0994004945548125 0.10946603699606375 0.19332867047934532 0 0 0
0.0015625 -0.4552778077272876 0.3516088771762015 0.17827998370461345 0 0 0
0.0015625 0.30758519707437804 0.08570506464175044 0.10249888118894415 0 0 0
0.0015625 0.3624082766005728 0.1142424638610581 -0.08586196559117781 0 0 0
0.0015625 -0.24568714760628324 -0.015926870894972474 0.21194006161326595 0 0 0
0.0015625 0.41611377401994126 0.14015279475562156 -0.5286040582104984 0 0 0
0.0015625 0.279218868217509 0.3574390158378073 -0.5054914867195157 0 0 0
0.0015625 -0.35400703805884437 -0.38533549592767924 -0.359372470539839 0 0 0
0.0015625 -0.06252748322380386 0.5131685129638709 0.2659655099439798 0 0 0
0.0015625 -0.45717616365827773 -0.2829017631063764 0.3352382241786611 0 0 0
0.0015625 0.44413357349933097 -0.2306974450192633 0.2788606891346114 0 0 0
0.0015625 -0.5026954609633273 0.35049466891285025 0.2910256241304929 0 0 0
0.0015625 0.10602874038767457 0.16991920318018705 0.5692031665940821 0 0 0
0.0015625 -0.18569852036885906 0.35603943314376285 0.052118959172678406 0 0 0
0.0015625 0.17847080517333908 -0.09837587375291706 0.13263549669158894 0 0 0
0.0015625 0.3946392200417337 -0.29471364588590315 0.37856514358498156 0 0 0
0.0015625 0.1755384339280671 0.18997759456966923 -0.09735151102507793 0 0 0
0.0015625 0.2510529493866487 -0.25173396334014947 0.10404137191316756 0 0 0
0.0015625 0.18898606749876876 -0.12334479947953046 0.5911646710119185 0 0 0
0.0015625 0.11676615189512111 0.02985924920199975 0.6252372428448729 0 0 0
0.0015625 0.42877643714196234 0.02519399178688693 -0.40891964274459447 0 0 0
0.0015625 0.3889109279110875 -0.13857187011173888 0.10293474874448197 0 0 0
0.0015625 0.3440120125680969 0.2215065956643093 -0.10300334261499743 0 0 0
0.0015625 0.39141661155804397 -0.21394651187634645 -0.299883431978548 0 0 0
0.0015625 0.04017093010684778 0.4976562687448936 0.30080764262274634 0 0 0
0.0015625 0.0475542976212367 -0.08701710483698957 -0.3466544474446299 0 0 0
0.0015625 -0.3536286588253736 -0.3724272311729137 -0.4615190333290852 0 0 0
0.0015625 -0.5368818886667232 -0.3255218363724755 -0.04093064958174255 0 0 0
0.0015625 0.6373174680765143 0.01725756525827865 0.029515393056770728 0 0 0
0.0015625 -0.1529393208311434 0.3350565354886415 0.09784927037386389 0 0 0
0.0015625 -0.08347360039556864 0.14216315140506042 -0.1364144479472621 0 0 0
0.0015625 -0.14549048489062663 0.1179861676150694 0.31210308128821007 0 0 0
0.0015625 -0.11724078364289972 0.086771906772171 0.0846769992123084 0 0 0
0.0015625 -0.49372005730768753 0.08368657094947712 0.3492679357433038 0 0 0
0.0015625 0.18879454148018723 0.2978187399499886 0.461262012198267 0 0 0
0.0015625 0.46706971739421643 -0.056387597554962886 0.43312976944314757 0 0 0
0.0015625 0.21830026289129567 0.2752992449076652 -0.10029886067533672 0 0 0
0.0015625 -0.42260073599686215 0.2237443936820294 -0.18154343012326984 0 0 0
0.0015625 0.26955964469357785 -0.08487473419191287 -0.4540298279317197 0 0 0
0.0015625 -0.06799471295010397 0.10878885356895197 0.4386016158608578 0 0 0
0.0015625 0.3259217009174786 0.27853792477058575 0.4204691126490151 0 0 0
0.0015625 -0.5608056080206023 -0.03764063553272651 -0.19044355765844942 0 0 0
0.0015625 0.08927522338590836 0.19834414030360628 -0.6445004308139934 0 0 0
0.0015625 -0.28103621132839696 0.025360443989782912 -0.5215206898491527 0 0 0
0.0015625 0.4920532432902955 0.08047186154445247 -0.3054575989621671 0 0 0
0.0015625 -0.38536163364663595 -0.08706952348554357 -0.09875620200999902 0 0 0
0.0015625 -0.2335276721974414 -0.1291903463935173 0.5946932990238564 0 0 0
0.0015625 0.26447362088046716 0.1638521314081945 0.08343829700759121 0 0 0
0.0015625 0.11228978045249477 0.3411555657144858 0.13769116559397598 0 0 0
0.0015625 -0.2538330927875292 -0.4701942709152953 -0.351217382019459 0 0 0
0.0015625 -0.18682600001363994 0.08479877466849525 -0.5052346561185929 0 0 0
0.0015625 0.046488741354720246 0.35665328670715096 0.12708452610104354 0 0 0
0.0015625 0.30719408804602694 0.07369579065801202 -0.4580036615320498 0 0 0
0.0015625 -0.20680627849592653 0.002762275431414134 -0.38169819981096087 0 0 0
0.0015625 -0.078454897166466 -0.3163536699593656 -0.4524586552569422 0 0 0
0.0015625 -0.5024831054463657 -0.05652462419652536 -0.24675243469134708 0 0 0
0.0015625 -0.21033886197172788 0.3941857668542612 -0.27745491253847276 0 0 0
0.0015625 0.07259478557943291 0.1274679171604685 0.6336598914812501 0 0 0
0.0015625 -0.23284333204734753 -0.23676503499402363 0.12903022607457915 0 0 0
0.0015625 -0.5273460401660953 -0.25807219443498464 -0.21943757464549918 0 0 0
0.0015625 0.4742710140295188 -0.2129389402332 -0.0747665775441628 0 0 0
0.0015625 0.04157190211210723 -0.172812494344444 0.5524004508975262 0 0 0
0.0015625 0.09346974716396322 0.009165522923623938 0.02267945295597972 0 0 0
0.0015625 0.19184766883477428 -0.5671836284680174 0.31251587294617256 0 0 0
0.0015625 0.4671297723802069 0.062365241565358734 0.1823813632815503 0 0 0
0.0015625 0.1270218277285576 -0.5117668962354569 0.15860348599424384 0 0 0
0.0015625 -0.6346389406957068 0.16097559743703363 -0.02297806487062323 0 0 0
0.0015625 0.34503069793461594 0.3018839312391828 -0.5102377048132061 0 0 0
0.0015625 0.11856474298214315 -0.5076331914550734 -0.29160559815946663 0 0 0
0.0015625 0.23195537301233002 -0.32122940006482326 0.43404254061366027 0 0 0
0.0015625 -0.24448768838749596 0.5334231363075762 0.059157812301925385 0 0 0
0.0015625 -0.24987137685612895 -0.25915550897763684 0.5482476250067313 0 0 0
0.0015625 -0.06334687677545717 -0.4242768999412817 0.47877842155436373 0 0 0
0.0015625 -0.515372911871019 -0.3767794160316118 -0.11444965961454442 0 0 0
0.0015625 0.3369784932993609 0.34266210027068644 0.44365593402764814 0 0 0
0.0015625 0.0897316241392091 -0.0986916892298525 -0.6031465328149043 0 0 0
0.0015625 -0.00430485817526213 0.38438607125321245 0.1446530661469424 0 0 0
0.0015625 0.1568451852872462 -0.059025486068282604 -0.11935229315928869 0 0 0
0.0015625 -0.4446091322756886 0.34104392623507734 -0.004669620164723874 0 0 0
0.0015625 -0.34397877713460084 -0.43152149063728595 0.3828794648539073 0 0 0
0.0015625 -0.019367841433634944 -0.08382007371542302 0.2505654003066125 0 0 0
0.0015625 -0.2000528828198257 0.25865986192723905 -0.2941517903254459 0 0 0
0.0015625 -0.38803553104575794 -0.17486282568070086 -0.14127948270255838 0 0 0
0.0015625 0.4129808777639636 0.00742321549576285 0.13998014127164635 0 0 0
0.0015625 0.5002574137763558 -0.2436854550094741 0.11882765465672712 0 0 0
0.0015625 0.05458559297627305 -0.10046610531594358 0.591439337041068 0 0 0
0.0015625 -0.2101063236331517 0.057053345900296155 0.2973983512399927 0 0 0
0.0015625 0.329276795094868 -0.15425474099716835 0.5630209222151887 0 0 0
0.0015625 -0.27976887700109304 0.12363531269428409 0.08126404468100043 0 0 0
0.0015625 0.26909831445552923 0.4366682718198885 -0.36460509761386956 0 0 0
0.0015625 0.30443318268168484 -0.30473343374233436 0.1453688609582951 0 0 0
0.0015625 -0.24652664670744281 -0.26858195017891223 0.49101666335306876 0 0 0
0.0015625 -0.06584053837291684 0.43223694919617944 0.283594139714364 0 0 0
0.0015625 0.16713156722231537 0.3296459003993855 0.22720781459501663 0 0 0
0.0015625 -0.14755864709608754 0.225043613318572 0.3460561350667185 0 0 0
0.0015625 -0.5147015972640142 -0.14834904944873667 0.11237871357364553 0 0 0
0.0015625 -0.3329590559960937 0.08911624158051538 0.17542714578580568 0 0 0
0.0015625 -0.008921536936327577 0.21578154023052357 0.36973774426882783 0 0 0
0.0015625 -0.03190397551991944 -0.4006443422660883 -0.27212328303701283 0 0 0
0.0015625 -0.38705561702543034 -0.11731699504043354 0.4546897807806396 0 0 0
0.0015625 0.379659399534525 -0.03280307578126893 -0.4098637168283887 0 0 0
0.0015625 0.030809578432440556 -0.31333561208365496 -0.20538519712614764 0 0 0
0.0015625 -0.15380551169568252 -0.00817673075118334 0.6406396393754356 0 0 0
0.0015625 -0.39527424629139407 0.3675182336196044 0.11385327152320869 0 0 0
0.0015625 -0.2370283342349387 0.5135555051395273 -0.3435768934909413 0 0 0
0.0015625 0.3547830012228961 -0.11011585868982474 -0.40724878904395034 0 0 0
0.0015625 0.08957371337910168 -0.4342047738674914 -0.01635586980672048 0 0 0
0.0015625 -0.16477106840617833 0.26899807357501576 0.35015973889468655 0 0 0
0.0015625 -0.2726557245716044 -0.22557535136006776 -0.5694675848174948 0 0 0
0.0015625 -0.1137509461097468 0.5884255337636772 0.1769697630027908 0 0 0
0.0015625 -0.1616887841799726 -0.18805351731124273 -0.6368970608217498 0 0 0
0.0015625 0.3224543286422457 0.3531046724008587 -0.2942250345552406 0 0 0
0.0015625 0.20640739942481834 0.18387164038002907 -0.13017714306101638 0 0 0
0.0015625 -0.24800931672868176 0.37305308086128164 -0.4070819693164615 0 0 0
0.0015625 -0.27226496602785516 0.17524904960951745 -0.6046498685718539 0 0 0
0.0015625 -0.4013639304509147 -0.3468979097918567 -0.431589656529251 0 0 0
0.0015625 0.03293894235275141 -0.5467116072108656 -0.3833414569633478 0 0 0
0.0015625 0.02704119304713068 -0.5028910745611148 0.30244306403961857 0 0 0
0.0015625 -0.08475434976019425 -0.06518576661315341 -0.030733049614430293 0 0 0
0.0015625 0.12767414062185115 -0.13449743974591913 -0.09140566135158443 0 0 0
0.0015625 0.2258535274969002 -0.26582341493773465 -0.254328279584955 0 0 0
0.0015625 0.6409911871174176 0.06024241750336772 -0.12049717338576958 0 0 0
0.0015625 0.11986889178335337 0.08986392173169748 0.5514050485449267 0 0 0
0.0015625 0.5312726033546257 -0.190520258038418 -0.38887928942566174 0 0 0
0.0015625 -0.3258576021106266 0.011422241076341854 -0.5733457484723868 0 0 0
0.0015625 -0.04261162345051799 0.6296192716853937 0.1966583338677474 0 0 0
0.0015625 -0.3053854351985019 -0.1808691989983286 -0.27466399866314695 0 0 0
0.0015625 0.13819627174052937 -0.12161024835233442 0.12933501511929446 0 0 0
0.0015625 -0.002670384392933296 0.3848493885849592 0.10896437351753559 0 0 0
0.0015625 -0.1771235390554614 -0.36652576328508735 -0.4082423993641046 0 0 0
0.0015625 0.27086998824467434 -0.2707135981670957 0.08801086014127074 0 0 0
0.0015625 -0.17821164441571857 0.4901811071748743 0.4309738031498837 0 0 0
0.0015625 -0.17258881611116544 -0.08950327810822695 -0.21826253815452137 0 0 0
0.0015625 0.00813739176946219 0.5471740668848956 -0.025966782152240492 0 0 0
0.0015625 -0.35389085054382524 -0.21500944465587365 0.3404200098802751 0 0 0
0.0015625 -0.3236444620219676 0.04875497127169837 0.5080133020660555 0 0 0
0.0015625 -0.14644377713291232 0.07038205157313482 0.5141754189100568 0 0 0
0.0015625 0.3543786944199707 0.0008500947907732458 0.3134494931991356 0 0 0
0.0015625 -0.3963851366663006 0.3744476672748168 -0.26619779565738416 0 0 0
0.0015625 0.5600144699326117 -0.10787537117620469 0.012557659599058208 0 0 0
0.0015625 -0.40404209689512344 0.07245819288625499 -0.34133260627884826 0 0 0
0.0015625 0.09907712122649832 0.05232354559064268 -0.08338910052201581 0 0 0
0.0015625 0.01085043137273654 0.35811551959900495 -0.20764106026158186 0 0 0
0.0015625 -0.18379107749398185 0.01691327533265139 0.04693817188839341 0 0 0
0.0015625 0.095406322112362 0.09818210028393769 0.16828441112735074 0 0 0
0.0015625 -0.07470415387927325 -0.0933832085578865 -0.25156283172914634 0 0 0
0.0015625 0.19997937748451858 0.0727269386454584 0.5989266040771185 0 0 0
0.0015625 -0.01402095329182075 0.23167324234607997 -0.10403500544562791 0 0 0
0.0015625 0.1387833522492492 -0.03522504885307088 -0.4220258190472625 0 0 0
0.0015625 0.20502290823228922 0.07882517719667242 -0.5575598830174858 0 0 0
0.0015625 -0.5271724051242832 -0.013096145866259463 -0.04528666517830867 0 0 0
0.0015625 -0.2452472941387209 0.33617110295718244 -0.011948339316507711 0 0 0
0.0015625 0.288584083885449 -0.13566170093567706 0.5671501072425356 0 0 0
0.0015625 -0.13324539540873373 0.20802975202026708 0.17624373473879407 0 0 0
0.0015625 -0.0971000529775754 -0.44435462292569483 0.12013832446989291 0 0 0
0.0015625 0.3676614163410262 0.20002308627483797 -0.5372478825200365 0 0 0
0.0015625 -0.08485537685514669 0.5787948499188647 0.11604001544678413 0 0 0
0.0015625 -0.30614853132016034 0.35381517622051706 -0.012701810673031864 0 0 0
0.0015625 0.30317960528588056 0.2855872425167762 -0.47664516087469067 0 0 0
0.0015625 -0.5490719333293931 0.21532701693267006 0.09463405632901399 0 0 0
0.0015625 -0.6210541919579279 -0.20082558435130657 -0.12864651617193507 0 0 0
0.0015625 0.20611703502553191 0.65797984687601 0.030732737047012258 0 0 0
0.0015625 0.37309546168374463 -0.24141540582055537 -0.2575936669064093 0 0 0
0.0015625 -0.13503816594673326 -0.4329647420566823 0.21345195267558884 0 0 0
0.0015625 -0.008178425758521863 -0.29420933180448455 -0.5910027122678958 0 0 0
0.0015625 0.37820231006119737 -0.28847266309162095 0.3578347420417894 0 0 0
0.0015625 0.07561529391384668 0.08692153048370435 0.01966795177489955 0 0 0
0.0015625 0.3259697589365462 -0.27537821552146985 0.33062774497459857 0 0 0
0.0015625 -0.38604371484838385 -0.0022610066469168134 0.38463875012342086 0 0 0
0.0015625 0.11536072931466687 0.149912572502351 0.39320829733130064 0 0 0
0.0015625 0.059530286133029714 -0.6205138335643907 0.039975827394425185 0 0 0
0.0015625 0.23976146057972555 0.5494660670874812 -0.2798112922225264 0 0 0
0.0015625 -0.3643090663247892 -0.502792276810338 -0.06726609988977504 0 0 0
0.0015625 0.2167708787529567 -0.0670308666971328 0.30068373999979214 0 0 0
0.0015625 0.08719871153470632 -0.39362955883988576 -0.26083946452441176 0 0 0
0.0015625 -0.3772328311979696 -0.021457565298432783 -0.3697021418790981 0 0 0
0.0015625 0.05229545506204992 0.25127372840163303 -0.5009333973399397 0 0 0
0.0015625 0.016619408055426877 -0.19266164515877746 -0.28242927751518915 0 0 0
0.0015625 -0.06331315747417053 0.09286924179297754 -0.2675914720076782 0 0 0
0.0015625 0.09664053430235439 0.42206993281052396 0.4053674565575328 0 0 0
0.0015625 -0.04984572843902764 0.21818996414629088 0.421038505997494 0 0 0
0.0015625 0.31182896442906655 0.031235743586634432 -0.46664834864403176 0 0 0
0.0015625 0.47565539532000417 0.024022015370579995 0.38568219436638085 0 0 0
0.0015625 -0.5013586890302543 0.36417749278359457 -0.2088966304899545 0 0 0
0.0015625 -0.20355281568829653 0.22141717151134285 0.24496359590851358 0 0 0
0.0015625 0.06462443465872195 -0.18018457509736993 0.4193135559279878 0 0 0
0.0015625 0.25229028551969435 0.34166885748532666 0.09238192065029467 0 0 0
0.0015625 -0.4095820865103288 -0.013386449097997867 0.08468083760863705 0 0 0
0.0015625 0.2031966361555055 0.20960140061661034 -0.26618066203878177 0 0 0
0.0015625 -0.3199984667084194 -0.13829275840075897 -0.16069201030095948 0 0 0
0.0015625 0.06623019077588256 0.49722904079392366 0.2513215732625345 0 0 0
0.0015625 -0.1527704691006693 0.45071539127554466 0.05244749553656567 0 0 0
0.0015625 -0.24163818625220443 0.29794898488808064 -0.43575101110193404 0 0 0
0.0015625 0.054679643393808514 0.297234435810845 0.17097009707348598 0 0 0
0.0015625 0.26530444293250255 -0.0648655273972144 0.4702722900858893 0 0 0
0.0015625 -0.5497116352911963 0.0883107763668323 0.20299950047749996 0 0 0
0.0015625 -0.27791597562098186 -0.3384766302434505 -0.5176742432083847 0 0 0
0.0015625 0.3440581566773022 -0.20257721561306313 0.4418526012131096 0 0 0
0.0015625 -0.4755519757508917 -0.06408166331844879 0.12861331100162837 0 0 0
0.0015625 0.37355865300994767 -0.11232506911366401 -0.2896331401584201 0 0 0
0.0015625 0.08456248276810259 0.5714014722473412 -0.21153686076688435 0 0 0
0.0015625 -0.4396793537081036 -0.4713549825881061 0.2553517278504402 0 0 0
0.0015625 -0.6811561410005736 -0.024459581601375558 -0.04779354176185789 0 0 0
0.0015625 0.34366349343137315 0.33466603398748346 0.4040514968321392 0 0 0
0.0015625 0.4167354875402839 -0.25629519325960437 0.29911367689665896 0 0 0
0.0015625 0.14761732336514788 -0.09249215603261673 0.6068658020837897 0 0 0
0.0015625 -0.16610529116978734 0.23980582437623432 0.36675516556217136 0 0 0
0.0015625 0.5700135357330371 0.18497877169340085 -0.18775206741598774 0 0 0
0.0015625 0.023263029439874912 0.5760636427409388 -0.14988081100646863 0 0 0
0.0015625 -0.4050888046930976 0.5025322592606178 0.05641220126540229 0 0 0
0.0015625 -0.4825705682048157 0.06772255105905903 -0.1865649293593308 0 0 0
0.0015625 -0.31574668377651055 -0.3780720862419594 -0.07128460338023176 0 0 0
0.0015625 0.04875314078741404 0.28555246757726627 -0.09646200484379996 0 0 0
0.0015625 -0.36337575921545057 0.13938322642480994 0.2103573487496524 0 0 0
0.0015625 -0.4720962090893679 0.13439192927608334 0.010812393915366281 0 0 0
0.0015625 0.09078602709747187 -0.671300847814695 0.072185720172728 0 0 0
0.0015625 -0.001072677149868081 0.3083493800245983 -0.11476185445914486 0 0 0
0.0015625 0.1040430088331763 -0.5329786897449504 -0.029973813427299458 0 0 0
0.0015625 0.1325800193441694 0.5250381495585007 -0.18448575508881404 0 0 0
0.0015625 0.46228249829519213 -0.43909584926973483 0.20742408455582384 0 0 0
0.0015625 -0.376135211702217 0.039269979353707934 0.07356588452921961 0 0 0
0.0015625 -0.09371739378044712 -0.3177702054667977 -0.0816415128771894 0 0 0
0.0015625 -0.4129402731977587 0.2556692764535876 0.2936736217733543 0 0 0
0.0015625 -0.029184427475055084 0.045309372151054725 -0.6787643603835812 0 0 0
