840
0
0.0011904761904761906 0.0702794828617457 -0.4641349718098038 -0.3988691058323038 0 0 0
0.0011904761904761906 0.2504142432860055 -0.07666862876396721 -0.20541675716305047 0 0 0
0.0011904761904761906 -0.0025526029314928236 0.132022150338604 -0.1142664830619988 0 0 0
0.0011904761904761906 -0.0017610414473980304 -0.08731873327509011 0.31727314485647873 0 0 0
0.0011904761904761906 0.43844967603687035 0.19328518618135798 -0.018951408260257745 0 0 0
0.0011904761904761906 -0.033091388892364654 -0.4034551619770963 0.32553040138404055 0 0 0
0.0011904761904761906 0.029455586390058325 0.3732979201361884 -0.45395433644270655 0 0 0
0.0011904761904761906 -0.3605267308123127 0.053582626801896155 -0.343272499629734 0 0 0
0.0011904761904761906 0.46570931633747276 -0.29891574727466397 0.25830523681749484 0 0 0
0.0011904761904761906 -0.5253855874563661 -0.18744852031668183 -0.39149250814207176 0 0 0
0.0011904761904761906 0.30421533081644603 -0.5656470843461346 -0.1712045960009189 0 0 0
0.0011904761904761906 0.23626478563921005 0.42100376847749604 0.46019079113709355 0 0 0
0.0011904761904761906 0.02270880452083589 -0.10315442237218264 -0.02398329339230275 0 0 0
0.0011904761904761906 -0.1975964419128712 0.4507627852025234 -0.3984200531616116 0 0 0
0.0011904761904761906 -0.16419173655032054 0.14958348849906086 0.6046813887164346 0 0 0
0.0011904761904761906 -0.4711064013979111 0.15161099863294702 0.2840013639689942 0 0 0
0.0011904761904761906 0.08073923991601023 0.2580496279951779 -0.34339724110736075 0 0 0
0.0011904761904761906 -0.19798702672361204 -0.09830770800203133 0.3580621966409278 0 0 0
0.0011904761904761906 0.0014643187981972913 -0.2069658069201747 0.25437123479699053 0 0 0
0.0011904761904761906 -0.016531711286534103 0.6090802101304166 0.2688882759734355 0 0 0
0.0011904761904761906 0.40514132077126835 0.43384968053388173 -0.12557627100566088 0 0 0
0.0011904761904761906 -0.4425462486080568 -0.30707604654669907 0.029213549020071387 0 0 0
0.0011904761904761906 0.11630353554184238 -0.42642643120044915 -0.3509924325242719 0 0 0
0.0011904761904761906 0.08033006039166087 -0.2112919363165941 -0.5770918601319638 0 0 0
0.0011904761904761906 -0.06358689868517824 -0.29238605756793884 -0.19809422178879998 0 0 0
0.0011904761904761906 0.15445663950413382 -0.057908170789889225 0.324844398828758 0 0 0
0.0011904761904761906 0.5024183571396283 0.1335351684097136 0.08098241969887987 0 0 0
0.0011904761904761906 -0.2563626960721349 0.28289149168674604 -0.1332622803817102 0 0 0
0.0011904761904761906 0.225081616407797 -0.3693165604810691 -0.01063794800316455 0 0 0
0.0011904761904761906 0.3499324452095959 -0.06027462399367428 -0.500373384866812 0 0 0
0.0011904761904761906 -0.13710136050628882 -0.03716553637089668 0.15030449862742262 0 0 0
0.0011904761904761906 -0.1702284223258657 0.12996603690364983 0.5081099920440435 0 0 0
0.0011904761904761906 -0.06466001099981161 -0.14104567039773844 -0.1182299274904017 0 0 0
0.0011904761904761906 0.04513363037242761 -0.12663747806640593 -0.008885425208716002 0 0 0
0.0011904761904761906 0.3473957756117179 0.10330876242332138 -0.09731535754237376 0 0 0
0.0011904761904761906 -0.28790996774254 0.3136281774638776 -0.17369657103395475 0 0 0
0.0011904761904761906 -0.021820053426008453 -0.10081031871482456 0.6009141662297165 0 0 0
0.0011904761904761906 0.03898931396091675 -0.345568659489962 -0.14239006256731848 0 0 0
0.0011904761904761906 -0.40002243914966895 0.1446391522438681 0.1660025973818915 0 0 0
0.0011904761904761906 -0.05436235637420691 -0.5907178555623445 -0.3541512598049071 0 0 0
0.0011904761904761906 0.19971020280652096 0.3888959292910644 -0.3456914532245575 0 0 0
0.0011904761904761906 -0.005911272043902334 -0.03512716622221634 0.23491771732788955 0 0 0
0.0011904761904761906 0.5449957745881782 -0.3176530914019792 0.04141783077129256 0 0 0
0.0011904761904761906 -0.5994337045257027 -0.24053818044510708 0.03788027144487295 0 0 0
0.0011904761904761906 0.32852314526142684 0.41863682522743406 -0.014037188323179427 0 0 0
0.0011904761904761906 0.03253909229103143 0.3038887356431159 -0.11835601148954268 0 0 0
0.0011904761904761906 0.29055504461767 0.3434622770097827 -0.38375668679298586 0 0 0
0.0011904761904761906 0.59793481156134 0.18757889836839065 0.11086284904987832 0 0 0
0.0011904761904761906 -0.32961630869651565 -0.06674359884122098 0.3760361814683608 0 0 0
0.0011904761904761906 -0.22638270269927444 -0.37126125695464685 0.2115417466683237 0 0 0
0.0011904761904761906 -0.3220671035125546 0.11828523792615003 -0.4456315670732095 0 0 0
0.0011904761904761906 0.379367936580017 0.16384415218052376 -0.10813746597552389 0 0 0
0.0011904761904761906 -0.13218555245204058 0.11348429386413626 0.5435811367512641 0 0 0
0.0011904761904761906 -0.35672597071900763 -0.22618278163945477 0.2941207040230763 0 0 0
0.0011904761904761906 0.01114946528283495 0.2732319495318194 -0.39972145758566285 0 0 0
0.0011904761904761906 0.4939312140909294 0.050383612494703335 -0.20016562297687876 0 0 0
0.0011904761904761906 -0.1784628966567458 0.5153033237980694 0.0013220763033530516 0 0 0
0.0011904761904761906 0.13317190899512196 0.5606404711965597 0.30501344680841946 0 0 0
0.0011904761904761906 -0.04766819586985474 -0.28669380464790606 0.13993247758714553 0 0 0
0.0011904761904761906 -0.08983511773028331 0.510251902054296 -0.05051184412836782 0 0 0
0.0011904761904761906 0.10181283851126717 -0.34251773396146135 0.09439591414814363 0 0 0
0.0011904761904761906 0.4127001551066215 0.041600364877581 -0.45173601527395796 0 0 0
0.0011904761904761906 0.5620611091990956 -0.20657506769138265 0.20388928693854358 0 0 0
0.0011904761904761906 -0.6105014486987287 0.24326660372180162 0.18500793589978864 0 0 0
0.0011904761904761906 0.3589075822795236 0.06209441002145171 0.2552815190281817 0 0 0
0.0011904761904761906 -0.08267144723709208 -0.6504512783388416 -0.11810754088178335 0 0 0
0.0011904761904761906 -0.03410694659266357 0.49883346036274134 -0.40303739134947136 0 0 0
0.0011904761904761906 0.11776547522527707 -0.5598475428898496 -0.16168107717379251 0 0 0
0.0011904761904761906 -0.10909850722280338 0.5092490255547261 0.05319142521673561 0 0 0
0.0011904761904761906 -0.17027404785169467 0.25393594324020674 0.3185147108136282 0 0 0
0.0011904761904761906 0.024693815995145883 -0.08458890494621418 0.0323767156604078 0 0 0
0.0011904761904761906 -0.2859524884851858 -0.513384996410523 -0.07740139120410877 0 0 0
0.0011904761904761906 -0.2943178881775041 0.05682359715973073 0.4201757846038294 0 0 0
0.0011904761904761906 0.24189170206002653 -0.005935671713613144 -0.24912347653322608 0 0 0
0.0011904761904761906 -0.3277544778953575 0.001367485260180558 -0.3919622240681723 0 0 0
0.0011904761904761906 -0.1250025534097935 -0.18104884646152083 -0.5867099350158823 0 0 0
0.0011904761904761906 -0.5150831537798639 -0.37003443429018856 -0.08830975881978652 0 0 0
0.0011904761904761906 0.3325456988659111 0.26174474384465063 0.24619168604030492 0 0 0
0.0011904761904761906 -0.09098424657397165 -0.3656684480791106 0.3735240592428139 0 0 0
0.0011904761904761906 0.15158370292593706 0.33072350573891046 0.43260180429252587 0 0 0
0.0011904761904761906 -0.13960274114707852 -0.02786568260568575 -0.2524899429547273 0 0 0
0.0011904761904761906 -0.2762491723836142 -0.158355280982719 -0.034314054981475474 0 0 0
0.0011904761904761906 0.05430982175897658 0.12980709525929077 -0.5376236672196401 0 0 0
0.0011904761904761906 0.29295598484993224 0.08365476799717504 -0.029208611616004916 0 0 0
0.0011904761904761906 -0.45135159043742534 0.38745305987033646 0.1287102986520062 0 0 0
0.0011904761904761906 -0.16128915312686468 -0.4893337950821347 0.35247069295614913 0 0 0
0.0011904761904761906 -0.5297589164841039 0.2619418818213457 0.21631980673524873 0 0 0
0.0011904761904761906 0.09298833130553613 -0.08951501060581052 0.30116024201564784 0 0 0
0.0011904761904761906 0.02254017068102345 -0.4185846590188055 0.024975672135957232 0 0 0
0.0011904761904761906 0.21025592273438418 0.2662580769090306 0.26986180866850185 0 0 0
0.0011904761904761906 -0.18774988720809438 -0.2067041148810526 -0.33193200408865103 0 0 0
0.0011904761904761906 0.08742488898953717 -0.12383416984492483 -0.14744308275198262 0 0 0
0.0011904761904761906 0.2600859675351617 -0.035812811939527914 -0.0782892691245092 0 0 0
0.0011904761904761906 -0.19785468520888352 0.41263614126576675 0.0609658498914765 0 0 0
0.0011904761904761906 -0.40022374461452526 0.059298383504572 0.43369650942060534 0 0 0
0.0011904761904761906 0.01938997775979739 -0.418469115011858 0.19497055770341315 0 0 0
0.0011904761904761906 -0.42290093125116934 -0.13565635390636419 -0.24109457603614196 0 0 0
0.0011904761904761906 0.5018957167460459 0.3849998086560782 -0.08929351150232208 0 0 0
0.0011904761904761906 -0.2543929026205626 -0.34825182376430447 0.3433745715004776 0 0 0
0.0011904761904761906 0.014070192812228818 0.39732631155550274 -0.3460668201479918 0 0 0
0.0011904761904761906 0.4565523676824802 -0.48421355611617534 -0.18463901221986181 0 0 0
0.0011904761904761906 -0.300202213094925 -0.42772867664228525 0.11296566232981281 0 0 0
0.0011904761904761906 0.47035219813818047 0.11938090776830217 -0.1504657977559305 0 0 0
0.0011904761904761906 0.47764265013843277 -0.28636990188868605 -0.3044713322260409 0 0 0
0.0011904761904761906 0.22532704745480522 0.04132622127371866 0.5578058449470062 0 0 0
0.0011904761904761906 0.6525946159869292 0.06752806505581185 0.16338295988774504 0 0 0
0.0011904761904761906 0.2910924089199368 -0.19401911426115706 0.25131394010042685 0 0 0
0.0011904761904761906 0.30558722459168314 0.2706944312827965 -0.3996499412267038 0 0 0
0.0011904761904761906 -0.044492750096660844 -0.05117395385895489 0.6618829725373689 0 0 0
0.0011904761904761906 0.41273684194103627 -0.32292418793928584 0.059650928356830966 0 0 0
0.0011904761904761906 -0.48639249904732085 -0.15123924645721898 0.4084394138471384 0 0 0
0.0011904761904761906 -0.6295009503583678 0.007934450784435174 0.18650455494185147 0 0 0
0.0011904761904761906 -0.36357043428243674 0.10027560918685746 -0.4691510434819232 0 0 0
0.0011904761904761906 -0.3595758351128045 -0.02781554341484997 -0.5521852098016838 0 0 0
0.0011904761904761906 0.4443067637189497 0.08785290851871455 -0.07067109916051793 0 0 0
0.0011904761904761906 0.10973903735651173 -0.2578232809514301 0.05922713406457973 0 0 0
0.0011904761904761906 0.4373994247552554 -0.025320414922195743 -0.18894838167378705 0 0 0
0.0011904761904761906 -0.1321578657969872 0.4085858455231937 0.4637594392317161 0 0 0
0.0011904761904761906 0.17496742786485664 -0.036226144054651584 0.5200527994744408 0 0 0
0.0011904761904761906 -0.22404616804685273 -0.17279157154915117 -0.5609721191184677 0 0 0
0.0011904761904761906 0.11518366658911922 0.0425904480012965 -0.2749565587141308 0 0 0
0.0011904761904761906 -0.02938856046057521 0.15332062206835687 -0.2886150381277751 0 0 0
0.0011904761904761906 0.15491734653196806 -0.5593597850769093 -0.3203703230004763 0 0 0
0.0011904761904761906 -0.38648275302246843 -0.3359892602104931 0.17787520121978598 0 0 0
0.0011904761904761906 0.47673771795316666 -0.17462080225592122 -0.0033881004575328465 0 0 0
0.0011904761904761906 0.18535154857216524 0.3361266016389867 -0.44789348618606234 0 0 0
0.0011904761904761906 0.40290163866344353 -0.1415493371860959 -0.3877631866524891 0 0 0
0.0011904761904761906 0.013261731805939043 0.31572124426316456 0.39504366608472 0 0 0
0.0011904761904761906 0.4263587306342399 0.1723732102717102 -0.36984807509706547 0 0 0
0.0011904761904761906 -0.3984776928933332 0.11596851922928839 -0.34484818873556605 0 0 0
0.0011904761904761906 -0.37077182703380185 0.1934899082913345 0.5358321466996333 0 0 0
0.0011904761904761906 -0.12097902187985198 0.6219415512429454 0.23672342129792304 0 0 0
0.0011904761904761906 0.15683426986618595 0.28971738520529133 -0.3251463702081511 0 0 0
0.0011904761904761906 -0.07237930809993126 -0.10217319312697648 0.1777778814422027 0 0 0
0.0011904761904761906 0.16518475962427753 -0.5264361578236879 0.34137590973537185 0 0 0
0.0011904761904761906 -0.4750167128384327 0.19469685659236052 0.10615162813370252 0 0 0
0.0011904761904761906 -0.49781694223055645 0.23177234769255428 -0.17273951825493825 0 0 0
0.0011904761904761906 0.19387839316764038 0.479709564970168 -0.02068251121938417 0 0 0
0.0011904761904761906 0.3900764092373742 -0.2214774841043421 0.3706558974953154 0 0 0
0.0011904761904761906 -0.08024322777792746 -0.15109568352548386 -0.3936001907799105 0 0 0
0.0011904761904761906 0.3873724519859955 0.494131984038251 0.10390497051569482 0 0 0
0.0011904761904761906 -0.5033302603475068 0.2081863727280598 -0.18855571661045847 0 0 0
0.0011904761904761906 -0.14497692319611954 0.22571464191972515 -0.29241864060075734 0 0 0
0.0011904761904761906 0.5090235731236759 0.3294874085597348 -0.3214818106920628 0 0 0
0.0011904761904761906 0.5547530270544521 0.1880333945184073 0.10176231100995181 0 0 0
0.0011904761904761906 -0.35397380527514083 -0.4435459817414428 0.00938537981662524 0 0 0
0.0011904761904761906 0.43284505346873386 0.19723680715802425 -0.13639007880177872 0 0 0
0.0011904761904761906 -0.24988507420362907 0.12824000690809997 0.3287367771126438 0 0 0
0.0011904761904761906 -0.08988409673336925 -0.17943880971099102 0.508991591755076 0 0 0
0.0011904761904761906 -0.47031626990843517 -0.05703718793213067 0.3782857588330678 0 0 0
0.0011904761904761906 -0.150095111799747 0.018968383402851285 0.11726827679948347 0 0 0
0.0011904761904761906 0.32148047468959917 -0.3250773030928791 -0.03109064386544784 0 0 0
0.0011904761904761906 0.17651159697447769 -0.41435454585207654 0.44482350174119734 0 0 0
0.0011904761904761906 0.3943395757220493 -0.36044704130409694 0.2417815614599491 0 0 0
0.0011904761904761906 0.23438031225429296 0.12066051663479535 0.020571599923369252 0 0 0
0.0011904761904761906 0.46186198508922854 -0.27351954079154106 -0.2145492915385065 0 0 0
0.0011904761904761906 -0.14086982884231522 -0.4273044497322364 -0.17185585453890645 0 0 0
0.0011904761904761906 0.13214030915291736 0.24458240162336028 -0.5583175084230999 0 0 0
0.0011904761904761906 0.11431626926559726 -0.2922446967478401 -0.12055769482518545 0 0 0
0.0011904761904761906 0.37030868763603725 0.5230228706709392 0.24940998636543557 0 0 0
0.0011904761904761906 -0.49257185911091655 0.18781580507078802 0.22504854562716384 0 0 0
0.0011904761904761906 -0.44887302321493444 0.4320717331307693 -0.05522093376469043 0 0 0
0.0011904761904761906 0.60906996037594 0.2680417313726476 0.1887844000650637 0 0 0
0.0011904761904761906 -0.41925243250588684 -0.30404199851223446 0.03857977640364515 0 0 0
0.0011904761904761906 0.33829473184174835 0.12868853251387682 -0.05036539776448062 0 0 0
0.0011904761904761906 0.6565226347876959 0.04201942323420808 0.18874669654175058 0 0 0
0.0011904761904761906 0.41930270963643956 -0.06852669060650493 -0.42344933896150133 0 0 0
0.0011904761904761906 -0.1273059181303568 0.4744021134582204 -0.09206020319028622 0 0 0
0.0011904761904761906 0.12914991771122405 0.2735919231367389 -0.0022299126439534116 0 0 0
0.0011904761904761906 -0.6139640124097762 0.21372098422481445 0.0462365499517091 0 0 0
0.0011904761904761906 0.3376775828508245 0.3040702102130878 -0.1642578068132768 0 0 0
0.0011904761904761906 0.24692735964665624 0.3606744985809599 -0.1263414962043258 0 0 0
0.0011904761904761906 -0.06932237604348791 -0.3937654837011818 0.4311968626836215 0 0 0
0.0011904761904761906 0.10072808426866037 -0.055435514264104785 -0.5953947636207622 0 0 0
0.0011904761904761906 -0.08831628085587931 -0.5368344814635152 0.11141124762629463 0 0 0
0.0011904761904761906 0.4848058854320724 -0.04826732472959815 0.4701639225053309 0 0 0
0.0011904761904761906 0.16687787155727143 -0.18137653024848535 0.1404530978475359 0 0 0
0.0011904761904761906 0.27650161334095735 0.4252167052629187 0.22728952078625447 0 0 0
0.0011904761904761906 -0.15535732393826654 -0.1517110980239439 -0.22746795969201453 0 0 0
0.0011904761904761906 -0.2599363865668237 -0.01940642546676414 -0.48971402561030175 0 0 0
0.0011904761904761906 0.20518336375575882 -0.4255521136245934 -0.19557178268603184 0 0 0
0.0011904761904761906 -0.2433073498148254 -0.20586227118961006 -0.08528001567954495 0 0 0
0.0011904761904761906 -0.18942138745951406 0.09689978525948424 -0.4945193111971966 0 0 0
0.0011904761904761906 0.06544378891586912 -0.6238862496324954 0.19255964800175715 0 0 0
0.0011904761904761906 -0.21268880582106775 0.12872110635079106 -0.14542732595621918 0 0 0
0.0011904761904761906 -0.0458031320349064 -0.3354101543543589 0.4583392566726946 0 0 0
0.0011904761904761906 0.27839313564778895 -0.2796455583565628 -0.4653573219733145 0 0 0
0.0011904761904761906 -0.24886525006209792 0.17737213572028068 0.21067489247868063 0 0 0
0.0011904761904761906 0.07645693364952644 0.01772494762944084 0.4997893880449405 0 0 0
0.0011904761904761906 0.0929284543128862 0.03448593911329571 0.0315703890836111 0 0 0
0.0011904761904761906 0.5043936279445334 -0.4096696111677917 -0.17064122174500906 0 0 0
0.0011904761904761906 0.293944708643115 0.27686493159546066 -0.0869251538772177 0 0 0
0.0011904761904761906 0.12791504077842764 0.6148061952539565 -0.009606460872735294 0 0 0
0.0011904761904761906 0.36598188092199535 -0.13728766064057954 -0.08958514557284196 0 0 0
0.0011904761904761906 -0.09433977796961214 0.15388684771596242 0.1834879315319748 0 0 0
0.0011904761904761906 0.3644365034225515 0.36617223638564705 -0.1203091226947415 0 0 0
0.0011904761904761906 0.14814923599683358 0.4541441701132691 -0.10498939025220544 0 0 0
0.0011904761904761906 -0.44646361885694447 0.06277785888404012 -0.3746987732422264 0 0 0
0.0011904761904761906 -0.3770904267123621 -0.21410967015479515 -0.1122135659629593 0 0 0
0.0011904761904761906 -0.4778681645576473 0.34311814490364395 -0.3509501719742378 0 0 0
0.0011904761904761906 -0.3467435564662775 0.27048955755507614 0.2447257597687837 0 0 0
0.0011904761904761906 0.01513633242112692 0.3848579088426147 -0.33227490705493495 0 0 0
0.0011904761904761906 0.3298897294443611 0.1679509160177152 0.2217623468543112 0 0 0
0.0011904761904761906 -0.18130309137398187 -0.19963630462595153 -0.4232931891244554 0 0 0
0.0011904761904761906 0.11343041423823831 -0.5347176944740563 -0.19563493938668877 0 0 0
0.0011904761904761906 0.30964517047532064 -0.33499578816633735 0.034898106828320216 0 0 0
0.0011904761904761906 0.08792234698926069 -0.3257322313259837 0.29220321899155643 0 0 0
0.0011904761904761906 0.34329480657386924 0.32262999492683186 0.03418424337023898 0 0 0
0.0011904761904761906 -0.32901073541070336 -0.07098664433822631 0.4708184502770008 0 0 0
0.0011904761904761906 -0.16684227398992044 0.5089484202871194 0.1637921275420294 0 0 0
0.0011904761904761906 0.2335645808997755 -0.038160426115447184 0.644199055647539 0 0 0
0.0011904761904761906 0.31786388995458326 0.48501172447277924 0.14643799079264985 0 0 0
0.0011904761904761906 -0.49924722451665193 -0.2057397422338844 -0.1643392794221482 0 0 0
0.0011904761904761906 0.1717577660305697 -0.42592431322658164 0.18498810553525194 0 0 0
0.0011904761904761906 -0.06940749982769634 -0.0628475775359013 0.5648978413487565 0 0 0
0.0011904761904761906 0.4508882262355557 -0.021830530962419787 0.11834973761885981 0 0 0
0.0011904761904761906 -0.37767305488822883 0.09538093847312462 0.3738342589262587 0 0 0
0.0011904761904761906 0.05189243621309605 -0.244593286324459 -0.21426607346352877 0 0 0
0.0011904761904761906 0.07563000740839101 0.010205841487043588 0.20731175308593452 0 0 0
0.0011904761904761906 0.03406263940929663 -0.5420577674910231 0.4077212066277947 0 0 0
0.0011904761904761906 0.2981335984979005 -0.498668785487718 0.09185535785107693 0 0 0
0.0011904761904761906 -0.34764069351960025 -0.12056757815493677 -0.58640964542599 0 0 0
0.0011904761904761906 0.6167025026707629 -0.1938916582949971 0.03503119889928496 0 0 0
0.0011904761904761906 -0.40262223507174855 0.20530435563860824 0.07785386988950156 0 0 0
0.0011904761904761906 0.034896724561871685 0.24215331827012607 -0.02445017507909334 0 0 0
0.0011904761904761906 0.16438514593069833 -0.11658164102867546 0.23020355152169417 0 0 0
0.0011904761904761906 0.2958043526478625 0.018916388135834822 -0.14275832462248608 0 0 0
0.0011904761904761906 0.18200774936218836 -0.06501009261952748 0.3627129714256115 0 0 0
0.0011904761904761906 0.2573726430152144 0.44704866885205014 0.09647579583957842 0 0 0
0.0011904761904761906 -0.1892163371167163 0.47168741104752093 0.15648053877206858 0 0 0
0.0011904761904761906 -0.017617805195621308 0.07395605863081448 -0.24903932962816255 0 0 0
0.0011904761904761906 -0.4736067821989589 0.06476737313001447 0.0859522747527087 0 0 0
0.0011904761904761906 -0.0014833173898058795 0.534552488263796 0.351590535528908 0 0 0
0.0011904761904761906 0.23180410087961206 0.4500713151520215 0.05149320964672709 0 0 0
0.0011904761904761906 -0.23224813997018623 -0.05504588494628783 -0.34077659410247657 0 0 0
0.0011904761904761906 -0.4601542483021161 -0.4589142462767568 0.0034464238422278067 0 0 0
0.0011904761904761906 0.48478536624387847 0.3570754474566064 0.10783383248960697 0 0 0
0.0011904761904761906 0.2846245582121212 0.4530502672279764 -0.0389444190649586 0 0 0
0.0011904761904761906 0.3769764721786091 -0.4557009440593478 -0.32754276974978513 0 0 0
0.0011904761904761906 -0.28386859606556875 0.5420266423395352 -0.10080264816237001 0 0 0
0.0011904761904761906 -0.09987473937984778 -0.2826920474067856 -0.5833074468244197 0 0 0
0.0011904761904761906 -0.08304970948328029 -0.07675045943063011 -0.043943896722105656 0 0 0
0.0011904761904761906 -0.02027788339896778 0.10416922798062937 -0.580850541176048 0 0 0
0.0011904761904761906 -0.25809073135917504 -0.18194587623961034 -0.423731576274918 0 0 0
0.0011904761904761906 -0.40009073105094767 0.015224746565940079 -0.2559467770205279 0 0 0
0.0011904761904761906 -0.18427534431169212 0.027688791742281196 -0.34479238295894893 0 0 0
0.0011904761904761906 0.23175800015402329 -0.005402998985047205 0.14863491993377703 0 0 0
0.0011904761904761906 -0.29734830296828474 -0.259830683825579 0.02604339239651851 0 0 0
0.0011904761904761906 0.23940464264723293 0.18334593157265577 0.5716970795279177 0 0 0
0.0011904761904761906 -0.13811133485411003 0.3093563759053106 -0.49873190489237945 0 0 0
0.0011904761904761906 0.347442647020721 -0.37839651849742517 0.41334892664167566 0 0 0
0.0011904761904761906 0.5211845058761926 -0.41319366973778004 0.031928736705999945 0 0 0
0.0011904761904761906 0.579775808152061 0.2155876396949724 0.27942420476781293 0 0 0
0.0011904761904761906 0.41484503955212665 -0.029627453978245667 0.5340631064557753 0 0 0
0.0011904761904761906 -0.2612730569709511 -0.48687185055177945 0.2537386997098824 0 0 0
0.0011904761904761906 0.11106700468774285 0.08123907413055657 -0.1644402326967044 0 0 0
0.0011904761904761906 0.18831433478695245 -0.14937135900759244 -0.5804435254914764 0 0 0
0.0011904761904761906 0.3663754352149739 0.2404056894911931 -0.42642610836364125 0 0 0
0.0011904761904761906 0.12624075552203556 -0.2793032773470389 0.30901806459756254 0 0 0
0.0011904761904761906 0.524196780223498 0.2721371043522566 -0.21780088897215058 0 0 0
0.0011904761904761906 0.32139310960579653 0.07559651183212371 0.49765672954515544 0 0 0
0.0011904761904761906 0.004519848556753913 -0.2498091589818435 0.3594890032999697 0 0 0
0.0011904761904761906 0.21806792940964448 -0.5910826597809842 0.013412166473714156 0 0 0
0.0011904761904761906 -0.12364014165289465 -0.0491881939389848 0.5632096102803236 0 0 0
0.0011904761904761906 0.18737205796141634 0.2883535984813973 0.1275226562129905 0 0 0
0.0011904761904761906 0.4738196927775693 0.2644285533982455 -0.20379580912387957 0 0 0
0.0011904761904761906 -0.3569173249681424 -0.3774923030948246 0.02667019828488111 0 0 0
0.0011904761904761906 0.4099959939636268 -0.09516738944711818 0.34523187790263415 0 0 0
0.0011904761904761906 0.400831613008225 0.022215587366435648 -0.3898694186206217 0 0 0
0.0011904761904761906 0.06349626347887266 -0.09386914144776518 0.061813292740278004 0 0 0
0.0011904761904761906 -0.0785396601481578 -0.17159826206011083 -0.2070614167298999 0 0 0
0.0011904761904761906 -0.028232956176135197 -0.5900325604754981 -0.24939423085118292 0 0 0
0.0011904761904761906 0.5584788373666194 0.20269775870375353 0.2816881347328686 0 0 0
0.0011904761904761906 0.18699853484828594 -0.08163712503337901 -0.37039219290958203 0 0 0
0.0011904761904761906 -0.1831073261321941 -0.29892404554006263 -0.4210052629567719 0 0 0
0.0011904761904761906 -0.11405823108639128 -0.150819771133928 0.2775500004071977 0 0 0
0.0011904761904761906 0.6619042786846251 -0.009776207970379836 0.08367249855026918 0 0 0
0.0011904761904761906 -0.11779171729749362 -0.4276113070630158 -0.2024965099381121 0 0 0
0.0011904761904761906 0.13221320708853043 -0.36106439722471 0.04880350181490434 0 0 0
0.0011904761904761906 0.37213694395175234 -0.1800581680740752 -0.3161316534128583 0 0 0
0.0011904761904761906 -0.3870596806270535 -0.3341900106432932 0.2950419617637797 0 0 0
0.0011904761904761906 -0.43968861210930016 0.05091903479020367 0.20064551210577283 0 0 0
0.0011904761904761906 -0.3680358712195128 -0.12803181731548152 -0.3622823574552311 0 0 0
0.0011904761904761906 0.40485891169141475 -0.18531020865178782 -0.07259852057802105 0 0 0
0.0011904761904761906 -0.05334125603151683 -0.360812279634257 -0.521940240087949 0 0 0
0.0011904761904761906 0.2506772522430605 0.1293954792661627 0.14603703686651873 0 0 0
0.0011904761904761906 -0.08512742382096773 -0.5765109858640171 -0.14751418846351905 0 0 0
0.0011904761904761906 -0.42281489788235466 0.10058425569169442 0.08124835642117476 0 0 0
0.0011904761904761906 0.28033804821165204 -0.4295783852299829 -0.33341409755120294 0 0 0
0.0011904761904761906 0.29999352158725373 0.21289660536222718 -0.4394928918853741 0 0 0
0.0011904761904761906 -0.17384854494615593 -0.081599640953321 -0.4187735120670444 0 0 0
0.0011904761904761906 0.1586317715766552 0.3862727724632659 -0.016618620568813317 0 0 0
0.0011904761904761906 0.024078322268327883 0.05243664102014109 0.3681801337088227 0 0 0
0.0011904761904761906 0.40348949824682584 -0.4419455704045305 -0.34760973074524903 0 0 0
0.0011904761904761906 -0.5627407267474064 0.20997320142945167 -0.1935522039936205 0 0 0
0.0011904761904761906 0.2867340324982213 0.0847600907589537 -0.5149257069691129 0 0 0
0.0011904761904761906 -0.3053743535695728 0.44628408784674717 0.24423088643626237 0 0 0
0.0011904761904761906 0.14677407921192862 0.20649071604866048 0.6223916679999574 0 0 0
0.0011904761904761906 -0.0015952157665315803 0.015199033603508313 0.11018174165505727 0 0 0
0.0011904761904761906 0.3447882060671107 0.1653495814604521 -0.12839979055386266 0 0 0
0.0011904761904761906 0.23107068415385684 -0.47627409314315955 0.4087538758218249 0 0 0
0.0011904761904761906 -0.07518163056750891 -0.40672138488253545 -0.05771190594814827 0 0 0
0.0011904761904761906 -0.24364377305547325 -0.0038364357722445604 -0.462903525227727 0 0 0
0.0011904761904761906 0.4110814815240909 0.12075547857033259 -0.2277607434611139 0 0 0
0.0011904761904761906 -0.4723851906674443 -0.10848827901252459 0.23182625418366617 0 0 0
0.0011904761904761906 0.391270998307414 0.2526098355627696 -0.2612186125583608 0 0 0
0.0011904761904761906 -0.13011365887690296 -0.43673152036618146 -0.2030782347979241 0 0 0
0.0011904761904761906 0.5468269425783611 0.0010891503419025552 0.22611596084642901 0 0 0
0.0011904761904761906 -0.5835690145519399 0.25827365484839865 0.2671008598471128 0 0 0
0.0011904761904761906 -0.2610033591978283 -0.34819743540968784 0.27494485181366 0 0 0
0.0011904761904761906 0.21035362610244704 -0.16016856647452998 -0.4154893862084109 0 0 0
0.0011904761904761906 -0.14771688666982857 -0.3219253306954044 0.1456789106887991 0 0 0
0.0011904761904761906 -0.3446761917034956 0.4504747188074311 0.04156542471805654 0 0 0
0.0011904761904761906 -0.42383430092917057 0.33415421977726145 -0.3047369440421044 0 0 0
0.0011904761904761906 -0.20469941204729908 0.49459691168199366 -0.2924939940108345 0 0 0
0.0011904761904761906 0.005621975431861923 -0.5351004051410481 -0.12614583272550386 0 0 0
0.0011904761904761906 -0.05542941700160127 0.19989162262510166 -0.5987551701325625 0 0 0
0.0011904761904761906 0.06876472872975718 -0.11386117134852462 -0.5096868845447546 0 0 0
0.0011904761904761906 -0.25911821391105233 0.33791664820536227 0.08678216811964094 0 0 0
0.0011904761904761906 -0.039416478300220145 0.07749430432623079 -0.4587429664035399 0 0 0
0.0011904761904761906 -0.41159544820878446 0.25121172404957537 0.21110702241581517 0 0 0
0.0011904761904761906 -0.15511027528447882 0.2443912354853592 0.1496214509109213 0 0 0
0.0011904761904761906 -0.12662304784994463 -0.5052015563202565 -0.10832893719383821 0 0 0
0.0011904761904761906 -0.02736745759787554 0.45765981898469754 0.09335441623265513 0 0 0
0.0011904761904761906 0.29103465824771746 -0.2363488734906662 0.5015576388698396 0 0 0
0.0011904761904761906 0.49565756160601765 -0.3378496461678133 0.27639031328366676 0 0 0
0.0011904761904761906 -0.5485310701716969 -0.23274704842375782 -0.2953002373246031 0 0 0
0.0011904761904761906 -0.30685317736968776 -0.07089698895266902 0.3575650431430049 0 0 0
0.0011904761904761906 0.15984076356899227 -0.45618580351605753 -0.11713829800591613 0 0 0
0.0011904761904761906 -0.22730380637138606 0.3886011875991038 0.1490253587882191 0 0 0
0.0011904761904761906 0.3520422545184409 -0.1086790740366564 0.3541789359912899 0 0 0
0.0011904761904761906 0.40155485645759886 -0.1793563040915014 0.46754450675538933 0 0 0
0.0011904761904761906 -0.05506588656769492 0.2209405642340205 -0.6015135484715775 0 0 0
0.0011904761904761906 -0.2746365025877316 -0.4281261335657579 -0.0050125715199606825 0 0 0
0.0011904761904761906 -0.23711038831058315 0.15764134650477002 -0.38692486720831554 0 0 0
0.0011904761904761906 -0.35462918215596784 -0.13993093440341964 -0.3994847770377952 0 0 0
0.0011904761904761906 -0.36777181197011327 0.031041652355286272 -0.510173293668483 0 0 0
0.0011904761904761906 0.07927278666926904 -0.11281637888425257 -0.3812784666815258 0 0 0
0.0011904761904761906 0.27055770654947087 0.3098139955312294 -0.5486489578963386 0 0 0
0.0011904761904761906 0.3928707057469508 0.49678352936087883 -0.20005527365900452 0 0 0
0.0011904761904761906 -0.049788401600550994 0.35319958224735193 -0.368576867534045 0 0 0
0.0011904761904761906 -0.045780339967011995 0.4338398639914592 0.3660382019777912 0 0 0
0.0011904761904761906 -0.385411321093957 0.12714958638195858 -0.2034950161899742 0 0 0
0.0011904761904761906 0.05246143210682393 0.1709773998661491 0.45034182460280614 0 0 0
0.0011904761904761906 -0.33560282416312703 0.11775787652011406 -0.5923426716710454 0 0 0
0.0011904761904761906 -0.161571310992528 -0.6289581721502191 -0.0880887404667024 0 0 0
0.0011904761904761906 0.06616898235403312 0.23282257031234063 -0.4988757766227022 0 0 0
0.0011904761904761906 -0.03261426210835408 -0.47395368300001783 -0.35533121161715103 0 0 0
0.0011904761904761906 0.2028133961816332 0.3399308268044357 0.3854035453447268 0 0 0
0.0011904761904761906 -0.4428221823710585 -0.33871432373088817 0.1442637065918646 0 0 0
0.0011904761904761906 -0.2805943329525195 0.2105529470946181 -0.20281806242071804 0 0 0
0.0011904761904761906 0.06465703205222328 -0.6395892261660304 0.0627774219781296 0 0 0
0.0011904761904761906 0.22498423321620342 0.3215735621816306 -0.07599201879558942 0 0 0
0.0011904761904761906 0.08081692968850668 0.002687992212359615 0.4491624376456437 0 0 0
0.0011904761904761906 0.04879727599003204 -0.0689192796197309 0.1384168489049022 0 0 0
0.0011904761904761906 0.016322502568630236 0.5753565118805006 -0.2967930043011038 0 0 0
0.0011904761904761906 -0.3295803725946787 0.12901256435623307 0.08333451161604628 0 0 0
0.0011904761904761906 -0.41261782134142305 -0.0771569999701191 0.33210420517632044 0 0 0
0.0011904761904761906 -0.18150643618167805 -0.18213496972528895 0.25080691338492167 0 0 0
0.0011904761904761906 -0.39677156603813 -0.09566939891123499 -0.44432685551384654 0 0 0
0.0011904761904761906 -0.04036089832478989 -0.5739476797344794 -0.29737046005693474 0 0 0
0.0011904761904761906 -0.15148023621877496 0.025092152163040254 0.14692428131752916 0 0 0
0.0011904761904761906 0.1151005164952258 -0.5288856092607971 -0.21845917415168842 0 0 0
0.0011904761904761906 -0.3246868914441836 0.08544703204147343 0.4095170766219703 0 0 0
0.0011904761904761906 -0.354521865525759 -0.00013286677534755513 -0.14936240307639048 0 0 0
0.0011904761904761906 0.10644978027518105 0.5662957418827668 -0.35557001472629157 0 0 0
0.0011904761904761906 -0.10991046595850121 0.44436254764750854 0.01172652196293938 0 0 0
0.0011904761904761906 0.49870611604275683 -0.01308482171334648 -0.2017523591648694 0 0 0
0.0011904761904761906 -0.03715140860418837 0.41915068226166985 0.15167184714612708 0 0 0
0.0011904761904761906 0.26932415974788687 -0.010068886233780645 0.14000962003284204 0 0 0
0.0011904761904761906 -0.26538702602092906 0.3484543023802238 0.3464587495588345 0 0 0
0.0011904761904761906 -0.5809622798729485 -0.19170369609639837 -0.2060504609839498 0 0 0
0.0011904761904761906 -0.43937102308849474 0.26585966983863646 -0.3882675462902202 0 0 0
0.0011904761904761906 0.15195799473597482 -0.621511460215893 -0.15053883683982366 0 0 0
0.0011904761904761906 0.20702257004418148 -0.24540255200637612 0.1676574524164774 0 0 0
0.0011904761904761906 -0.16885417710929435 0.2457893635197022 -0.13395293287280274 0 0 0
0.0011904761904761906 -0.006665370821046013 0.6298205488363406 -0.12807622744342406 0 0 0
0.0011904761904761906 -0.2912705391603731 0.27442926381421373 -0.35873058726855667 0 0 0
0.0011904761904761906 -0.19761672179705317 -0.008286391763584611 0.654852903192465 0 0 0
0.0011904761904761906 0.031967392360091 0.2983409601198686 -0.3297297531944611 0 0 0
0.0011904761904761906 0.15400514340363355 -0.3520058680735537 0.13080618463766372 0 0 0
0.0011904761904761906 -0.049615213454233864 0.062241087476055966 -0.017986582835642206 0 0 0
0.0011904761904761906 -0.21670563689763062 -0.0540412532343051 0.34725186497834976 0 0 0
0.0011904761904761906 -0.28477174708359054 -0.260206925148943 0.1542014088933662 0 0 0
0.0011904761904761906 -0.5987044962740359 0.2727466982023544 0.10008856925640146 0 0 0
0.0011904761904761906 -0.021126832499706164 -0.08328801343554124 0.48416302703886704 0 0 0
0.0011904761904761906 -0.47231569222801273 -0.06608530769288802 0.010081245577160692 0 0 0
0.0011904761904761906 -0.2423202833332548 0.6305675880212219 -0.08242767793463202 0 0 0
0.0011904761904761906 0.26662063755459486 -0.2840356950767691 -0.3404690236512763 0 0 0
0.0011904761904761906 -0.057839487007918 0.5505130789259778 -0.14429477983519925 0 0 0
0.0011904761904761906 0.07180205053724481 -0.6019938628953173 -0.04735230801872645 0 0 0
0.0011904761904761906 -0.3292805139755737 0.4861534028112354 0.06337808746472771 0 0 0
0.0011904761904761906 0.21498065520542883 -0.3274324463189883 -0.08962906441115552 0 0 0
0.0011904761904761906 -0.13258433870528186 0.6528793681041805 0.10198914613338364 0 0 0
0.0011904761904761906 -0.34600263956613403 0.5369215889949555 -0.010209200187299901 0 0 0
0.0011904761904761906 -0.25670148630053935 0.38373283312005607 0.4089770517700292 0 0 0
0.0011904761904761906 0.39441707390662845 0.08468447329450185 -0.15221341539292416 0 0 0
0.0011904761904761906 -0.5175332101993825 -0.030756418870088623 0.2549967056129776 0 0 0
0.0011904761904761906 0.4125272586290018 -0.33045908484348 -0.4268910073697802 0 0 0
0.0011904761904761906 -0.28853546718946804 -0.5621180871899855 -0.13298581284421268 0 0 0
0.0011904761904761906 -0.5436429901106901 0.348139799166594 -0.14145564687971995 0 0 0
0.0011904761904761906 -0.2955075772903795 0.1834855185615373 -0.30391483026301014 0 0 0
0.0011904761904761906 0.4131975689896307 -0.3833356519948962 -0.16114096739682668 0 0 0
0.0011904761904761906 -0.34182000140671126 -0.16761666480178186 0.4697459521755523 0 0 0
0.0011904761904761906 0.20312103200474788 -0.13595167089632923 -0.46601018435776814 0 0 0
0.0011904761904761906 -0.3711435552300833 0.20231989698229083 -0.054152655557684636 0 0 0
0.0011904761904761906 -0.4430745043370513 0.48955631202401145 0.06497631777306212 0 0 0
0.0011904761904761906 -0.1604852721457811 -0.18972248473499573 0.3753639817974308 0 0 0
0.0011904761904761906 -0.23762827126326824 0.5193135141720835 0.30196575966188666 0 0 0
0.0011904761904761906 0.07070431439791444 -0.20483640349605547 -0.341851361400571 0 0 0
0.0011904761904761906 -0.32868705397409936 -0.38893009131576506 -0.18850380876052078 0 0 0
0.0011904761904761906 0.586087552216124 -0.05948886494785389 -0.19741710309028324 0 0 0
0.0011904761904761906 0.37226593311948114 -0.017587651297409634 -0.004500977171166249 0 0 0
0.0011904761904761906 0.1345631699444734 0.4932330184965171 0.44494701828934674 0 0 0
0.0011904761904761906 -0.5156731324041702 -0.2903311846196934 0.3043902838547034 0 0 0
0.0011904761904761906 0.1067933236866834 -0.1395400392507761 0.45162238185093806 0 0 0
0.0011904761904761906 0.5196207951824959 -0.1852904536563581 0.174262475061204 0 0 0
0.0011904761904761906 0.4254367785742078 0.4835840824663215 0.19418138563959403 0 0 0
0.0011904761904761906 -0.4720889783817748 -0.07739514383658239 0.28327127532764773 0 0 0
0.0011904761904761906 -0.08395408125073331 -0.2035442514012048 -0.2986316447414366 0 0 0
0.0011904761904761906 -0.597755834017323 0.16965166749360003 -0.2902622968900249 0 0 0
0.0011904761904761906 -0.14872886316444064 0.04889612357422413 0.47423883587275734 0 0 0
0.0011904761904761906 0.19488813604702473 -0.08781348284073529 0.2746102290708008 0 0 0
0.0011904761904761906 0.44542948992734344 0.2513071994907857 -0.4583250955421659 0 0 0
0.0011904761904761906 -0.04633768717736329 0.3534596458594693 0.30947796743939393 0 0 0
0.0011904761904761906 0.2081780591496767 -0.22096187541826695 0.07005174754484972 0 0 0
0.0011904761904761906 -0.05859709450076714 0.507846759425467 0.006686113132747094 0 0 0
0.0011904761904761906 -0.1572414339227102 -0.020831736871497385 0.15273269798708067 0 0 0
0.0011904761904761906 0.15472024030210216 0.0598924337283181 -0.47669209932834855 0 0 0
0.0011904761904761906 0.0800676167688981 0.17298190497513496 -0.645796482875474 0 0 0
0.0011904761904761906 0.016013790827300603 -0.22811150114828782 -0.2953703890121014 0 0 0
0.0011904761904761906 -0.19797485562839923 0.5481709369240703 -0.07842978986559807 0 0 0
0.0011904761904761906 0.22604975993242682 -0.3422808052238012 0.33909473309545085 0 0 0
0.0011904761904761906 0.04845683570040722 -0.31431478787008876 -0.3922986879939554 0 0 0
0.0011904761904761906 0.14232117622177076 0.27866262545825154 -0.48909566227268714 0 0 0
0.0011904761904761906 0.21818010822399805 -0.0552208015958067 0.5312242113982956 0 0 0
0.0011904761904761906 -0.3326827898749446 0.4535576625525256 0.3928539421696047 0 0 0
0.0011904761904761906 0.4490929835438016 0.03725589135109293 -0.06079656037940407 0 0 0
0.0011904761904761906 0.2524179591371707 -0.2189270705209792 0.4383332621658513 0 0 0
0.0011904761904761906 -0.38715402189295306 0.3618878006364853 0.36618141690943556 0 0 0
0.0011904761904761906 -0.03235096153205362 0.4729351841622386 0.047177788681659324 0 0 0
0.0011904761904761906 0.20862932823979208 0.27389616307869646 0.19168899874443668 0 0 0
0.0011904761904761906 -0.41174588255457445 -0.11629599843392376 0.15828877076109144 0 0 0
0.0011904761904761906 -0.08213041150916847 -0.3541353121998166 -0.15543043768569578 0 0 0
0.0011904761904761906 0.5237475153980076 -0.03037663077163391 0.035883392122994455 0 0 0
0.0011904761904761906 -0.2084838338912393 -0.4050641855777465 0.17904256794434564 0 0 0
0.0011904761904761906 0.05524070167435729 0.017093342656440764 -0.16650042389495945 0 0 0
0.0011904761904761906 0.16470079646987154 -0.37121753977874145 0.21926839787605398 0 0 0
0.0011904761904761906 -0.4424280874910229 -0.07177931364763561 0.15181712763381344 0 0 0
0.0011904761904761906 -0.13344499216047626 0.19060933551022932 0.40787206789527514 0 0 0
0.0011904761904761906 -0.10359071532417324 0.26186921026247484 0.31271880611820335 0 0 0
0.0011904761904761906 0.05883124230344471 0.07142574017088267 -0.0998477456997149 0 0 0
0.0011904761904761906 -0.16017603959978108 0.5448949472142459 0.1413255966993326 0 0 0
0.0011904761904761906 0.01176392315158723 -0.24912847068390553 -0.02331859634992974 0 0 0
0.0011904761904761906 0.5003472648684806 0.16700269579182034 0.16772530018210344 0 0 0
0.0011904761904761906 -0.028317495773058775 -0.6574152193803467 -0.09960833649896217 0 0 0
0.0011904761904761906 0.16675714204282005 0.26549709766955604 0.4671215092512029 0 0 0
0.0011904761904761906 -0.39390829721656223 -0.2866037654953525 0.4714398929066941 0 0 0
0.0011904761904761906 0.18050026564549762 -0.47668735718032496 -0.14128830072754614 0 0 0
0.0011904761904761906 0.3676330397634192 0.2017595643001504 -0.007395474675022203 0 0 0
0.0011904761904761906 -0.4939417363203753 -0.007322180169060887 -0.19709721646005857 0 0 0
0.0011904761904761906 -0.02779888894698225 0.18596905448733575 0.05349818269052493 0 0 0
0.0011904761904761906 0.18511434782479116 0.2449258005708103 -0.527931441047834 0 0 0
0.0011904761904761906 0.21420324412975736 -0.14624275427291464 0.5719459044947317 0 0 0
0.0011904761904761906 -0.05347605358000135 0.5301986893304929 -0.2680828910775695 0 0 0
0.0011904761904761906 -0.3312908396018407 0.3045551170599484 -0.25810325336350726 0 0 0
0.0011904761904761906 0.42857180399082995 -0.26535801769596196 -0.1865213977581901 0 0 0
0.0011904761904761906 0.08389291643410904 0.263002688587126 -0.25040714448586426 0 0 0
0.0011904761904761906 -0.06625383753004917 0.5496118169005814 0.062164468952794386 0 0 0
0.0011904761904761906 -0.08267990681662854 0.42890666170670183 0.26255181531936433 0 0 0
0.0011904761904761906 -0.09286407300931039 -0.281026752518166 0.38791090301751696 0 0 0
0.0011904761904761906 -0.06983497031997145 -0.18235754188411882 -0.3565333972003781 0 0 0
0.0011904761904761906 0.2663851879896848 0.013103096219979063 -0.001862150906916034 0 0 0
0.0011904761904761906 0.46420792751306117 -0.4746334932799618 0.06591891548626175 0 0 0
0.0011904761904761906 -0.0675878210370467 -0.1950408946603208 0.020299478630141258 0 0 0
0.0011904761904761906 -0.30914890796081124 -0.06667682126248815 0.3854391789490553 0 0 0
0.0011904761904761906 0.20803453656237905 0.00023067340349541515 0.6602416950346027 0 0 0
0.0011904761904761906 0.4231160037015713 -0.2556378104536462 -0.19648435013718402 0 0 0
0.0011904761904761906 0.441197263732182 0.5290665657483767 -0.02888082690424767 0 0 0
0.0011904761904761906 -0.46518322393899425 0.1677105071233059 -0.41905487159546173 0 0 0
0.0011904761904761906 0.03162206782169945 0.08077111514285054 0.5175601118869333 0 0 0
0.0011904761904761906 -0.41046819171709914 -0.3564267931194599 -0.04456802845137614 0 0 0
0.0011904761904761906 -0.25783074275244977 0.3316692522386177 -0.2711021787089547 0 0 0
0.0011904761904761906 -0.23974090188751235 -0.09872062021663286 0.22206997660894134 0 0 0
0.0011904761904761906 0.3805791293676335 -0.05802588200888825 -0.058515410016191004 0 0 0
0.0011904761904761906 -0.06733606093873186 0.289979382662293 -0.03106734887473999 0 0 0
0.0011904761904761906 0.5773412465211861 0.08909647480734809 -0.021471304036822698 0 0 0
0.0011904761904761906 -0.596942894149961 0.2976627457727308 -0.02741315417984888 0 0 0
0.0011904761904761906 -0.10302186946865212 -0.510093283575314 -0.2779360774051732 0 0 0
0.0011904761904761906 0.18237344711689893 -0.19983797048816387 0.4331328268094472 0 0 0
0.0011904761904761906 -0.07905572193674701 0.18724370838181398 0.3993090066923635 0 0 0
0.0011904761904761906 0.5684114204125593 0.24420850994655158 0.020296130147883916 0 0 0
0.0011904761904761906 0.3226357559054955 0.29530077818751244 -0.02757228695976785 0 0 0
0.0011904761904761906 -0.021391690871537285 -0.34098973743065725 -0.14407560161241517 0 0 0
0.0011904761904761906 0.020690139888384106 -0.3236838802573203 -0.31447191248874007 0 0 0
0.0011904761904761906 -0.5861873491186798 -0.24501828072957996 0.26520776155563525 0 0 0
0.0011904761904761906 -0.0008837026447540438 0.15986903382628315 0.2490601185467219 0 0 0
0.0011904761904761906 -0.1417244267687322 -0.07973973156337387 -0.5073630970831736 0 0 0
0.0011904761904761906 -0.25449262623042107 0.3710396184455515 -0.15893097016243954 0 0 0
0.0011904761904761906 0.1649996160103924 0.6244434131803045 0.04093955571128836 0 0 0
0.0011904761904761906 0.1246110620588233 -0.17351821810678592 -0.5834883521378139 0 0 0
0.0011904761904761906 0.22126725678921036 -0.2211406501730048 -0.024363884422424303 0 0 0
0.0011904761904761906 0.19689350634465155 -0.008601254835829885 0.21420622281951235 0 0 0
0.0011904761904761906 -0.07474338754271899 0.11729295846979712 0.19475534443982848 0 0 0
0.0011904761904761906 -0.4056420967375723 -0.28214563100501383 -0.36791212398003087 0 0 0
0.0011904761904761906 -0.08551560761352396 -0.2970742333433984 0.21018804718418183 0 0 0
0.0011904761904761906 0.3399436432365992 -0.4294198391201344 0.408619087903695 0 0 0
0.0011904761904761906 0.23615514560263637 0.5649260987058906 -0.051572683052452 0 0 0
0.0011904761904761906 0.37605402532153487 -0.23647221938225815 -0.2623531200439577 0 0 0
0.0011904761904761906 -0.372750478798178 -0.36103972688520225 -0.34334291618401863 0 0 0
0.0011904761904761906 0.06824067971761205 -0.12220047186779354 -0.3937168552234023 0 0 0
0.0011904761904761906 -0.309774745072757 -0.4939606451707454 0.05523574164986752 0 0 0
0.0011904761904761906 0.37071353967832416 -0.25468680707266195 -0.4349324638154922 0 0 0
0.0011904761904761906 -0.27207117732380454 0.5177781752357018 0.3063872912919173 0 0 0
0.0011904761904761906 -0.2601910913526583 -0.4466478265602624 -0.1524602229530773 0 0 0
0.0011904761904761906 -0.37293698689048305 0.21490112209819554 -0.2092613541222445 0 0 0
0.0011904761904761906 -0.6144280699022894 0.07446398758213801 -0.1612071881331335 0 0 0
0.0011904761904761906 0.23273482131365553 0.07040386467835609 0.0032579293087153503 0 0 0
0.0011904761904761906 -0.4277147035519523 0.38140619557702266 0.09949099816924836 0 0 0
0.0011904761904761906 -0.024160793296510646 0.37970656116309837 0.13637667608115367 0 0 0
0.0011904761904761906 0.16773211677654676 -0.13409389977709943 0.38900500813826383 0 0 0
0.0011904761904761906 0.2514319890885199 -0.1596622272539756 -0.368700777622345 0 0 0
0.0011904761904761906 -0.47808547663020295 -0.19464591145059357 0.20479039627162116 0 0 0
0.0011904761904761906 0.030334052137808768 -0.15184489708089188 0.16720585596485665 0 0 0
0.0011904761904761906 -0.23090582469096183 -0.2697638049798972 -0.3062795814974059 0 0 0
0.0011904761904761906 -0.37114790948965093 0.02648610986073923 -0.27971438501630264 0 0 0
0.0011904761904761906 0.008984666641632806 -0.17814796029137336 0.341668874905674 0 0 0
0.0011904761904761906 0.23601411539093803 -0.3850285901129084 0.44317944841988616 0 0 0
0.0011904761904761906 -0.43441967078414795 -0.25135684082706056 0.0391412842268735 0 0 0
0.0011904761904761906 0.006673004659793715 -0.1269024640763141 0.3664601424403079 0 0 0
0.0011904761904761906 0.2886000516103558 0.3416673341423801 -0.513823819805753 0 0 0
0.0011904761904761906 -0.060238164878476 -0.5144407848716774 -0.4171933853607373 0 0 0
0.0011904761904761906 0.45134023167631276 0.1356643753691013 -0.17269298154903703 0 0 0
0.0011904761904761906 -0.576183566025173 -0.23506799359589134 0.07764168677452406 0 0 0
0.0011904761904761906 -0.4725121146239004 0.4399505386636295 -0.23433614599601582 0 0 0
0.0011904761904761906 -0.3925803362413127 -0.12438190203893454 0.5307133041592821 0 0 0
0.0011904761904761906 -0.16292988934504507 -0.04914789983730642 -0.5514591033379636 0 0 0
0.0011904761904761906 -0.2193930840046208 -0.3444042573223398 -0.049809633776328945 0 0 0
0.0011904761904761906 0.19511171500657085 0.011273906972996418 -0.3589996490534816 0 0 0
0.0011904761904761906 -0.16785378034894047 -0.023366648114563758 0.1168219202993998 0 0 0
0.0011904761904761906 0.20234009949092066 -0.38163800977376494 0.43069454540812435 0 0 0
0.0011904761904761906 0.5369124424589983 -0.15233822188933646 -0.330298784092064 0 0 0
0.0011904761904761906 0.31693607666625717 0.498600908582773 -0.21025963050401264 0 0 0
0.0011904761904761906 -0.03038916868635715 -0.5706591014787871 0.3296819004200577 0 0 0
0.0011904761904761906 -0.17963074530038717 -0.06967702408205081 0.5016509487137688 0 0 0
0.0011904761904761906 0.17384188154587446 -0.1842863417597321 -0.0815221604284651 0 0 0
0.0011904761904761906 -0.11897956427902809 0.5650402955060482 -0.026298878391386737 0 0 0
0.0011904761904761906 -0.1591114654273948 0.5088071245102836 -0.11669174535293443 0 0 0
0.0011904761904761906 0.11968689973878746 0.08394312854182237 0.11414761812490395 0 0 0
0.0011904761904761906 0.15131889065396595 -0.4586431589700472 0.029857627461826634 0 0 0
0.0011904761904761906 0.45253285585571473 -0.2896451023791428 -0.0489297067738391 0 0 0
0.0011904761904761906 0.127444235976206 -0.464627753603862 0.08221684557700716 0 0 0
0.0011904761904761906 -0.582862740833936 0.05938885205621714 -0.23727308451891937 0 0 0
0.0011904761904761906 -0.46017061395790954 -0.4814706522562948 0.15362319097681795 0 0 0
0.0011904761904761906 0.34291970146920575 0.37203528464219754 0.3502947337945905 0 0 0
0.0011904761904761906 -0.35564123820678856 -0.19759390147138797 -0.3351076307498041 0 0 0
0.0011904761904761906 -0.3882888483027213 0.10644967461045027 0.3829995580825735 0 0 0
0.0011904761904761906 -0.3866553591868039 -0.01453108678698497 0.023895510895012174 0 0 0
0.0011904761904761906 -0.38225244543721626 -0.2884147624094163 0.3935392561842986 0 0 0
0.0011904761904761906 0.0029302756131656055 -0.05919526409788987 0.18603190850767265 0 0 0
0.0011904761904761906 0.32538666958718737 -0.5408421907988873 -0.044555437956233984 0 0 0
0.0011904761904761906 -0.3360413713700101 -0.4931292613799188 -0.11284136900025186 0 0 0
0.0011904761904761906 0.443048059297469 0.003239489755100651 -0.47873340918211854 0 0 0
0.0011904761904761906 0.2896592100265734 -0.03478480028820518 0.47800226340990054 0 0 0
0.0011904761904761906 -0.5105486990109827 -0.05384526194058549 -0.2766047878511085 0 0 0
0.0011904761904761906 0.49642398273110866 -0.2876793602128448 0.07831699357201273 0 0 0
0.0011904761904761906 -0.1017195298082339 0.49876637224695297 0.02233219539715383 0 0 0
0.0011904761904761906 0.1268233055824063 -0.5721836375101288 0.10098880483768558 0 0 0
0.0011904761904761906 0.2888185337779108 -0.03069853043773086 -0.26331935113068733 0 0 0
0.0011904761904761906 -0.5203497750738356 0.40905369927351 -0.1437909100196666 0 0 0
0.0011904761904761906 -0.390714405346009 -0.015280238097669895 -0.25975125160596063 0 0 0
0.0011904761904761906 0.1415173629707065 -0.5449961869953188 0.14463425625676077 0 0 0
0.0011904761904761906 -0.6258292986915868 -0.18915336515354328 0.07733507608334053 0 0 0
0.0011904761904761906 0.6592056639791847 -0.05046839964399921 0.00045944312678049655 0 0 0
0.0011904761904761906 -0.20197408553965238 0.1694079228790584 0.23034962318230767 0 0 0
0.0011904761904761906 0.3259319588516817 0.3149239615044178 -0.4415403285375143 0 0 0
0.0011904761904761906 -0.5587302787937745 0.0055581683254132585 0.15296518542685575 0 0 0
0.0011904761904761906 0.058461188371484854 -0.3737429640979992 -0.5181670617484971 0 0 0
0.0011904761904761906 0.23024243768815733 -0.47700321967900083 -0.09810498140806406 0 0 0
0.0011904761904761906 0.5308350644596143 -0.21063103478796466 0.28966680386083904 0 0 0
0.0011904761904761906 0.21342732999850894 -0.2642027169983439 0.09570836226563055 0 0 0
0.0011904761904761906 0.477756836519498 -0.2582743106419717 0.3647082523487999 0 0 0
0.0011904761904761906 -0.43249660516232324 0.4154371660706965 0.09821015429343506 0 0 0
0.0011904761904761906 0.1320122423584905 0.3149410632647321 0.3183010221656583 0 0 0
0.0011904761904761906 -0.09989537020688956 -0.2961047450640853 0.33887491948333087 0 0 0
0.0011904761904761906 -0.32153218712530607 0.008334795178691831 0.18880054484606154 0 0 0
0.0011904761904761906 -0.35309925174513085 0.12701927398638538 -0.3850739427801282 0 0 0
0.0011904761904761906 -0.04387241066953283 -0.16231745646820392 -0.6645644558458014 0 0 0
0.0011904761904761906 -0.3527351126552268 -0.29654338944262165 -0.357950233020167 0 0 0
0.0011904761904761906 0.04451285767983645 0.24592806275300572 0.3232833222200825 0 0 0
0.0011904761904761906 -0.23398170233003485 0.5845975847137967 0.07959132700349415 0 0 0
0.0011904761904761906 0.11962929508642356 0.026757754421038595 0.33437139021485807 0 0 0
0.0011904761904761906 0.14666233082244431 0.11163378359860227 -0.6060537163788883 0 0 0
0.0011904761904761906 0.2770836347063228 -0.4530037016514071 -0.4436108535113363 0 0 0
0.0011904761904761906 -0.030529617283018576 -0.30310444878880194 0.5037430766892391 0 0 0
0.0011904761904761906 0.5387710477168313 0.32785348554293176 -0.16207434640150595 0 0 0
0.0011904761904761906 0.05586178790364034 0.2654127163852742 0.21964368807933088 0 0 0
0.0011904761904761906 0.3943121582016615 0.07140521583961287 -0.5412533899843878 0 0 0
0.0011904761904761906 0.2498393544300817 0.581436380606161 0.17472588175694984 0 0 0
0.0011904761904761906 0.1801550491013757 0.1900724357028869 0.13126792251604763 0 0 0
0.0011904761904761906 -0.04151578065278166 -0.15506433266330263 0.1607118755288907 0 0 0
0.0011904761904761906 -0.1407089765234624 -0.4033832596261949 -0.08467869767575013 0 0 0
0.0011904761904761906 -0.5607201365360476 -0.1338466449749221 0.3123089453136203 0 0 0
0.0011904761904761906 -0.08418822014888766 -0.2529010891904026 0.37726252606490807 0 0 0
0.0011904761904761906 0.273075786572298 0.022548118509839607 0.5363109484209939 0 0 0
0.0011904761904761906 0.08104149406250596 -0.39481047091329946 0.49573581326265637 0 0 0
0.0011904761904761906 0.17128193357453853 0.16449790263065023 -0.13743334269189492 0 0 0
0.0011904761904761906 -0.1575159741641809 0.5119160916257632 -0.2747112571867778 0 0 0
0.0011904761904761906 -0.4504527029779433 -0.028819984509069942 -0.07865450710526116 0 0 0
0.0011904761904761906 -0.4838895421775113 0.29484798615735935 -0.1807557498280525 0 0 0
0.0011904761904761906 0.35736303339934883 0.16049609318831012 0.552090584053252 0 0 0
0.0011904761904761906 0.20615373815612617 -0.2983790275367155 -0.030324779289090442 0 0 0
0.0011904761904761906 -0.012119813505504468 0.40266717050763007 -0.4397207554280732 0 0 0
0.0011904761904761906 -0.3858221670013069 0.021286455864911208 -0.5426149327480536 0 0 0
0.0011904761904761906 0.28040687983763424 -0.19886794419458112 0.5932400040297269 0 0 0
0.0011904761904761906 0.056665044201950926 0.030084539132049212 -0.5577950066190622 0 0 0
0.0011904761904761906 -0.24893691290756495 -0.23546828742053877 -0.27887641673737307 0 0 0
0.0011904761904761906 0.01502320536523052 -0.16096879666357747 0.4532457889284487 0 0 0
0.0011904761904761906 -0.6216833973833936 0.14485164764107028 -0.0751159119040155 0 0 0
0.0011904761904761906 -0.02475138816770205 -0.2375802652038055 0.5569378332189563 0 0 0
0.0011904761904761906 -0.06272049924630572 0.2319173163821733 0.33921607222894473 0 0 0
0.0011904761904761906 -0.04321475098907755 0.2575715918243965 -0.1851481053416317 0 0 0
0.0011904761904761906 0.01659075063369016 -0.32679337032897754 0.5524499006698029 0 0 0
0.0011904761904761906 0.5441732214545134 -0.2058142079309842 -0.031130076346817512 0 0 0
0.0011904761904761906 0.12047051882606198 0.019295438236430002 0.39618213546676084 0 0 0
0.0011904761904761906 0.20203254220055367 -0.07241694849079347 -0.4520390388592798 0 0 0
0.0011904761904761906 -0.31612044354839824 -0.31007040388083995 0.4325777378350954 0 0 0
0.0011904761904761906 0.28085766007104573 0.2747914923112499 -0.03588906619852273 0 0 0
0.0011904761904761906 -0.31116968160201686 0.4925034495665917 0.3732547325209954 0 0 0
0.0011904761904761906 -0.314123327009878 -0.5799661046255988 -0.1336291324341785 0 0 0
0.0011904761904761906 0.4972465932762759 0.2227222730968464 0.36374731226219964 0 0 0
0.0011904761904761906 -0.20663151342202546 -0.09938605262116061 0.6003810413035244 0 0 0
0.0011904761904761906 -0.487866894945619 0.1351674534494669 -0.26347702364670944 0 0 0
0.0011904761904761906 0.03259887007456957 -0.37715047383980504 0.0995771712353325 0 0 0
0.0011904761904761906 -0.45653020988274556 0.18630823950902928 -0.4721459205917835 0 0 0
0.0011904761904761906 -0.4106541595194263 -0.011103004111025654 -0.41716459519302346 0 0 0
0.0011904761904761906 0.12822890747536328 0.1693424144716324 0.4534614331370893 0 0 0
0.0011904761904761906 -0.21760301357891162 0.14835295598986617 -0.4846601190787245 0 0 0
0.0011904761904761906 0.17112640390150025 0.35318030223075125 0.17238403944754743 0 0 0
0.0011904761904761906 -0.21384141308739474 -0.02150789678430342 0.3085779686701971 0 0 0
0.0011904761904761906 -0.17474416480770263 -0.21181194782110058 -0.031785129338146166 0 0 0
0.0011904761904761906 0.3744539562271096 -0.3870958711194893 0.033626782629262324 0 0 0
0.0011904761904761906 -0.1832856524158863 0.3449332156528494 0.41612421369881325 0 0 0
0.0011904761904761906 -0.13138083684801624 -0.014055603437736848 0.34820875233387083 0 0 0
0.0011904761904761906 -0.12909989053711318 0.5064611203349737 0.43190432712672255 0 0 0
0.0011904761904761906 -0.1645746101307816 0.12557701327978962 0.5223846396505787 0 0 0
0.0011904761904761906 -0.04821108939104533 0.13402503543636451 0.40922542355446145 0 0 0
0.0011904761904761906 0.04776957720619005 0.39378196442220387 -0.08387987314298777 0 0 0
0.0011904761904761906 -0.37953985861485 0.016114991303199454 -0.5267940800630825 0 0 0
0.0011904761904761906 0.6796181834258515 -0.0019520130386258396 0.01650513636546246 0 0 0
0.0011904761904761906 0.2809692868027692 -0.16045355791451246 -0.10695887023364307 0 0 0
0.0011904761904761906 0.06863460597682973 0.3557839226658568 -0.0982651362648395 0 0 0
0.0011904761904761906 0.16278944368348391 -0.19738895873214926 -0.3731551839651021 0 0 0
0.0011904761904761906 -0.5931717671750234 0.28983452124349895 -0.1516669154895354 0 0 0
0.0011904761904761906 0.2287825421374862 0.5779994835521008 0.1624368397524801 0 0 0
0.0011904761904761906 0.45434657826933295 0.08963886235320218 0.1344832426698307 0 0 0
0.0011904761904761906 -0.24116065437436326 0.24879128696662417 -0.3668373498343465 0 0 0
0.0011904761904761906 0.319966744891018 0.36399935141443396 0.12575084629342925 0 0 0
0.0011904761904761906 0.1995198695622386 0.2560472855290207 -0.10179305773950176 0 0 0
0.0011904761904761906 0.2934499290459659 0.14765742505713034 0.3687770249181602 0 0 0
0.0011904761904761906 -0.10186962936371928 0.010944564070700616 0.1089813856725196 0 0 0
0.0011904761904761906 -0.5633538762262783 -0.3107096042631114 -3.543662239547602e-05 0 0 0
0.0011904761904761906 -0.12118450148871224 0.058004677525357165 0.30580027111867786 0 0 0
0.0011904761904761906 0.09783348320289666 0.3428628859621684 -0.23100685192564716 0 0 0
0.0011904761904761906 0.14659184370582876 0.06019190268114933 -0.41215875291643944 0 0 0
0.0011904761904761906 -0.10341512711695697 -0.5304181627007862 0.30434925465925594 0 0 0
0.0011904761904761906 -0.10331148400740679 0.11675886447162048 0.5877036537076338 0 0 0
0.0011904761904761906 -0.37448235030478266 0.31316709077481664 -0.20584240310586366 0 0 0
0.0011904761904761906 -0.09263836845029902 0.40927641381255736 0.041962676041990346 0 0 0
0.0011904761904761906 0.3073006159693921 -0.11554666582593058 -0.2281193145786642 0 0 0
0.0011904761904761906 0.44779401413364656 -0.4896220222246372 0.11463554111617155 0 0 0
0.0011904761904761906 -0.1515098144985322 0.30604640209538075 -0.09741459973274877 0 0 0
0.0011904761904761906 -0.02524097462357632 -0.2905821810134579 -0.182062543914446 0 0 0
0.0011904761904761906 0.034362997195529286 -0.03829354977113396 0.4002245602027754 0 0 0
0.0011904761904761906 0.37811380376875037 0.5048478702809603 -0.06849159268625533 0 0 0
0.0011904761904761906 -0.26485936558119855 -0.0996318893451369 0.5459035784634828 0 0 0
0.0011904761904761906 -0.3391102598587023 -0.15856669952530927 0.20328728292176346 0 0 0
0.0011904761904761906 -0.027330520748528174 0.21692859356524422 -0.6278367021822739 0 0 0
0.0011904761904761906 -0.0480645555625031 0.30809342642549553 0.49812197293446914 0 0 0
0.0011904761904761906 0.13366318042459874 -0.3184958723122548 -0.03252174681388346 0 0 0
0.0011904761904761906 0.11084456822729713 -0.2941417995358367 -0.5477063209883761 0 0 0
0.0011904761904761906 -0.2952020114187653 0.14122993594274652 0.5450223991763451 0 0 0
0.0011904761904761906 -0.35321955583106346 -0.10067366859122664 -0.31623967425410326 0 0 0
0.0011904761904761906 0.46143384752548205 -0.1880067805867243 0.4396704285451478 0 0 0
0.0011904761904761906 -0.22748792668116596 0.46729178235731694 0.2673451106284205 0 0 0
0.0011904761904761906 -0.19137865196322354 -0.024794805487552186 -0.38538735714362093 0 0 0
0.0011904761904761906 -0.42401954617043375 0.08780763667700758 -0.24149167781384182 0 0 0
0.0011904761904761906 0.588861044502483 -0.15206169370789407 0.17102030263814344 0 0 0
0.0011904761904761906 0.1565718620301881 -0.14399050325516077 -0.45615166295031656 0 0 0
0.0011904761904761906 0.2557210633144359 -0.5941793628652161 -0.23782215930173894 0 0 0
0.0011904761904761906 -0.47388561926753375 -0.28717801007366434 -0.34309477413312633 0 0 0
0.0011904761904761906 0.36590030185588646 0.23097853504952998 0.08466780712448668 0 0 0
0.0011904761904761906 0.17729220751939986 0.16705558573232068 0.07170079490121418 0 0 0
0.0011904761904761906 -0.24650258225069452 0.4069485972913612 -0.20788707390855485 0 0 0
0.0011904761904761906 0.18637370531978126 -0.02455436889448824 -0.10011546841174224 0 0 0
0.0011904761904761906 0.14891398584267337 -0.24240859529815093 -0.3251284226651144 0 0 0
0.0011904761904761906 0.46270795770449574 0.23561065921036156 0.4304880669676534 0 0 0
0.0011904761904761906 -0.13737703586555453 0.006457712497765519 0.34671186184751474 0 0 0
0.0011904761904761906 -0.12316283327904938 -0.013785359831791646 0.255761163885928 0 0 0
0.0011904761904761906 -0.24934727470705884 0.32451361734558315 0.3782856497001712 0 0 0
0.0011904761904761906 -0.038195447940534616 -0.08165537574993482 -0.45735226853204786 0 0 0
0.0011904761904761906 0.4103708835968341 0.1722050848494049 0.15244682717468166 0 0 0
0.0011904761904761906 -0.02678694311153305 -0.3430355445662935 0.30386799217834637 0 0 0
0.0011904761904761906 0.1404916032575227 0.03795130630143162 -0.07406279187794919 0 0 0
0.0011904761904761906 -0.5313888332728329 -0.403478385459927 -0.04045935891637755 0 0 0
0.0011904761904761906 -0.2826884195470081 0.21293056375654504 0.033589571883497656 0 0 0
0.0011904761904761906 -0.10647143227173318 -0.439085216571503 0.197496410930588 0 0 0
0.0011904761904761906 -0.18184848932015601 -0.49656797888344023 0.1108699961638957 0 0 0
0.0011904761904761906 0.3487575663162774 0.3382072261926828 0.023083333739895708 0 0 0
0.0011904761904761906 -0.5023807915937971 -0.08943815310583801 -0.2729098780889986 0 0 0
0.0011904761904761906 -0.08777024081735992 0.11351393537240956 0.17622487032989456 0 0 0
0.0011904761904761906 0.09150765063543895 -0.12595007666861416 -0.034681088841445384 0 0 0
0.0011904761904761906 0.2133836012942259 0.2687771963742211 0.42966694014965395 0 0 0
0.0011904761904761906 0.5206957815771197 0.016239787617365754 0.057690393582352624 0 0 0
0.0011904761904761906 -0.015905848033325426 -0.4731980450281305 0.4066589989209384 0 0 0
0.0011904761904761906 0.26203277073824066 -0.4693507126017251 0.0196782897196254 0 0 0
0.0011904761904761906 0.46391056554554316 -0.20380515189822695 -0.35336517417690655 0 0 0
0.0011904761904761906 0.35598814332882606 -0.1303893698148653 0.38102227276784506 0 0 0
0.0011904761904761906 -0.35569868198497206 -0.19623405648803663 0.5559689161726517 0 0 0
0.0011904761904761906 -0.18386384137548728 0.5810982573912294 0.10202341665319345 0 0 0
0.0011904761904761906 0.09799628585522807 -0.5069929075200073 -0.03501446608648551 0 0 0
0.0011904761904761906 -0.4302577678563548 -0.17629649063758968 -0.15015529204876013 0 0 0
0.0011904761904761906 0.08676867974156219 -0.31171512398268 -0.002849712702682066 0 0 0
0.0011904761904761906 0.46256438149700335 -0.1656685022923242 0.27152219640368686 0 0 0
0.0011904761904761906 0.3572887248277374 0.19346023391233758 0.4035790713634417 0 0 0
0.0011904761904761906 -0.2581931261204514 -0.1271563333584413 0.5004957096774305 0 0 0
0.0011904761904761906 -0.13395997087408337 -0.4469650867564995 0.30535299300136026 0 0 0
0.0011904761904761906 0.17864813506246002 -0.1552952564696169 -0.2794417251899702 0 0 0
0.0011904761904761906 -0.27240076217205966 0.43806392413744827 -0.42229915554070113 0 0 0
0.0011904761904761906 -0.001533962036708262 -0.02319670408983201 -0.6564940200003591 0 0 0
0.0011904761904761906 0.4617854598111237 0.026614319007818327 -0.0012886194227616581 0 0 0
0.0011904761904761906 0.5011738657970534 0.07920077090817668 0.20315915317748368 0 0 0
0.0011904761904761906 -0.13230141492756267 -0.5439180766840651 0.2613677940223798 0 0 0
0.0011904761904761906 0.40924265409468735 0.18266234418572205 -0.12299992827873771 0 0 0
0.0011904761904761906 0.012486599989478028 0.029973796512077454 0.17578819419527505 0 0 0
0.0011904761904761906 -0.18884535929191687 0.27930919252624165 0.5070269470389329 0 0 0
0.0011904761904761906 0.16740957188643182 -0.027010480657618872 -0.2488999185901787 0 0 0
0.0011904761904761906 -0.39922534557728484 0.07846424244343331 -0.22336793679023306 0 0 0
0.0011904761904761906 0.05115186271749962 -0.506556988171317 0.3054127146277991 0 0 0
0.0011904761904761906 -0.1283581427501998 0.42533593553470295 -0.1471746118787967 0 0 0
0.0011904761904761906 -0.03289992616913856 -0.10578719925066801 -0.680848070614606 0 0 0
0.0011904761904761906 0.2717066459584307 0.09052421247112376 -0.5196975613554732 0 0 0
0.0011904761904761906 0.20811011182511333 0.6253262407131979 -0.0057965501345215165 0 0 0
0.0011904761904761906 -0.27782325232243665 -0.1832349369679717 -0.42297949637471083 0 0 0
0.0011904761904761906 -0.13212143528699638 -0.15724515961055852 0.5762262831466632 0 0 0
0.0011904761904761906 -0.332035992770035 -0.07490890755265156 0.19318030567765127 0 0 0
0.0011904761904761906 0.2750092436195558 0.30880381900749004 -0.3366308349456889 0 0 0
0.0011904761904761906 -0.030039800952785037 -0.02106333117114932 -0.5585633800561777 0 0 0
0.0011904761904761906 -0.030166465752629056 0.0177922216132191 -0.381147239594261 0 0 0
0.0011904761904761906 0.24185433603716266 0.5623396165120851 -0.004208634867016005 0 0 0
0.0011904761904761906 0.20090416781603826 0.12128024509606856 0.556909472790602 0 0 0
0.0011904761904761906 0.38223280037697405 0.46330384974782535 0.3355530480293505 0 0 0
0.0011904761904761906 0.2970316919119382 0.13932474656448007 -0.3151151530703733 0 0 0
0.0011904761904761906 -0.011197039059584999 0.22964315810398864 0.1997996008492257 0 0 0
0.0011904761904761906 0.14010046530946116 -0.5255496716260725 -0.11590253114142093 0 0 0
0.0011904761904761906 -0.1363226603665018 -0.03931403824485292 -0.326238965247143 0 0 0
0.0011904761904761906 -0.10107238978059013 0.6070576752750911 -0.04423702011308513 0 0 0
0.0011904761904761906 0.12574690133002886 -0.10643602359022815 -0.4290927630197152 0 0 0
0.0011904761904761906 -0.0901953747490344 -0.2684462471389304 -0.07984677701778282 0 0 0
0.0011904761904761906 0.308552509463243 -0.5854832581541933 0.1290276083067206 0 0 0
0.0011904761904761906 -0.1757828447746697 -0.23111161489812834 -0.39220755658925155 0 0 0
0.0011904761904761906 0.4977644943494906 0.3472516856194434 -0.07577221764677694 0 0 0
0.0011904761904761906 -0.22121427505088484 0.3742166067569649 -0.49033180479579896 0 0 0
0.0011904761904761906 0.45342752666914027 -0.33810664290947745 -0.07307973169636232 0 0 0
0.0011904761904761906 -0.16027539260381554 0.282483151990841 -0.5945054624176951 0 0 0
0.0011904761904761906 0.23026000294167537 -0.5211850556014186 0.031266636342208824 0 0 0
0.0011904761904761906 -0.4119534657024693 -0.3252952617810953 -0.24771038058985334 0 0 0
0.0011904761904761906 -0.3028963946701564 0.5351853461454698 0.11388947866269745 0 0 0
0.0011904761904761906 -0.013927278892435321 -0.2325724662718897 -0.1830636526100588 0 0 0
0.0011904761904761906 -0.19071049554909703 0.4765290819125127 -0.14048454792026935 0 0 0
0.0011904761904761906 -0.3621395549123618 0.3586551112040786 0.3140672658717925 0 0 0
0.0011904761904761906 -0.5408152253397203 -0.03907069314653772 -0.15464046841489315 0 0 0
0.0011904761904761906 -0.2500041861861852 0.3142344360559376 0.5633403813343969 0 0 0
0.0011904761904761906 -0.08845108761842808 -0.23776147136878203 0.3732610853462379 0 0 0
0.0011904761904761906 -0.08038593573531752 0.02619435497593831 0.43906921260681786 0 0 0
0.0011904761904761906 -0.43633657811668086 0.49001313973744126 0.07734054937759391 0 0 0
0.0011904761904761906 -0.41415774334754696 0.20304638156385146 0.2328702558532993 0 0 0
0.0011904761904761906 -0.2225534274146071 -0.2407533953199071 0.11972547656569171 0 0 0
0.0011904761904761906 0.1921675132965511 -0.2046170866466553 0.6284187105932015 0 0 0
0.0011904761904761906 0.2740507898177595 0.2909669299632471 0.48882883708659947 0 0 0
0.0011904761904761906 0.3797723579553108 0.4598529082382665 -0.22380933067232506 0 0 0
0.0011904761904761906 0.5355149389078204 -0.09195772267565899 0.16341296000851324 0 0 0
0.0011904761904761906 0.042483049696667476 0.18832264536540438 0.4002924238243235 0 0 0
0.0011904761904761906 0.2943552565167383 0.14162744683279443 -0.5902897953676813 0 0 0
0.0011904761904761906 -0.2797680884694266 -0.37135911724712145 0.2552249967991648 0 0 0
0.0011904761904761906 -0.07584360619519183 0.5784110895801917 -0.1952425411586663 0 0 0
0.0011904761904761906 -0.47930827167360257 0.2434950417318076 -0.2570898240302359 0 0 0
0.0011904761904761906 0.023817261801120298 -0.09448524791023782 -0.07105990392342908 0 0 0
0.0011904761904761906 -0.342772178523851 -0.4265463814548821 -0.12898485103011909 0 0 0
0.0011904761904761906 0.21679958964857382 -0.20798341217978422 0.4759448022368735 0 0 0
0.0011904761904761906 -0.007375586244844872 -0.12120238163540384 0.5002578832689826 0 0 0
0.0011904761904761906 0.10027350193247454 0.1458770472683702 -0.057272883665672784 0 0 0
0.0011904761904761906 0.05127941537751456 -0.597599883691202 0.04770323071317529 0 0 0
0.0011904761904761906 -0.5295424514918637 -0.4020879677855351 0.175599774238177 0 0 0
0.0011904761904761906 0.5305794276715842 0.389806938368678 0.14057544437085867 0 0 0
0.0011904761904761906 0.18340943704564336 0.4059912601964908 -0.335198952802448 0 0 0
0.0011904761904761906 0.10273146273086337 -0.6620427970739303 0.09595214761370768 0 0 0
0.0011904761904761906 0.11768735120656776 0.18552470078585853 0.35642804147829266 0 0 0
0.0011904761904761906 0.3398708318648343 -0.16526308266002318 0.24370865761427157 0 0 0
0.0011904761904761906 -0.2856825760478704 -0.13871124897221437 -0.6084309765932494 0 0 0
0.0011904761904761906 0.43888120958871996 0.09814408750722438 -0.3540613498142058 0 0 0
0.0011904761904761906 0.06072204875403792 -0.5098579468255493 0.2993418637097392 0 0 0
0.0011904761904761906 0.5237906510346274 -0.21217086697134693 -0.24445265201519092 0 0 0
0.0011904761904761906 0.06756255307321213 0.045404094591296684 -0.2082050307357818 0 0 0
0.0011904761904761906 0.05594203603969078 0.0008327798253890005 0.39936840173511967 0 0 0
0.0011904761904761906 -0.05487397103444612 0.5080374325972533 0.10725675934675309 0 0 0
0.0011904761904761906 0.1504287453718998 -0.5356653427472432 0.2746269417759019 0 0 0
0.0011904761904761906 -0.198411806587698 -0.4790163781188479 0.3566082418915385 0 0 0
0.0011904761904761906 -0.41645532264583374 -0.07755710454570316 0.4900761938868071 0 0 0
0.0011904761904761906 -0.5084990100848471 -0.11951711913544366 -0.3435374452939351 0 0 0
0.0011904761904761906 -0.16426700302607405 -0.3455413222659817 0.20381825544761578 0 0 0
0.0011904761904761906 0.3259583934759804 0.4217897610870728 -0.013658507286200248 0 0 0
0.0011904761904761906 -0.3650081083265942 -0.13531195279453795 -0.13682597834474539 0 0 0
0.0011904761904761906 0.2228528517200547 0.5708211733794711 0.272694685981012 0 0 0
0.0011904761904761906 0.41692677587838156 0.230429638240755 0.10428980363230195 0 0 0
0.0011904761904761906 -0.26082000630910745 0.2593777759881697 0.558517138384597 0 0 0
0.0011904761904761906 -0.13962099564749275 -0.052101329006759754 0.017394475201198124 0 0 0
0.0011904761904761906 -0.43862197621975973 -0.4795364935974805 -0.13429243500271396 0 0 0
0.0011904761904761906 -0.4658477118199365 0.19132448055761045 -0.07693260246486343 0 0 0
0.0011904761904761906 -0.4733069582584586 -0.07636696876920604 0.19252095616385542 0 0 0
0.0011904761904761906 0.02964748037164094 -0.3949160560335594 0.2090588487581407 0 0 0
0.0011904761904761906 0.07475309406092288 0.13626717750206002 0.55097532219654 0 0 0
0.0011904761904761906 0.12109428625085464 0.5988290577517709 -0.18822262953861071 0 0 0
0.0011904761904761906 0.4127797307365504 -0.22351885264007654 -0.4239816046203612 0 0 0
0.0011904761904761906 -0.4533321390524663 -0.33883342101245856 0.006590962787684109 0 0 0
0.0011904761904761906 0.21950530024931997 -0.18086835124499734 -0.23133541723679535 0 0 0
0.0011904761904761906 0.48042220043426825 -0.1391029668327287 0.22490223831819087 0 0 0
0.0011904761904761906 -0.05138097867894908 0.10720754944657544 0.42171944090677393 0 0 0
0.0011904761904761906 -0.3633894883147918 0.4129953767153218 0.39551371845491534 0 0 0
0.0011904761904761906 0.28365091775505746 -0.4274201464883997 0.37220356033728746 0 0 0
0.0011904761904761906 -0.6227972804189938 -0.01975334955000692 0.15728883525976667 0 0 0
0.0011904761904761906 0.6084921007673985 0.14298427408359732 0.013945272204286272 0 0 0
0.0011904761904761906 -0.2745888477309234 0.1218629086397456 -0.3235229802637884 0 0 0
0.0011904761904761906 0.3468664345098553 0.2647611599235041 -0.06710840810041611 0 0 0
0.0011904761904761906 0.26928644525161877 0.39578332758104556 0.3621513777021321 0 0 0
0.0011904761904761906 -0.20892517186727336 0.07720808999123656 0.03191157170044227 0 0 0
0.0011904761904761906 0.1251513524591768 -0.44398739810429455 0.4098971702040637 0 0 0
0.0011904761904761906 -0.2978570009361718 -0.2186123445969907 -0.344174398931416 0 0 0
0.0011904761904761906 -0.41893190395000574 -0.36787763121347106 -0.22306185014102817 0 0 0
0.0011904761904761906 0.6033101801116187 -0.11640196612483834 -0.010326876757962242 0 0 0
