990
0
0.00101010101010101 0.04547060313532395 -0.016368908434648777 0.6242593551640784 0 0 0
0.00101010101010101 -0.47961152170315174 -0.41667871713333354 0.24607537732818846 0 0 0
0.00101010101010101 0.11140622369045379 0.3084013195134241 -0.24960923292591533 0 0 0
0.00101010101010101 -0.3746154841177973 0.570024011557578 -0.05172850270316231 0 0 0
0.00101010101010101 -0.2996817227896879 0.3157629340846919 -0.4480909600802272 0 0 0
0.00101010101010101 0.4846179727285768 -0.06336527112446236 -0.2309619219626579 0 0 0
0.00101010101010101 -0.1102107854872196 0.5211110337520405 -0.18669465437704472 0 0 0
0.00101010101010101 0.32243488777078283 0.1399215631919282 -0.43655985964264943 0 0 0
0.00101010101010101 0.02539419793142737 0.22285119041147392 0.10488206368913644 0 0 0
0.00101010101010101 -0.209338534586988 -0.03115536532786748 -0.2412982392860606 0 0 0
0.00101010101010101 -0.47969200256430705 0.11850210742038261 0.2073254129585068 0 0 0
0.00101010101010101 0.17236853330167493 0.08175134699706409 -0.5069346000100844 0 0 0
0.00101010101010101 0.011205333966016575 -0.5111463583921814 -0.4484747973052999 0 0 0
0.00101010101010101 -0.5373154984647095 -0.04829932101337305 0.43336326525733965 0 0 0
0.00101010101010101 0.524874888447239 0.3216349740374423 0.16061198420710318 0 0 0
0.00101010101010101 0.4910164744207098 0.07569151607644921 0.13600502894878053 0 0 0
0.00101010101010101 0.08638619921232048 0.41160979357635713 0.14359958563115946 0 0 0
0.00101010101010101 -0.1506553644296112 0.4654668843442832 -0.1223316211025331 0 0 0
0.00101010101010101 -0.35979795498958367 0.12421306686437818 -0.38368853947024767 0 0 0
0.00101010101010101 -0.5089543739002369 0.03291752359957538 0.39974365301006454 0 0 0
0.00101010101010101 0.4084144215764742 0.16025843218671273 -0.00942661010710721 0 0 0
0.00101010101010101 0.14495410089034785 -0.39888653484757264 0.20503033268601528 0 0 0
0.00101010101010101 -0.13691100020031308 0.4736291133526042 0.015501535043735668 0 0 0
0.00101010101010101 -0.14990189006865798 -0.1855057537566385 -0.26825179759825596 0 0 0
0.00101010101010101 0.13952574733419956 0.16411526960774428 0.597766680814829 0 0 0
0.00101010101010101 0.2954543800872825 -0.4081787956842789 0.20680719879011045 0 0 0
0.00101010101010101 0.1780749336540167 -0.4515905176585504 0.06515615348499725 0 0 0
0.00101010101010101 0.2870262969647384 0.29800742460109614 0.16122677819486786 0 0 0
0.00101010101010101 -0.4934115458800643 0.13476669458528281 0.22377800009939836 0 0 0
0.00101010101010101 0.0048734157822702805 -0.4524771279279753 -0.3450353623718156 0 0 0
0.00101010101010101 0.42311900117296447 0.07134925671131258 -0.3203726320614017 0 0 0
0.00101010101010101 0.39505320265649835 -0.16388176477688585 -0.024369822986717537 0 0 0
0.00101010101010101 -0.09245448469454662 0.06796923286210932 0.4333410694511493 0 0 0
0.00101010101010101 0.2979007206708591 0.35190079338161706 -0.3407097515752788 0 0 0
0.00101010101010101 0.113413087673922 -0.3389368540049509 -0.4284619447307661 0 0 0
0.00101010101010101 -0.09653880287043483 -0.46667429824293677 -0.18623897805248413 0 0 0
0.00101010101010101 0.24110212466912415 0.21416151387920232 0.19941499637654772 0 0 0
0.00101010101010101 -0.18577227916652797 -0.41384057446634037 0.09457532473465764 0 0 0
0.00101010101010101 0.10447842644342517 -0.2928331116019833 -0.08051623688250492 0 0 0
0.00101010101010101 -0.11231201414484003 -0.6185259885281118 -0.18226858813391952 0 0 0
0.00101010101010101 -0.26772205486011513 0.3496215584941632 0.23453179927052573 0 0 0
0.00101010101010101 0.30940035314661085 -0.2433001831625344 -0.0988007017224158 0 0 0
0.00101010101010101 0.19763964424707556 0.023318181568227656 0.6640512179014086 0 0 0
0.00101010101010101 -0.04493255040432372 -0.05785655171017742 0.14132172675543264 0 0 0
0.00101010101010101 0.5997008319796439 -0.09703306143884789 -0.20897162300702704 0 0 0
0.00101010101010101 -0.5391336135076477 0.08948451844170244 -0.003353346474835153 0 0 0
0.00101010101010101 0.390543908471821 -0.46223106413654586 0.06366438890689687 0 0 0
0.00101010101010101 0.042920911543508355 0.6303544481495782 0.20714948077164666 0 0 0
0.00101010101010101 -0.12728401765224406 0.5012072491439167 -0.2728590292060195 0 0 0
0.00101010101010101 -0.34416583198147993 0.09020229418300339 -0.49606179193133954 0 0 0
0.00101010101010101 -0.056773657500531136 0.35551999415914537 -0.18925554603380018 0 0 0
0.00101010101010101 0.05075013493339697 0.11787515043123063 -0.4624643685705737 0 0 0
0.00101010101010101 0.09214120722895497 -0.0709190320685834 -0.26480391151406035 0 0 0
0.00101010101010101 0.3836347323100201 0.013084675206424314 0.2500712675916484 0 0 0
0.00101010101010101 0.06508785448215253 -0.430279848998311 -0.28805922384518323 0 0 0
0.00101010101010101 0.0839725238877767 -0.1562954304348495 0.1621816837009702 0 0 0
0.00101010101010101 0.6506426120508673 -0.06949035155646224 0.03915980511524423 0 0 0
0.00101010101010101 -0.4385412107801888 0.2839184435546581 0.22924402410640407 0 0 0
0.00101010101010101 0.05724521509508241 -0.27053773842628426 -0.538938055857564 0 0 0
0.00101010101010101 -0.24396501070386414 -0.290950154996845 -0.5255797927296321 0 0 0
0.00101010101010101 -0.14990359162561448 0.14761647848343448 -0.5509383562998944 0 0 0
0.00101010101010101 -0.07347367377189538 -0.022649332991639425 0.21916100655378293 0 0 0
0.00101010101010101 -0.2709412399076331 0.20903258607538824 -0.4313395530609483 0 0 0
0.00101010101010101 -0.5354523150729099 -0.040322578298460275 0.07862285907493534 0 0 0
0.00101010101010101 -0.3089899524721542 0.17923329926844112 0.4390706168124556 0 0 0
0.00101010101010101 0.08855243195697221 0.5110685660202471 0.33923989377573577 0 0 0
0.00101010101010101 -0.06952705933021933 -0.2952548369085468 -0.17724923593595726 0 0 0
0.00101010101010101 0.22130664053512303 0.24979390803663692 -0.27250748332015506 0 0 0
0.00101010101010101 0.33720333092801014 0.5043555681992247 0.2563940850346833 0 0 0
0.00101010101010101 -0.1824848009407247 0.6550301962558447 -0.0945496623461197 0 0 0
0.00101010101010101 0.5917338985675561 0.21682226465373966 -0.2741524161770347 0 0 0
0.00101010101010101 0.29012894560491137 0.3652256609471536 0.2756267643288932 0 0 0
0.00101010101010101 -0.016302783846254346 0.5283286195410525 -0.19174783296871512 0 0 0
0.00101010101010101 0.1362153749121204 0.4305129163899816 0.5022574715672435 0 0 0
0.00101010101010101 0.07205836099849858 -0.645532086849513 -0.23831773117195462 0 0 0
0.00101010101010101 -0.5173522141791068 -0.3848893432134847 0.07870844525204908 0 0 0
0.00101010101010101 0.00017962833961879393 -0.5205776320599059 0.30625608921565334 0 0 0
0.00101010101010101 0.36811712197254065 0.5150780057100061 -0.09661910578890716 0 0 0
0.00101010101010101 0.1145127085373957 -0.14516958730674565 -0.29809043447246725 0 0 0
0.00101010101010101 0.14721611572668833 0.5262763604572873 0.32555928573672216 0 0 0
0.00101010101010101 -0.1410523661550687 -0.1423321549896129 -0.45257209517611957 0 0 0
0.00101010101010101 -0.08103869860214666 0.23965009980275734 -0.12755359615121414 0 0 0
0.00101010101010101 -0.37096556158079785 0.09083384093236403 -0.3979368087324058 0 0 0
0.00101010101010101 -0.29872549179455654 0.17284038520330414 0.3102338682208108 0 0 0
0.00101010101010101 -0.22322528846256517 -0.08523947107570741 -0.6175844672091692 0 0 0
0.00101010101010101 0.06914439284197145 -0.12297275621001848 -0.18002340276402629 0 0 0
0.00101010101010101 0.4095698541662643 -0.19828439219762709 0.4444292207854946 0 0 0
0.00101010101010101 -0.09552863399331832 -0.32019540126368123 0.4717317978425107 0 0 0
0.00101010101010101 0.1300676847662304 -0.24141286485153823 0.19069331333792175 0 0 0
0.00101010101010101 0.49706191371223457 0.3489735948668792 -0.3023470724336113 0 0 0
0.00101010101010101 -0.028313257374136667 0.1234843914982454 -0.06465361723151605 0 0 0
0.00101010101010101 0.22145977678040923 -0.2076776751565812 0.003117027381312107 0 0 0
0.00101010101010101 -0.2668318550869299 0.17293631494251133 -0.36608762499320574 0 0 0
0.00101010101010101 -0.2109970943374725 -0.3896724217604389 -0.41428767112963244 0 0 0
0.00101010101010101 -0.014757993660985005 0.08266658752165885 -0.26467608500847717 0 0 0
0.00101010101010101 0.37530431783776436 -0.1445927674868433 -0.5340008733223506 0 0 0
0.00101010101010101 -0.6350957809530619 0.11681766986929475 0.19635163498343927 0 0 0
0.00101010101010101 0.19115705929586504 0.22519454422214805 -0.029294556507320376 0 0 0
0.00101010101010101 0.02761626361415233 -0.250548297260793 0.14098376654262776 0 0 0
0.00101010101010101 -0.07077433394256159 -0.014610713686724494 0.04761853003160701 0 0 0
0.00101010101010101 -0.46288051994322055 -0.06763562773106054 -0.4060046798304728 0 0 0
0.00101010101010101 -0.21599046275139605 -0.5439619483032996 0.035177249462909344 0 0 0
0.00101010101010101 0.4954442893958636 0.441385261299798 -0.0929778730468104 0 0 0
0.00101010101010101 0.15051575368215736 -0.02507297097843178 0.46836391353781964 0 0 0
0.00101010101010101 -0.21808014344968019 0.2843758493432375 0.4013794530621785 0 0 0
0.00101010101010101 -0.10464481470091322 -0.012278500176742963 0.5116824893281321 0 0 0
0.00101010101010101 0.3449779885686425 0.593859717492288 0.0053159256555614055 0 0 0
0.00101010101010101 0.4366479825435944 0.07659803875404445 0.505065165363179 0 0 0
0.00101010101010101 -0.28585373756811866 0.12240418468402733 0.5946783378890537 0 0 0
0.00101010101010101 -0.30259780225000193 0.5084159028785045 -0.1450019389975224 0 0 0
0.00101010101010101 -0.019399877873274966 0.3476848169819835 0.045704204658499 0 0 0
0.00101010101010101 0.2807565058229262 -0.009825955572774317 -0.2619991212750104 0 0 0
0.00101010101010101 0.039009435262154946 -0.026727562025514014 0.1377229029929663 0 0 0
0.00101010101010101 -0.24883050565167322 -0.4006102434037277 -0.42394607539845336 0 0 0
0.00101010101010101 -0.4543538343798408 -0.14716296442054386 -0.21347003673559592 0 0 0
0.00101010101010101 0.4295760745208493 0.45338673525917766 -0.039141275617471834 0 0 0
0.00101010101010101 -0.23827951268368794 -0.0544928427676264 -0.09151188032955357 0 0 0
0.00101010101010101 0.265374032289448 0.3592878811624964 -0.07380006782084862 0 0 0
0.00101010101010101 0.04452850397940995 0.5034353751431994 0.26333750848648474 0 0 0
0.00101010101010101 -0.2379300319741269 0.4630813482521685 0.1462869989875199 0 0 0
0.00101010101010101 -0.05964972598907429 -0.2867966025084386 0.4157557880747252 0 0 0
0.00101010101010101 -0.2843759939117112 -0.03636396412472987 0.3202905925762716 0 0 0
0.00101010101010101 0.32204409173785725 -0.44055569941280603 -0.1483187183135881 0 0 0
0.00101010101010101 -0.3211989048263988 0.43564770150238624 0.044963327444218014 0 0 0
0.00101010101010101 -0.030825749374585987 -0.10268977847757085 -0.6803835821427822 0 0 0
0.00101010101010101 0.3745793455677019 0.2938313842196624 0.06416699102053243 0 0 0
0.00101010101010101 0.4105947956908405 0.006081273407300299 -0.43156113974500626 0 0 0
0.00101010101010101 -0.10016577409246301 -0.2967164160540888 -0.0623234380291594 0 0 0
0.00101010101010101 -0.10740241471175299 0.14975303380634594 0.1760923666045288 0 0 0
0.00101010101010101 0.5333247408045036 0.1028366933720721 -0.42815371452675244 0 0 0
0.00101010101010101 0.24106299774315978 -0.2829749859949642 -0.507352688036268 0 0 0
0.00101010101010101 0.08281523218695701 -0.3313217225152673 0.3491146046670089 0 0 0
0.00101010101010101 -0.533201542613954 0.2884460342124333 0.14185076077420097 0 0 0
0.00101010101010101 -0.3965568965886661 -0.28549825244364724 -0.37356685596574096 0 0 0
0.00101010101010101 -0.3430197772034052 0.35058543775344075 -0.11879376480849674 0 0 0
0.00101010101010101 0.3417857551156088 -0.5734077870266433 -0.06759424178160023 0 0 0
0.00101010101010101 -0.14924762637626895 -0.612143479878106 -0.2603431149157295 0 0 0
0.00101010101010101 0.5818530291803946 -0.09779383230699606 -0.3116644873302104 0 0 0
0.00101010101010101 0.4662528723114745 0.39660325969769283 -0.009135006241650204 0 0 0
0.00101010101010101 0.5018785456824129 -0.20641790242930383 -0.09176233892762846 0 0 0
0.00101010101010101 0.6345759460224226 -0.0909275322207617 0.17757006962353838 0 0 0
0.00101010101010101 0.6205601750725461 0.08833170396850158 -0.005289118656556613 0 0 0
0.00101010101010101 0.574297060436939 0.13200888050848952 -0.3252061696534944 0 0 0
0.00101010101010101 0.2586933438922537 -0.2945339378091694 -0.16774161571779073 0 0 0
0.00101010101010101 0.47660576973466 -0.32623219184945534 0.3579277876737661 0 0 0
0.00101010101010101 0.10913977761734585 -0.39272062256234497 -0.5036285068396109 0 0 0
0.00101010101010101 0.48528348694260537 -0.05729051517573405 -0.42016596394327455 0 0 0
0.00101010101010101 0.2669535320733368 -0.039056493676832144 -0.5747687215195632 0 0 0
0.00101010101010101 -0.3481540152462392 -0.09139816073318675 0.22328878341984648 0 0 0
0.00101010101010101 -0.039450591005101676 0.024520908276604317 -0.04905600978506337 0 0 0
0.00101010101010101 0.2723374990168158 0.3307215182149523 -0.009294461410316581 0 0 0
0.00101010101010101 -0.3602624926959971 -0.13225308961151902 -0.25377099062461594 0 0 0
0.00101010101010101 -0.2826181752264137 -0.10438733897160513 0.2242684527529071 0 0 0
0.00101010101010101 -0.47372669289257535 0.29175262867419505 -0.3583289974416454 0 0 0
0.00101010101010101 0.3022185628562945 0.075953204197181 0.14609335404282275 0 0 0
0.00101010101010101 -0.24043878790157247 0.20770291840462468 0.42676521474381973 0 0 0
0.00101010101010101 -0.03221402876972048 -0.259489313935797 -0.16498370002852233 0 0 0
0.00101010101010101 0.41638462193937387 -0.2515648817735235 0.30169134772603295 0 0 0
0.00101010101010101 -0.30284083475736406 0.18565464048679664 -0.30444658103943945 0 0 0
0.00101010101010101 -0.5348934658412882 0.04327031620475133 0.3781622684788651 0 0 0
0.00101010101010101 -0.410955719765064 0.23052803665799904 0.28657114658937555 0 0 0
0.00101010101010101 -0.47370846643422587 -0.13291788330345128 0.25005933736579433 0 0 0
0.00101010101010101 0.30258215848698866 0.05887914816470422 -0.1670871248277048 0 0 0
0.00101010101010101 0.4117793095435082 0.29076956195368914 -0.11997050058900507 0 0 0
0.00101010101010101 0.29969554858209063 -0.21194876336789661 -0.31774609440914936 0 0 0
0.00101010101010101 0.4123993685428155 -0.1479594423177297 -0.02367971953205159 0 0 0
0.00101010101010101 0.11693854577733721 -0.37599634877304045 0.0462659329589997 0 0 0
0.00101010101010101 0.42801302905756844 -0.20120268882931952 0.05991234871905786 0 0 0
0.00101010101010101 -0.15475782208802322 -0.5763894138252893 -0.03109617930133558 0 0 0
0.00101010101010101 -0.6040535531518245 0.0304079613283947 -0.23809118188650993 0 0 0
0.00101010101010101 0.5193517072204437 -0.303615326632616 -0.3050665259656597 0 0 0
0.00101010101010101 -0.022639072226156125 0.20031041528310592 -0.27309531180062335 0 0 0
0.00101010101010101 0.5350955075417664 0.1311456643434904 -0.2793508067642729 0 0 0
0.00101010101010101 0.06774655946436425 -0.355515109343029 0.0867457060888155 0 0 0
0.00101010101010101 -0.11407001065279979 0.2092140437904283 -0.018802213974751278 0 0 0
0.00101010101010101 0.23227280938756023 -0.19835944087079585 0.18436496029320526 0 0 0
0.00101010101010101 0.6276063164008517 0.00737912987849534 0.0914743817261349 0 0 0
0.00101010101010101 0.15272890999174732 0.5432819479233322 0.18366606738619184 0 0 0
0.00101010101010101 -0.5873989347005746 -0.20285682314963455 0.10270952075168494 0 0 0
0.00101010101010101 0.2300357365634698 0.4602304159854572 0.06079705341681242 0 0 0
0.00101010101010101 0.37306040873350865 0.14112527144195905 0.08697850709916351 0 0 0
0.00101010101010101 0.562844334638831 0.2910090047846112 -0.24039346842238715 0 0 0
0.00101010101010101 0.038932994162428534 -0.14962287786309877 0.41928720450853796 0 0 0
0.00101010101010101 -0.4138232194068586 -0.13247996703351916 0.505335129847471 0 0 0
0.00101010101010101 -0.49388363847031547 -0.25266835468813087 0.32272686094900455 0 0 0
0.00101010101010101 0.3329784808592347 0.08322903236016807 -0.08065664931384087 0 0 0
0.00101010101010101 -0.4734012482289297 0.36212933480626786 -0.30998416943479074 0 0 0
0.00101010101010101 -0.4013261540279786 0.09227043910182536 0.2438421608312957 0 0 0
0.00101010101010101 -0.15817928119417138 -0.12762736836454622 0.13747778047591896 0 0 0
0.00101010101010101 0.23834133350555944 -0.07778797790792343 0.49224021202337603 0 0 0
0.00101010101010101 -0.06537347745320471 0.28900411806694054 0.08802303204372806 0 0 0
0.00101010101010101 0.0397191925096842 -0.060252119843492546 -0.5301307972031738 0 0 0
0.00101010101010101 0.17329928852375337 -0.16676787606364 -0.00019070325105327015 0 0 0
0.00101010101010101 0.1928826442695371 0.2675862420034978 0.08140200313852286 0 0 0
0.00101010101010101 -0.03664198314860492 -0.24597430961544195 0.20353288288517454 0 0 0
0.00101010101010101 -0.13877902463863287 -0.23207968678392674 0.6008113773907462 0 0 0
0.00101010101010101 0.20685298500963073 0.04176795847511155 -0.3154510197984691 0 0 0
0.00101010101010101 0.3218884776401241 0.29744168522128256 0.20873712015855883 0 0 0
0.00101010101010101 0.3710534462583154 -0.03852946595950435 0.5579956414183007 0 0 0
0.00101010101010101 -0.3431043026842635 -0.3095698178408463 0.06509077551278242 0 0 0
0.00101010101010101 0.3699798169401695 0.3988689643643755 0.28670180863149863 0 0 0
0.00101010101010101 -0.3486779645973831 0.4293737362806457 -0.2937410148568775 0 0 0
0.00101010101010101 -0.33455367966303595 -0.1427669553579436 0.03502924265799104 0 0 0
0.00101010101010101 0.02855323001635467 0.4280026549406039 -0.08747548626925528 0 0 0
0.00101010101010101 0.26711978972516437 0.15286931048699381 -0.07309454873056842 0 0 0
0.00101010101010101 -0.38903974403539326 -0.37070891537332895 0.11931012302298101 0 0 0
0.00101010101010101 0.25037976774470555 0.5171413234264008 -0.11249651681390326 0 0 0
0.00101010101010101 -0.11136381270348272 0.2532110692037753 -0.13794542637190874 0 0 0
0.00101010101010101 -0.1698232122542389 -0.44407994318778665 0.18912879710034164 0 0 0
0.00101010101010101 -0.09478270365487051 -0.3671238526454238 -0.5029497395790345 0 0 0
0.00101010101010101 0.014292048952570012 0.45299375024839544 0.028898727723447266 0 0 0
0.00101010101010101 0.18291263187398815 0.4352457181693595 -0.2922343707630264 0 0 0
0.00101010101010101 -0.2415043619972968 0.04064261836115606 0.5748071487962211 0 0 0
0.00101010101010101 -0.0473585115284434 0.46540270230803144 -0.310274375007343 0 0 0
0.00101010101010101 0.36270243163066956 -0.2583797976006357 0.031072948293560512 0 0 0
0.00101010101010101 -0.38706021715124167 0.30121803160175276 -0.08986687178992318 0 0 0
0.00101010101010101 0.4878813763855957 0.01476863530720762 -0.380609520252426 0 0 0
0.00101010101010101 0.28468748910341235 0.33895481824884993 0.3741996585506635 0 0 0
0.00101010101010101 -0.5308572841833484 0.07126025471828663 -0.18650117762632112 0 0 0
0.00101010101010101 -0.21124864640706 -0.4579945133656991 0.03902581499656176 0 0 0
0.00101010101010101 -0.08156339170289781 0.13921581370280947 0.33991683287768115 0 0 0
0.00101010101010101 0.5366263753632267 0.41966708127614083 0.035227995081977326 0 0 0
0.00101010101010101 -0.39064781713561125 -0.033974267751224994 0.09571540019747832 0 0 0
0.00101010101010101 0.046638760017164084 -0.2196057505930898 0.5413065875487434 0 0 0
0.00101010101010101 -0.5160804068750475 -0.15661443509004305 0.1960100051733856 0 0 0
0.00101010101010101 -0.07531327474380654 0.43232553285831715 0.3308451922007632 0 0 0
0.00101010101010101 -0.27434351595958517 0.013312320708003925 0.5235796454133355 0 0 0
0.00101010101010101 0.1344757312328383 -0.518262803081323 0.41707005577568446 0 0 0
0.00101010101010101 -0.10933102701993976 -0.5223607107039757 0.34175598941439456 0 0 0
0.00101010101010101 -0.26464969118074383 -0.25111350984305825 -0.2656300987496384 0 0 0
0.00101010101010101 0.40202844450452613 -0.38855484730906026 -0.13195837711878625 0 0 0
0.00101010101010101 0.23556141122136565 -0.5257321996934569 0.001574371579514655 0 0 0
0.00101010101010101 -0.126747547091361 -0.40495135226923873 0.4073808979207131 0 0 0
0.00101010101010101 0.05780640140954341 -0.3362983152740558 0.5164684940101372 0 0 0
0.00101010101010101 0.10938454449005922 -0.31447563654910365 0.20124798248317266 0 0 0
0.00101010101010101 -0.37440221412210584 -0.007887380902305556 -0.353698402126439 0 0 0
0.00101010101010101 -0.5467562930340163 0.29174338623277873 0.17915306218214253 0 0 0
0.00101010101010101 -0.4303465578490547 0.10891614178035276 0.5156705045173553 0 0 0
0.00101010101010101 0.2230455273815193 0.30093590126938097 -0.5580877153410233 0 0 0
0.00101010101010101 -0.4008552556927659 0.3427906887810425 -0.40291728433136453 0 0 0
0.00101010101010101 0.24275195403545852 0.3391970151371685 -0.14857135301486454 0 0 0
0.00101010101010101 -0.3353175845965134 -0.06850565859733804 -0.5012842155414936 0 0 0
0.00101010101010101 -0.1600070881672591 -0.12366723989290748 -0.4532506635457097 0 0 0
0.00101010101010101 -0.030511556463367787 0.20299074658267535 0.28414270149543286 0 0 0
0.00101010101010101 -0.08152755965825215 0.09415182339579092 -0.23132252791520577 0 0 0
0.00101010101010101 -0.0006194042374285763 -0.3614233584931783 -0.13400283418278472 0 0 0
0.00101010101010101 0.21729181350981683 -0.3385401827795977 0.01771327879061494 0 0 0
0.00101010101010101 -0.2697827159304413 -0.46685425460673524 -0.30904540603606057 0 0 0
0.00101010101010101 0.06269730367456484 0.0513269745079097 -0.33530630206284057 0 0 0
0.00101010101010101 0.20676113782952762 0.02372408028819275 -0.525928187699381 0 0 0
0.00101010101010101 -0.10625474046778006 0.10271894351412245 0.27777970295298365 0 0 0
0.00101010101010101 -0.1259869809639637 -0.13978299511878595 0.33187763759702543 0 0 0
0.00101010101010101 -0.43259741839873744 0.4203975327384794 -0.0221884755420849 0 0 0
0.00101010101010101 0.43689160707809954 -0.45212975899553437 -0.17300619078444635 0 0 0
0.00101010101010101 0.14070511512446227 0.5959725937766234 0.15106696807306833 0 0 0
0.00101010101010101 -0.6479805184847478 -0.08527670855528227 0.15893187877428883 0 0 0
0.00101010101010101 -0.39694929819042424 -0.24422700302229164 0.18542216991419772 0 0 0
0.00101010101010101 -0.06231336582576325 0.013405505816574879 -0.0645222748311661 0 0 0
0.00101010101010101 -0.1596469398897823 -0.21293083208055436 -0.004259877068569123 0 0 0
0.00101010101010101 -0.6219202646951237 -0.01414226226357601 -0.23788403818564918 0 0 0
0.00101010101010101 0.5007096436725883 -0.26246188778704543 -0.1726859282665939 0 0 0
0.00101010101010101 -0.5274433290914812 0.07285359323037298 0.12535956164204481 0 0 0
0.00101010101010101 -0.02592372618138243 -0.07616662461418705 -0.04075486042435983 0 0 0
0.00101010101010101 0.3126420201997918 0.334257912649591 0.3523166782554094 0 0 0
0.00101010101010101 -0.5883285880632614 -0.004282492709847018 0.21166763548443115 0 0 0
0.00101010101010101 -0.04560120724927498 0.16112041142865494 -0.14621927988123737 0 0 0
0.00101010101010101 0.12837618631221412 0.315315803879338 -0.14566215986983216 0 0 0
0.00101010101010101 -0.20005229149923948 -0.4028455538719636 0.3588738235668024 0 0 0
0.00101010101010101 -0.024212886425765367 0.31777680155114174 -0.18210340137837677 0 0 0
0.00101010101010101 -0.4246896072241929 0.06600977228904945 0.19216970868464395 0 0 0
0.00101010101010101 0.5409361406963337 0.0912534890539648 0.3264839490267977 0 0 0
0.00101010101010101 -0.48924981554611296 -0.23583110953566125 -0.059289578589275624 0 0 0
0.00101010101010101 -0.008492280229863047 -0.3714849034553724 0.4750721380210921 0 0 0
0.00101010101010101 -0.04214461230061509 -0.5302656417879547 -0.023489267238209963 0 0 0
0.00101010101010101 0.02588510007522752 0.28608501789908014 0.3753301171382657 0 0 0
0.00101010101010101 0.013618866742625612 0.4199253983992259 -0.45401171655049577 0 0 0
0.00101010101010101 -0.040089532793876864 -0.5162911418365937 -0.3638193818758274 0 0 0
0.00101010101010101 -0.23735756076881998 0.3605609451337427 0.08394756686196395 0 0 0
0.00101010101010101 0.06476286034393533 -0.5270528190723757 0.0023833342366616737 0 0 0
0.00101010101010101 -0.511332615464736 0.15658641466361753 -0.12220107852274824 0 0 0
0.00101010101010101 -0.43974450958500827 0.2008488528121749 0.4739532959888826 0 0 0
0.00101010101010101 -0.07840726859379536 0.286808379244644 -0.1843479688339368 0 0 0
0.00101010101010101 0.0807894068379166 -0.16029007786237767 0.23870761016235276 0 0 0
0.00101010101010101 -0.07803134552760206 0.45995073576362894 0.4751471256631248 0 0 0
0.00101010101010101 0.31788584710988543 -0.21001923277516266 0.3180569833213047 0 0 0
0.00101010101010101 0.6227742513861968 0.1823621076305826 -0.17998086432525764 0 0 0
0.00101010101010101 0.47231572732471555 0.04487060648845312 0.009109849110953545 0 0 0
0.00101010101010101 0.14891038804232853 0.4181166535070346 0.23172662489678247 0 0 0
0.00101010101010101 0.3423773175523185 -0.23647820169022285 0.46635298829576144 0 0 0
0.00101010101010101 0.27417755797156795 -0.28924498071363935 0.3198025471059862 0 0 0
0.00101010101010101 0.10721794427299772 0.6559605170082157 -0.11319156144017391 0 0 0
0.00101010101010101 0.01643285541706959 0.44125007280759815 -0.163668942446543 0 0 0
0.00101010101010101 -0.21370125576765645 0.010797186493811605 0.3106585051024657 0 0 0
0.00101010101010101 -0.01928326737304224 0.3891024906873905 -0.5083526121077564 0 0 0
0.00101010101010101 0.1689067172912303 -0.4383035973946327 0.4151741190381209 0 0 0
0.00101010101010101 -0.4001952183899343 0.30740051178605315 -0.20029837647947968 0 0 0
0.00101010101010101 -0.20536494137424827 0.010444241031878678 0.5383095766648325 0 0 0
0.00101010101010101 0.00801219489198771 -0.22325141012834374 -0.5993429828978377 0 0 0
0.00101010101010101 0.18612501871084244 -0.3222520343102208 0.2573614227352847 0 0 0
0.00101010101010101 0.45746448398728606 -0.23854909576634792 0.44079551408353285 0 0 0
0.00101010101010101 0.5850167540601741 0.16754808995733014 -0.07051516363966918 0 0 0
0.00101010101010101 0.0662626291559713 -0.055235328933072536 0.10405651937617287 0 0 0
0.00101010101010101 -0.07666544638548559 0.4547709010478474 0.03945383155211148 0 0 0
0.00101010101010101 -0.020270010304454102 -0.17174069018467786 -0.07352278627921385 0 0 0
0.00101010101010101 0.008381737470338992 -0.1426214794435512 -0.16515533262116042 0 0 0
0.00101010101010101 -0.5161075439490399 0.11641179445136343 0.11449847684398787 0 0 0
0.00101010101010101 0.47175666510143394 -0.08485929921790275 -0.20004035728617908 0 0 0
0.00101010101010101 0.11242569154444529 -0.24944588941921964 -0.04663506934774644 0 0 0
0.00101010101010101 0.5298230245945105 -0.21724423932585116 0.2685153304030174 0 0 0
0.00101010101010101 0.16076817880278035 -0.2511992303371323 -0.30403923096295793 0 0 0
0.00101010101010101 0.22046577377473542 -0.1762938780761424 0.05855472115105278 0 0 0
0.00101010101010101 -0.0777183736174116 0.27389671790052045 -0.29396430400635787 0 0 0
0.00101010101010101 -0.25244788631273857 -0.3965250933029494 -0.3543795674328422 0 0 0
0.00101010101010101 0.03216836448533031 -0.0721387876222846 0.5271605031376936 0 0 0
0.00101010101010101 -0.4685182355332122 0.10867165462821828 -0.07733148474686057 0 0 0
0.00101010101010101 -0.5742309543395947 0.15104062441737828 -0.08423464231944437 0 0 0
0.00101010101010101 0.021421557860019737 -0.42307372573974056 0.0465176426920447 0 0 0
0.00101010101010101 -0.25433741341713045 -0.31042878400777135 0.2513167316275758 0 0 0
0.00101010101010101 0.36642287962683273 -0.4933619835268503 -0.29810284316080965 0 0 0
0.00101010101010101 -0.007173217648333043 -0.2725847530003208 0.38781273833271057 0 0 0
0.00101010101010101 0.13295014510832634 0.23022853807580987 -0.35496469867585156 0 0 0
0.00101010101010101 0.4067404508962512 -0.2631972079173658 -0.07054213148010947 0 0 0
0.00101010101010101 -0.0013934016480813324 0.2823569721991849 0.30487413792632295 0 0 0
0.00101010101010101 -0.2873909292713868 -0.40728595037583515 0.3967171987151421 0 0 0
0.00101010101010101 -0.029050613805080585 -0.5248425280314166 0.446404993305126 0 0 0
0.00101010101010101 0.25280753618562074 -0.17631500408549347 -0.10574607260601053 0 0 0
0.00101010101010101 0.07229220710074491 0.21431988863812518 -0.04632042492832461 0 0 0
0.00101010101010101 -0.3790907580588317 -0.27195896223370386 0.1274618685874678 0 0 0
0.00101010101010101 0.32825761327941905 0.049246149909226024 -0.30523568376124915 0 0 0
0.00101010101010101 0.542646944906884 -0.22874473565803344 -0.03436083370637225 0 0 0
0.00101010101010101 -0.5838836394170996 -0.2425132684059657 0.10431510807804152 0 0 0
0.00101010101010101 0.09992470517164734 -0.010978670723062049 -0.14000495397585858 0 0 0
0.00101010101010101 0.41185869200349595 -0.14119542282375297 -0.36140559153320867 0 0 0
0.00101010101010101 0.2272684105128356 -0.1282979969000652 -0.1577632575295146 0 0 0
0.00101010101010101 0.10254113483981458 0.028549985642430727 -0.21581780405649553 0 0 0
0.00101010101010101 -0.37910981296148083 -0.11554540843308526 0.5149266714635001 0 0 0
0.00101010101010101 -0.08294495276248372 -0.499547283131031 -0.02550310085153197 0 0 0
0.00101010101010101 -0.2192696559515715 0.21078293791496203 0.4940291820149952 0 0 0
0.00101010101010101 -0.3279767870869286 -0.014735786494511518 0.11430264035052815 0 0 0
0.00101010101010101 0.608246636914633 -0.17895574319213628 0.20422587050045699 0 0 0
0.00101010101010101 0.04676514460706684 -0.4045457674771384 0.13172673996517684 0 0 0
0.00101010101010101 0.30643242553567257 -0.40105751953285596 -0.0033752474181829835 0 0 0
0.00101010101010101 0.030396594296480485 -0.3290187539178766 -0.08193289747622232 0 0 0
0.00101010101010101 -0.1534021771572163 0.2395072489856663 0.20445754659825927 0 0 0
0.00101010101010101 -0.36019435937824196 -0.4308813713805165 -0.38367951109546855 0 0 0
0.00101010101010101 0.08592353372502452 0.44884022603486773 -0.13053803804211192 0 0 0
0.00101010101010101 0.4289988541990884 0.22216482436593785 0.048105600320113365 0 0 0
0.00101010101010101 0.01715563509599914 -0.2719980861590524 0.33041449445998894 0 0 0
0.00101010101010101 -0.27820274815983115 0.2548841460638645 0.40439827420470625 0 0 0
0.00101010101010101 0.2734713063060119 0.177748380394398 0.5888173677223905 0 0 0
0.00101010101010101 -0.22851410580339798 0.31030208017303834 0.5234389711157321 0 0 0
0.00101010101010101 0.3711174842122839 0.12940461180125007 -0.31354718485460853 0 0 0
0.00101010101010101 -0.27000488898474684 -0.05937349507099251 0.22461077153308226 0 0 0
0.00101010101010101 0.4656090122812692 -0.1667362689563757 -0.18973866299447045 0 0 0
0.00101010101010101 -0.29658965661750025 -0.5489833873137238 -0.09015829167391634 0 0 0
0.00101010101010101 0.41803145097888933 0.2506362735387256 0.39241125141485284 0 0 0
0.00101010101010101 0.3445106237239175 -0.38872037975556917 0.2731899731616801 0 0 0
0.00101010101010101 0.0018126961230381254 -0.4156871144275827 0.5084756576561331 0 0 0
0.00101010101010101 0.1599050005560394 -0.5395678649580326 -0.20643478205347845 0 0 0
0.00101010101010101 -0.1914205757228471 0.33939093333218795 -0.10957202291081279 0 0 0
0.00101010101010101 0.16264317451616842 0.2860969781740655 -0.23551614621551778 0 0 0
0.00101010101010101 -0.42490887248845494 -0.07689683602953153 0.5320573658201505 0 0 0
0.00101010101010101 0.04137166485636588 0.5724045998199877 0.08830638139028595 0 0 0
0.00101010101010101 0.29161964965394 -0.09173046388582687 0.3346533655451873 0 0 0
0.00101010101010101 -0.07142993253102384 0.16057248710077346 0.4831813174152977 0 0 0
0.00101010101010101 -0.12418547289464751 0.1412759733299557 -0.2913602497405154 0 0 0
0.00101010101010101 0.5701249154673808 0.18512235799630147 0.10051459695439012 0 0 0
0.00101010101010101 -0.1748121631484327 0.0366410052198486 0.2573542522320282 0 0 0
0.00101010101010101 -0.4738404824101752 0.15331169614772397 -0.31956516974556715 0 0 0
0.00101010101010101 -0.07440338772762016 -0.010141442175230515 -0.26769320437369987 0 0 0
0.00101010101010101 0.1972207274861264 0.18325701561585478 -0.5743997649948208 0 0 0
0.00101010101010101 0.5927401857795673 0.17526295340867706 -0.09312345387612733 0 0 0
0.00101010101010101 0.14348878782649005 0.34010411651242106 0.3413375579196274 0 0 0
0.00101010101010101 -0.21439833919621087 0.2463314239376116 0.034067050874369474 0 0 0
0.00101010101010101 0.30223564916757706 0.23534774932890684 -0.10169276952361787 0 0 0
0.00101010101010101 -0.07125923671538097 -0.43584767249306605 -0.06556640153126142 0 0 0
0.00101010101010101 0.18943161415732954 -0.02970339551280999 0.6271529839904058 0 0 0
0.00101010101010101 -0.010252440566520278 0.5232331782792113 0.3154872591733379 0 0 0
0.00101010101010101 -0.2492522558886144 0.05963763658325856 -0.4140450582501259 0 0 0
0.00101010101010101 0.1479919953900968 -0.24758323321251402 0.03435503056194469 0 0 0
0.00101010101010101 -0.10263254357124059 0.20219642250240263 -0.10400476849536301 0 0 0
0.00101010101010101 0.0037491471146585582 -0.22725687857780336 -0.3464071492796715 0 0 0
0.00101010101010101 0.3120028172777221 -0.29348140563955627 0.2596362370730386 0 0 0
0.00101010101010101 -0.07439678964196587 0.23187426732458477 -0.03869864476713644 0 0 0
0.00101010101010101 -0.1376112815044094 0.5641553277126635 -0.22092833018497646 0 0 0
0.00101010101010101 0.24117514839840282 -0.21867640319078338 -0.48423852056934785 0 0 0
0.00101010101010101 0.031813607433702505 0.36810234113552254 -0.5135235754266904 0 0 0
0.00101010101010101 0.13571489641094525 -0.5379468451607882 0.347097652491083 0 0 0
0.00101010101010101 -0.4145947498299638 -0.19890449510787173 -0.04218032505018377 0 0 0
0.00101010101010101 -0.0699992431544665 -0.18491456700539052 0.10872542182447414 0 0 0
0.00101010101010101 -0.05498869622112721 -0.06611841272857633 0.2166453810128518 0 0 0
0.00101010101010101 -0.060589978550767115 0.25215625396927055 0.20338856110324047 0 0 0
0.00101010101010101 -0.46478727953818305 -0.1623505512402361 0.469424739151744 0 0 0
0.00101010101010101 -0.11199920293482292 0.0393121321223213 0.34078893244217234 0 0 0
0.00101010101010101 -0.03373047244977132 -0.12586260505646138 0.34285159866318865 0 0 0
0.00101010101010101 0.21335145543011888 -0.29093729598218465 -0.1988435749313814 0 0 0
0.00101010101010101 0.17592145482415478 0.5757891630290838 -0.27810505191903023 0 0 0
0.00101010101010101 0.3275939758492095 0.008336290943991092 -0.17475580827050402 0 0 0
0.00101010101010101 -0.06174273212421664 -0.21674638249075986 -0.08177322649728117 0 0 0
0.00101010101010101 -0.5272964999646631 -0.2658024046409533 -0.2236167725835116 0 0 0
0.00101010101010101 0.4483256584657164 -0.3801580818774131 -0.06674077233958052 0 0 0
0.00101010101010101 -0.1940892707984362 -0.46301196705975173 -0.025094537398121126 0 0 0
0.00101010101010101 -0.16768431391280764 0.08719405318495921 -0.22401196544519084 0 0 0
0.00101010101010101 0.29274482127328705 -0.060609336509867016 -0.5119455334971303 0 0 0
0.00101010101010101 -0.18669004219751886 0.35919761408891276 0.2945512554520834 0 0 0
0.00101010101010101 0.5818096638976485 0.2729835522406512 0.2282003031347228 0 0 0
0.00101010101010101 -0.2294103668351341 -0.008356339989469188 0.4788744763500213 0 0 0
0.00101010101010101 0.1372401616111274 0.3438681361187634 0.23298543922060502 0 0 0
0.00101010101010101 0.5880356251224047 0.18542860807798905 0.030790972051482225 0 0 0
0.00101010101010101 -0.28563855751517675 -0.46779741850853 0.13240510898929203 0 0 0
0.00101010101010101 0.16559198329588712 0.5899294718338304 -0.08208896392570347 0 0 0
0.00101010101010101 -0.19508067506616977 0.17214178177889514 0.5912295639135728 0 0 0
0.00101010101010101 0.03404064238421089 0.4174727979394264 0.2898793956927858 0 0 0
0.00101010101010101 0.3092907213957031 0.03346877854083136 -0.48878402596645915 0 0 0
0.00101010101010101 -0.16999701340346715 0.5232486879847205 0.23370392759418315 0 0 0
0.00101010101010101 0.4574040329165222 -0.17829659241350027 0.46624926400679917 0 0 0
0.00101010101010101 0.2429030017719895 -0.23571034166812008 -0.3813401679088419 0 0 0
0.00101010101010101 -0.10141917797754982 -0.4130643296118196 -0.23442818953479153 0 0 0
0.00101010101010101 0.314211273265907 -0.2623106042263627 -0.31953644233596623 0 0 0
0.00101010101010101 -0.4423277399403028 0.04811272189438451 -0.04911522466924794 0 0 0
0.00101010101010101 -0.2834435011277155 -0.27303089900330385 -0.5072723728042589 0 0 0
0.00101010101010101 -0.4097523065704122 0.531315623845237 -0.010045332641687096 0 0 0
0.00101010101010101 -0.21094475579005378 -0.03615587322143693 -0.0680259138068531 0 0 0
0.00101010101010101 -0.030973189707077943 -0.17469723872764306 0.17839553560374766 0 0 0
0.00101010101010101 -0.11279978093743857 -0.31866790078463564 0.39392380269492805 0 0 0
0.00101010101010101 -0.461001279403084 0.1861350770807923 0.4186394118385456 0 0 0
0.00101010101010101 0.0926893322617974 0.10438512398787066 -0.2915442738829987 0 0 0
0.00101010101010101 -0.18175487364392395 -0.3804194001346122 -0.09475025806901088 0 0 0
0.00101010101010101 0.35654855458707985 0.3698513452852655 -0.28672241297634493 0 0 0
0.00101010101010101 0.35326081453536456 0.10242837347051659 0.13537474262370788 0 0 0
0.00101010101010101 0.45824405695109216 -0.07912910264975864 -0.201714576603362 0 0 0
0.00101010101010101 -0.33878420032559015 0.2754420128732693 0.45121705466432327 0 0 0
0.00101010101010101 0.1580462327334561 -0.5199327693790543 0.22323320663904797 0 0 0
0.00101010101010101 -0.16949831077160246 -0.25382457918685886 -0.3958470175384858 0 0 0
0.00101010101010101 0.11511483969729565 -0.05872061459399619 -0.1479192889388285 0 0 0
0.00101010101010101 0.12059290595961655 -0.27058959594206305 -0.028896910197290904 0 0 0
0.00101010101010101 -0.4151066560993809 0.18292261685494762 0.4475757917454873 0 0 0
0.00101010101010101 0.11888055328742707 0.4078786904228362 0.17156757151930382 0 0 0
0.00101010101010101 0.5805742214598514 0.02498298746585223 -0.1748512029495942 0 0 0
0.00101010101010101 0.3722937594264133 -0.02125170919062943 -0.07052493038003786 0 0 0
0.00101010101010101 -0.033645428968405965 0.19254252443354467 -0.49393496359470457 0 0 0
0.00101010101010101 -0.47391909541695715 0.2135031257515809 0.1999955441639463 0 0 0
0.00101010101010101 -0.6130374711031263 -0.1946696911690364 0.0686491980702072 0 0 0
0.00101010101010101 -0.025763418737580864 0.6552992819695312 0.006885852333973831 0 0 0
0.00101010101010101 0.38502782597193663 0.14416431166657945 0.2744384937413136 0 0 0
0.00101010101010101 -0.09391889061686307 0.2612574097606859 -0.5903031596792886 0 0 0
0.00101010101010101 -0.06768822478235786 -0.374020148311002 0.09526271790240896 0 0 0
0.00101010101010101 0.19692279402320026 -0.13177073442391565 0.07173903598207716 0 0 0
0.00101010101010101 0.438361138651743 -0.0690937615031027 0.12194218851238663 0 0 0
0.00101010101010101 0.35791880539437537 0.15266339367435167 0.03850265956413513 0 0 0
0.00101010101010101 0.08939173441438583 0.21533849683032796 0.09670494799095333 0 0 0
0.00101010101010101 0.25944974314636554 -0.10251660725646025 -0.005068602307672284 0 0 0
0.00101010101010101 0.14933880954425413 -0.29498467752797963 -0.10905637453967519 0 0 0
0.00101010101010101 -0.15178868874357412 -0.2928089106797377 -0.5642771654399305 0 0 0
0.00101010101010101 -0.011775951012810969 -0.31698612807110205 0.0009883396059754818 0 0 0
0.00101010101010101 0.10966101440003304 -0.019364123134292418 -0.20347717912348165 0 0 0
0.00101010101010101 -0.15664809531964985 -0.4159361856915452 0.0401539539890692 0 0 0
0.00101010101010101 -0.45777812573177706 -0.41640101702314636 0.10415090050071872 0 0 0
0.00101010101010101 -0.38730497673237124 -0.4729199506478066 -0.29341689147777433 0 0 0
0.00101010101010101 0.25321338093468715 -0.1689314336620813 -0.19146188934608144 0 0 0
0.00101010101010101 0.07904983042215691 -0.1794574171101846 -0.6079533138994468 0 0 0
0.00101010101010101 -0.3826618017247364 0.11171496689294234 0.20657300540819348 0 0 0
0.00101010101010101 0.2167168148385998 0.0890115529606125 -0.3192951842693872 0 0 0
0.00101010101010101 -0.16485800709066023 0.5195342453539429 -0.2262611611642238 0 0 0
0.00101010101010101 -0.29722004197262436 0.19812090147547118 -0.17213438727477917 0 0 0
0.00101010101010101 -0.2984442608825497 0.3667056125581056 0.013142864403801068 0 0 0
0.00101010101010101 0.5942808385393721 -0.18587743074590296 0.0780147982332878 0 0 0
0.00101010101010101 0.25542475339650184 -0.11283083361686701 -0.32517954491126116 0 0 0
0.00101010101010101 0.13805825230721058 0.33853919164936225 -0.5425932205075713 0 0 0
0.00101010101010101 0.12231844991903981 -0.18219030299391334 0.3681872550405876 0 0 0
0.00101010101010101 -0.02370995064639467 0.46691663871925154 -0.26436776548623064 0 0 0
0.00101010101010101 0.23134699698709094 0.3920444432234073 -0.4680833755531677 0 0 0
0.00101010101010101 0.545966023049412 0.14775727267755467 0.12225384461648095 0 0 0
0.00101010101010101 0.24703198362377946 0.10251968027419027 0.5046306748144153 0 0 0
0.00101010101010101 -0.30917820016393927 0.009900933593029062 0.3816737245550842 0 0 0
0.00101010101010101 0.22144366727745113 -0.4942824659416581 0.3177935847849627 0 0 0
0.00101010101010101 0.13463296549329806 0.5976452130786462 0.2637827332876955 0 0 0
0.00101010101010101 -0.5015109855896942 -0.23889045176309537 -0.2799471730565294 0 0 0
0.00101010101010101 -0.23002133328467206 -0.39468284280906984 -0.3377844388314218 0 0 0
0.00101010101010101 0.11003347083740757 0.5342307595692872 -0.362282124468852 0 0 0
0.00101010101010101 -0.042548523041590784 0.23337676998698975 0.3009034835052397 0 0 0
0.00101010101010101 0.17018970136808137 0.5004950415464382 0.3299889752553186 0 0 0
0.00101010101010101 0.1369990476746117 -0.6495061621922826 -0.03940173804660298 0 0 0
0.00101010101010101 0.24339363052164614 0.38291797890703155 0.520237208353867 0 0 0
0.00101010101010101 -0.13167044755063004 0.21148110294911207 0.39126162502593437 0 0 0
0.00101010101010101 -0.015895555980091496 -0.5788973652697426 -0.2927804626399214 0 0 0
0.00101010101010101 -0.17836149954793473 0.20209829152008804 -0.44644703745156356 0 0 0
0.00101010101010101 0.0842946854156325 0.5746036267705796 -0.23973795333505662 0 0 0
0.00101010101010101 -0.11768248818123452 0.4565424819796193 -0.40753607770985 0 0 0
0.00101010101010101 0.11976764577647835 0.13643698777573243 -0.12662359830506045 0 0 0
0.00101010101010101 -0.2871839716931687 -0.41406418141907353 -0.21960780306557887 0 0 0
0.00101010101010101 -0.2561860745856218 0.5304438981298778 0.058894400440077335 0 0 0
0.00101010101010101 -0.0808260545547985 0.10093306865111601 -0.1573210540475937 0 0 0
0.00101010101010101 -0.3607491368876998 0.26342451582688114 0.23210134510304628 0 0 0
0.00101010101010101 -0.07740479083612813 0.6342536153087329 0.1485641080012116 0 0 0
0.00101010101010101 0.48901509425447104 0.4503954356901312 -0.03554609133878289 0 0 0
0.00101010101010101 0.22042594917305702 0.3620293036173142 0.22724354603649652 0 0 0
0.00101010101010101 -0.32304670434573074 0.44135090821321477 0.1017366984946151 0 0 0
0.00101010101010101 0.08014156308249344 0.39954564508542173 0.07009367940924055 0 0 0
0.00101010101010101 0.3588221742401639 -0.35106120007514563 0.32943075619889495 0 0 0
0.00101010101010101 0.405865125868346 -0.1471474632994808 0.2188619500184948 0 0 0
0.00101010101010101 0.20790193257084677 0.13774102563869567 -0.25410552580001083 0 0 0
0.00101010101010101 -0.09731762185114916 0.39293249460909757 -0.32950874286821213 0 0 0
0.00101010101010101 -0.08160851340934845 0.023250943319482024 0.23644434851677346 0 0 0
0.00101010101010101 0.19117502167364497 0.12835181309638125 0.3911710433887911 0 0 0
0.00101010101010101 -0.6095663224759519 -0.1422260600897414 -0.1959721822156331 0 0 0
0.00101010101010101 -0.06643536570557321 0.42350028371120224 -0.378577783385428 0 0 0
0.00101010101010101 0.022317376677984325 -0.09486347201194287 0.6462846498533721 0 0 0
0.00101010101010101 -0.016833981627775815 -0.36918183291194684 -0.21663223181812535 0 0 0
0.00101010101010101 -0.0674411470807342 0.4582497255690538 -0.11123106274943823 0 0 0
0.00101010101010101 0.4194388304066888 0.2275000232200403 -0.4240283173731047 0 0 0
0.00101010101010101 0.013844239665367877 0.08196519179463324 0.1444771890542855 0 0 0
0.00101010101010101 0.2847632353458506 -0.5810797309878047 0.1331778846188746 0 0 0
0.00101010101010101 0.48419347896868825 0.14557772330354304 -0.43627080911435673 0 0 0
0.00101010101010101 0.07287135580512392 0.22793439606025098 0.5891926840193317 0 0 0
0.00101010101010101 0.22198713297670353 -0.23946179444855112 0.4114833659893703 0 0 0
0.00101010101010101 0.1811782644928016 -0.6036863633038756 -0.08548688382842141 0 0 0
0.00101010101010101 -0.2206220022018194 0.36566008772911923 0.41918602847024233 0 0 0
0.00101010101010101 -0.34262058420694963 0.12944578069337923 -0.4727347004751171 0 0 0
0.00101010101010101 0.30891187595839137 0.04651582187582735 0.21808196975064073 0 0 0
0.00101010101010101 -0.03626834549350055 -0.391474135844145 0.36877730737499864 0 0 0
0.00101010101010101 -0.036081477795075166 0.11711847053353423 -0.6152643110570203 0 0 0
0.00101010101010101 -0.26774434340658726 -0.10687266594015184 0.06250019176626644 0 0 0
0.00101010101010101 -0.6377401601025156 0.0460850142827486 0.196721750720836 0 0 0
0.00101010101010101 0.47403160912411285 -0.08846665244826186 -0.19517626581575 0 0 0
0.00101010101010101 -0.3994945936649227 -0.354797659588752 -0.2590559439667236 0 0 0
0.00101010101010101 -0.08471527981196834 -0.5371205307877311 -0.18651281557853958 0 0 0
0.00101010101010101 -0.37792575851659577 0.08939860424590433 0.5054813975210397 0 0 0
0.00101010101010101 -0.057716027903939454 0.45950141966603797 0.42739995368172856 0 0 0
0.00101010101010101 0.37886835533703755 0.16278421983779984 0.5173170668800077 0 0 0
0.00101010101010101 -0.3779517852664253 -0.07242160231279489 0.17610690847025767 0 0 0
0.00101010101010101 0.005674219463920748 0.06102230340792189 0.14385775742955365 0 0 0
0.00101010101010101 0.2581594481373831 -0.030593021021301698 -0.21873518689877294 0 0 0
0.00101010101010101 0.3374665646922944 -0.4215016459645035 -0.31084068206299587 0 0 0
0.00101010101010101 0.4025083756806389 0.4270505522537964 -0.12554936202000483 0 0 0
0.00101010101010101 0.16389082741784675 -0.37349610295887 0.17710887587489485 0 0 0
0.00101010101010101 -0.2729305000667574 -0.38522748121133343 0.12264463224925559 0 0 0
0.00101010101010101 0.4655395620029411 -0.29787141037903286 -0.3141924843391169 0 0 0
0.00101010101010101 0.19207807202762583 0.1493734348684981 0.4215737211409181 0 0 0
0.00101010101010101 -0.3319468091648559 -0.06585177482909917 0.5845993301078694 0 0 0
0.00101010101010101 0.3220379187980513 0.2881135167832743 -0.3450687861677795 0 0 0
0.00101010101010101 0.2429065066175095 0.005475199204726692 0.3723742258800417 0 0 0
0.00101010101010101 -0.5063178881688034 -0.1564699618691385 0.24095744706268168 0 0 0
0.00101010101010101 0.49269115243493994 -0.0577689829036746 -0.019502200154100383 0 0 0
0.00101010101010101 0.15555796718526654 0.1265972788210016 -0.2543026433507992 0 0 0
0.00101010101010101 0.018828264005396656 0.3851751110209994 -0.2560776691550607 0 0 0
0.00101010101010101 -0.26771831620804176 -0.2748171240331925 -0.31085023556120295 0 0 0
0.00101010101010101 -0.1228376027820194 -0.37764155642588815 0.4005761213101613 0 0 0
0.00101010101010101 0.007919682045170701 0.32176428781955047 0.11879119367853964 0 0 0
0.00101010101010101 -0.12897237456551577 -0.042885750950525256 -0.02323860133678898 0 0 0
0.00101010101010101 -0.19879872604496712 0.2633800160949781 0.03116401031921087 0 0 0
0.00101010101010101 -0.16251081079470014 -0.3013660680339516 -0.3856430439758693 0 0 0
0.00101010101010101 -0.21717425733076873 0.20370339228414489 -0.5702546859535893 0 0 0
0.00101010101010101 -0.2000852729718563 -0.5566700512201127 0.196771618928751 0 0 0
0.00101010101010101 -0.07214113058349746 0.18429939751879676 -0.04411009850748251 0 0 0
0.00101010101010101 0.41406869554384274 -0.26126557393055744 -0.4329241365857729 0 0 0
0.00101010101010101 0.31167106240092946 0.14389996457139542 0.21643762984050363 0 0 0
0.00101010101010101 -0.21867306569222472 0.18239545669112955 0.47205142701559294 0 0 0
0.00101010101010101 0.3662003018137544 0.4494003898732143 -0.08117100698391085 0 0 0
0.00101010101010101 -0.5112824609496979 0.18164925065047674 -0.3324889682446907 0 0 0
0.00101010101010101 0.10356567725630729 -0.23570295509033576 -0.3583332808272557 0 0 0
0.00101010101010101 0.23280238365948663 -0.08899003980912318 -0.47893041386772 0 0 0
0.00101010101010101 0.0672939772018438 0.4821851020428617 -0.4620379929224035 0 0 0
0.00101010101010101 0.46576927284364933 0.4426957932500074 -0.2516016174033866 0 0 0
0.00101010101010101 -0.3194994752220801 -0.04657708108961017 0.06062397520563331 0 0 0
0.00101010101010101 0.2739852823705688 0.16412176046381097 0.2668848887477092 0 0 0
0.00101010101010101 0.060452681255440274 -0.04227156774794625 -0.06160085620735076 0 0 0
0.00101010101010101 0.0038146944466506275 -0.08147679717376312 -0.5767400405451814 0 0 0
0.00101010101010101 -0.19625094475792978 0.2742367084473989 -0.377404022829461 0 0 0
0.00101010101010101 0.16187764291077875 0.016765316055997254 -0.12423962366606393 0 0 0
0.00101010101010101 -0.06334545355791116 0.3347601402620302 -0.37293465981760593 0 0 0
0.00101010101010101 0.20643091391568286 -0.40535952936619685 0.31185561935658235 0 0 0
0.00101010101010101 0.6524282006417038 -0.04593978978591129 0.028940004428950165 0 0 0
0.00101010101010101 -0.4096104762249054 -0.5103448792698484 -0.13214241169141844 0 0 0
0.00101010101010101 -0.43270434989752793 -0.049690566266906794 -0.2099655113309984 0 0 0
0.00101010101010101 0.40638697234919974 0.0630946622586632 0.5393380258748977 0 0 0
0.00101010101010101 0.5149637126985869 0.10245331506349598 -0.3480849299931907 0 0 0
0.00101010101010101 -0.07695532061430532 0.3958779397136903 -0.2729388168564844 0 0 0
0.00101010101010101 -0.42412461230066095 -0.4594707314903839 -0.1816322870832021 0 0 0
0.00101010101010101 0.42567044896885653 -0.05183809982803687 0.017414912491646183 0 0 0
0.00101010101010101 0.14317966688705455 -0.053746094772700544 -0.62071338590041 0 0 0
0.00101010101010101 0.3620320655498269 0.31732783886075905 -0.39871199543148333 0 0 0
0.00101010101010101 0.608138845583411 0.18762362928243076 0.18458374449190504 0 0 0
0.00101010101010101 0.5675751555728302 -0.14427003875734706 -0.34485086913217605 0 0 0
0.00101010101010101 -0.31799332543588277 -0.24062868486554825 0.5640521420257238 0 0 0
0.00101010101010101 0.12385854881155538 -0.5925839442856119 0.1616770182311385 0 0 0
0.00101010101010101 -0.3396272183024125 -0.09768376617833739 0.014284695054382473 0 0 0
0.00101010101010101 -0.055042339339954977 -0.10474145681569286 0.42665166811081195 0 0 0
0.00101010101010101 0.4275956550139645 -0.27325601416941875 0.08650593346303528 0 0 0
0.00101010101010101 0.40658961592819665 0.3202114154364492 0.31009659910057535 0 0 0
0.00101010101010101 -0.43841271800858983 -0.14813308783119752 0.11581207379118516 0 0 0
0.00101010101010101 -0.04450285403706256 -0.2932809951855643 0.09662000933127181 0 0 0
0.00101010101010101 -0.11482190036817425 -0.29868816798651093 -0.32296084628387256 0 0 0
0.00101010101010101 0.11792314684253102 0.15306396418079957 -0.5377211829447821 0 0 0
0.00101010101010101 0.17247018781240517 -0.04134503999920504 0.6003822755895232 0 0 0
0.00101010101010101 0.041930619539841986 0.32147023548192927 -0.35327178350299054 0 0 0
0.00101010101010101 0.5839336163095821 0.029259940436343262 -0.31630386973504104 0 0 0
0.00101010101010101 0.2500632329880174 -0.24524962238848583 0.5302968149473283 0 0 0
0.00101010101010101 0.41622433461524805 -0.13937322246122624 -0.23336301649714758 0 0 0
0.00101010101010101 0.623942549099198 0.02958686849902212 0.17051964982481815 0 0 0
0.00101010101010101 -0.43143745130089867 -0.25437147156023177 -0.0023858122405974 0 0 0
0.00101010101010101 0.45713722842204424 -0.1757631450445739 0.015443203839114532 0 0 0
0.00101010101010101 0.21874335328217825 0.631502914986683 -0.1469118229377411 0 0 0
0.00101010101010101 -0.29037685164311533 0.5594654445423839 -0.22131321041590757 0 0 0
0.00101010101010101 0.28364366032747207 -0.32510816364491024 -0.36709284465850395 0 0 0
0.00101010101010101 -0.30498568927089886 -0.11592771434453288 -0.2531575619108836 0 0 0
0.00101010101010101 0.014102073384258493 0.0022399941986672883 0.14309271177070107 0 0 0
0.00101010101010101 0.47884410896688695 -0.3798070291255896 -0.164796612025535 0 0 0
0.00101010101010101 0.457610881160232 -0.2454719194779853 -0.35404762563956255 0 0 0
0.00101010101010101 -0.043814726861223854 0.10265203064173752 0.17071147094728092 0 0 0
0.00101010101010101 0.015749971944257857 -0.46233510172671916 0.1794951026392792 0 0 0
0.00101010101010101 -0.19819338322767144 0.36298186228767126 0.400077680976728 0 0 0
0.00101010101010101 -0.18651320142746294 0.5929699935932178 -0.13349611328452232 0 0 0
0.00101010101010101 0.5883523284475892 -0.186963367547164 -0.20552672059906013 0 0 0
0.00101010101010101 -0.03305278865509741 -0.05128740518065056 0.04386162611651385 0 0 0
0.00101010101010101 -0.38916362539120725 0.347432493931633 -0.34261326949650817 0 0 0
0.00101010101010101 -0.09750524678689214 -0.2541876405019169 0.41126029834129685 0 0 0
0.00101010101010101 -0.3722313723659125 -0.03092757632479706 0.014405650536576203 0 0 0
0.00101010101010101 -0.22132749013539588 0.35763853965807363 0.07937336881604981 0 0 0
0.00101010101010101 -0.13138530934563075 0.17022745796065752 0.6060725484324061 0 0 0
0.00101010101010101 0.25879989584289464 0.18121740458111993 -0.29861019690852064 0 0 0
0.00101010101010101 -0.02488677608062521 0.34351101422440306 0.1780784679526982 0 0 0
0.00101010101010101 -0.4177317681489738 -0.18346128151473742 -0.12425203920167371 0 0 0
0.00101010101010101 -0.10345029507484328 -0.11193507772932593 0.19413818491025048 0 0 0
0.00101010101010101 -0.3208393797377495 0.06557160540148445 0.24283415301201486 0 0 0
0.00101010101010101 0.3028066709575834 -0.1539716642557947 -0.020777474800500437 0 0 0
0.00101010101010101 -0.331348514486609 0.5151381604013164 0.20540237369301034 0 0 0
0.00101010101010101 -0.23722819017475297 0.3361015315334034 -0.25939513903083544 0 0 0
0.00101010101010101 -0.16081524497092417 0.02728712449971495 0.04382126278538475 0 0 0
0.00101010101010101 -0.15817177137309585 -0.20676842268521356 -0.3660922032901114 0 0 0
0.00101010101010101 0.005819633679951727 0.6309089168106542 -0.21447273378201462 0 0 0
0.00101010101010101 0.3473728173771763 0.3328471390740249 0.33097162471702524 0 0 0
0.00101010101010101 0.5730373896527032 -0.07195181678195423 0.26022374147175686 0 0 0
0.00101010101010101 0.17701416082155305 0.2583731474653612 -0.22570053083627847 0 0 0
0.00101010101010101 0.05319006459918316 0.2633716663682546 -0.45555694755545345 0 0 0
0.00101010101010101 -0.15597030408537607 0.27711843666358166 -0.00468891264802578 0 0 0
0.00101010101010101 0.10153246585519075 0.5484591351821372 -0.37228865476232925 0 0 0
0.00101010101010101 0.6177178386445413 0.118305580505809 -0.28570551551905765 0 0 0
0.00101010101010101 -0.2721290956741184 0.22855554232937683 -0.3311387807083795 0 0 0
0.00101010101010101 0.053590046126340066 -0.4905992084103418 0.35407731462898673 0 0 0
0.00101010101010101 0.0729219413811156 0.5727970696732055 -0.14916098630283858 0 0 0
0.00101010101010101 0.0602189111659827 0.36529165307708295 -0.3351320630082657 0 0 0
0.00101010101010101 0.5368717602739534 -0.2684246791226765 0.20218104630212896 0 0 0
0.00101010101010101 -0.11105314618422844 0.08030125396524812 0.6632493430883251 0 0 0
0.00101010101010101 0.49816763450597856 -0.4068954452801244 -0.02940389814624057 0 0 0
0.00101010101010101 0.11054812705761537 -0.5810546506174112 0.15660199621672857 0 0 0
0.00101010101010101 -0.07107607508463133 -0.07879631729125329 0.6391390256415489 0 0 0
0.00101010101010101 0.4227463784042979 -0.41516284625428396 0.06683743879733892 0 0 0
0.00101010101010101 0.1046964887908675 0.1892335700565687 -0.4734606975722842 0 0 0
0.00101010101010101 -0.3694658986155836 -0.14854968788519124 0.3064087267207385 0 0 0
0.00101010101010101 -0.017246642211715256 0.40486014354700156 0.5114723052171009 0 0 0
0.00101010101010101 -0.1516216446889588 0.19387732266596772 0.5068990637107914 0 0 0
0.00101010101010101 -0.4627453108858787 0.21533093181016805 0.16660459139086922 0 0 0
0.00101010101010101 0.139269419767182 0.5819771148549756 0.17311024173627568 0 0 0
0.00101010101010101 -0.6591901121271733 -0.09906495764835102 -0.17363753994787026 0 0 0
0.00101010101010101 -0.26332330297215445 0.6031880350215824 -0.035132176507667416 0 0 0
0.00101010101010101 0.16655622289106203 0.0262489512919289 0.3111166537130251 0 0 0
0.00101010101010101 0.5853763238529972 -0.18604657617195525 0.045202575712596296 0 0 0
0.00101010101010101 0.19281355882246515 -0.38074127212799747 -0.47406979019849826 0 0 0
0.00101010101010101 0.4798177334618577 0.15212143946914183 0.3452161160299162 0 0 0
0.00101010101010101 -0.1116220488324807 0.3987659417763789 -0.18951473637327138 0 0 0
0.00101010101010101 -0.3364768163628589 -0.2214356208872313 0.3555560051018831 0 0 0
0.00101010101010101 -0.3629708500963714 0.03518508081736243 0.5868862369227423 0 0 0
0.00101010101010101 -0.0728898157901824 0.285394054566743 0.20061823553293415 0 0 0
0.00101010101010101 0.08668159605281538 -0.21719351798080413 0.44362843454625805 0 0 0
0.00101010101010101 0.20169520453991174 -0.457308331847302 0.3888322702733994 0 0 0
0.00101010101010101 -0.6682808758066164 0.03712566669332771 0.0361975421090104 0 0 0
0.00101010101010101 0.48349636805717117 -0.17711663046983186 -0.3090530806914904 0 0 0
0.00101010101010101 -0.11354406775022703 0.09908168309095465 -0.42020471623276584 0 0 0
0.00101010101010101 -0.320967917695628 0.4704690880338214 0.11697553644155317 0 0 0
0.00101010101010101 -0.5508856488530308 0.31455625132037013 0.27759988118325546 0 0 0
0.00101010101010101 -0.2454938083030647 -0.5622800411593726 -0.22802544852320794 0 0 0
0.00101010101010101 -0.34530377285363434 -0.36118301104267353 0.4362762229397972 0 0 0
0.00101010101010101 -0.057205644331125564 0.40215308504933234 -0.4192324987072178 0 0 0
0.00101010101010101 0.5366013287407446 0.20250768809102918 -0.1296753767232566 0 0 0
0.00101010101010101 0.2327966522922046 0.012401913738013325 -0.42478936879476115 0 0 0
0.00101010101010101 -0.006264180347055532 0.6768576336368589 -0.01624774164134155 0 0 0
0.00101010101010101 0.2837072581948545 0.329378113975299 0.3166354142468057 0 0 0
0.00101010101010101 0.5436457085002675 0.01695601948784494 -0.14293233455685256 0 0 0
0.00101010101010101 -0.19251997834661275 0.02332563045228646 0.5471765779930882 0 0 0
0.00101010101010101 0.14206141998581023 -0.33643365026416394 -0.3425413557945395 0 0 0
0.00101010101010101 -0.2900303486016808 0.01365146834655613 0.2834365486107047 0 0 0
0.00101010101010101 -0.3934181686662353 -0.08534075877393402 0.4689477398767771 0 0 0
0.00101010101010101 0.25101864512745875 -0.3324705905349643 -0.45953287897849837 0 0 0
0.00101010101010101 0.3792378351216597 -0.14484812151754198 0.3305128279945827 0 0 0
0.00101010101010101 0.3159410991199869 -0.18412547585409608 -0.43598297235745925 0 0 0
0.00101010101010101 -0.0840685071843324 -0.4232382785025819 -0.5009127155504146 0 0 0
0.00101010101010101 -0.2516611839033684 0.18217968621479122 -0.25613771153070897 0 0 0
0.00101010101010101 -0.5683083569702134 0.00833769246880824 0.32848373470104564 0 0 0
0.00101010101010101 -0.04930942094654424 -0.019678000694053746 -0.6331059590146423 0 0 0
0.00101010101010101 0.4884760561561717 -0.1189705821042233 -0.17199590384201907 0 0 0
0.00101010101010101 -0.11385084627816337 0.06695764476353902 -0.43799959392475857 0 0 0
0.00101010101010101 0.019927130045906908 0.5295312566046041 0.08731501000420683 0 0 0
0.00101010101010101 0.2447034505492238 0.2910359562159811 -0.034135436777711525 0 0 0
0.00101010101010101 -0.47343933397542226 0.11823334444024419 -0.3600120882142841 0 0 0
0.00101010101010101 -0.5376316838644557 0.09760383385514304 0.1682881126581535 0 0 0
0.00101010101010101 -0.15282539968942194 0.31173077353601975 -0.5248619451946535 0 0 0
0.00101010101010101 0.42047273702228627 0.26388330527793846 0.11531749589977024 0 0 0
0.00101010101010101 0.1583936885090354 -0.30342046539479606 0.4234719301403908 0 0 0
0.00101010101010101 -0.15633606119378426 0.1924462771308265 -0.04327210346004394 0 0 0
0.00101010101010101 0.18000962108593682 0.08578271788760275 -0.1446902793891043 0 0 0
0.00101010101010101 -0.5049802783185341 -0.06259978355568646 -0.20738376606498615 0 0 0
0.00101010101010101 0.10124982401156549 0.10234771647666559 -0.03182743506741235 0 0 0
0.00101010101010101 0.09759589876986 0.41866212603944547 -0.3074804711696096 0 0 0
0.00101010101010101 -0.14252304933059917 0.07373223682140911 0.2537317122399069 0 0 0
0.00101010101010101 0.23176421511195816 -0.5015237419401979 -0.20336834209666657 0 0 0
0.00101010101010101 0.04721778166454398 0.280483954148974 -0.4696712779405644 0 0 0
0.00101010101010101 0.44686135105837504 0.2415360854363823 0.03282032830508531 0 0 0
0.00101010101010101 -0.47012362472161434 0.3348829484815335 -0.26702841393813714 0 0 0
0.00101010101010101 0.20403458959981552 -0.4466685271680975 0.42755028175094456 0 0 0
0.00101010101010101 0.5165130257577353 0.13580510966504009 0.2731281362220189 0 0 0
0.00101010101010101 0.23999125252894865 0.19356349816230004 -0.4117024809511097 0 0 0
0.00101010101010101 0.2671663767759334 0.2199297547826412 -0.37073864238439713 0 0 0
0.00101010101010101 0.009555559085052326 0.14055723834725245 0.051309596112696566 0 0 0
0.00101010101010101 -0.31957128356758024 -0.566077688161868 0.09906959840103323 0 0 0
0.00101010101010101 0.019306175339465763 0.15926506580426555 0.43811965241543005 0 0 0
0.00101010101010101 -0.43038190174219 0.36905736869894723 -0.1986203106053353 0 0 0
0.00101010101010101 -0.29929356059285245 -0.3894533010341096 -0.19712126646319325 0 0 0
0.00101010101010101 -0.39896672901442676 0.3229697682975624 0.2762579992006214 0 0 0
0.00101010101010101 0.2661694918930666 -0.07521079066862776 0.14993285260494524 0 0 0
0.00101010101010101 -0.39769446681281284 -0.20156381663530476 -0.3893497701097071 0 0 0
0.00101010101010101 0.11628602079880725 -0.0544810181320143 0.07716383243744977 0 0 0
0.00101010101010101 -0.6646447107647361 -0.0782924280732054 -0.09439549471734553 0 0 0
0.00101010101010101 0.34607429479242297 -0.2940749172375432 -0.14433391302461343 0 0 0
0.00101010101010101 0.29730761859028876 -0.10131883564419088 0.5924636333605766 0 0 0
0.00101010101010101 -0.24511889088339636 0.007758845619472322 0.5634723616424294 0 0 0
0.00101010101010101 0.286747918973789 -0.0975699109407916 0.30471245910310885 0 0 0
0.00101010101010101 0.035177729878680196 -0.27311277974991316 0.17445459636868976 0 0 0
0.00101010101010101 0.5787896806700837 0.20775961759254244 -0.2853845413035412 0 0 0
0.00101010101010101 -0.5954783692340454 -0.22484601188903994 0.07005706614472394 0 0 0
0.00101010101010101 -0.4602539709903752 0.20701672381546238 0.3410818520413574 0 0 0
0.00101010101010101 0.22831512705625834 -0.03868949707316919 0.6110005261422028 0 0 0
0.00101010101010101 0.002645137950830594 -0.3750814482242036 -0.15581354377837053 0 0 0
0.00101010101010101 -0.10062765307749617 0.1527830954233319 0.5751289589005496 0 0 0
0.00101010101010101 -0.14747682788891253 -0.3411232818569561 0.03498230478121841 0 0 0
0.00101010101010101 0.2539078497070883 -0.23534461350211697 -0.3884373142604617 0 0 0
0.00101010101010101 -0.2638388182806377 -0.027712381682847897 0.3520214212354655 0 0 0
0.00101010101010101 -0.1929881026776716 0.35435450471531305 -0.5518427916380212 0 0 0
0.00101010101010101 0.37253246389997546 0.3459071524937601 -0.04565956804808293 0 0 0
0.00101010101010101 -0.26471102664248614 -0.18525239556284823 0.23360668029285783 0 0 0
0.00101010101010101 0.3448204527307659 -0.10667064771949755 0.31110719186125896 0 0 0
0.00101010101010101 0.2742370261590549 0.18291808890979047 -0.29098296249484434 0 0 0
0.00101010101010101 -0.24514633347499704 -0.3071467540933062 0.020453204794645817 0 0 0
0.00101010101010101 -0.3910809814659905 -0.1477372895250495 0.32223147874545904 0 0 0
0.00101010101010101 -0.5853273362994501 0.31262243295311326 -0.05236598289062299 0 0 0
0.00101010101010101 0.11106246615773527 0.49048293962673617 -0.033215994781148624 0 0 0
0.00101010101010101 0.15446467445531456 -0.435294039786329 -0.33640432920634017 0 0 0
0.00101010101010101 -0.23582917765735853 0.026522642709338892 -0.5581210954574599 0 0 0
0.00101010101010101 0.0702590960561946 -0.07362271842828245 -0.3134337613789473 0 0 0
0.00101010101010101 0.5475021673135161 -0.2288879871773811 0.16038796174902464 0 0 0
0.00101010101010101 -0.55001713293074 -0.38450403783835674 0.16459908339227863 0 0 0
0.00101010101010101 0.06463114666770686 -0.24852819579724944 0.08271754606419576 0 0 0
0.00101010101010101 -0.3890424770706681 0.24154247582181765 0.31826175560802833 0 0 0
0.00101010101010101 -0.3212028888482523 0.003486545298384108 0.5663422761170991 0 0 0
0.00101010101010101 -0.26620553727884605 -0.28718042197728155 -0.2257488140976914 0 0 0
0.00101010101010101 -0.00906165723654932 -0.08328667252534033 0.2510078671508706 0 0 0
0.00101010101010101 0.2703906849246153 -0.6190330792656398 0.11837203827587482 0 0 0
0.00101010101010101 0.06308956025804348 -0.5035037063816866 0.23842167257446256 0 0 0
0.00101010101010101 -0.20971542820207442 -0.3424148533345568 0.22812936314552731 0 0 0
0.00101010101010101 -0.2877277476190393 0.09830975928257568 -0.1619313616230632 0 0 0
0.00101010101010101 -0.12569344783645664 0.07032923363770441 0.1912330988647505 0 0 0
0.00101010101010101 -0.3316252185308835 0.12914461137442038 0.20869056564321914 0 0 0
0.00101010101010101 -0.0691543774298783 0.46579005537834073 -0.2840104734891311 0 0 0
0.00101010101010101 0.1670747101681903 -0.5894652395037419 -0.03611708511198869 0 0 0
0.00101010101010101 0.16492546520027637 0.10512102690949686 0.48442244475675006 0 0 0
0.00101010101010101 0.2010241281359457 0.39655698502863246 -0.3564838001075445 0 0 0
0.00101010101010101 -0.1411546309468416 0.14733672826523955 -0.31924677322918565 0 0 0
0.00101010101010101 0.5379030343399086 -0.3375013400770053 0.018545186630892198 0 0 0
0.00101010101010101 -0.16251648588446407 -0.16601837554992643 -0.515848145811222 0 0 0
0.00101010101010101 0.3796812345356885 -0.20380219729906465 -0.5047496702862487 0 0 0
0.00101010101010101 0.4927698472317068 -0.1337019364912853 -0.23604365817601275 0 0 0
0.00101010101010101 0.08735699168416075 -0.03262460494531017 -0.22650675229782108 0 0 0
0.00101010101010101 -0.08292435191817274 0.07283016751742638 0.5070140548747701 0 0 0
0.00101010101010101 -0.3555796720417543 -0.46633544746589195 0.10640160075874847 0 0 0
0.00101010101010101 0.20117104383550666 -0.4177046294136193 -0.29648966994820447 0 0 0
0.00101010101010101 0.3327685752887546 0.051736286993837845 -0.1865213906258767 0 0 0
0.00101010101010101 0.2572851078294133 -0.3272297293431758 0.3371579230988231 0 0 0
0.00101010101010101 0.306346464926655 -0.09689593962818033 0.2366520623807193 0 0 0
0.00101010101010101 -0.24249926657481316 0.31785630389055164 0.15326672849560696 0 0 0
0.00101010101010101 0.025818567149486188 -0.39035161914470123 -0.13376522663483947 0 0 0
0.00101010101010101 -0.3029811993414481 0.026497697536049865 0.6120191925569499 0 0 0
0.00101010101010101 0.24443450888820428 -0.5095547456221735 -0.2229000989221147 0 0 0
0.00101010101010101 -0.1157279549965177 0.13984615878505544 0.6155257787199312 0 0 0
0.00101010101010101 0.55246968626568 -0.23929946774353897 -0.23418438552493206 0 0 0
0.00101010101010101 -0.06724978202022121 -0.10897175260402558 -0.564916629576698 0 0 0
0.00101010101010101 0.17305679733749404 -0.36865958326235243 0.3375371326565683 0 0 0
0.00101010101010101 0.046068556084654266 -0.12859742810813385 0.6163257985876531 0 0 0
0.00101010101010101 -0.3919829619017589 0.43649020515750636 0.22692167881894215 0 0 0
0.00101010101010101 -0.4404264376026523 0.3236833213084521 0.0411863487939566 0 0 0
0.00101010101010101 0.40814132014433624 0.2570019002067173 -0.15359197169369432 0 0 0
0.00101010101010101 0.13567126956375686 0.030242179216422034 0.6409173816856109 0 0 0
0.00101010101010101 0.23245925504944315 0.01634854218244394 0.24023730869691665 0 0 0
0.00101010101010101 -0.16442670664207823 -0.28754817864453736 -0.30648622338988935 0 0 0
0.00101010101010101 -0.2964396594891472 -0.5772883559695164 0.03101545956210249 0 0 0
0.00101010101010101 -0.12512474160108694 0.02216302294189157 0.4102008431855171 0 0 0
0.00101010101010101 -0.03972630073883008 -0.27414125254871463 0.3629097053498825 0 0 0
0.00101010101010101 -0.2591562178785101 -0.036587175435685924 -0.2642590795377859 0 0 0
0.00101010101010101 0.06872376949500356 -0.07862005736798652 0.4774228360810732 0 0 0
0.00101010101010101 0.13103436363231152 -0.29723925263623485 0.3774098353420931 0 0 0
0.00101010101010101 0.2382502419542849 0.055878191570657244 -0.028879592896950412 0 0 0
0.00101010101010101 0.35953914095506073 0.06288424980106426 -0.4026087284229994 0 0 0
0.00101010101010101 0.038439387091738664 0.6553803068411701 0.0033510482359604505 0 0 0
0.00101010101010101 -0.058789325605242616 0.3595453075290541 -0.2851628524019243 0 0 0
0.00101010101010101 -0.20061720101248864 -0.1969774190982066 -0.5798239290347161 0 0 0
0.00101010101010101 0.1504342159254924 0.2515919471493965 0.06157604655046459 0 0 0
0.00101010101010101 -0.37169614841877935 -0.05890256563302826 -0.48439013564709293 0 0 0
0.00101010101010101 0.08233843238634832 -0.44195065602706246 0.48554141089601055 0 0 0
0.00101010101010101 0.20663436126124435 0.5774177675240597 0.26891447170902577 0 0 0
0.00101010101010101 -0.03350253633735944 -0.469291396678545 0.3828870556839487 0 0 0
0.00101010101010101 -0.1203196457738156 0.5259630404930266 0.03542004513381185 0 0 0
0.00101010101010101 0.20659000109759115 -0.004481478024183185 0.31589643719906224 0 0 0
0.00101010101010101 -0.5114441764574276 -0.07668318767390155 -0.056876131701397166 0 0 0
0.00101010101010101 0.1193261912880087 0.15694222928571938 -0.5758918389601959 0 0 0
0.00101010101010101 -0.34269884068540657 -0.4279707373787442 -0.14813690697837723 0 0 0
0.00101010101010101 0.36704630172391606 -0.25915843964107843 -0.2987689082120193 0 0 0
0.00101010101010101 -0.5835301145826317 0.26240485112994044 0.21824234909598741 0 0 0
0.00101010101010101 -0.4126581439713345 -0.005366228813183929 0.17239624135628098 0 0 0
0.00101010101010101 -0.412583762475007 -0.13186211379913107 0.29471454634022853 0 0 0
0.00101010101010101 -0.572077966182807 -0.1916386680161096 0.15167340747941707 0 0 0
0.00101010101010101 -0.004432609104660244 0.2794075861653554 -0.4666110653403505 0 0 0
0.00101010101010101 0.23859569667308886 0.24505327348165873 -0.05427254256385147 0 0 0
0.00101010101010101 0.08889111287306573 -0.35910543778005083 -0.04907140570967844 0 0 0
0.00101010101010101 -0.008231198647086529 -0.375556624900667 0.5407626325204854 0 0 0
0.00101010101010101 0.569837510141314 0.20013009119474306 -0.10655423544439942 0 0 0
0.00101010101010101 -0.22450202431458993 0.5731167677211709 -0.1868275676590551 0 0 0
0.00101010101010101 -0.3800192437302016 0.15394227113525127 -0.3561782633257 0 0 0
0.00101010101010101 0.42930907680291097 -0.39972094695030885 -0.20722185249157535 0 0 0
0.00101010101010101 -0.5334834701948322 -0.2316730392703628 0.18667361594017254 0 0 0
0.00101010101010101 0.45139829795471587 -0.2902174160893843 -0.19099769363660232 0 0 0
0.00101010101010101 0.5671197158114167 -0.0012572111039166184 0.2640295650482163 0 0 0
0.00101010101010101 -0.30292885864631675 0.2482961978938413 -0.0042118449587057105 0 0 0
0.00101010101010101 -0.3163902841417618 0.3239824223829071 0.2626319770607656 0 0 0
0.00101010101010101 0.21589333214067377 -0.2302094171262293 -0.28908407597124297 0 0 0
0.00101010101010101 -0.5012733860565018 -0.12309467513032385 -0.2999591266766257 0 0 0
0.00101010101010101 -0.1777149725034938 -0.6543255107765483 -0.009684424828186208 0 0 0
0.00101010101010101 0.27341519062265396 -0.5399624930313324 0.09344476500896122 0 0 0
0.00101010101010101 0.07760866920281229 -0.6416328437437341 0.022689365738410863 0 0 0
0.00101010101010101 0.32448108521662594 -0.05595785091709154 -0.2004326041656448 0 0 0
0.00101010101010101 0.18601399045964745 0.13782533830115976 -0.5864248278303236 0 0 0
0.00101010101010101 0.2905133024893417 -0.0077160100918919295 -0.2877380355004497 0 0 0
0.00101010101010101 0.28137391159969044 0.4112795188131898 0.3465327267601919 0 0 0
0.00101010101010101 -0.09161710331344564 0.20942621234780207 -0.504845742145059 0 0 0
0.00101010101010101 -0.1536443362610999 0.007990033540666134 0.38766567812951297 0 0 0
0.00101010101010101 -0.41100966492471436 0.42880143533154463 0.04464759993259451 0 0 0
0.00101010101010101 -0.08111591012616728 -0.4927800206545531 -0.3949162669080036 0 0 0
0.00101010101010101 0.2751471064178069 0.30668365573101913 -0.4040627337165976 0 0 0
0.00101010101010101 -0.17762373257553357 0.1346971471933354 0.1077317165494647 0 0 0
0.00101010101010101 0.019333976840229417 -0.6388523926424396 0.22257683474389867 0 0 0
0.00101010101010101 0.1469988814962741 -0.6717384972747331 -0.04904974332546436 0 0 0
0.00101010101010101 0.6045034129087761 0.037583151754084256 0.137661799517768 0 0 0
0.00101010101010101 -0.06713616442266289 -0.20281261514166024 0.2814992050958953 0 0 0
0.00101010101010101 0.5311893276690035 -0.0025769026793926687 0.29670973281267504 0 0 0
0.00101010101010101 0.03635835167610692 0.2846718497257281 -0.5287207038702901 0 0 0
0.00101010101010101 -0.07540705614478796 0.04604407414992259 -0.05862988996766137 0 0 0
0.00101010101010101 0.2823780547006209 0.012840314153604017 -0.292395484356527 0 0 0
0.00101010101010101 -0.2512426977476643 0.2902310236613727 0.4778418318354632 0 0 0
0.00101010101010101 0.17549140014638806 0.09954885968218886 -0.1349793528747195 0 0 0
0.00101010101010101 0.04211460117186556 0.10566627259115144 -0.2511502117140703 0 0 0
0.00101010101010101 -0.007760773455486818 0.2837083577612632 0.17693332175026866 0 0 0
0.00101010101010101 0.47155131454740384 0.03382225680090757 0.27788518926002853 0 0 0
0.00101010101010101 -0.3678878237204853 -0.5505404204981396 0.019491101085285224 0 0 0
0.00101010101010101 -0.15329526111815434 0.4883304248173657 0.3728901093293465 0 0 0
0.00101010101010101 -0.08103392132246949 -0.35925348796958023 -0.4581909406046905 0 0 0
0.00101010101010101 0.4895666630146521 0.4744446692092268 -0.09523819432961458 0 0 0
0.00101010101010101 -0.3623826447739243 0.2993558750283885 -0.46958914008311153 0 0 0
0.00101010101010101 0.3360469970886671 -0.14066840595521807 0.5266421132898521 0 0 0
0.00101010101010101 0.04643406318822939 -0.02650568407235622 -0.1349558488376014 0 0 0
0.00101010101010101 -0.24470110010107368 0.3283395853255424 0.5583457541239598 0 0 0
0.00101010101010101 0.3549300344833701 0.19930875074294835 0.3877890489916127 0 0 0
0.00101010101010101 0.3953935435026107 -0.01951756842075269 -0.2531452797901498 0 0 0
0.00101010101010101 0.27849487506504406 -0.0721321565077575 0.02340102987078498 0 0 0
0.00101010101010101 0.21658704660237962 -0.021823043416057685 0.1426279621823661 0 0 0
0.00101010101010101 0.4763786690220873 -0.15994521911218837 0.38440081295671963 0 0 0
0.00101010101010101 -0.6490645498126941 0.024052485366108406 0.08287019286712727 0 0 0
0.00101010101010101 0.5983913764066326 0.256535701399387 -0.11386367901827692 0 0 0
0.00101010101010101 0.15621275506237534 -0.4344613469040141 0.3682668494380353 0 0 0
0.00101010101010101 -0.1422232138905751 0.17554940210501538 -0.47118401397093085 0 0 0
0.00101010101010101 0.19096078655484072 -0.19124206193412424 0.08829638896244216 0 0 0
0.00101010101010101 -0.24337223026424978 0.36543899182425826 0.03284904125092747 0 0 0
0.00101010101010101 0.13100102710490275 -0.4441932897366221 0.01928223065651654 0 0 0
0.00101010101010101 0.3798848865181719 -0.42652920337891576 -0.13910065865398175 0 0 0
0.00101010101010101 0.12828799895884177 -0.6749227439527307 -0.08223921077271482 0 0 0
0.00101010101010101 0.41541598361455573 -0.0913030956888724 0.04460036458325688 0 0 0
0.00101010101010101 0.3033745154270376 0.023427789344711247 0.11944754372461053 0 0 0
0.00101010101010101 -0.08913740923547994 -0.0288087323786825 0.15334734171187106 0 0 0
0.00101010101010101 0.4709740025889996 -0.048124730715414885 0.15538974257392882 0 0 0
0.00101010101010101 0.038596302207509446 0.11948129365629147 -0.31745717859483324 0 0 0
0.00101010101010101 -0.07287165489395818 -0.29521033530937874 -0.3260093230188028 0 0 0
0.00101010101010101 -0.3853664284504849 -0.2100432835231047 -0.24518348329929915 0 0 0
0.00101010101010101 0.09139651712934892 -0.07107742652187844 -0.2555220658366176 0 0 0
0.00101010101010101 -0.11309087075520355 0.04416391523398098 0.3512471718803279 0 0 0
0.00101010101010101 -0.18702309207179602 0.1642787340068135 0.25872733963853145 0 0 0
0.00101010101010101 -0.3207198142012574 -0.4572908748925319 -0.31301842450549605 0 0 0
0.00101010101010101 0.6605787742390866 0.15464871675851502 -0.0981775621998974 0 0 0
0.00101010101010101 -0.11375252425770044 -0.47776855998342616 -0.0468172397001019 0 0 0
0.00101010101010101 0.037477537559479135 0.11185957857327314 0.4746415182885025 0 0 0
0.00101010101010101 0.20507884827620457 0.45856026339553896 0.27823864421415695 0 0 0
0.00101010101010101 0.4686573147772953 0.00986467343743947 -0.2173619183442511 0 0 0
0.00101010101010101 -0.6184211872033599 0.10334132931798662 -0.15894369352384569 0 0 0
0.00101010101010101 0.2012245880419613 0.4470784722527301 -0.2642135379862626 0 0 0
0.00101010101010101 -0.3813373404431307 0.39826580691016844 0.05351210653893968 0 0 0
0.00101010101010101 -0.3517136802839617 0.16959019056501395 -0.19423737428986446 0 0 0
0.00101010101010101 0.03205980302729812 0.38760273193852934 0.42498204749594387 0 0 0
0.00101010101010101 -0.42216639775285153 0.03332729978888641 0.03308932937133959 0 0 0
0.00101010101010101 -0.3663169630215727 -0.19618263170822925 -0.11964738850568221 0 0 0
0.00101010101010101 -0.22367339802902775 -0.175444738587535 0.5138992358614168 0 0 0
0.00101010101010101 -0.13099587938484725 -0.42919908721665917 -0.4769868859969662 0 0 0
0.00101010101010101 0.45510049503028355 -0.2116945507241087 -0.2894389206981196 0 0 0
0.00101010101010101 0.31798396009565644 0.10366150973031824 -0.5210976177419485 0 0 0
0.00101010101010101 -0.29826596378458703 -0.323196279924509 -0.4592025131376049 0 0 0
0.00101010101010101 0.4315760015296573 0.024653766339963912 0.19055121492147856 0 0 0
0.00101010101010101 0.3477252128905345 0.4370957820488736 -0.1302627886863125 0 0 0
0.00101010101010101 -0.2089019204800478 -0.4258193846172751 0.23198616606320263 0 0 0
0.00101010101010101 -0.434057040846135 0.4421913194546645 0.045049739930136154 0 0 0
0.00101010101010101 -0.10506090899528053 -0.19638401495183097 0.02124762777447385 0 0 0
0.00101010101010101 0.3491021767311826 -0.02077345363694572 0.19764602890380198 0 0 0
0.00101010101010101 -0.3583543087653228 -0.4240043008491643 0.3612061205666434 0 0 0
0.00101010101010101 0.15726907862891235 -0.5693029590576113 -0.15321375639685722 0 0 0
0.00101010101010101 -0.10057630187511994 0.19276002111865956 0.3294537881319385 0 0 0
0.00101010101010101 -0.3252876083006156 -0.26434142056431253 0.2392010918991813 0 0 0
0.00101010101010101 0.22904927944205394 -0.030579050805469993 0.09486344347138469 0 0 0
0.00101010101010101 0.22686862079648748 0.0723244376717702 0.2850083864067245 0 0 0
0.00101010101010101 -0.2928957243564586 -0.11482459876210409 0.0566992973305191 0 0 0
0.00101010101010101 0.231880685322244 0.3101347830452968 -0.5503049591622655 0 0 0
0.00101010101010101 0.176945430114918 -0.38863151584759864 -0.08983793993586976 0 0 0
0.00101010101010101 0.17159679818814522 -0.052273224427202516 -0.5256094477015334 0 0 0
0.00101010101010101 0.32361904237335826 0.4603023528041086 0.11926447085428955 0 0 0
0.00101010101010101 -0.4380372474311933 -0.008791057419707923 0.1796227875408167 0 0 0
0.00101010101010101 0.06786307419478178 0.2307895333535089 -0.36842666312949496 0 0 0
0.00101010101010101 -0.6091042173229202 0.040186893922987944 -0.25169317551147796 0 0 0
0.00101010101010101 -0.503700527306805 0.16949559104217718 -0.1988486779246218 0 0 0
0.00101010101010101 0.23236201804799178 -0.2179834355927152 -0.27196749892584815 0 0 0
0.00101010101010101 -0.3125813432923837 -0.4595584119447981 -0.37977941778149427 0 0 0
0.00101010101010101 -0.29959748600132075 -0.3600745994694693 -0.2136472263609051 0 0 0
0.00101010101010101 0.02427554493028378 0.3089732363718538 0.3206059095856782 0 0 0
0.00101010101010101 -0.4229384151506212 -0.3745239960791026 -0.25305671593017715 0 0 0
0.00101010101010101 -0.18645170278485507 -0.41185984354982935 0.3686285287483712 0 0 0
0.00101010101010101 0.32443394963286254 0.3975934378945294 -0.11147008163680647 0 0 0
0.00101010101010101 0.20904453438594295 -0.08904402245679442 -0.26680066889091997 0 0 0
0.00101010101010101 -0.08624718322809118 0.3382153981971674 -0.3408059822377209 0 0 0
0.00101010101010101 0.24256112760809836 0.19543470969780158 -0.2601089749632549 0 0 0
0.00101010101010101 0.31805293258445333 -0.3046818127199247 0.04163629238407762 0 0 0
0.00101010101010101 -0.36520976450654297 -0.10617809786494452 -0.2468107824586788 0 0 0
0.00101010101010101 -0.0027633778680971723 0.38340908902514587 -0.38171673415013396 0 0 0
0.00101010101010101 0.16120319561105625 0.11825995428416247 -0.06695520662696493 0 0 0
0.00101010101010101 0.06090362356316904 0.469762240412858 -0.2676399362146351 0 0 0
0.00101010101010101 -0.45525350670033 0.041796922617670186 0.15516106555415207 0 0 0
0.00101010101010101 0.16179802451110079 0.07369943348291284 0.6693207204501089 0 0 0
0.00101010101010101 -0.10471329205237265 -0.06515987949169598 0.6353325879523309 0 0 0
0.00101010101010101 -0.5902255300737408 -0.0448436050898062 -0.008343975393558566 0 0 0
0.00101010101010101 0.17918661648552553 0.501571046995666 -0.40817092707782376 0 0 0
0.00101010101010101 -0.15550604781468272 -0.30498959647004675 0.042525879507872656 0 0 0
0.00101010101010101 -0.2309674014295062 0.21334162628942185 -0.36715755122220034 0 0 0
0.00101010101010101 -0.09809838061076843 0.04953010509416624 -0.18124371283275195 0 0 0
0.00101010101010101 -0.3834315836552844 0.33663902398879625 0.40453679162877665 0 0 0
0.00101010101010101 0.2143843384525907 -0.19135555772076004 0.5963122577077854 0 0 0
0.00101010101010101 0.10636980730372608 0.37457415452778653 0.17311404290948754 0 0 0
0.00101010101010101 -0.45244474828792264 0.09935268946369906 -0.5044014205897758 0 0 0
0.00101010101010101 -0.15451540089924803 0.3331484585147372 0.18125586377362846 0 0 0
0.00101010101010101 -0.10021174637534364 0.005457162235518185 -0.569726783580065 0 0 0
0.00101010101010101 -0.0797077681039522 -0.19286823024692273 0.20727560768396694 0 0 0
0.00101010101010101 -0.5469133675067923 -0.0867502594670483 -0.30494754308705535 0 0 0
0.00101010101010101 0.42498021312359063 0.16907844288249146 -0.26928469664363014 0 0 0
0.00101010101010101 0.20192119984383708 0.1264592247483479 0.36176662002984383 0 0 0
0.00101010101010101 0.43381789623692524 0.08634197868902935 -0.2548756245328508 0 0 0
0.00101010101010101 0.4688751428457243 0.24167811672187262 -0.2994571520075136 0 0 0
0.00101010101010101 0.38738869353934263 0.5253684660965727 -0.11768008405592705 0 0 0
0.00101010101010101 0.45205069341375875 -0.03334105012716779 0.12221849934240081 0 0 0
0.00101010101010101 0.07264961045527411 0.1225308357374346 0.5855966675211386 0 0 0
0.00101010101010101 -0.2972708417700441 0.13736101412397378 0.3673973153267768 0 0 0
0.00101010101010101 -0.3430087557185962 0.4398674059732855 0.08514625058046651 0 0 0
0.00101010101010101 -0.2638040893083211 0.3853448064193252 -0.4585212137579829 0 0 0
0.00101010101010101 0.35148431277862546 0.3604594955778331 0.3012965399440255 0 0 0
0.00101010101010101 -0.28901048608592894 0.28214261829683895 0.08627055540661657 0 0 0
0.00101010101010101 0.5333537805905325 0.022748316774387767 0.184042335661167 0 0 0
0.00101010101010101 -0.36780959534842694 -0.261558452612132 -0.27642154489335574 0 0 0
0.00101010101010101 0.028232524593583445 -0.23557487007456476 0.14204591597831961 0 0 0
0.00101010101010101 -0.225349084168661 -0.3214959859493279 -0.5046035069787848 0 0 0
0.00101010101010101 -0.5185073920133891 0.15666139216755298 -0.2810150207104474 0 0 0
0.00101010101010101 0.36161968654019677 0.23716734105481083 -0.4575913093873731 0 0 0
0.00101010101010101 -0.4265146085782073 0.21920261346762784 -0.21834792868560568 0 0 0
0.00101010101010101 -0.12788392810279628 -0.0929343580605675 0.11422666066776133 0 0 0
0.00101010101010101 0.2817820406985575 0.3762067232559211 0.12123067417517268 0 0 0
0.00101010101010101 -0.4373015712475654 0.0797361007862161 0.2955146615219496 0 0 0
0.00101010101010101 0.35616501492661556 -0.48871068576354765 0.09936729929352277 0 0 0
0.00101010101010101 -0.14803395561708624 0.16032956845273502 -0.49345038092540683 0 0 0
0.00101010101010101 -0.4838333411749779 -0.06494621997878366 -0.1465447151558662 0 0 0
0.00101010101010101 0.46505941630385933 -0.08230432326035189 -0.39973350773995103 0 0 0
0.00101010101010101 0.3525637275687753 -0.3485043698484668 0.16988499408530422 0 0 0
0.00101010101010101 0.11433483721219456 -0.6545254518604642 -0.11260709041060873 0 0 0
