590
0
0.001694915254237288 -0.5671669755104247 -0.24598050214913594 0.1336946479914116 0 0 0
0.001694915254237288 0.021544915635700844 -0.6226789558476691 0.03321448993654369 0 0 0
0.001694915254237288 0.18452008931161076 0.5596546384874781 0.1579974844174095 0 0 0
0.001694915254237288 0.200645962686076 -0.28652548980014764 -0.32747907400244336 0 0 0
0.001694915254237288 -0.5400175222248731 0.2820453508409645 -0.02237915099859241 0 0 0
0.001694915254237288 0.5272647593582419 0.2928078151468068 0.057668887051720324 0 0 0
0.001694915254237288 0.051315624485233635 -0.3138595942227427 -0.11109342036199824 0 0 0
0.001694915254237288 -0.2857349539077328 0.19514841743365077 -0.11292973404974535 0 0 0
0.001694915254237288 0.24642307728249557 0.19490820998984854 -0.1063593593798745 0 0 0
0.001694915254237288 -0.022007316257199976 -0.26573354919782327 0.4305964129617082 0 0 0
0.001694915254237288 0.25695362014353484 0.4564494822234172 -0.05739831181389954 0 0 0
0.001694915254237288 0.11476954919512526 -0.23850752747212686 0.20820588586671585 0 0 0
0.001694915254237288 -0.09326653166136266 -0.4735322921282781 -0.43333001817942157 0 0 0
0.001694915254237288 -0.0088641697165464 -0.018190877050199526 0.6169142185176518 0 0 0
0.001694915254237288 -0.2193960942783336 0.41708432104309884 0.13987454384012182 0 0 0
0.001694915254237288 0.38754004348002163 -0.21041230998464916 -0.37892591320449476 0 0 0
0.001694915254237288 -0.11830253841331535 -0.34795468880477304 0.016648453513121098 0 0 0
0.001694915254237288 0.4525865326982707 -0.34166775172426617 0.21173583117448233 0 0 0
0.001694915254237288 -0.36263485545753554 0.33277619430035543 0.16082232746846278 0 0 0
0.001694915254237288 -0.5169809746414302 0.16056603255133609 0.403960289349445 0 0 0
0.001694915254237288 0.004558823823922188 0.6063309697230765 0.2294477669612417 0 0 0
0.001694915254237288 -0.10500251568150855 -0.15556581316725013 0.5495417641825013 0 0 0
0.001694915254237288 -0.2693744818736707 -0.029616704549649153 0.38435691045052905 0 0 0
0.001694915254237288 0.07264000757092139 -0.008400068599803075 0.5734218649154064 0 0 0
0.001694915254237288 -0.19509885591593337 -0.23558520354724982 0.33326697020615326 0 0 0
0.001694915254237288 -0.5080456420946216 0.22291166283204222 0.18970624604415678 0 0 0
0.001694915254237288 0.2599033283563733 -0.5054008971997469 -0.014928027787638376 0 0 0
0.001694915254237288 0.2008153002410936 0.2990440957639804 -0.20709458509416698 0 0 0
0.001694915254237288 -0.0896655188541298 0.2004693820365707 0.35084965949262026 0 0 0
0.001694915254237288 -0.17494363039878444 0.17074424476829608 -0.3421605383278245 0 0 0
0.001694915254237288 0.2265451760245166 -0.22116051795455158 -0.08672775944607429 0 0 0
0.001694915254237288 -0.2108142985809628 -0.3570829031061845 -0.45450466475164725 0 0 0
0.001694915254237288 -0.24795444465878116 0.04169816597590618 0.5837079480795175 0 0 0
0.001694915254237288 -0.2242394279236274 -0.3129950131336896 0.10641926461211579 0 0 0
0.001694915254237288 -0.36857136724132217 0.05666638502357085 0.2594039163364965 0 0 0
0.001694915254237288 -0.2618745754019534 0.070357500626968 0.05543173471791003 0 0 0
0.001694915254237288 0.17181625934023706 0.07199060592311299 -0.1414236451008825 0 0 0
0.001694915254237288 -0.08859156215285566 0.6130951235663995 0.15238240628105482 0 0 0
0.001694915254237288 -0.042902127170612855 0.1860776055467829 -0.6506995353532312 0 0 0
0.001694915254237288 -0.47880698498861224 -0.29044778488569617 -0.2210321693290916 0 0 0
0.001694915254237288 -0.3811611814727068 -0.20134009357672344 0.2873961185802099 0 0 0
0.001694915254237288 0.3418580141113167 0.5585245047592978 -0.002894578616540714 0 0 0
0.001694915254237288 0.18116885380553496 0.3650029445716995 0.5439528040684148 0 0 0
0.001694915254237288 0.006900655168518976 -0.6621989573942169 -0.13289259221406563 0 0 0
0.001694915254237288 -0.5745008491414247 -0.3147871018983529 -0.22446851184012423 0 0 0
0.001694915254237288 -0.1886101751011949 0.17690611016800967 -0.5991949564061481 0 0 0
0.001694915254237288 0.2518114070327043 0.24031010063975627 -0.40722687603586005 0 0 0
0.001694915254237288 0.35298253863963786 -0.23490720332402512 -0.0418241219181283 0 0 0
0.001694915254237288 -0.019453845693220354 0.4999792748880246 0.38354591686258477 0 0 0
0.001694915254237288 -0.5156552568495542 -0.1144357058587577 0.03521371716777544 0 0 0
0.001694915254237288 0.11584601859854968 -0.39717298460511735 -0.5098560108222353 0 0 0
0.001694915254237288 -0.3093732746420901 0.050982341566531184 -0.14408989626120997 0 0 0
0.001694915254237288 0.024388737115212986 0.32953086842700857 0.49406050932927553 0 0 0
0.001694915254237288 0.13956823933716442 -0.2213983009915272 -0.6235386541470811 0 0 0
0.001694915254237288 -0.4100073086480691 0.2485370214175735 -0.06443818412154673 0 0 0
0.001694915254237288 -0.1398557102953009 -0.4580432407332546 -0.13491646655624187 0 0 0
0.001694915254237288 -0.45656051065000763 -0.41424996372227807 0.05267034195383628 0 0 0
0.001694915254237288 -0.16734304357327437 0.0895536490559393 -0.013798198453006992 0 0 0
0.001694915254237288 -0.36279757035652216 0.3867497684173276 -0.33403876509764907 0 0 0
0.001694915254237288 -0.08064485585791308 0.15087408829336268 -0.08336954920539796 0 0 0
0.001694915254237288 0.21314578289908478 0.29363130872858406 -0.4315416565269635 0 0 0
0.001694915254237288 -0.008375337704515238 0.33733438688211986 -0.48258071187115115 0 0 0
0.001694915254237288 -0.14379733003958792 0.3448388408009434 -0.27227826181553166 0 0 0
0.001694915254237288 -0.3418805878553527 -0.1945653981404829 0.20370443767646232 0 0 0
0.001694915254237288 0.5423299611229284 -0.20830102867153774 0.15613729759091746 0 0 0
0.001694915254237288 0.28179759783578023 -0.13921161954051475 -0.0487038215121907 0 0 0
0.001694915254237288 0.14349197393065327 0.49630577122496117 0.0961842755806098 0 0 0
0.001694915254237288 0.3465357785824625 -0.11877560201838454 -0.5149189482416484 0 0 0
0.001694915254237288 -0.4630425550087169 -0.22558549173259954 0.4501025149569137 0 0 0
0.001694915254237288 -0.181506600309515 -0.4632081344922377 -0.03175141895446513 0 0 0
0.001694915254237288 -0.40733942085488367 -0.4183397125642366 0.10653453106961015 0 0 0
0.001694915254237288 -0.2530278584961462 -0.44769445060281027 0.3708925810757045 0 0 0
0.001694915254237288 0.09590235238652464 0.24576619854795959 0.6111888397927109 0 0 0
0.001694915254237288 0.3847248504397363 -0.05185712639391278 0.16048261624765292 0 0 0
0.001694915254237288 -0.16246470568953147 -0.04913992570311247 0.5944778948112589 0 0 0
0.001694915254237288 -0.20667198209041343 0.0243860524042154 -0.5052572283941242 0 0 0
0.001694915254237288 -0.09488854712723781 0.3428201013544852 -0.03586759675802585 0 0 0
0.001694915254237288 0.020599638091556304 -0.09826871878860266 -0.221033800668051 0 0 0
0.001694915254237288 -0.4041085375532398 -0.0642412778197152 0.4289372448214865 0 0 0
0.001694915254237288 -0.5101499193465103 0.2665111957149894 0.25005966998898127 0 0 0
0.001694915254237288 0.5666230554260703 0.14139779594702337 -0.19851726463649894 0 0 0
0.001694915254237288 0.21246403059655505 0.5473768963286578 0.07532423953851397 0 0 0
0.001694915254237288 0.5833524399113765 -0.15351941903821148 -0.3256672476298728 0 0 0
0.001694915254237288 0.18352795380605247 0.13211276228806174 0.5316824575715808 0 0 0
0.001694915254237288 0.354671014014557 0.2847435909704699 0.21479039460987828 0 0 0
0.001694915254237288 0.353837816834605 0.14403834855740963 0.02007321111776861 0 0 0
0.001694915254237288 -0.4137754191416246 -0.37146202291718955 -0.280390137327999 0 0 0
0.001694915254237288 -0.0766784331218839 0.4028525434238356 0.25151601491138886 0 0 0
0.001694915254237288 -0.31364902426326713 -0.4718458082589811 0.36025351246499726 0 0 0
0.001694915254237288 -0.05309497946288454 -0.23454702897917507 0.4921314627166454 0 0 0
0.001694915254237288 -0.22768008832172024 0.4968392327241679 -0.02725921341943284 0 0 0
0.001694915254237288 -0.3190782219628832 0.0438853184618456 0.33878032765403904 0 0 0
0.001694915254237288 -0.4196011947670434 0.4062865622093969 -0.1537095634214703 0 0 0
0.001694915254237288 -0.15752356163816872 0.6243789127724779 0.14109725560126363 0 0 0
0.001694915254237288 -0.17343595277235066 -0.005601795223768888 -0.6450443846780184 0 0 0
0.001694915254237288 -0.2796804754529609 -0.27141059203627765 -0.11597396749481752 0 0 0
0.001694915254237288 -0.25038387694886194 0.40603844774339787 0.2117491952525789 0 0 0
0.001694915254237288 0.12392183975374965 0.2601006445851653 0.30289454165898544 0 0 0
0.001694915254237288 -0.30628195807119485 -0.3020048811662152 -0.4572116922153715 0 0 0
0.001694915254237288 -0.057918957750818116 -0.4727481336494003 0.4202546109772578 0 0 0
0.001694915254237288 0.5376711381042819 -0.2473751766098092 -0.226984841819079 0 0 0
0.001694915254237288 0.3001710737689501 -0.12363546558629716 -0.39477946400045694 0 0 0
0.001694915254237288 -0.08781217700800939 -0.6567438678089323 0.012966421475368915 0 0 0
0.001694915254237288 0.23978650853684993 -0.3515642182611303 -0.40072165529994025 0 0 0
0.001694915254237288 0.6368369438667946 -0.02712474611564876 0.20398892134529426 0 0 0
0.001694915254237288 0.4589653417591423 -0.016472229015294 -0.0010887266410246517 0 0 0
0.001694915254237288 -0.04966662875586351 -0.029727299311019875 0.24218966141447557 0 0 0
0.001694915254237288 -0.17684745601956878 -0.2682201143029237 -0.162049119318141 0 0 0
0.001694915254237288 -0.2731806444586633 -0.14503380847531838 0.08057869692029504 0 0 0
0.001694915254237288 0.09069359083679018 -0.0632639516507018 0.3690283686256976 0 0 0
0.001694915254237288 0.6107207178238276 0.1861333725610069 0.12511154107924657 0 0 0
0.001694915254237288 -0.5420765549576876 -0.029944514782392562 -0.32437209017023516 0 0 0
0.001694915254237288 -0.0656827563306692 -0.01207857543408282 0.48119808797983643 0 0 0
0.001694915254237288 0.1156112243351485 0.039193357812752065 -0.46020160306237223 0 0 0
0.001694915254237288 0.43573271943524094 0.37924235173794923 0.2682639571849795 0 0 0
0.001694915254237288 -0.0479234301464837 0.09518260328221548 0.6268998765187763 0 0 0
0.001694915254237288 0.5021684937677656 0.0038850888383231874 0.3774614029323043 0 0 0
0.001694915254237288 0.21438400596524126 0.24540033681523238 0.5126628045262521 0 0 0
0.001694915254237288 0.11595217850305256 -0.11857364181228859 -0.39997445856040265 0 0 0
0.001694915254237288 0.04410437011169935 -0.0836088614494349 -0.401441583534732 0 0 0
0.001694915254237288 -0.055326573821387566 0.20634090710123743 0.5303405668195734 0 0 0
0.001694915254237288 -0.3228414112059267 0.03926603502343054 0.12577494013236057 0 0 0
0.001694915254237288 0.27037670950087894 -0.24325602669166987 0.18980934593594748 0 0 0
0.001694915254237288 0.019887851333744835 -0.04949709223013112 -0.3063616295608542 0 0 0
0.001694915254237288 -0.21289560532686874 -0.49693487293770694 0.15899051857585364 0 0 0
0.001694915254237288 -0.0885248372451162 -0.33946448884348457 0.035377675920202835 0 0 0
0.001694915254237288 0.00776987197412068 0.6549960156851495 0.15468441924692683 0 0 0
0.001694915254237288 0.37735459688684936 -0.09404238459546584 -0.13456275347271363 0 0 0
0.001694915254237288 0.2444519841847415 -0.45659163346718745 -0.054854913022538324 0 0 0
0.001694915254237288 0.17215557643533708 -0.37816609814214913 -0.2788790496181346 0 0 0
0.001694915254237288 0.3500957060672011 -0.4236569683145568 0.025495333139563824 0 0 0
0.001694915254237288 0.03407643605777564 -0.21718362480220993 -0.4578492007466306 0 0 0
0.001694915254237288 -0.04756418375313154 -0.17314437494994325 -0.2722568844884656 0 0 0
0.001694915254237288 0.39265962638853946 0.09869669446311402 -0.4544876133801395 0 0 0
0.001694915254237288 0.3061636347242683 -0.4227941368459384 -0.01149292670592524 0 0 0
0.001694915254237288 0.34445110958741126 0.11455092154624413 -0.5024907678253007 0 0 0
0.001694915254237288 0.17487917549849832 -0.0018725333902080052 0.5543392305589379 0 0 0
0.001694915254237288 0.34145931028094445 0.2829355120516774 0.38205667430204804 0 0 0
0.001694915254237288 0.22274364785470163 0.5215757024811248 -0.10703256515100332 0 0 0
0.001694915254237288 0.6428262165816623 0.16375020287637598 -0.061087991193550184 0 0 0
0.001694915254237288 -0.42246981181971827 -0.4589748905232792 -0.13827559321741273 0 0 0
0.001694915254237288 -0.09411022102165395 -0.5612174550349872 0.0016257480324653013 0 0 0
0.001694915254237288 0.2636110436704688 0.06643241375562085 0.5848531425365153 0 0 0
0.001694915254237288 0.3591696757874965 0.093773575570049 -0.5293104416833184 0 0 0
0.001694915254237288 0.35225266659276866 0.3620921636475984 0.23684412891824366 0 0 0
0.001694915254237288 -0.4502736822897468 0.31764714425806345 0.1723939036712754 0 0 0
0.001694915254237288 -0.07318753006556898 0.4365829359494954 -0.05240779210662379 0 0 0
0.001694915254237288 -0.28983072467907717 -0.09879216024636236 0.5634572611931148 0 0 0
0.001694915254237288 -0.339920790720413 -0.048192656797723166 0.31056434149333834 0 0 0
0.001694915254237288 0.5512145260775724 0.1895440917498971 -0.10736038570410095 0 0 0
0.001694915254237288 0.45749790458467254 0.13661819404409628 5.0700691771333405e-05 0 0 0
0.001694915254237288 0.6469921194474769 -0.04322340608553276 -0.14960019989586987 0 0 0
0.001694915254237288 -0.25412488387713433 0.4903267995701713 0.40010378034566085 0 0 0
0.001694915254237288 0.6337813868966522 -0.17598940494586568 0.057828892518109375 0 0 0
0.001694915254237288 0.41562131661933915 -0.5462592571926413 -0.014304497041876798 0 0 0
0.001694915254237288 -0.06058767136371632 0.14746412247779955 -0.16845131527934493 0 0 0
0.001694915254237288 -0.20488489666959908 0.11331046056618668 -0.5164780766513565 0 0 0
0.001694915254237288 -0.1247695435761503 0.15656719617094225 0.2654326094281855 0 0 0
0.001694915254237288 0.18494609401791942 -0.6474878335064517 0.14280908846325197 0 0 0
0.001694915254237288 0.017327958478213824 0.6417232603918499 -0.21712634671260694 0 0 0
0.001694915254237288 -0.5018062204648652 -0.24204897185175947 -0.1331651800683254 0 0 0
0.001694915254237288 0.2509465766547686 -0.264663836277449 -0.5520428696452937 0 0 0
0.001694915254237288 0.09843236239895124 0.30787573999518214 0.36290933459817093 0 0 0
0.001694915254237288 -0.15646746508490122 -0.3216850279032249 0.24916896394236035 0 0 0
0.001694915254237288 0.2873957620504898 0.31039550354119144 -0.3095392301568408 0 0 0
0.001694915254237288 -0.021879777069705873 -0.31163994900223074 -0.06554045670400892 0 0 0
0.001694915254237288 -0.0490507637738734 0.3762860727337329 0.39406348678072606 0 0 0
0.001694915254237288 0.42218078293789774 -0.012398258635556943 0.33530808716230787 0 0 0
0.001694915254237288 -0.24856905752544114 -0.1360662655175722 0.47036152338547194 0 0 0
0.001694915254237288 -0.5143130197222145 -0.015402729192941687 -0.4257447278938449 0 0 0
0.001694915254237288 -0.18985029652265722 -0.4335890072246393 0.2225614768425372 0 0 0
0.001694915254237288 -0.5630995950969555 0.02968508364713884 0.026374344761572143 0 0 0
0.001694915254237288 0.08688487171863593 -0.0825283219343653 -0.5369079154791351 0 0 0
0.001694915254237288 -0.15471079467452664 -0.09661412986643957 -0.15826171617939222 0 0 0
0.001694915254237288 0.1608239078356339 -0.4862745059509385 -0.4497020534110803 0 0 0
0.001694915254237288 -0.23388050612832137 0.12083235803943083 -0.009358478687690385 0 0 0
0.001694915254237288 0.19846605226755681 -0.1360899745742891 -0.6385723558852684 0 0 0
0.001694915254237288 -0.21543465851040278 0.5958367025472792 -0.01126721960051706 0 0 0
0.001694915254237288 -0.04839557699687754 -0.24097884440645048 -0.5072898975359694 0 0 0
0.001694915254237288 -0.15856774114559719 0.4399667028939359 -0.35348157399450647 0 0 0
0.001694915254237288 -0.08992238486012162 0.16046846493343433 0.29492029831339683 0 0 0
0.001694915254237288 -0.1517392624119479 0.3515629348888279 0.16267219438905015 0 0 0
0.001694915254237288 -0.2812648110904507 0.39970390773788095 0.40413455378239305 0 0 0
0.001694915254237288 0.4321908939056596 -0.43438957339002315 0.12222955645685793 0 0 0
0.001694915254237288 -0.24101922529383576 0.4836587614787837 -0.3838025441064584 0 0 0
0.001694915254237288 0.21202101852408525 0.03942016582100246 0.5499744457818461 0 0 0
0.001694915254237288 -0.2191079566448208 0.3317347372988287 0.24439514196640078 0 0 0
0.001694915254237288 0.10283117619214148 -0.40071747624629916 -0.5247501955363273 0 0 0
0.001694915254237288 -0.377624397323406 -0.07075291217428406 0.34511340401843404 0 0 0
0.001694915254237288 -0.14299198353098927 0.4035432427832338 -0.03987566835271038 0 0 0
0.001694915254237288 -0.20658691787903502 -0.02656440942572816 0.009252706350939662 0 0 0
0.001694915254237288 0.15263579951920192 -0.27661417223466545 -0.5879728628950953 0 0 0
0.001694915254237288 0.09438209734617659 -0.06649054192178046 -0.26356318566909154 0 0 0
0.001694915254237288 0.3713199908858429 -0.43858836635226256 -0.17011554524227318 0 0 0
0.001694915254237288 -0.038487911750622356 -0.45181345804097284 0.19687073869410973 0 0 0
0.001694915254237288 -0.1953552466489213 0.3141012373339766 0.3904045063940729 0 0 0
0.001694915254237288 -0.5411727202247189 -0.11377753190103652 -0.23008602582390336 0 0 0
0.001694915254237288 0.415103002623655 -0.11399289908745594 -0.183110434139877 0 0 0
0.001694915254237288 -0.2945663580718074 0.502501437263246 0.07748638796569651 0 0 0
0.001694915254237288 -0.5170773437863523 -0.2700379591497557 0.3385207882122828 0 0 0
0.001694915254237288 -0.12210014017754622 -0.6150879691273048 0.2396014317356831 0 0 0
0.001694915254237288 0.20118933574508302 0.40937670784114305 0.08280382694373332 0 0 0
0.001694915254237288 -0.0009103359000925438 0.3114062867026256 0.04161064343736577 0 0 0
0.001694915254237288 -0.3855069931040678 0.14555370370834098 0.3825586457552299 0 0 0
0.001694915254237288 0.3768579861431678 0.142378588453784 0.4904062917269081 0 0 0
0.001694915254237288 0.07807768626730631 0.12901983197986283 -0.38094922526797065 0 0 0
0.001694915254237288 -0.14915442121281525 -0.06274774368518996 -0.22263459023173301 0 0 0
0.001694915254237288 0.3015616324167025 0.28720758161788407 0.31848808441383636 0 0 0
0.001694915254237288 -0.5078017130554597 0.08401118512072306 -0.17792482998625855 0 0 0
0.001694915254237288 0.43797197254434284 -0.21665844758524283 -0.42933175962453995 0 0 0
0.001694915254237288 -0.40979762656172275 0.030220104543243132 0.14822328858386646 0 0 0
0.001694915254237288 -0.22500970588135183 0.071671248528549 -0.4774779156868907 0 0 0
0.001694915254237288 0.18927591408270156 0.41108983302799823 0.2491017259504951 0 0 0
0.001694915254237288 -0.3486139257272219 -0.060600385669593 0.08841576448484297 0 0 0
0.001694915254237288 -0.3588085370098614 -0.10950036153027698 0.07158549947111051 0 0 0
0.001694915254237288 -0.23193966416907494 -0.33444407946210136 -0.3477132419575749 0 0 0
0.001694915254237288 0.2896301214226442 0.19372683031665214 -0.4174453260485947 0 0 0
0.001694915254237288 0.3640620083144622 0.3061204959501204 -0.20053891401049523 0 0 0
0.001694915254237288 -0.5250910629688041 0.12441212042385387 3.1356136470943224e-06 0 0 0
0.001694915254237288 -0.01636347516470861 0.14241428414345114 -0.12340374979712372 0 0 0
0.001694915254237288 -0.19540274115012912 0.019714535692296458 0.5821032021576195 0 0 0
0.001694915254237288 0.4253282174539581 -0.46481793332999366 -0.2397782323182397 0 0 0
0.001694915254237288 -0.07514381825808426 0.09232509582460305 -0.11130626293730168 0 0 0
0.001694915254237288 0.008858859467578408 -0.2968248037599813 0.2737101681830847 0 0 0
0.001694915254237288 0.5474173418268049 0.01640630712712967 -0.17629006166521682 0 0 0
0.001694915254237288 -0.4272077176700772 -0.3438541307519823 0.00984000484543833 0 0 0
0.001694915254237288 0.11736947126117002 0.08226940156660249 -0.42432369659702246 0 0 0
0.001694915254237288 -0.3544290196831034 0.37711338890848456 -0.40391056681975607 0 0 0
0.001694915254237288 -0.2739637839914465 0.2427890789022837 -0.037273065431360386 0 0 0
0.001694915254237288 -0.03309138413761157 -0.5789534696937986 0.04831211229605802 0 0 0
0.001694915254237288 0.04497048953135398 -0.41172677860129414 0.5036394620569956 0 0 0
0.001694915254237288 0.07192426660182422 -0.39978513070474353 -0.4861522394520793 0 0 0
0.001694915254237288 -0.3466414501617255 0.20198599451054688 -0.33771927934543866 0 0 0
0.001694915254237288 0.27140434668362173 -0.16370223174775983 -0.21752876600977075 0 0 0
0.001694915254237288 -0.5274793055906151 -0.1633646879086958 0.018866450041526185 0 0 0
0.001694915254237288 0.38689780492787 0.185101366382478 0.5133223662113543 0 0 0
0.001694915254237288 -0.24542796546770176 -0.10264999365864977 0.21363378464652907 0 0 0
0.001694915254237288 -0.37023268545467214 -0.12479850929527597 0.05016987189091661 0 0 0
0.001694915254237288 -0.4808426575477002 -0.17261026719570938 0.10014029047629747 0 0 0
0.001694915254237288 -0.2390977013238211 -0.007207629640620754 0.07384564961710466 0 0 0
0.001694915254237288 0.01164114188533423 -0.13413274296752634 0.6495997602278197 0 0 0
0.001694915254237288 -0.38012400769797966 0.3804248625190471 0.14557879750959277 0 0 0
0.001694915254237288 0.1308752490029391 0.5919315354633458 0.06827310664009717 0 0 0
0.001694915254237288 0.540874164640301 0.2004988275594447 -0.04901816640495592 0 0 0
0.001694915254237288 0.11634413609999407 0.17567240624688407 -0.49846755913225577 0 0 0
0.001694915254237288 0.03287297374218185 0.18703514068115004 -0.10631201512952877 0 0 0
0.001694915254237288 -0.011222497174349264 0.4571074946565427 -0.20745683777778237 0 0 0
0.001694915254237288 -0.18962293316860246 -0.013159136989441505 -0.583778391680522 0 0 0
0.001694915254237288 -0.13022337399646164 0.4562906044872425 0.2062824016550837 0 0 0
0.001694915254237288 -0.1063515983972464 -0.41917236681692877 -0.13622223150786444 0 0 0
0.001694915254237288 0.37498812903509476 -0.09863862930344396 0.17337973458225564 0 0 0
0.001694915254237288 -0.312460823705547 -0.006157901930848399 -0.19912556718658286 0 0 0
0.001694915254237288 -0.629446964237905 -0.09882850318807405 -0.009088533002141339 0 0 0
0.001694915254237288 0.4251850739143779 -0.28841664785335297 -0.32733851194224445 0 0 0
0.001694915254237288 -0.3113886077961316 0.24630870942484231 -0.1024772327024541 0 0 0
0.001694915254237288 0.27510255833276903 -0.13861581297897882 -0.11640418408416456 0 0 0
0.001694915254237288 -0.3306485309089814 -0.47277302948401034 0.3184370004344345 0 0 0
0.001694915254237288 0.41368953349490856 -0.28517294379735303 -0.27562423334895625 0 0 0
0.001694915254237288 0.1196867657767507 -0.19816978468740185 -0.6150290022729049 0 0 0
0.001694915254237288 -0.22328668085827447 0.07315227101022215 -0.48120941412423923 0 0 0
0.001694915254237288 0.059864531210107604 -0.3694704121208962 -0.31461003279510286 0 0 0
0.001694915254237288 -0.4004893184961901 -0.060466278138718084 0.42022441299463964 0 0 0
0.001694915254237288 0.3447711906717282 0.27604886120172484 0.28752174981461637 0 0 0
0.001694915254237288 0.258494076836416 0.33384488569997933 -0.39651422235720274 0 0 0
0.001694915254237288 0.27220063225062585 0.1227383163538975 0.6091359286397002 0 0 0
0.001694915254237288 -0.1717433007721823 0.15842439533762967 0.10020245000378725 0 0 0
0.001694915254237288 -0.14772893013024674 -0.41523744520343336 0.03760458448381272 0 0 0
0.001694915254237288 -0.2485278819607536 0.0043710791277743405 -0.2897052318229185 0 0 0
0.001694915254237288 -0.5399281690343084 -0.07681347539527703 -0.01559099631729957 0 0 0
0.001694915254237288 0.3309141745177734 -0.1015358709420334 -0.040157410516256244 0 0 0
0.001694915254237288 -0.11665757515043207 -0.04507779697563377 -0.0811624569910531 0 0 0
0.001694915254237288 0.20915392493392201 0.37301590298944837 0.41408015944640575 0 0 0
0.001694915254237288 -0.005042424393318814 0.10232414814792548 0.6350122093673711 0 0 0
0.001694915254237288 0.0857994545701447 -0.4866936904118629 0.0881398541594141 0 0 0
0.001694915254237288 -0.19591384638897186 -0.5054840028779504 -0.018091391934655796 0 0 0
0.001694915254237288 0.11363149589412627 0.16578761083190718 0.37563189913877854 0 0 0
0.001694915254237288 0.3682109338694948 0.07188813835727358 0.3551862127552364 0 0 0
0.001694915254237288 0.12339376132473591 -0.5639853699059425 0.27222952351993335 0 0 0
0.001694915254237288 -0.1403485975415614 0.039793649962706686 0.27517161417918623 0 0 0
0.001694915254237288 0.4966717379668746 0.23110962116606995 0.22319957286759648 0 0 0
0.001694915254237288 0.17042861882490432 0.2098848501313747 0.4751518154677961 0 0 0
0.001694915254237288 -0.31363535893149486 0.24535561038678733 -0.27065909471074917 0 0 0
0.001694915254237288 -0.2863537739271496 -0.5747716488036587 0.009756651963781292 0 0 0
0.001694915254237288 0.41171686591218526 -0.2635592488807012 0.21011723004855296 0 0 0
0.001694915254237288 -0.21676711601847953 -0.4400960883173435 -0.2601675710189407 0 0 0
0.001694915254237288 0.41140577315270255 -0.3182658977183947 0.2703645122185236 0 0 0
0.001694915254237288 0.008623797832210395 0.4494078788518465 -0.2851999700376692 0 0 0
0.001694915254237288 0.11331844521373854 0.14082664600794792 -0.436691598905039 0 0 0
0.001694915254237288 -0.015411529091240422 -0.4246561166938595 0.18446933890929323 0 0 0
0.001694915254237288 0.4500881645751436 -0.2511163844317974 0.3587540366746914 0 0 0
0.001694915254237288 -0.2776859311457147 0.6107187518757271 0.0184741786669819 0 0 0
0.001694915254237288 -0.39763722697528026 -0.2583998224903352 0.4472346283474649 0 0 0
0.001694915254237288 -0.08871126745919596 -0.1585969698358021 -0.4463926792956494 0 0 0
0.001694915254237288 -0.29512103057011035 -0.43089347248997073 0.054727747929457636 0 0 0
0.001694915254237288 -0.1865802218966706 -0.5745656460074626 -0.17823569597789718 0 0 0
0.001694915254237288 -0.5580427956225418 0.37486006239714054 0.08832222753827598 0 0 0
0.001694915254237288 0.3363888683989017 -0.009418070059784258 -0.31263848631035335 0 0 0
0.001694915254237288 -0.492599490122625 0.26165450092223363 0.15684327286891261 0 0 0
0.001694915254237288 -0.2134955637218099 0.1798508486988866 -0.4480690226613005 0 0 0
0.001694915254237288 0.4833184599635494 -0.052224319059602745 -0.41752056559432865 0 0 0
0.001694915254237288 0.49162732910843776 0.3522754593703915 -0.036631178355539286 0 0 0
0.001694915254237288 -0.033513947724314416 -0.543473276009991 -0.32993053097827935 0 0 0
0.001694915254237288 0.14293243767903205 -0.3119160192998078 -0.157127410588182 0 0 0
0.001694915254237288 -0.47509567482778897 -0.19524823933901347 -0.01761842768382441 0 0 0
0.001694915254237288 -0.3025317156162351 0.09169641020720742 -0.3715017509476033 0 0 0
0.001694915254237288 -0.34906523784336063 0.46510241941054087 -0.267667047442331 0 0 0
0.001694915254237288 -0.11501041004988635 0.583608020920641 -0.26891583533402724 0 0 0
0.001694915254237288 0.24158731812856515 -0.0069943312022217345 0.5540899033528238 0 0 0
0.001694915254237288 0.15730690986453855 -0.16563977102893115 -0.1558368352995508 0 0 0
0.001694915254237288 -0.4520133801979769 -0.006351131145206777 0.22782876591389103 0 0 0
0.001694915254237288 -0.15059427056578384 -0.13577048326349014 0.473598815782851 0 0 0
0.001694915254237288 0.10208445698521447 0.21973081552272275 0.18273295802079623 0 0 0
0.001694915254237288 0.2082107179650445 0.5202669103283378 0.15045277951557146 0 0 0
0.001694915254237288 0.1956853609076514 0.5413212251592379 -0.04783816257386287 0 0 0
0.001694915254237288 0.11817584364891705 -0.43881402020956517 -0.4705854636350165 0 0 0
0.001694915254237288 -0.10849831654191947 -0.10784398039903455 -0.2175457422397322 0 0 0
0.001694915254237288 -0.12385760208065985 -0.3272293071223622 -0.1465059912354695 0 0 0
0.001694915254237288 0.44460522630194993 0.29691935036335654 0.10746017405655371 0 0 0
0.001694915254237288 0.19840638639807873 -0.0920303269990603 -0.25831395498492377 0 0 0
0.001694915254237288 -0.10558387305482823 0.12823801321149275 -0.1618320192930969 0 0 0
0.001694915254237288 0.027954064220819558 -0.5140337985558489 -0.003983376953407546 0 0 0
0.001694915254237288 0.08197411854782728 -0.1358862666361284 0.5208438644390907 0 0 0
0.001694915254237288 0.45815935618369336 0.20816325345523087 -0.16304317183437458 0 0 0
0.001694915254237288 0.5300432664669037 -0.2699505682357249 -0.2484153742652675 0 0 0
0.001694915254237288 0.09463197592876035 -0.18493865625125117 0.6249230797135947 0 0 0
0.001694915254237288 0.6042325505380751 -0.0166296394022112 -0.24692888093168777 0 0 0
0.001694915254237288 0.34758050004754215 0.06298276978563032 0.12763847378736304 0 0 0
0.001694915254237288 0.44878932007274364 -0.06694885533768297 0.4284234016783561 0 0 0
0.001694915254237288 0.5202544570539848 0.3163411708144274 -0.22272587535234575 0 0 0
0.001694915254237288 0.5824345841953147 -0.262480930510355 0.020177665366698187 0 0 0
0.001694915254237288 -0.04150983580628744 -0.48641593448945786 -0.4587775416248799 0 0 0
0.001694915254237288 -0.017400515835209955 -0.5000637747147901 -0.16325364402598208 0 0 0
0.001694915254237288 0.14466653210116226 0.5556859180946335 0.27478207771276264 0 0 0
0.001694915254237288 0.3310956135192541 0.3349361656202178 -0.20017480941373725 0 0 0
0.001694915254237288 0.08084967467261898 -0.05354745994428093 0.08234843606902086 0 0 0
0.001694915254237288 -0.3169962431402832 0.0211243378759742 0.22921836309697113 0 0 0
0.001694915254237288 -0.12742493436992808 -0.2897354145596828 -0.13533884297594007 0 0 0
0.001694915254237288 0.40634284449643604 -0.14066820219226334 0.24221800904567664 0 0 0
0.001694915254237288 0.3679483363127586 -0.1999334255221637 -0.1585372076302198 0 0 0
0.001694915254237288 -0.5773424382518155 -0.3652313098355424 -0.001843597283280366 0 0 0
0.001694915254237288 0.14117972125404785 0.27385900295019355 -0.08352382111640146 0 0 0
0.001694915254237288 -0.5479903026761461 0.08056725305429982 0.10969672786467417 0 0 0
0.001694915254237288 0.2595540309204008 -0.18014752678969492 0.5312245496388909 0 0 0
0.001694915254237288 -0.4336829909220822 0.40544574163036623 -0.009379605220810508 0 0 0
0.001694915254237288 0.15400343064949354 -0.31038012829891376 0.23936123278813284 0 0 0
0.001694915254237288 0.07515460565930726 0.028041268974654292 -0.4805512927804223 0 0 0
0.001694915254237288 0.4241245988456133 0.005818138541678687 -0.2586414214597883 0 0 0
0.001694915254237288 -0.3345590768100878 0.2998434718522684 0.23613391449911345 0 0 0
0.001694915254237288 0.24051251064488244 -0.34521709873959777 0.09530031971565125 0 0 0
0.001694915254237288 0.36327022086635 -0.3378849443075884 0.0747603112131722 0 0 0
0.001694915254237288 -0.2395636496734584 0.33334302327949084 -0.5218649898245964 0 0 0
0.001694915254237288 -0.2868052961563142 0.44291228472055627 0.41195986477118884 0 0 0
0.001694915254237288 -0.026388837695386365 0.33607685989736014 0.3445766309349428 0 0 0
0.001694915254237288 0.11814991619795857 -0.5312473661975733 -0.02293581132405389 0 0 0
0.001694915254237288 0.14374407350143129 -0.31585869823339363 -0.36180245991040166 0 0 0
0.001694915254237288 -0.019760841778285392 -0.6054553880140657 -0.06082883546193966 0 0 0
0.001694915254237288 -0.5735928527239028 -0.012154314034962267 -0.1503400163449912 0 0 0
0.001694915254237288 0.04726153881007477 -0.22250292949137984 -0.10361617277736546 0 0 0
0.001694915254237288 -0.31649302373143484 0.0903980942465567 0.3747356586923642 0 0 0
0.001694915254237288 -0.4583638504195277 0.2897323406906536 0.22719964797305783 0 0 0
0.001694915254237288 -0.5110132133162985 0.29649221728159575 0.01831995081083774 0 0 0
0.001694915254237288 -0.018372236727704157 0.25653719673156183 0.29938163212224367 0 0 0
0.001694915254237288 -0.2314064360681947 0.5145272223735267 -0.37834296382341637 0 0 0
0.001694915254237288 -0.10529201268936927 0.19090543343774036 0.5148086425226115 0 0 0
0.001694915254237288 0.11023506013807331 0.4500568167864899 0.22878745818578153 0 0 0
0.001694915254237288 -0.2718458412886432 0.5490277145551834 0.27758621284505974 0 0 0
0.001694915254237288 -0.5692760239480711 -0.14998165713234668 0.15566588604503573 0 0 0
0.001694915254237288 -0.02129645173285076 -0.5957570963033866 -0.18877674972138542 0 0 0
0.001694915254237288 -0.28156398216489187 0.4949055506244535 0.2941386647962658 0 0 0
0.001694915254237288 0.038591932281666776 0.2490533841691461 0.19832062970324982 0 0 0
0.001694915254237288 -0.3694655479842448 -0.5651489623645733 0.09490061378930087 0 0 0
0.001694915254237288 -0.42177212146860854 -0.31148963600148877 -0.3345039684845379 0 0 0
0.001694915254237288 -0.025139975210402454 0.2846339167027062 -0.32991503350088197 0 0 0
0.001694915254237288 -0.2836487131447488 -0.18548859403115656 0.17280851900034194 0 0 0
0.001694915254237288 0.10325366478235717 0.3647924140669047 -0.3930608100311174 0 0 0
0.001694915254237288 -0.22971451843667104 0.11802016968582162 0.03288325764793837 0 0 0
0.001694915254237288 0.11764079974642168 0.5829994397875529 -0.2727629068350101 0 0 0
0.001694915254237288 0.3612885918211018 0.09068450888219667 0.1636855323304358 0 0 0
0.001694915254237288 -0.5148206605988145 0.23609278952490365 0.39553711928375757 0 0 0
0.001694915254237288 0.3194630869413509 0.1170489546801974 0.545177699282517 0 0 0
0.001694915254237288 -0.39541652021549634 -0.19082346535417752 -0.19736504172671637 0 0 0
0.001694915254237288 -0.20113400085284522 -0.23212664434769162 -0.3730225608669043 0 0 0
0.001694915254237288 -0.5683905307221186 -0.09874219160906725 0.18833745503138521 0 0 0
0.001694915254237288 0.08285223560782355 -0.007425843778131922 0.15723763335654212 0 0 0
0.001694915254237288 -0.03430632958943476 0.17461838627340492 -0.573342206055477 0 0 0
0.001694915254237288 -0.40772328683919207 -0.13661794740933833 -0.0867316055640287 0 0 0
0.001694915254237288 -0.1566651147240026 0.2564180578372151 0.12076988265413408 0 0 0
0.001694915254237288 0.1053203686973909 -0.046805158418565536 -0.32326671485461594 0 0 0
0.001694915254237288 0.16265486465118958 -0.4807464580855343 -0.33763341350996307 0 0 0
0.001694915254237288 -0.5078777379129139 0.14305902053538533 0.042100831694306805 0 0 0
0.001694915254237288 -0.08222881755807931 -0.3258216366073535 0.39448234475704336 0 0 0
0.001694915254237288 -0.10923561009463778 -0.13107538031526 0.47445934748755464 0 0 0
0.001694915254237288 -0.09858358684986715 -0.10740634920192525 -0.43567222863022964 0 0 0
0.001694915254237288 0.4441157373239815 0.19517144713236512 -0.4794555497463488 0 0 0
0.001694915254237288 -0.41960758245214247 0.1136980559708708 0.31070358759969924 0 0 0
0.001694915254237288 -0.43643798072079865 0.33100922183062015 -0.13023853363328683 0 0 0
0.001694915254237288 -0.12718942515961293 -0.4877857037973406 0.2155113547182503 0 0 0
0.001694915254237288 -0.4551533698239706 0.4308734281706456 0.1625342442682966 0 0 0
0.001694915254237288 0.15939601801478268 -0.016234607223082852 -0.005984888954169177 0 0 0
0.001694915254237288 -0.05098202779589488 -0.08731073074546049 0.6234063285146527 0 0 0
0.001694915254237288 -0.5413936889156034 -0.3875782686216478 -0.047808856629919225 0 0 0
0.001694915254237288 -0.6195865347035602 -0.25076602139880455 -0.038387984418207434 0 0 0
0.001694915254237288 -0.3344353308476318 -0.1606738544258563 0.2987454677873355 0 0 0
0.001694915254237288 -0.21285650746789117 0.19219923824172405 0.21844043843718663 0 0 0
0.001694915254237288 -0.027480504979865383 0.45597345529572586 -0.226681208619589 0 0 0
0.001694915254237288 0.04710535945743443 -0.4268837511253861 -0.527541922473933 0 0 0
0.001694915254237288 -0.37334750426904745 0.08831978970900098 -0.01466227154868878 0 0 0
0.001694915254237288 -0.060398100176900144 -0.6105785339137279 -0.07953901938501085 0 0 0
0.001694915254237288 -0.11682457803128304 -0.1658980417997429 -0.06805133659292041 0 0 0
0.001694915254237288 0.061623285596811114 -0.1923341931327145 0.004083344068946889 0 0 0
0.001694915254237288 0.3169669920467798 0.3960333475068337 0.24557313136181086 0 0 0
0.001694915254237288 -0.2741850625188244 0.18756706950138943 0.29810862676239486 0 0 0
0.001694915254237288 -0.08474412539977466 0.3994116903879899 0.5250863842005147 0 0 0
0.001694915254237288 0.43311841718527677 0.4746882893372245 -0.00029121974692772844 0 0 0
0.001694915254237288 -0.1872688286918917 -0.2793546344504898 0.5854185133869209 0 0 0
0.001694915254237288 0.07269404134452563 0.3884445330476483 0.3956484983045539 0 0 0
0.001694915254237288 -0.09589452079049612 -0.1873319540988736 0.398459029989916 0 0 0
0.001694915254237288 -0.0451387473308387 0.4852289890936035 -0.4071441032148734 0 0 0
0.001694915254237288 0.08403118421990205 -0.34959264112594607 0.26639336051148593 0 0 0
0.001694915254237288 0.046545176752795354 -0.590072675343648 0.03770807049351193 0 0 0
0.001694915254237288 0.07124964601974156 0.5824190920060323 -0.1177605239194653 0 0 0
0.001694915254237288 0.10752391708318196 -0.6330088364583621 -0.011462891569213369 0 0 0
0.001694915254237288 -0.5342236461121724 0.09249241753661622 0.0685770038516175 0 0 0
0.001694915254237288 0.215072433631074 0.03212568641440573 0.1419848883825094 0 0 0
0.001694915254237288 0.2606151467081877 0.11924942950304719 0.2586595513236288 0 0 0
0.001694915254237288 0.1911760313453942 0.4526537861332156 0.4241006218833603 0 0 0
0.001694915254237288 -0.05623935571244351 0.055951574097473505 0.09364397589316154 0 0 0
0.001694915254237288 -0.3587135810182939 0.42112173206915704 0.049222602886383034 0 0 0
0.001694915254237288 -0.36420673075130716 0.004357416498883246 -0.14861228195396037 0 0 0
0.001694915254237288 0.6162843768421177 0.13915669580231285 0.22010602653690042 0 0 0
0.001694915254237288 -0.4887162160240685 -0.2849757939982199 -0.12625869683280036 0 0 0
0.001694915254237288 0.19417406524902922 0.1611212798783056 0.5055569569342442 0 0 0
0.001694915254237288 0.49306354592452045 0.19839055213798173 -0.2612635951626534 0 0 0
0.001694915254237288 0.20351913900820204 -0.009897896102754735 -0.19680122804758438 0 0 0
0.001694915254237288 -0.4551813203035577 0.11407940226204755 -0.09830133215282709 0 0 0
0.001694915254237288 -0.042177034728319025 -0.28586327637831477 0.052906606720264836 0 0 0
0.001694915254237288 0.007202767193511863 -0.5866944297757668 0.18650851646289782 0 0 0
0.001694915254237288 -0.2533472341244277 0.20777011600794187 0.4948225293330171 0 0 0
0.001694915254237288 -0.5741175716134861 -0.1421701579639713 -0.3112241889916098 0 0 0
0.001694915254237288 -0.6205207701973264 -0.22884586325951162 0.10393936789715354 0 0 0
0.001694915254237288 0.07854924206073056 -0.09303922888705497 0.45229408939257065 0 0 0
0.001694915254237288 0.4222787187703985 0.05560904028060856 0.10596559171988493 0 0 0
0.001694915254237288 0.5593587769038019 -0.0687291500779058 -0.3050937088813515 0 0 0
0.001694915254237288 -0.41027650605185645 -0.17872029612434975 0.007435311083119695 0 0 0
0.001694915254237288 0.5675499187246866 0.20960377065642954 -0.31376506630066625 0 0 0
0.001694915254237288 0.2935597193044628 -0.4854020775105419 0.19078999648027375 0 0 0
0.001694915254237288 0.40913780147611084 0.21723405755188066 -0.18388721412171258 0 0 0
0.001694915254237288 -0.10589363097644544 -0.45171927608325185 0.3813956932646201 0 0 0
0.001694915254237288 0.05439547221307011 -0.13827902882295032 0.5542755247817384 0 0 0
0.001694915254237288 0.29273599541811973 0.5046642677119557 -0.17628529432039095 0 0 0
0.001694915254237288 0.5677583290853789 0.09775980545327911 -0.26450401639511156 0 0 0
0.001694915254237288 -0.021268784002107164 0.27574754561907927 0.012880817626661087 0 0 0
0.001694915254237288 -0.042413052787475425 -0.4446836555379717 -0.4542415470683428 0 0 0
0.001694915254237288 -0.3935817144322877 -0.10014060562397263 0.25614439305270736 0 0 0
0.001694915254237288 0.08173356410889276 0.4456462871354982 0.22684320910776032 0 0 0
0.001694915254237288 -0.5732146181513778 -0.36593772834007116 -0.05137062224625268 0 0 0
0.001694915254237288 -0.4390591893173448 0.24199332149046074 0.47077901904837444 0 0 0
0.001694915254237288 0.5353058333369578 0.11542470765388979 -0.334124386137783 0 0 0
0.001694915254237288 -0.05012813247161938 0.4660885719198052 0.23089594252341689 0 0 0
0.001694915254237288 -0.48745819563611087 0.10979997600953428 0.3450902256277423 0 0 0
0.001694915254237288 0.014606075002171136 -0.5897056803059741 0.3510672538756012 0 0 0
0.001694915254237288 0.08831628686923657 0.17051187401095938 0.6548032849791575 0 0 0
0.001694915254237288 -0.03272268032987359 0.5775896365553058 0.10991659944802303 0 0 0
0.001694915254237288 0.37003859511492615 0.36084475027175894 0.34290295039487456 0 0 0
0.001694915254237288 0.6071738464094761 0.05867185070875945 -0.2196181166098961 0 0 0
0.001694915254237288 0.09699487067681657 0.22159278931429954 0.1602188869021731 0 0 0
0.001694915254237288 -0.5503638518288814 0.2047373367163362 -0.2932730536959106 0 0 0
0.001694915254237288 -0.41104662986909296 -0.08945839456785601 -0.007006330647545806 0 0 0
0.001694915254237288 0.4848032999220378 0.28983861513256043 0.1976698073204653 0 0 0
0.001694915254237288 -0.005574507112045342 -0.2821232967547154 -0.4893626252346618 0 0 0
0.001694915254237288 -0.09182803581728498 0.24484010524843203 0.516304021349154 0 0 0
0.001694915254237288 -0.5149976352032721 0.14853969136867132 0.03352478522061795 0 0 0
0.001694915254237288 -0.306706803420374 0.3191440240384755 -0.07136779176107273 0 0 0
0.001694915254237288 -0.16731040572143976 0.21351457207235863 0.35576971455718037 0 0 0
0.001694915254237288 -0.28106548491355804 -0.030521902511877214 0.28308968883348395 0 0 0
0.001694915254237288 0.027532645477595173 -0.19412523836178255 -0.39975114572948334 0 0 0
0.001694915254237288 -0.010767053544632256 -0.1852570317239738 -0.20163064137372758 0 0 0
0.001694915254237288 -0.5329277865404627 -0.2890703813233212 -0.0886175067610161 0 0 0
0.001694915254237288 -0.5525706073967303 0.1948532306437946 -0.19906810964833785 0 0 0
0.001694915254237288 -0.04097985579926624 -0.11586458366370478 -0.1619484076844495 0 0 0
0.001694915254237288 0.3020320096615425 -0.5205960766871272 0.11569057639195345 0 0 0
0.001694915254237288 0.23986885052713242 -0.2286415157687307 -0.0007208744177245589 0 0 0
0.001694915254237288 -0.14902805979237183 0.04571250235100996 -0.31890341753359613 0 0 0
0.001694915254237288 0.10622308447228843 -0.21151364308192228 0.09610642011385995 0 0 0
0.001694915254237288 0.0422570505125173 -0.5842313037912635 -0.18848806275750343 0 0 0
0.001694915254237288 -0.06125631705559276 0.5670839824110728 0.28748166264080915 0 0 0
0.001694915254237288 0.09128739298831406 0.2506031630571893 0.11228826638039753 0 0 0
0.001694915254237288 -0.24551878378583117 0.00542470909351751 -0.34340678301670435 0 0 0
0.001694915254237288 -0.20440646439001567 -0.19388228608313823 -0.34488057292165775 0 0 0
0.001694915254237288 0.28467304392031484 -0.18149832277340794 -0.061356722374077875 0 0 0
0.001694915254237288 0.07124313298887862 0.38878230086660115 0.2613135480506412 0 0 0
0.001694915254237288 -0.26420830208989027 0.18814353998779892 -0.3833128953658133 0 0 0
0.001694915254237288 -0.32992592454097197 -0.19227011181675419 -0.12480112198126579 0 0 0
0.001694915254237288 0.15677334788886246 0.2572264657193942 -0.5873655598168505 0 0 0
0.001694915254237288 0.561714663129076 0.369790579740857 -0.06631522886558891 0 0 0
0.001694915254237288 0.4906569331016767 -0.1709537366794665 0.4217518210573854 0 0 0
0.001694915254237288 -0.0739816059937491 0.13799175902581862 -0.41259710422192597 0 0 0
0.001694915254237288 0.08705809786056869 -0.34902649446198847 -0.22849656754783212 0 0 0
0.001694915254237288 0.04973165807832855 -0.20453009009075732 0.23313100423692765 0 0 0
0.001694915254237288 -0.3186673624011549 -0.2634470699972184 -0.03924134590548671 0 0 0
0.001694915254237288 0.29282357074345244 -0.47003916273521834 -0.24719258662408944 0 0 0
0.001694915254237288 -0.37583695664751465 -0.5423049067398029 -0.12114502053507131 0 0 0
0.001694915254237288 -0.03715574615516084 -0.6768578589968746 0.08944380807102786 0 0 0
0.001694915254237288 0.3083959401021138 0.3119795251402273 0.42237616300621805 0 0 0
0.001694915254237288 -0.2385565678528186 0.004568179719111311 0.2115500316096487 0 0 0
0.001694915254237288 -0.2638522335815913 0.43758226608267364 0.3790289600622872 0 0 0
0.001694915254237288 -0.30906881707804595 -0.152925227199691 -0.2828067211887469 0 0 0
0.001694915254237288 0.1609500019229938 -0.6451298792592601 -0.016256302671255763 0 0 0
0.001694915254237288 -0.03227108441815971 0.18906002703354183 -0.06782720638279119 0 0 0
0.001694915254237288 -0.36903650457213993 0.26053054599231257 -0.20023952522207306 0 0 0
0.001694915254237288 0.24501301087163585 -0.5284440361896077 0.3494794737714025 0 0 0
0.001694915254237288 0.14898347785896074 0.022876775251897578 -0.2976785553801207 0 0 0
0.001694915254237288 0.01033142817681479 -0.309008862002672 -0.4073267179528956 0 0 0
0.001694915254237288 -0.12209198456713181 0.15827039726658804 0.12795611879463542 0 0 0
0.001694915254237288 -0.08382797247389429 -0.13955374060009662 0.09597845773367798 0 0 0
0.001694915254237288 -0.03220783173185845 0.06300768487021793 0.32704655110417524 0 0 0
0.001694915254237288 -0.6122824771631125 -0.17209647231867736 -0.053164404391188684 0 0 0
0.001694915254237288 -0.03475440782757842 0.2897526297762653 -0.6216903159879434 0 0 0
0.001694915254237288 0.3069926251000153 -0.09839921362622894 0.36879549195082145 0 0 0
0.001694915254237288 -0.35705824647419493 0.39921546486461723 0.014147338893568041 0 0 0
0.001694915254237288 0.3725114391288899 0.14647387156337288 0.55719430775244 0 0 0
0.001694915254237288 0.27103393480114985 0.36080406688552 0.08636267086876577 0 0 0
0.001694915254237288 -0.5024235240880913 -0.38661253187502126 0.06642628338885845 0 0 0
0.001694915254237288 0.33984938475004994 0.33388162819459 -0.045335912238836464 0 0 0
0.001694915254237288 -0.21355915759573044 -0.025479733120568636 -0.24745522851688267 0 0 0
0.001694915254237288 -0.3165993692953032 -0.07079266482898583 0.009280884393222099 0 0 0
0.001694915254237288 -0.07724512206875836 0.4084215653944383 0.10087712942385511 0 0 0
0.001694915254237288 -0.24895090619584487 0.34542588646430844 -0.15362385967887499 0 0 0
0.001694915254237288 -0.4217873568965169 0.18007519470465055 0.14489705950693207 0 0 0
0.001694915254237288 -0.035095313076382195 0.3497154961155133 -0.11103031875195997 0 0 0
0.001694915254237288 0.2436389496661647 -0.6192984100405079 0.053740681999827254 0 0 0
0.001694915254237288 -0.25616831657246353 -0.5336902427634084 0.17452659015697036 0 0 0
0.001694915254237288 -0.060550819884624366 0.6533373730901603 -0.21747283206954793 0 0 0
0.001694915254237288 -0.18555912101406216 -0.5846169651559436 -0.027204686951589147 0 0 0
0.001694915254237288 0.4291453968782623 -0.06697067442554189 -0.10696810681951284 0 0 0
0.001694915254237288 0.031447185137985695 -0.43382506274741195 -0.5179326253137633 0 0 0
0.001694915254237288 0.3121858753497385 0.10080309114873484 0.29650157513670655 0 0 0
0.001694915254237288 0.36039368657995824 -0.2395821360992285 -0.43345147260359274 0 0 0
0.001694915254237288 -0.02366014651399659 -0.1993846117870783 0.6434481373569705 0 0 0
0.001694915254237288 -0.007550539399414385 0.49786370471889413 -0.34577979458780733 0 0 0
0.001694915254237288 0.30883022001426363 0.3833121137531881 -0.46622612183633966 0 0 0
0.001694915254237288 -0.20972590067715927 0.5134748472229966 -0.04016258948361682 0 0 0
0.001694915254237288 -0.2816732202834708 0.4410691764933547 -0.26287223806402743 0 0 0
0.001694915254237288 -0.08534541895686819 -0.35373778384709326 -0.04602005033320267 0 0 0
0.001694915254237288 0.24331912743954856 0.20704122867978061 0.2579182839862311 0 0 0
0.001694915254237288 -0.15737097517970464 0.2892541640080312 0.29900077400186953 0 0 0
0.001694915254237288 0.058036548528928575 0.3939584935380956 0.5258762026420248 0 0 0
0.001694915254237288 -0.03363735952381763 -0.4312080429016028 -0.11044453917041554 0 0 0
0.001694915254237288 -0.3825586056949496 0.2116931706871373 0.3289434578694441 0 0 0
0.001694915254237288 -0.025797872780366306 0.2325539689995828 0.369857012946854 0 0 0
0.001694915254237288 0.1104896895665898 -0.49250323780046595 0.20492302034509732 0 0 0
0.001694915254237288 -0.6725805730703899 -0.10906416959733216 0.016646707058263936 0 0 0
0.001694915254237288 -0.6429002620417772 0.09550075871489001 0.11994982624656012 0 0 0
0.001694915254237288 -0.04898997727492484 0.22247556661570023 -0.36723033059241544 0 0 0
0.001694915254237288 -0.5569741998959076 -0.30364298289610364 0.25227000146695644 0 0 0
0.001694915254237288 0.052685595326346944 0.42845000423224294 -0.36604874792718733 0 0 0
0.001694915254237288 -0.10196243543326355 -0.18068430786038991 0.09527169506561242 0 0 0
0.001694915254237288 0.14438387175360803 0.5376353810155449 0.26218760317346973 0 0 0
0.001694915254237288 -0.45721861122028085 -0.1764746194492351 -0.2177073624820445 0 0 0
0.001694915254237288 0.5904437038334752 -0.04765163957704966 0.3600188153297929 0 0 0
0.001694915254237288 0.6119771986126123 -0.07968832136292772 0.17069556449433418 0 0 0
0.001694915254237288 0.18042080265869107 -0.0818985982302874 0.37775978775433894 0 0 0
0.001694915254237288 -0.2157962706517184 -0.03745804540377161 -0.00691147299279574 0 0 0
0.001694915254237288 0.41473625328466474 -0.15442867199390317 0.38012374718415903 0 0 0
0.001694915254237288 -0.2244009272408332 -0.07095455236676051 0.051574149842234365 0 0 0
0.001694915254237288 -0.36449360494747507 -0.5458817288861424 0.0025049164898360197 0 0 0
0.001694915254237288 -0.3621399313743241 -0.27272972246947136 -0.43100235191365477 0 0 0
0.001694915254237288 0.06206644155497204 0.1297680020220398 -0.34631205328414755 0 0 0
0.001694915254237288 0.006588806188190735 -0.6589319917669832 0.1681493022754038 0 0 0
0.001694915254237288 -0.25242304233908824 -0.04609876821146611 0.0348964532232013 0 0 0
0.001694915254237288 0.23111130170984587 -0.44234193002859346 -0.004794557047179109 0 0 0
0.001694915254237288 -0.168244525556855 -0.20392527362352417 0.21626098592490112 0 0 0
0.001694915254237288 -0.5114455581820613 -0.07726003950864956 0.11041979706437018 0 0 0
0.001694915254237288 0.16060257310589968 0.5241604857206088 -0.16227462927938902 0 0 0
0.001694915254237288 0.09823597191456165 0.4419902923227001 0.303939276767948 0 0 0
0.001694915254237288 -0.27309018385203154 -0.33930530636593786 -0.4826333083745262 0 0 0
0.001694915254237288 0.615424354423818 0.1330497136362079 -0.10165665802204095 0 0 0
0.001694915254237288 -0.11244759067419662 0.3148095891249408 0.46125654181591413 0 0 0
0.001694915254237288 -0.3762291024089723 0.3474202106122426 -0.28206980641499446 0 0 0
0.001694915254237288 -0.2144374397534458 0.2938487855326662 -0.43852288379172055 0 0 0
0.001694915254237288 -0.1305526381751568 0.38949122300753575 -0.05042189274039092 0 0 0
0.001694915254237288 -0.43318551727878957 -0.23474217504580802 -0.23728418816045632 0 0 0
0.001694915254237288 0.21381984599233553 0.2633618654713411 -0.20945175000763708 0 0 0
0.001694915254237288 0.29302621542471424 -0.5416291688713654 0.23620968397930847 0 0 0
0.001694915254237288 0.3963877776087954 0.21231814433291693 -0.4189090209915657 0 0 0
0.001694915254237288 -0.3806500138363449 0.5064352871232148 0.016768458788749666 0 0 0
0.001694915254237288 0.113107943685804 -0.17143462832362266 -0.05210728623995304 0 0 0
0.001694915254237288 -0.15444360264460652 -0.5229313393232587 0.4198947208484805 0 0 0
0.001694915254237288 -0.4378486980390072 0.08929405902799409 -0.21433487797221906 0 0 0
0.001694915254237288 0.43207894917066764 -0.005024442969229031 0.47551331684533427 0 0 0
