80
0
0.0125 -0.17367464055152498 -0.2455873499104321 -0.15959453478949423 0 0 0
0.0125 -0.35965772851998823 -0.21435993887864177 -0.14708376839215145 0 0 0
0.0125 -0.5054275630917128 -0.0005088263809367487 -0.3608338191083532 0 0 0
0.0125 0.08903002232134873 -0.20429833063309288 -0.23460153026474542 0 0 0
0.0125 0.5221643928518835 0.4038081622168895 -0.19489012424593521 0 0 0
0.0125 -0.156948045579449 -0.32769095579311 0.4471413114788915 0 0 0
0.0125 0.13925284334162852 -0.2845360794915217 0.32284294937294117 0 0 0
0.0125 -0.03944240782077432 -0.4178386122159534 -0.2800814404484156 0 0 0
0.0125 -0.3134163075662802 0.17867434902885423 0.47752482932243107 0 0 0
0.0125 -0.46936189489972097 -0.0027277593728406457 0.10745675235981282 0 0 0
0.0125 -0.024845071525835902 0.37164984210584073 -0.16495866516802413 0 0 0
0.0125 0.26420543466508 0.1686901716743352 -0.35237367184897506 0 0 0
0.0125 0.12184872271528452 0.41996133106854605 -0.2835433973498545 0 0 0
0.0125 -0.03374486276505779 -0.33734831657032455 -0.3001869805152115 0 0 0
0.0125 -0.5524411345950473 -0.1534250598469133 0.3427056345809658 0 0 0
0.0125 -0.6411819537001591 -0.09698858375018254 0.2198260860102267 0 0 0
0.0125 0.18555836244372742 0.584729142751849 -0.25646473551867804 0 0 0
0.0125 -0.3097685658088648 0.4150466674968659 0.39327327288623315 0 0 0
0.0125 0.018694234569147542 -0.6201706775499268 0.020147368602440985 0 0 0
0.0125 -0.08779167373866108 -0.10655705327467245 0.007261994837279586 0 0 0
0.0125 -0.0056039896992896646 -0.5559204322412208 -0.05775288617606123 0 0 0
0.0125 0.1521811541679301 0.009127013070924785 0.6561618669190074 0 0 0
0.0125 -0.03271401783491975 -0.012753463400515542 -0.4108188169799361 0 0 0
0.0125 -0.2763968368771988 0.19775416817456523 0.2804031521126397 0 0 0
0.0125 -0.3441134248956083 -0.5216943165500251 0.16476285017430647 0 0 0
0.0125 0.17464022911095584 0.08464749643396928 0.43807141646418873 0 0 0
0.0125 -0.2085565433265647 0.28991720675732197 -0.4329671017783366 0 0 0
0.0125 0.40454235831804936 -0.2413698808528675 0.17023690893414323 0 0 0
0.0125 -0.32583250343421055 0.391564460456611 0.1593381850250009 0 0 0
0.0125 -0.3269080259623396 -0.4351930465422129 0.04391251283544764 0 0 0
0.0125 -0.16501640928304495 0.04823588737909595 0.10802609540895604 0 0 0
0.0125 0.5256042449415558 0.16557726069864517 -0.2287099885655276 0 0 0
0.0125 -0.26407439547137396 0.13887520573319542 0.19991813140054937 0 0 0
0.0125 0.034152208080741174 -0.38309618551693303 0.1500782339160089 0 0 0
0.0125 0.2646429700427099 0.43131568981310275 -0.45699123657973656 0 0 0
0.0125 0.16067777920658605 0.21592019313844615 -0.0005994991782832268 0 0 0
0.0125 -0.004425706266266497 0.3886189149200593 0.4719015450510798 0 0 0
0.0125 0.10342684042535137 0.10919360455214241 -0.1661046942199431 0 0 0
0.0125 -0.13697008403226887 0.16585709849764171 -0.6545321468009092 0 0 0
0.0125 0.10427165498299852 -0.09395590670252246 -0.6017165745073538 0 0 0
0.0125 0.2927890323420601 0.4897124796401673 -0.16854311382776657 0 0 0
0.0125 0.16971154331356608 -0.0017780353089435143 -0.007566066845127898 0 0 0
0.0125 -0.24329236735968657 -0.23513138942608772 -0.136819290770697 0 0 0
0.0125 -0.11745886004228587 0.04870305616318101 0.3546894448875311 0 0 0
0.0125 0.23996168618134223 0.1029067191557919 -0.2764529375666895 0 0 0
0.0125 0.3234575437352877 -0.08906220066411175 -0.019838821677454977 0 0 0
0.0125 -0.4381956360188358 -0.17952653874848493 -0.43425515712037305 0 0 0
0.0125 0.2459457287504393 0.3637849278232015 -0.3592002808588547 0 0 0
0.0125 -0.08860952031537811 -0.6027242053118143 0.2881547739819907 0 0 0
0.0125 0.20855441661523896 0.1535427356927118 -0.06147365895365189 0 0 0
0.0125 -0.6193418370022241 -0.30534117423960094 -0.046455020589159644 0 0 0
0.0125 -0.021568056812412573 -0.3730152634239137 -0.10757578123895054 0 0 0
0.0125 -0.5979641039237058 0.1719201717664442 0.19893400275586312 0 0 0
0.0125 -0.11341251218742297 -0.02999118276165622 0.05697642382339682 0 0 0
0.0125 -0.3044681557694702 0.005984775812675507 0.11972537327670243 0 0 0
0.0125 -0.34826857824588686 -0.11930084512167435 0.5205619139246609 0 0 0
0.0125 -0.14620535936393292 -0.08237826352789568 0.5608552498803091 0 0 0
0.0125 -0.2626511394463159 -0.19973498219911134 -0.012685572824036373 0 0 0
0.0125 0.48058246780473085 -0.10562696658999471 -0.3561144177828654 0 0 0
0.0125 0.04202599840822286 -0.21076134056527088 -0.5438438911519097 0 0 0
0.0125 -0.33935298770202404 -0.5487955153143783 0.11337842814570541 0 0 0
0.0125 -0.4163363380963111 0.1923330213621595 0.4454857311281469 0 0 0
0.0125 -0.3085767718102106 0.5497385275989012 -0.16228994071587122 0 0 0
0.0125 0.12203364148209667 0.1371407327432827 0.19450952015156994 0 0 0
0.0125 0.35078882350129026 0.02766458901557391 0.5861887764990832 0 0 0
0.0125 0.2440240089508837 0.45090458688794716 0.1528516091259597 0 0 0
0.0125 0.4939243732701912 -0.016653707996646366 -0.20448599280880617 0 0 0
0.0125 -0.5081301738618333 0.3368365993991953 -0.18566175587087125 0 0 0
0.0125 -0.25335468677893236 -0.5335683238887167 -0.15845531539935295 0 0 0
0.0125 -0.27136548619692996 -0.3017484700917927 0.3279387383718873 0 0 0
0.0125 0.1940522398075693 -0.2034401846850404 -0.591609037694064 0 0 0
0.0125 0.2865969284077147 -0.30970114213061145 -0.17197492957858518 0 0 0
0.0125 -0.21252395741947458 -0.06940144344477447 -0.2708276805135494 0 0 0
0.0125 0.13371050454423766 0.3582486334439552 0.5036859494125729 0 0 0
0.0125 -0.23596244404190353 0.0590096642159612 -0.4354719675442779 0 0 0
0.0125 -0.22768230645741294 -0.4316568737389255 -0.28610376696350187 0 0 0
0.0125 0.025110730919594607 0.22251592202906487 -0.2637260515866383 0 0 0
0.0125 -0.5119549760829262 -0.41451415913408507 -0.03977083774590663 0 0 0
0.0125 -0.2503783928115055 -0.05608872372157958 0.2921934888990105 0 0 0
0.0125 -0.23069430845575706 -0.3068282229277601 -0.5555540124654917 0 0 0
