700
0
0.0014285714285714286 0.2454993114901186 -0.2428770127771125 -0.2614217674936627 0 0 0
0.0014285714285714286 0.29537056155361785 0.0948797460521565 0.03401074686314862 0 0 0
0.0014285714285714286 -0.11112285488069734 -0.4349796902724451 -0.20150251182666284 0 0 0
0.0014285714285714286 -0.2534342822482572 0.5475117110017712 0.14395876897540674 0 0 0
0.0014285714285714286 0.25791850293401625 0.14121247053405883 -0.5601485105236967 0 0 0
0.0014285714285714286 0.012067303360083489 -0.043522609595827315 0.5847663750926737 0 0 0
0.0014285714285714286 -0.08430728940781472 0.1166001404696248 0.49967887232499036 0 0 0
0.0014285714285714286 -0.13705589421136125 0.22308081276526165 -0.3727387780727153 0 0 0
0.0014285714285714286 0.05668226601425382 0.20349379896516942 -0.4572188173258976 0 0 0
0.0014285714285714286 -0.6447389570078668 -0.1577592694247572 -0.0892668295788507 0 0 0
0.0014285714285714286 0.2367411337610902 0.41588542805726714 0.03256417167473496 0 0 0
0.0014285714285714286 -0.5250511863261286 -0.32865691366807187 -0.02131356626489159 0 0 0
0.0014285714285714286 0.4233198014060218 0.3147824243196695 -0.38027121436018396 0 0 0
0.0014285714285714286 0.2684905404063155 0.22976075477800767 -0.5035302595517065 0 0 0
0.0014285714285714286 0.4276996461270331 -0.5147599133186918 0.09579645356988878 0 0 0
0.0014285714285714286 -0.4113519886766744 0.06204231517393773 -0.01809175973531859 0 0 0
0.0014285714285714286 -0.38733842798152135 0.15276889096412818 0.00913563175462905 0 0 0
0.0014285714285714286 0.6150761816975314 -0.0338427954806252 0.05662403596638306 0 0 0
0.0014285714285714286 -0.11764872326242057 -0.12804733312441785 0.43199281225741165 0 0 0
0.0014285714285714286 -0.35378663105922553 -0.49057852701749927 0.037674089416263094 0 0 0
0.0014285714285714286 0.5184075752539823 0.032236832423810716 -0.023439379488350242 0 0 0
0.0014285714285714286 -0.21643075760469693 0.10562147733498681 0.30846326558267645 0 0 0
0.0014285714285714286 0.05103364883418348 0.6516698048385552 0.1613330116204228 0 0 0
0.0014285714285714286 -0.26841797808282436 0.5121086048025126 0.2631184091825668 0 0 0
0.0014285714285714286 0.3559747340841003 -0.20537331378274132 0.5357254144635295 0 0 0
0.0014285714285714286 -0.5749914349820175 0.06582724341450193 0.023828943230271165 0 0 0
0.0014285714285714286 0.01981933081311533 -0.6469280024269803 -0.13108797625893712 0 0 0
0.0014285714285714286 -0.010686123202578933 -0.5206158900905928 -0.016820139642125236 0 0 0
0.0014285714285714286 -0.44382614016680555 -0.051852231918407606 0.18833565565682128 0 0 0
0.0014285714285714286 -0.2909236506201382 -0.14455156554544057 0.6111184095106761 0 0 0
0.0014285714285714286 -0.3611707666791547 0.5891672529788107 0.03258181341846825 0 0 0
0.0014285714285714286 0.22763163290916796 -0.29117333710398363 0.5728839608380897 0 0 0
0.0014285714285714286 0.004642188264306449 0.651610254068871 0.12382721301948627 0 0 0
0.0014285714285714286 0.01683846586072164 -0.21627592320599534 0.13173606589525624 0 0 0
0.0014285714285714286 0.12685534869751644 0.2256650773606793 0.1237097702682418 0 0 0
0.0014285714285714286 0.19769555687876628 -0.1258769733229356 -0.6174506610705388 0 0 0
0.0014285714285714286 0.26421814939224925 0.06667091792511756 0.5079318224480496 0 0 0
0.0014285714285714286 -0.008781112742063142 -0.4822957611139622 -0.1764114051360513 0 0 0
0.0014285714285714286 -0.20245856589189423 -0.465340769599815 0.22328180119902558 0 0 0
0.0014285714285714286 -0.5659620882932879 -0.15940295507720822 -0.18513023982656535 0 0 0
0.0014285714285714286 0.49039149283116895 0.34947267142577176 -0.26949060248185797 0 0 0
0.0014285714285714286 0.16881738744914107 -0.3728064787708869 -0.02247995279276832 0 0 0
0.0014285714285714286 0.030763803539856232 0.03601154085703289 0.0007339065629511339 0 0 0
0.0014285714285714286 0.4000771042652233 -0.43266823518546943 0.07872626055394832 0 0 0
0.0014285714285714286 0.5372680951000969 0.3885128484791636 0.17741919714419324 0 0 0
0.0014285714285714286 -0.2393032040437331 -0.005984734200266102 -0.4557931375227356 0 0 0
0.0014285714285714286 0.17932262616007336 -0.021162383836831933 0.23341500761104822 0 0 0
0.0014285714285714286 -0.004027395750904106 0.17284739897141418 0.4766238002338625 0 0 0
0.0014285714285714286 0.38419162587081457 0.018661637728897288 0.4452394667054392 0 0 0
0.0014285714285714286 -0.4979978713318467 0.2891656207951073 0.23564529195678957 0 0 0
0.0014285714285714286 0.5823089824096999 0.282795958204661 0.23273927572482853 0 0 0
0.0014285714285714286 0.17310905732316195 -0.4070564416061823 -0.05536196991010905 0 0 0
0.0014285714285714286 0.05200039438079415 0.547220700074367 0.2116140253359882 0 0 0
0.0014285714285714286 0.34888024167388826 -0.5026432724163375 -0.12190824198071305 0 0 0
0.0014285714285714286 0.09350335498858643 0.6357644455809572 0.22712734587272496 0 0 0
0.0014285714285714286 0.07330755264793702 0.3126860105355144 0.2003717727599625 0 0 0
0.0014285714285714286 0.19833300840781914 -0.4546705486908987 -0.2145592607602898 0 0 0
0.0014285714285714286 -0.1420019043874801 0.2528878845857911 -0.568754549545249 0 0 0
0.0014285714285714286 -0.2282412192624476 0.4254239690602851 -0.28894143306257575 0 0 0
0.0014285714285714286 -0.46140431066220516 0.11120871556227137 -0.27844007330655207 0 0 0
0.0014285714285714286 -0.08849356315479605 0.28068891928387896 0.012568224448826444 0 0 0
0.0014285714285714286 -0.33462673099957513 0.11336489092351487 -0.11087932794084643 0 0 0
0.0014285714285714286 -0.24765761812281836 0.461992269396836 -0.21463793420326083 0 0 0
0.0014285714285714286 0.21328604941796525 -0.18429884658523604 0.07938858594437757 0 0 0
0.0014285714285714286 0.1366410513402232 0.30377496086149547 0.44266889240210217 0 0 0
0.0014285714285714286 0.0913884987785182 -0.3753349215277832 0.14799097942416423 0 0 0
0.0014285714285714286 0.15041326967783886 -0.539013593506401 0.17879672304230465 0 0 0
0.0014285714285714286 -0.01605193673380235 0.1575570760199027 -0.4245927832866636 0 0 0
0.0014285714285714286 0.2953619784091116 0.1569570624214958 0.42337848164883396 0 0 0
0.0014285714285714286 -0.5161104355285691 0.2796616119282645 0.005992262107616132 0 0 0
0.0014285714285714286 0.3419965628644844 0.14423119684265054 -0.08031816932114237 0 0 0
0.0014285714285714286 0.07405016533428302 0.14968246369401675 -0.4193742061045692 0 0 0
0.0014285714285714286 -0.3704147897964692 -0.021446592663272774 0.10828064590552039 0 0 0
0.0014285714285714286 -0.14511812921469905 -0.30875751208515284 0.30715904588210696 0 0 0
0.0014285714285714286 -0.08509793047828672 0.17568602793430227 0.11912632836272108 0 0 0
0.0014285714285714286 0.18171889009097458 0.5962556087002493 -0.27888880063117844 0 0 0
0.0014285714285714286 0.28554985083193085 0.21349909118316945 0.5676273236397509 0 0 0
0.0014285714285714286 -0.31966470127228214 -0.5763295295118771 0.09023870863270597 0 0 0
0.0014285714285714286 0.252326965954492 -0.5401477362810114 0.1942417873563015 0 0 0
0.0014285714285714286 0.04503952666037769 0.13320936625762672 -0.6736975093607588 0 0 0
0.0014285714285714286 -0.39548803360060497 0.21610502675675652 0.29923825637600493 0 0 0
0.0014285714285714286 -0.09902114333137539 -0.09475921597656363 0.4561992235789491 0 0 0
0.0014285714285714286 -0.00775506418676642 -0.375550427547638 -0.19556241643939123 0 0 0
0.0014285714285714286 0.1889321133616745 0.2559817953382438 -0.19918078024483182 0 0 0
0.0014285714285714286 0.24051342329812145 0.41353104835846366 -0.49332032214805605 0 0 0
0.0014285714285714286 -0.22934766138336474 -0.5016086051702262 0.16705630549179987 0 0 0
0.0014285714285714286 -0.005813258162400039 -0.009498415337292558 0.00028630270187410885 0 0 0
0.0014285714285714286 0.039962477179034075 0.34942170475363116 -0.2153497617387166 0 0 0
0.0014285714285714286 -0.38500804270871825 -0.09355480418102227 0.2162615297219884 0 0 0
0.0014285714285714286 -0.14279361419944483 0.040594054654884554 -0.01911555442949885 0 0 0
0.0014285714285714286 -0.4939559359384858 0.10953203281156255 0.08914591316579812 0 0 0
0.0014285714285714286 -0.24917382392153706 -0.31782453906609465 0.052917042759530894 0 0 0
0.0014285714285714286 0.5177002802732239 -0.29371856993210854 -0.1321351954801519 0 0 0
0.0014285714285714286 0.575290295318884 0.1698465642182341 -0.2624814606125412 0 0 0
0.0014285714285714286 0.17668419399253893 0.014285356228803635 0.0019900106883520606 0 0 0
0.0014285714285714286 0.3540597490941574 -0.27123660325844173 0.022666460248103017 0 0 0
0.0014285714285714286 0.30803790090829375 0.05175247703752407 0.2808612382386186 0 0 0
0.0014285714285714286 0.0532092057598273 0.20082914108307806 0.2943607037275741 0 0 0
0.0014285714285714286 0.20340470419666387 -0.1144733474146557 -0.38877188808595986 0 0 0
0.0014285714285714286 0.1470044397970994 -0.5726116693802785 -0.21648957258665008 0 0 0
0.0014285714285714286 0.01625136308361316 -0.1307805573352356 -0.46699246882797263 0 0 0
0.0014285714285714286 0.3587526539954267 0.22361944118156113 -0.12313976286042255 0 0 0
0.0014285714285714286 0.46229896375612095 0.19875354810577392 -0.08568033243798195 0 0 0
0.0014285714285714286 -0.036648377804965736 -0.37640870805519294 -0.39739696739988645 0 0 0
0.0014285714285714286 0.22663016653817464 -0.6328135004844979 0.016507649787098226 0 0 0
0.0014285714285714286 0.015791848906934063 0.48380033078810053 0.4497791081190265 0 0 0
0.0014285714285714286 0.08037781393686375 0.11907793800071013 0.17253123216492822 0 0 0
0.0014285714285714286 -0.12556032966832928 0.6620967274795352 0.15285132764482887 0 0 0
0.0014285714285714286 0.4541121639388485 -0.04489753584795271 0.017802213654958574 0 0 0
0.0014285714285714286 0.5566994969431525 -0.12077042806665395 -0.32697366988059356 0 0 0
0.0014285714285714286 -0.01993734813429762 -0.37647173642515214 -0.1734048485671318 0 0 0
0.0014285714285714286 -0.6700154017076038 -0.10637187401250287 -0.014518620319314602 0 0 0
0.0014285714285714286 0.23091051404700952 0.037612750919241905 -0.4575405319751873 0 0 0
0.0014285714285714286 0.46564378972626363 -0.07759704827109978 0.4910424348491155 0 0 0
0.0014285714285714286 -0.045393323765931935 0.38652400174017815 0.07830491096223549 0 0 0
0.0014285714285714286 0.5256594026401807 -0.314264279356545 0.1449900625286976 0 0 0
0.0014285714285714286 -0.46934216026045167 -0.4955536036139686 0.04569166643256353 0 0 0
0.0014285714285714286 -0.5296708717404881 0.3734797836762956 -0.11513904598611775 0 0 0
0.0014285714285714286 -0.4861837967997644 0.27041772655083757 -0.15960099777320205 0 0 0
0.0014285714285714286 0.007823724730657252 -0.384235986133192 0.2563225019576273 0 0 0
0.0014285714285714286 0.11602190032385915 0.30356417200922153 -0.41076722073904626 0 0 0
0.0014285714285714286 0.2053491087941936 0.1602493024527786 -0.533389264887214 0 0 0
0.0014285714285714286 0.08848897059784985 0.5303648381906912 -0.3907284277637347 0 0 0
0.0014285714285714286 -0.16085522292896046 0.32137662772983194 0.5446952182105642 0 0 0
0.0014285714285714286 -0.560863221269659 -0.06530468299389625 0.07885588525705563 0 0 0
0.0014285714285714286 -0.36093033933903557 0.07654770499009364 -0.37282955902545667 0 0 0
0.0014285714285714286 0.2582041018190372 0.38718299901289754 -0.06275266567378458 0 0 0
0.0014285714285714286 0.39864791359040364 -0.13259619930041708 0.0033050885633794376 0 0 0
0.0014285714285714286 -0.4745551796561046 0.01708241593299248 0.15589803532002597 0 0 0
0.0014285714285714286 -0.3776262783097245 0.14186894353598906 -0.5177206687518536 0 0 0
0.0014285714285714286 -0.10817751597961742 0.0902938335161108 0.5453125804653712 0 0 0
0.0014285714285714286 0.2923116622527082 0.1010496227794728 0.11576935854517778 0 0 0
0.0014285714285714286 -0.3837448214427483 -0.2861258076057888 0.48197710808836297 0 0 0
0.0014285714285714286 -0.14467398579414947 0.22868420558490607 0.08090281082526408 0 0 0
0.0014285714285714286 0.3418759810873267 0.32601993370211146 -0.19712857478546228 0 0 0
0.0014285714285714286 -0.3123979905460947 -0.5310897002673782 0.1713764289333363 0 0 0
0.0014285714285714286 0.5818830593846293 -0.2857250006763256 0.09997961583592645 0 0 0
0.0014285714285714286 0.3830071243821505 0.033027502553205475 -0.13926666731049506 0 0 0
0.0014285714285714286 0.008627032066282167 0.4097488334309289 0.31610380803369686 0 0 0
0.0014285714285714286 -0.11045675409838993 -0.13331396437370738 0.45237986664224245 0 0 0
0.0014285714285714286 -0.30243967483699585 0.03686091963873762 0.41499437444086407 0 0 0
0.0014285714285714286 0.3045714149730063 -0.5116367500541171 0.2651333730953836 0 0 0
0.0014285714285714286 -0.3606200383806487 -0.009211670971628652 -0.4175607544729656 0 0 0
0.0014285714285714286 -0.3253901000815486 -0.09214580564911806 -0.5731822905446166 0 0 0
0.0014285714285714286 -0.21562078746022556 -0.5063819079945393 0.09330323243232469 0 0 0
0.0014285714285714286 -0.15106636154744674 0.5609903941377442 -0.1843103148509125 0 0 0
0.0014285714285714286 0.07742608572962113 0.16329082424931066 -0.6116535758509196 0 0 0
0.0014285714285714286 0.36545123679841035 -0.21177829035438825 -0.31645682477946796 0 0 0
0.0014285714285714286 -0.18679892454701028 0.4796462564700341 -0.16491171950007324 0 0 0
0.0014285714285714286 -0.29419859395634584 0.16423481827629244 -0.5471460308251862 0 0 0
0.0014285714285714286 -0.37795738523433137 -0.568224826655188 0.08697803859696585 0 0 0
0.0014285714285714286 -0.1829586309498643 0.4880464190174268 0.07726258326638509 0 0 0
0.0014285714285714286 0.4899953153053008 0.1366099556497886 0.048494042198877964 0 0 0
0.0014285714285714286 -0.1057943282528992 -0.563621992948061 0.23283652740906663 0 0 0
0.0014285714285714286 0.13395903732756614 0.32744928727703143 0.3997925336880165 0 0 0
0.0014285714285714286 -0.3094759757701767 -0.07250186297901433 -0.5536271224251121 0 0 0
0.0014285714285714286 0.5591837142592248 0.14357677610238542 0.29432088521169064 0 0 0
0.0014285714285714286 -0.1388115481027652 0.5900683391905824 0.19739943013974323 0 0 0
0.0014285714285714286 0.22065129167246134 0.14490412705151512 0.05883428160984313 0 0 0
0.0014285714285714286 -0.13980097635843602 -0.13954626498620176 -0.19419745147744769 0 0 0
0.0014285714285714286 -0.27230635127388797 0.3597692876487445 -0.3893485352774644 0 0 0
0.0014285714285714286 -0.1416186887697573 0.2718560306715433 0.4182210466912437 0 0 0
0.0014285714285714286 0.11933545339441515 0.5164441764770962 0.0196601108941595 0 0 0
0.0014285714285714286 -0.5427882731527215 -0.32641045017485504 -0.09491620855463302 0 0 0
0.0014285714285714286 0.5182035934916214 -0.10109368557437706 -0.43059667974212157 0 0 0
0.0014285714285714286 0.1902197117472567 0.382176702035183 -0.19657305447604764 0 0 0
0.0014285714285714286 -0.2463483822390156 0.30535306832210507 0.29487773774467235 0 0 0
0.0014285714285714286 0.17216706142590502 -0.12663066222417269 0.5133299948842719 0 0 0
0.0014285714285714286 -0.2772804662572954 0.212988707211976 -0.08937865478370956 0 0 0
0.0014285714285714286 0.31254345861092336 0.42962614990779285 -0.1583398178850118 0 0 0
0.0014285714285714286 -0.23452315288551887 -0.5660148487507164 0.2396640921941319 0 0 0
0.0014285714285714286 -0.4302501959274413 -0.3874140704116252 0.19972253417148145 0 0 0
0.0014285714285714286 -0.2572450529812717 0.43474561303358533 0.2647788296430804 0 0 0
0.0014285714285714286 -0.12640630082186172 0.061216848422291685 0.5480261717069367 0 0 0
0.0014285714285714286 -0.418522184681853 0.4418910265094509 -0.010472622990546855 0 0 0
0.0014285714285714286 0.055458517220031284 0.41369980846523713 0.1678040564228524 0 0 0
0.0014285714285714286 0.40437845801243094 0.20756314297600012 -0.21135149800329578 0 0 0
0.0014285714285714286 -0.34870895806558644 0.3187312839358695 0.1844779592231479 0 0 0
0.0014285714285714286 -0.08193149014638412 -0.6386962692130429 -0.23605877427762048 0 0 0
0.0014285714285714286 0.022806240567089738 0.14456293845082646 0.009581651035871695 0 0 0
0.0014285714285714286 0.1332443887147066 -0.027101748236505577 -0.3703898214961544 0 0 0
0.0014285714285714286 0.05835592360393195 0.46197976876293967 -0.06593015075483663 0 0 0
0.0014285714285714286 0.21239557394183875 0.32216014726445064 0.31294372309159013 0 0 0
0.0014285714285714286 0.5401350824961676 0.05999626331458936 0.3765381378900485 0 0 0
0.0014285714285714286 0.26971557222103615 -0.5311941702003549 -0.1502500208338169 0 0 0
0.0014285714285714286 0.0582093238968409 -0.5519928886709443 0.033441585463708956 0 0 0
0.0014285714285714286 0.4541762551689651 -0.024224987517422213 -0.15953159979173026 0 0 0
0.0014285714285714286 0.5467390300490261 0.08451061276360357 -0.254983327707356 0 0 0
0.0014285714285714286 0.2938659464997757 0.24272744302621657 0.10763530282295676 0 0 0
0.0014285714285714286 0.12838194114926055 0.1303116932568511 0.06727876680494164 0 0 0
0.0014285714285714286 -0.1263920553916748 0.2121303886691182 0.2120141325946705 0 0 0
0.0014285714285714286 0.09631979499555181 0.4318541029419613 0.4856216217104865 0 0 0
0.0014285714285714286 -0.6204468600397043 0.05707196100912953 -0.039930488102011746 0 0 0
0.0014285714285714286 -0.032115605367503575 0.050040078317683236 0.5331585753787569 0 0 0
0.0014285714285714286 -0.3216585935724089 0.17730981306199536 -0.48735460017537496 0 0 0
0.0014285714285714286 0.22939595030556453 -0.05883609202725304 -0.46667301319556237 0 0 0
0.0014285714285714286 -0.09810721252093439 -0.29044373921188593 -0.5520242597039359 0 0 0
0.0014285714285714286 0.12554414351205265 0.3245881163474561 0.257647313190947 0 0 0
0.0014285714285714286 0.13949122156813124 -0.29971037218632446 -0.5830257240254848 0 0 0
0.0014285714285714286 0.5521813773533836 -0.21166220111986514 0.2614514285786355 0 0 0
0.0014285714285714286 -0.04775295293765965 -0.47945104091721275 0.02408252100824511 0 0 0
0.0014285714285714286 -0.27805504538174125 -0.053250320894285774 0.3777137307023422 0 0 0
0.0014285714285714286 0.10244220598298966 -0.12519847281609672 0.1011078172992513 0 0 0
0.0014285714285714286 -0.09140619462774625 -0.5624400522711546 -0.15560029242027937 0 0 0
0.0014285714285714286 -0.20812644250407233 -0.09534135553949974 -0.15022513362164996 0 0 0
0.0014285714285714286 -0.18088134127193495 0.05117755540384385 0.19797210842152074 0 0 0
0.0014285714285714286 0.015849052049010267 0.2165402245438738 -0.09893430696704524 0 0 0
0.0014285714285714286 -0.26430596962427516 0.30842969455370384 0.31308517831298005 0 0 0
0.0014285714285714286 0.2603381957633359 -0.4729583032606454 -0.05317625318639568 0 0 0
0.0014285714285714286 -0.0479156104750992 0.41839913611557106 0.39949425267160305 0 0 0
0.0014285714285714286 -0.4177841535137522 0.2148967378785133 0.028727901464062237 0 0 0
0.0014285714285714286 -0.18753145507287933 0.2986194338122966 0.25760693858262923 0 0 0
0.0014285714285714286 0.2573723475762443 0.2082614264430848 -0.18647228033798519 0 0 0
0.0014285714285714286 -0.20264232485647748 -0.2610196507533629 0.1383454751752075 0 0 0
0.0014285714285714286 0.06853061217930743 -0.4110901206149072 0.23397668799463542 0 0 0
0.0014285714285714286 -0.17599315957511028 0.14592864795720115 0.20260574531635175 0 0 0
0.0014285714285714286 0.24029164726048316 0.2784213381280942 0.1382885084110334 0 0 0
0.0014285714285714286 0.10986921434886536 -0.4891319031518442 0.41545400591732 0 0 0
0.0014285714285714286 0.2467075248206298 -0.17414940163331752 -0.6199082081406364 0 0 0
0.0014285714285714286 -0.30066726908787966 0.19675602647667803 0.4196318710629255 0 0 0
0.0014285714285714286 -0.02669725730080599 -0.4367087469694024 0.0987210341105917 0 0 0
0.0014285714285714286 -0.6241579060585187 -0.002435838433149724 0.05155536478539891 0 0 0
0.0014285714285714286 0.44041716131359115 0.07449667489718612 0.09228289688028958 0 0 0
0.0014285714285714286 0.4227396804879646 -0.5039895141381159 -0.012074939085306949 0 0 0
0.0014285714285714286 0.09173752131321 0.32980629183678106 0.39738475379285326 0 0 0
0.0014285714285714286 0.5440823306063997 -0.18739514156151219 0.03655766897592178 0 0 0
0.0014285714285714286 0.24109301077539333 -0.0824677643844104 -0.6232105440054312 0 0 0
0.0014285714285714286 0.405070151953264 0.20481182173950996 0.5043770242397888 0 0 0
0.0014285714285714286 -0.5009632510855426 -0.12799550192957654 -0.34534557275714794 0 0 0
0.0014285714285714286 0.3061226567138779 0.06816839347455296 -0.3674469750007898 0 0 0
0.0014285714285714286 0.00499068342131048 0.4304524820407506 -0.1784916833146542 0 0 0
0.0014285714285714286 0.33078597126464515 0.0681982503254299 0.5423416425420438 0 0 0
0.0014285714285714286 0.21115915633418558 0.3779663121988661 0.17665423121497764 0 0 0
0.0014285714285714286 0.15516985024019422 0.048306072474756115 0.3092637861035017 0 0 0
0.0014285714285714286 -0.08508765217052541 -0.2307895754597047 -0.08118507699429826 0 0 0
0.0014285714285714286 0.5470932294105127 -0.40780633943163264 0.08098004678424194 0 0 0
0.0014285714285714286 -0.07880827590227464 0.4407934444613366 0.4191084795369808 0 0 0
0.0014285714285714286 -0.5341195463971493 0.2676985146063914 0.05925642484684232 0 0 0
0.0014285714285714286 0.1460381681317938 -0.20973135931245757 -0.5444847487962458 0 0 0
0.0014285714285714286 0.047764231419721546 -0.32135589793838654 0.21910787737244156 0 0 0
0.0014285714285714286 -0.3230168343751412 0.04072940270163842 0.20450522324576592 0 0 0
0.0014285714285714286 -0.1060539886356943 -0.04515763807429972 -0.6023298879761843 0 0 0
0.0014285714285714286 -0.4334757486739822 0.328268293334659 -0.33939878360508197 0 0 0
0.0014285714285714286 -0.6638755721647704 -0.1781016460242792 -0.03985988184904372 0 0 0
0.0014285714285714286 0.3278912866646601 0.1951228916262113 0.2923474543055861 0 0 0
0.0014285714285714286 0.14616582087548088 0.17299226786294705 -0.12794233429860807 0 0 0
0.0014285714285714286 0.10151634552981688 0.5338943776436331 0.051639777954146926 0 0 0
0.0014285714285714286 0.3444712203030852 0.19939014420260723 -0.3813079422466189 0 0 0
0.0014285714285714286 0.6681971183755404 0.08541537927366892 0.0748485940064017 0 0 0
0.0014285714285714286 -0.5224503830876224 -0.18895500230579204 -0.3690437933850454 0 0 0
0.0014285714285714286 0.31773394260902915 -0.2251562146468577 0.13366474950689233 0 0 0
0.0014285714285714286 -0.5860543547057837 -0.21514308775980676 0.026761188241783727 0 0 0
0.0014285714285714286 0.09637723689102054 0.3149087842594582 -0.018582871644161437 0 0 0
0.0014285714285714286 -0.2382183045609077 0.20053457093394614 0.052581835946137426 0 0 0
0.0014285714285714286 0.2518163458008231 -0.18989523706667738 -0.5673903095633712 0 0 0
0.0014285714285714286 -0.22156314592576637 -0.3065289949897139 0.10148565356569555 0 0 0
0.0014285714285714286 0.2885883302882889 -0.5203366375681099 -0.07753023398713733 0 0 0
0.0014285714285714286 -0.12482044714277511 0.6046731149838446 0.29606392478887533 0 0 0
0.0014285714285714286 -0.3154912132967373 0.5102613548219562 -0.14381974631477995 0 0 0
0.0014285714285714286 -0.15962053425967457 -0.2760367210970537 -0.5807522392755469 0 0 0
0.0014285714285714286 -0.4374926827848669 0.08005902763856287 -0.3542599319240428 0 0 0
0.0014285714285714286 0.13977102557001342 0.1434706733557775 0.3979027348137136 0 0 0
0.0014285714285714286 -0.3970565676911482 0.16498579091566282 -0.36463987784369 0 0 0
0.0014285714285714286 0.2859016945260689 -0.5279116265761975 -0.11487136900561631 0 0 0
0.0014285714285714286 0.6473773922586782 -0.036368132261430444 -0.10387143216866368 0 0 0
0.0014285714285714286 -0.3946414828375315 0.12883860006334996 0.4165562961449422 0 0 0
0.0014285714285714286 -0.17811393676984952 -0.48742361295235437 0.04574054123263365 0 0 0
0.0014285714285714286 -0.16508353027514308 -0.1480778905848983 -0.44244204525057773 0 0 0
0.0014285714285714286 0.1423333337689159 0.21777168623080603 0.5370149676239464 0 0 0
0.0014285714285714286 -0.5433467572432108 0.21376125144051533 0.14952962158997907 0 0 0
0.0014285714285714286 0.07775712426921047 -0.09726339494917095 -0.24977026536959349 0 0 0
0.0014285714285714286 0.1674218770014754 -0.038983260152967984 -0.4147655872153854 0 0 0
0.0014285714285714286 -0.4701983565811625 0.015108428802911444 -0.24988706675254682 0 0 0
0.0014285714285714286 0.08124419787885764 0.04525779384632762 0.08078617826570661 0 0 0
0.0014285714285714286 -0.32223164056665754 -0.07532498145737312 0.0012771984446286104 0 0 0
0.0014285714285714286 -0.40278259156567736 -0.5030661630633563 -0.06132103252043917 0 0 0
0.0014285714285714286 -0.3951602019258398 0.13431035194927626 -0.2689418341812428 0 0 0
0.0014285714285714286 -0.22701778224833688 0.18690657283905363 -0.5099183463250817 0 0 0
0.0014285714285714286 0.041059293370582846 0.2164341327928189 -0.2699197197922535 0 0 0
0.0014285714285714286 0.15488712687748507 -0.08236321231084108 0.31277961675593197 0 0 0
0.0014285714285714286 0.12082483081521267 0.3101173143845649 -0.3009352715501714 0 0 0
0.0014285714285714286 -0.307904670804352 0.18247003638840187 -0.5056215970724288 0 0 0
0.0014285714285714286 0.2597306651626133 0.3755999417919665 0.4487773105435679 0 0 0
0.0014285714285714286 0.08258897598118366 0.2967509240730359 0.043680907644044566 0 0 0
0.0014285714285714286 -0.4256191352967724 0.026566808640194884 -0.35578949685475575 0 0 0
0.0014285714285714286 -0.08954641126600062 -0.27867149404570984 0.030487062630849594 0 0 0
0.0014285714285714286 0.47549562877017815 0.0699107522017058 -0.15296608574408246 0 0 0
0.0014285714285714286 0.42096638802830355 -0.4848645843268527 -0.2252108957898911 0 0 0
0.0014285714285714286 -0.25600301968397293 -0.3669408558819855 0.17923928975065037 0 0 0
0.0014285714285714286 0.34351462070919464 0.03137104954433056 0.21163491350635455 0 0 0
0.0014285714285714286 0.4608590509279163 0.3114446400017534 -0.2255847519226679 0 0 0
0.0014285714285714286 0.13486528661189204 0.6305659188477056 0.14198963102071951 0 0 0
0.0014285714285714286 0.2412865497202045 -0.42019323691193294 0.4677243522516845 0 0 0
0.0014285714285714286 0.4508222852111568 0.05744653878905886 -0.37334354413644916 0 0 0
0.0014285714285714286 -0.2234556930981645 -0.05104185862799237 0.19600188367154844 0 0 0
0.0014285714285714286 0.4672643369642661 0.16864381404762815 0.3646383351728704 0 0 0
0.0014285714285714286 -0.11000912612755927 -0.22245971794283614 -0.32909189321470245 0 0 0
0.0014285714285714286 0.2522950175748107 0.23315762798743997 -0.4834989471094237 0 0 0
0.0014285714285714286 -0.31704973342453246 0.193231564164183 -0.3016434599051741 0 0 0
0.0014285714285714286 -0.12563162680951012 -0.158505255306409 0.1576369369610404 0 0 0
0.0014285714285714286 0.07755161718512545 -0.3738758768308434 0.21189165223062928 0 0 0
0.0014285714285714286 -0.44239688547464256 0.45165369149923634 -0.1418940014224715 0 0 0
0.0014285714285714286 0.13691293055318776 0.4027496048651032 0.272023698022989 0 0 0
0.0014285714285714286 0.109438298634517 -0.4115264261976027 0.046014773083341454 0 0 0
0.0014285714285714286 -0.3993378371112116 -0.5246329598650489 -0.025306137331792763 0 0 0
0.0014285714285714286 0.3704694998316977 -0.09144928728966356 -0.1671988417788501 0 0 0
0.0014285714285714286 -0.0799137993438339 -0.39038162317691094 -0.15947088814443958 0 0 0
0.0014285714285714286 -0.38486183297314813 0.14224220952436256 -0.49349930631116284 0 0 0
0.0014285714285714286 0.13877462851645142 -0.015962471190338626 -0.64009860554954 0 0 0
0.0014285714285714286 0.24830959580884912 0.12150681733975803 0.21279977831361502 0 0 0
0.0014285714285714286 0.40814444283120993 0.2463354530827233 0.2664681425972911 0 0 0
0.0014285714285714286 -0.024216379284017178 -0.38358884018562994 -0.4244354833453689 0 0 0
0.0014285714285714286 0.1362440144873663 -0.5859891738829717 0.2803022828324917 0 0 0
0.0014285714285714286 0.21850764809769296 -0.6127632499881137 -0.16300048951123328 0 0 0
0.0014285714285714286 -0.09443748590415503 0.5737144946870171 -0.17069025583870528 0 0 0
0.0014285714285714286 0.1150743334628645 0.06468748221493252 -0.5210862305803188 0 0 0
0.0014285714285714286 -0.5365534689577827 -0.28344983750042035 0.07866835654640432 0 0 0
0.0014285714285714286 -0.2715375690550972 -0.1052881174522161 -0.0997069659305203 0 0 0
0.0014285714285714286 -0.28941125199868883 0.39030555686363305 -0.011139659239689573 0 0 0
0.0014285714285714286 0.0010521540873456637 0.41491058831924554 -0.260659663559108 0 0 0
0.0014285714285714286 0.15324837572907762 0.32437680223206244 0.4594086381928195 0 0 0
0.0014285714285714286 -0.21559513528914312 0.11272815681208966 0.5065949593427558 0 0 0
0.0014285714285714286 -0.2951737476085165 0.34366774123573196 0.48756380736270377 0 0 0
0.0014285714285714286 0.3424771960041494 0.5094510390450155 -0.03149301727640997 0 0 0
0.0014285714285714286 0.1644360659819772 -0.18014442259693336 0.49239763286462873 0 0 0
0.0014285714285714286 0.28813844106743747 -0.5194199372880351 -0.3273224931012079 0 0 0
0.0014285714285714286 -0.07263655009226001 -0.45045168088732435 0.32133694496947185 0 0 0
0.0014285714285714286 0.5370122484686649 -0.009016680649427651 0.26718707167468375 0 0 0
0.0014285714285714286 0.11692281801288545 -0.37081896096495376 0.3488086201038219 0 0 0
0.0014285714285714286 -0.31029642186873013 -0.13213178081289992 0.5748625616437439 0 0 0
0.0014285714285714286 -0.46061478411696155 0.09980871425453093 0.1457730774020698 0 0 0
0.0014285714285714286 0.3102586377792151 0.17064011542548724 -0.11321047947107307 0 0 0
0.0014285714285714286 0.33347589246959725 0.029464189783204628 0.16051456871757702 0 0 0
0.0014285714285714286 0.07860248675183422 -0.4432752723596033 0.17620648760841914 0 0 0
0.0014285714285714286 -0.5919144190472829 -0.05199268192488788 0.11907899006228694 0 0 0
0.0014285714285714286 -0.12871159562027573 -0.03160222043402902 -0.4017280241797691 0 0 0
0.0014285714285714286 -0.34534890912787275 -0.0007304526844469476 -0.49305947396215727 0 0 0
0.0014285714285714286 0.11882218844612198 -0.16176581869207587 -0.6583146780126238 0 0 0
0.0014285714285714286 -0.48070337488924275 -0.1704441393342709 0.372804745109116 0 0 0
0.0014285714285714286 0.6483431884148194 -0.04817053721874215 0.06238122654880706 0 0 0
0.0014285714285714286 0.2706302871957314 -0.3285510419456188 -0.517189992245082 0 0 0
0.0014285714285714286 -0.507030666746241 0.07832984814588745 0.345130895362256 0 0 0
0.0014285714285714286 -0.21979817452879638 0.03509073580652395 -0.45900538562429355 0 0 0
0.0014285714285714286 -0.40685289431430455 -0.11750791047478767 -0.3362995210100731 0 0 0
0.0014285714285714286 -0.08984240975412988 -0.15574556029776696 -0.449505017366481 0 0 0
0.0014285714285714286 0.05810064458491362 -0.21602612412487887 0.6299641549213442 0 0 0
0.0014285714285714286 -0.37025541038598914 0.4424012023875104 -0.013125220988489129 0 0 0
0.0014285714285714286 0.23343922333498388 0.633533687631393 0.0753055489189673 0 0 0
0.0014285714285714286 0.2901405969267886 -0.035081407751226736 0.011521902134858408 0 0 0
0.0014285714285714286 0.05874984987768713 0.13113264275325762 0.29504067235398806 0 0 0
0.0014285714285714286 -0.21625945379659456 0.21868256184646612 0.3177606887453646 0 0 0
0.0014285714285714286 -0.6077735723916522 0.21626461633411367 -0.23599500748739147 0 0 0
0.0014285714285714286 0.49379127045650895 -0.10350925717240966 0.15109035987081068 0 0 0
0.0014285714285714286 -0.44572429321401114 -0.0019150000566034958 0.21405923956318246 0 0 0
0.0014285714285714286 -0.40382213744776996 -0.052498432630410805 -0.27832684086144405 0 0 0
0.0014285714285714286 -0.5112225548694435 0.16057600489492613 0.2864527247290915 0 0 0
0.0014285714285714286 0.11793006610062935 -0.5942692096113351 0.01874780112249832 0 0 0
0.0014285714285714286 -0.14122699439535116 0.010337346801658888 -0.4260509309964266 0 0 0
0.0014285714285714286 0.15834229953323234 0.3267819668208369 -0.5567996991682443 0 0 0
0.0014285714285714286 -0.306341419256618 0.4579006345889988 -0.1127148651643454 0 0 0
0.0014285714285714286 0.43495328072550743 0.1739844272714005 0.430894951401808 0 0 0
0.0014285714285714286 -0.3934372755221914 -0.2734918115134535 0.0694313800199497 0 0 0
0.0014285714285714286 -0.14242424049341654 -0.06484333238944447 0.20129474490859603 0 0 0
0.0014285714285714286 -0.3966576921905104 0.1575242818811092 -0.002129786440566 0 0 0
0.0014285714285714286 -0.38506265250109034 -0.15433747614856153 0.3109270915836192 0 0 0
0.0014285714285714286 0.6327939513506111 -0.1728261137260313 -0.18876009594630863 0 0 0
0.0014285714285714286 0.19623484850309955 -0.34226449848289453 0.05725534438411687 0 0 0
0.0014285714285714286 0.11792068003451789 -0.08136043934342622 -0.5487245659666979 0 0 0
0.0014285714285714286 -0.25045412982986853 0.17444565422247 0.271151647976003 0 0 0
0.0014285714285714286 -0.07175618311531566 -0.24467094884100915 0.031641970629764295 0 0 0
0.0014285714285714286 0.13624066604498053 0.17987863607644144 0.486127609296963 0 0 0
0.0014285714285714286 -0.022950629558592516 -0.6603890440838048 0.15341358307025027 0 0 0
0.0014285714285714286 0.3135921918083952 -0.08321026807550305 -0.19999711100376036 0 0 0
0.0014285714285714286 -0.36158949798064327 -0.21242333243097494 -0.2786528438225119 0 0 0
0.0014285714285714286 0.07376777570221925 0.4486565465606972 0.45713986628834763 0 0 0
0.0014285714285714286 -0.21720379816959454 0.07524809924194799 -0.4958090334644411 0 0 0
0.0014285714285714286 0.3487356641796013 0.07382903028368999 -0.3356428683576816 0 0 0
0.0014285714285714286 -0.5147874374455571 -0.05128429187537872 0.2552641974273773 0 0 0
0.0014285714285714286 -0.2951114108458959 -0.264374719385704 -0.01155636671681642 0 0 0
0.0014285714285714286 0.19105041322595903 -0.2655399953375298 -0.3904115771117867 0 0 0
0.0014285714285714286 -0.4709856942759644 -0.4353648383815125 0.15173372510206043 0 0 0
0.0014285714285714286 0.15652033162596687 -0.06778252983886245 -0.33571461184017065 0 0 0
0.0014285714285714286 -0.1467071319820038 0.4010853017282909 -0.3424267513800604 0 0 0
0.0014285714285714286 0.17959293689352407 -0.07813768454940284 0.18456964948618773 0 0 0
0.0014285714285714286 -0.24987045968124671 0.172945880879978 0.3357606538579414 0 0 0
0.0014285714285714286 -0.5445335477597951 -0.2647721649326182 -0.07920102940695922 0 0 0
0.0014285714285714286 -0.26804544461087954 -0.01705142095737172 0.010403389496075211 0 0 0
0.0014285714285714286 0.1870500410413963 0.1319610892308541 0.5316498514662956 0 0 0
0.0014285714285714286 0.09135082354454177 -0.3298530065636951 -0.3194975153381706 0 0 0
0.0014285714285714286 -0.15821110628351304 0.17648626931758266 0.5464873063590637 0 0 0
0.0014285714285714286 -0.393999683099464 0.4020103661917257 0.30589998319462025 0 0 0
0.0014285714285714286 0.4460729131301898 0.40884444146810783 -0.1440467739257247 0 0 0
0.0014285714285714286 -0.17971045548189668 0.2632988507551966 -0.571198615417311 0 0 0
0.0014285714285714286 -0.258891041986032 0.1042961976790801 -0.5101395000147885 0 0 0
0.0014285714285714286 0.09881441024998358 -0.539906359157437 0.4122521107051089 0 0 0
0.0014285714285714286 0.43426864387261394 -0.23295245376935614 -0.082720800568478 0 0 0
0.0014285714285714286 -0.2523168257978114 -0.39579915276843575 -0.22320838752804575 0 0 0
0.0014285714285714286 -0.0344179123147589 -0.490835827464356 0.35504581877246993 0 0 0
0.0014285714285714286 -0.30196132023227656 -0.19308480829226196 -0.3271023884417021 0 0 0
0.0014285714285714286 -0.16002250989066297 -0.11897047955076796 -0.1359696728737945 0 0 0
0.0014285714285714286 -0.3281287131156131 -0.551328096116917 0.23267343323588016 0 0 0
0.0014285714285714286 0.4913843964122123 0.21962308271412948 -0.08505459763697762 0 0 0
0.0014285714285714286 0.3051914919643209 0.23108883174060352 -0.3795023260083981 0 0 0
0.0014285714285714286 -0.2631056990477634 -0.5463918961224908 -0.07583705425113141 0 0 0
0.0014285714285714286 -0.5256078379010666 0.29992211099165805 0.3017735956979004 0 0 0
0.0014285714285714286 0.07412922043366142 0.27278290475595524 -0.44343800827396135 0 0 0
0.0014285714285714286 0.10023370832713474 -0.3926631122996975 -0.41689250524780186 0 0 0
0.0014285714285714286 0.1438244572756098 -0.4735206508912414 0.12227238551512284 0 0 0
0.0014285714285714286 -0.31386514037951974 0.029839199975190054 0.16061535578718394 0 0 0
0.0014285714285714286 0.3551103836884378 0.14037299154830923 0.4802093472210689 0 0 0
0.0014285714285714286 -0.06600954892735782 0.009631674533269671 0.25777783979559216 0 0 0
0.0014285714285714286 0.5702249643339933 0.06293039922645721 -0.16548402393906236 0 0 0
0.0014285714285714286 0.21844943085864912 -0.0772338197706952 -0.11131619078044694 0 0 0
0.0014285714285714286 0.3529282374764129 -0.24793121539771315 0.10442874142878181 0 0 0
0.0014285714285714286 -0.11964403775165207 -0.5380012368772977 0.09124061574099111 0 0 0
0.0014285714285714286 -0.21373176750980089 0.19975854649744415 -0.51381109684373 0 0 0
0.0014285714285714286 0.4954733897379906 -0.20007243766969682 0.10164094224483324 0 0 0
0.0014285714285714286 -0.20983278782292886 -0.07515119856253077 0.05589842544264554 0 0 0
0.0014285714285714286 0.5252622077818436 -0.0176280273713823 0.4451247965533851 0 0 0
0.0014285714285714286 -0.19211407693392482 -0.27683062672592534 0.5708137219678964 0 0 0
0.0014285714285714286 0.039129159672895195 -0.39730898692666466 -0.10916794201009584 0 0 0
0.0014285714285714286 -0.2559720636054931 0.28351942878540337 -0.08410557481030956 0 0 0
0.0014285714285714286 -0.05870933978088582 -0.16662633198657834 -0.17090370272310496 0 0 0
0.0014285714285714286 -0.006854975354259807 0.03116462700081875 0.4767171587781167 0 0 0
0.0014285714285714286 -0.11301219918939263 0.5247783512932453 -0.18923994987979184 0 0 0
0.0014285714285714286 -0.15129085666071518 0.20240863719929275 0.11774607889418327 0 0 0
0.0014285714285714286 -0.4839894543657042 0.11804348930647189 -0.22804426938930134 0 0 0
0.0014285714285714286 -0.2572105242116999 0.003760141786897721 0.01552596237162886 0 0 0
0.0014285714285714286 -0.1301379981213216 0.09551941487234715 0.37339196677458025 0 0 0
0.0014285714285714286 0.5935080723012359 -0.10273054762920479 0.15662864454373332 0 0 0
0.0014285714285714286 -0.0013782972225778007 -0.49795553657758207 0.09655369523801391 0 0 0
0.0014285714285714286 0.43311017567799576 0.35637983733173945 0.14767673597592496 0 0 0
0.0014285714285714286 -0.6396775674457246 0.11330387961024978 -0.020565900953177257 0 0 0
0.0014285714285714286 -0.4537758543273768 0.3236745841771706 -0.03708830444573894 0 0 0
0.0014285714285714286 0.30293376123342425 0.09233743354880135 -0.5384513684828062 0 0 0
0.0014285714285714286 0.1302746866346732 -0.23426648843079365 -0.38018987516357033 0 0 0
0.0014285714285714286 -0.1925344436035527 0.33257191456562474 -0.14978736825940148 0 0 0
0.0014285714285714286 -0.24637795074231322 0.058055216521793664 0.5185217303534492 0 0 0
0.0014285714285714286 0.26211788164503924 -0.338906208389024 0.013709971563540022 0 0 0
0.0014285714285714286 -0.32969830569483766 0.4397789438722494 -0.1146669740131631 0 0 0
0.0014285714285714286 0.03929262765424709 0.41691863282219277 0.5119258670676148 0 0 0
0.0014285714285714286 0.5198618853378341 -0.24752692257100573 -0.21481585262776273 0 0 0
0.0014285714285714286 0.17236699849117876 -0.47672951675662745 0.33123194475889456 0 0 0
0.0014285714285714286 -0.0788963766172632 0.5816539181931311 0.003555921612677911 0 0 0
0.0014285714285714286 0.4875861755762618 -0.29863874184489536 0.005964428226580481 0 0 0
0.0014285714285714286 0.21079404243757646 0.18828390599300826 0.2556530884970953 0 0 0
0.0014285714285714286 -0.38072233880949774 -0.26670067835930084 -0.0017658485737083193 0 0 0
0.0014285714285714286 0.07784920850348079 -0.3346119207463336 0.20328816502902008 0 0 0
0.0014285714285714286 -0.2185114536819027 -0.03190877013785847 0.4019123858207195 0 0 0
0.0014285714285714286 0.5236471610266842 0.21785930084039984 0.2315019506660327 0 0 0
0.0014285714285714286 0.6100875275983979 0.2254146133037502 -0.12256861494323558 0 0 0
0.0014285714285714286 0.2849908452574942 -0.2718445707069349 0.1394234285701423 0 0 0
0.0014285714285714286 -0.07057673447749177 0.3945279105697115 -0.17458545250792942 0 0 0
0.0014285714285714286 -0.20103424860813995 -0.2517581568217422 -0.25362839197254894 0 0 0
0.0014285714285714286 0.06973980221964679 -0.25888558325923355 0.3220173554978398 0 0 0
0.0014285714285714286 0.42373833298237634 0.4744651491585124 -0.2130352582987811 0 0 0
0.0014285714285714286 -0.11270947713541139 0.17989134951156727 0.21708572554583247 0 0 0
0.0014285714285714286 0.04272034396533802 -0.2917109222820223 0.33096817123940536 0 0 0
0.0014285714285714286 -0.06377039218455936 0.2904323587767901 -0.30129949650940385 0 0 0
0.0014285714285714286 -0.2677042460911166 -0.4379058934668453 -0.3844465382187443 0 0 0
0.0014285714285714286 -0.23109872705541912 0.12580175358165252 -0.3305416096315303 0 0 0
0.0014285714285714286 -0.3203189109031681 -0.46340807515063265 0.2648159279625846 0 0 0
0.0014285714285714286 0.4700325113890774 -0.22994995876034874 -0.1382564303756222 0 0 0
0.0014285714285714286 0.30288193303764027 0.20303295437378052 -0.2003417740190211 0 0 0
0.0014285714285714286 -0.24214816552539778 0.20987975271497683 0.3633576796035311 0 0 0
0.0014285714285714286 -0.17046517323620966 0.3271581786195585 -0.3315715366725857 0 0 0
0.0014285714285714286 0.2966413239529876 0.16517854060853498 0.4238499391859485 0 0 0
0.0014285714285714286 0.2565604202308463 0.6231664533168491 -0.1124545307863569 0 0 0
0.0014285714285714286 0.043361139567383224 -0.3912123933186555 0.00196656156691696 0 0 0
0.0014285714285714286 -0.570178318366007 0.24904611250121197 0.30432621717416125 0 0 0
0.0014285714285714286 -0.19787133751149572 -0.5059765393558707 -0.2551618560333729 0 0 0
0.0014285714285714286 -0.32082609800076684 0.330609775049345 -0.319139034402286 0 0 0
0.0014285714285714286 0.5567418151704484 -0.15681280769946881 0.33865662066289515 0 0 0
0.0014285714285714286 0.388148645413956 0.05791793006021716 -0.47886255095672514 0 0 0
0.0014285714285714286 0.17810215998980944 -0.07339420565772212 0.1854878628544249 0 0 0
0.0014285714285714286 0.64077732937924 0.13769525304344943 -0.035705619869158524 0 0 0
0.0014285714285714286 -0.3854824893309597 -0.26992856538725035 -0.23368319382236483 0 0 0
0.0014285714285714286 0.10746844545919021 0.25887420653522036 -0.5587965111608474 0 0 0
0.0014285714285714286 0.10630867547129008 0.18903250568391688 0.21895726694933715 0 0 0
0.0014285714285714286 -0.6145219100714286 -0.16485551208936006 0.14552050010542333 0 0 0
0.0014285714285714286 0.1818280329752017 0.15971954209877434 -0.09734520256399273 0 0 0
0.0014285714285714286 -0.04717047312937906 -0.489889459696085 0.08892894812209566 0 0 0
0.0014285714285714286 -0.29945919439506913 -0.14711131443864958 -0.3224123639350331 0 0 0
0.0014285714285714286 0.0484819031884988 -0.2212777899320859 -0.5613969122481843 0 0 0
0.0014285714285714286 -0.04992822187254007 0.02481380158351067 0.34369048754847065 0 0 0
0.0014285714285714286 -0.07414938465517605 0.038433479868275645 0.33896316233620494 0 0 0
0.0014285714285714286 0.24060693037547548 -0.1510883149032109 0.18254727844891558 0 0 0
0.0014285714285714286 0.5383241782115133 -0.3011207737270665 0.20281454030362442 0 0 0
0.0014285714285714286 0.24780117293707163 0.11451374707126889 -0.5122620631636643 0 0 0
0.0014285714285714286 0.5604720143206594 -0.3572469127121327 -0.16697881179111368 0 0 0
0.0014285714285714286 -0.13716076729916912 -0.10153241162493298 0.26707919748363623 0 0 0
0.0014285714285714286 -0.4169939415667203 -0.06890264393422134 -0.062207307756600834 0 0 0
0.0014285714285714286 -0.19307884530816874 -0.11424354369053069 0.044519388606391055 0 0 0
0.0014285714285714286 -0.11815120574617172 0.08588192545878547 -0.6730588037278181 0 0 0
0.0014285714285714286 0.011923885139001762 -0.6122253331341061 -0.2965569057500853 0 0 0
0.0014285714285714286 -0.2926976589078579 -0.4790212803148544 -0.24580994592057476 0 0 0
0.0014285714285714286 -0.1716458679641045 -0.04044390079381534 -0.48523378359903574 0 0 0
0.0014285714285714286 -0.3847061988265091 -0.10495927495036703 -0.2654488583095936 0 0 0
0.0014285714285714286 0.20714601548255954 -0.5672974584765098 -0.24532730754381138 0 0 0
0.0014285714285714286 -0.17378876515223524 -0.45463718330918335 0.329279237092859 0 0 0
0.0014285714285714286 0.18585061069308234 0.46996433074739 -0.21473911312590677 0 0 0
0.0014285714285714286 0.12702356089387268 0.48202950041889203 -0.43628121783216695 0 0 0
0.0014285714285714286 0.1019107612402198 0.13079390304084648 -0.15005200900896434 0 0 0
0.0014285714285714286 -0.2063383814425278 0.3883399569481806 -0.18098043529457689 0 0 0
0.0014285714285714286 -0.420182338519594 0.2924392719199824 0.10334920487002215 0 0 0
0.0014285714285714286 -0.3449563651508841 0.49077607761896536 0.1566203222159124 0 0 0
0.0014285714285714286 -0.18679105893261355 -0.5931353760616581 -0.20984953735535242 0 0 0
0.0014285714285714286 -0.35599526049360863 0.4963653843272085 -0.11440771058378967 0 0 0
0.0014285714285714286 0.10053088173507181 -0.19213397878275532 0.2179209966883503 0 0 0
0.0014285714285714286 -0.5221298642985863 0.3326170235473083 0.19708634559162003 0 0 0
0.0014285714285714286 -0.20686274477753358 -0.39375678041041573 -0.5173015021707854 0 0 0
0.0014285714285714286 0.2373322639500633 0.27423655098713184 0.4110884275546986 0 0 0
0.0014285714285714286 -0.35750977821845775 -0.3695702564985347 -0.044730117763120525 0 0 0
0.0014285714285714286 -0.06259199135694796 -0.2640752406669872 0.11941579885441503 0 0 0
0.0014285714285714286 -0.10350499375600664 0.6236733967235234 0.17006928622766193 0 0 0
0.0014285714285714286 0.14436044750986823 0.15712566872362946 0.0016764340863293023 0 0 0
0.0014285714285714286 -0.2519754533865315 0.36487367571653107 -0.42866704484589374 0 0 0
0.0014285714285714286 -0.0683797679980882 -0.34453660112777645 -0.3797805394397954 0 0 0
0.0014285714285714286 -0.04663217061032075 -0.5201519208162333 0.15783124165025045 0 0 0
0.0014285714285714286 -0.045792997850398275 0.23793858240816423 -0.12478986720821482 0 0 0
0.0014285714285714286 -0.2570913567427497 -0.5302150325574946 -0.12093857840946 0 0 0
0.0014285714285714286 -0.1650847633971491 -0.3705934609163034 0.0038889990674688285 0 0 0
0.0014285714285714286 0.17224577431421748 -0.3926245917872569 0.10416521676035206 0 0 0
0.0014285714285714286 -0.31165851175572207 -0.25522612969036546 -0.4237092650826442 0 0 0
0.0014285714285714286 -0.40323111964295044 -0.04168909487573988 -0.13298158907245441 0 0 0
0.0014285714285714286 0.2835917163566657 -0.4056482397676698 -0.4531464822959213 0 0 0
0.0014285714285714286 0.44411329538213257 -0.4600172718620967 -0.06652935662614129 0 0 0
0.0014285714285714286 0.3230332014505156 -0.5322748707689156 0.17871394890343564 0 0 0
0.0014285714285714286 -0.1288909825299805 -0.40521320690875623 -0.3452151241916929 0 0 0
0.0014285714285714286 0.19561041265878903 0.254073545087843 0.5184873699943824 0 0 0
0.0014285714285714286 0.045941560433268275 -0.3862939760610008 0.2845542705859248 0 0 0
0.0014285714285714286 -0.00590769699690231 -0.07241300403834874 -0.13857325141062607 0 0 0
0.0014285714285714286 0.14294535434867897 -0.4743655943698521 -0.022879427532373573 0 0 0
0.0014285714285714286 0.09690032868646987 -0.565189174939519 0.009887193854517301 0 0 0
0.0014285714285714286 0.20292763590477736 0.03960433264848218 -0.6108440637583286 0 0 0
0.0014285714285714286 -0.13440485265169536 -0.30080860754821664 0.4978797762865122 0 0 0
0.0014285714285714286 0.2431438556079151 -0.4264957947430432 -0.21942660895584465 0 0 0
0.0014285714285714286 -0.054174488035831865 -0.31056612702774594 0.3084587537974197 0 0 0
0.0014285714285714286 0.11922357863768057 0.37326294752926953 -0.09783877159300622 0 0 0
0.0014285714285714286 0.03443599089618519 -0.6764224792516622 -0.08777494998518137 0 0 0
0.0014285714285714286 0.46501229718652454 0.22376238905303897 -0.4063195586298342 0 0 0
0.0014285714285714286 -0.49093297857279056 0.1820226551132918 -0.3392214866021891 0 0 0
0.0014285714285714286 -0.21222292794003286 0.21931593412419947 0.501047754772993 0 0 0
0.0014285714285714286 -0.4861320773008713 -0.13467127856280375 0.033034983911092886 0 0 0
0.0014285714285714286 0.04339567797378356 0.43700212369356367 -0.11185067714981056 0 0 0
0.0014285714285714286 0.2752725453806118 0.40131636295655293 0.4235880427504703 0 0 0
0.0014285714285714286 -0.4091068530865408 0.3044217333120823 0.41976942777221515 0 0 0
0.0014285714285714286 -0.28839166636596636 0.3073408968403904 0.38411029525462503 0 0 0
0.0014285714285714286 0.06353464813028716 0.3089312423754737 -0.21873115861788658 0 0 0
0.0014285714285714286 -0.3381298893302227 -0.39017679282204243 0.3990900590517073 0 0 0
0.0014285714285714286 -0.45932743256162106 0.3958742556125435 0.2294080280447767 0 0 0
0.0014285714285714286 0.28448414339948397 0.07927273073524857 -0.5125211908361148 0 0 0
0.0014285714285714286 0.6105282307467702 0.16949954630509592 -0.01089412131867894 0 0 0
0.0014285714285714286 0.024560686837086124 -0.2489379222904855 0.07251935728076016 0 0 0
0.0014285714285714286 -0.43643101964534725 -0.09416282796887436 -0.39818867359193505 0 0 0
0.0014285714285714286 -0.08903171773284706 0.5277590251814578 0.03239281062274233 0 0 0
0.0014285714285714286 -0.35625054732329503 -0.10071076819400522 -0.4332734203156045 0 0 0
0.0014285714285714286 -0.03923364483546205 0.08357923821439922 0.020324249525692905 0 0 0
0.0014285714285714286 -0.2552711527029257 0.11687141393888266 -0.27079985763216596 0 0 0
0.0014285714285714286 -0.4264928508890672 0.17291869453179942 0.12848609403458244 0 0 0
0.0014285714285714286 -0.006637682416510701 0.18809777449489756 -0.5656056663336785 0 0 0
0.0014285714285714286 -0.5379968421139023 0.1772583021178632 0.3974213048813049 0 0 0
0.0014285714285714286 0.4564152033434875 -0.2175146319858002 0.43883542336388104 0 0 0
0.0014285714285714286 -0.036898447429572295 0.2368950136955047 0.10137563660492553 0 0 0
0.0014285714285714286 0.3382666949897071 0.5750473682299675 0.07515838356548778 0 0 0
0.0014285714285714286 -0.19232112268650903 0.5941049677323845 0.20843218867122662 0 0 0
0.0014285714285714286 -0.39390210074800003 -0.22222210371849527 0.016546081013925927 0 0 0
0.0014285714285714286 -0.22993792296988644 -0.35510972882659825 0.4355725980030356 0 0 0
0.0014285714285714286 -0.21907471787811378 -0.23489070205065768 -0.21849814854212837 0 0 0
0.0014285714285714286 -0.23666594495775467 -0.07778137001827487 0.38672487090978136 0 0 0
0.0014285714285714286 -0.35322619409139694 0.4195780997934721 0.10949364721643028 0 0 0
0.0014285714285714286 -0.05957838089774866 -0.5284186615068696 0.3599830236435531 0 0 0
0.0014285714285714286 0.10105090372901016 0.5314476100039836 0.15247622798393423 0 0 0
0.0014285714285714286 -0.26194591261966327 -0.021101190201359466 0.10211642537136793 0 0 0
0.0014285714285714286 -0.2509169733050994 0.1558758979275283 0.34530009388343785 0 0 0
0.0014285714285714286 0.0890533412600665 0.4522214786760035 -0.24817284718572144 0 0 0
0.0014285714285714286 0.14930812886028047 0.3372475601890523 -0.5426393983425278 0 0 0
0.0014285714285714286 -0.03118425210285969 -0.42740231895766906 -0.5355238978549108 0 0 0
0.0014285714285714286 0.335185445978161 -0.2508707207688036 -0.01562711153716958 0 0 0
0.0014285714285714286 0.462518840823803 0.05902403151304652 0.4573352697551394 0 0 0
0.0014285714285714286 -0.5986311978925625 -0.21542829460028173 -0.11188831585506755 0 0 0
0.0014285714285714286 0.2592114515506771 -0.2700546681331852 0.3605032106558243 0 0 0
0.0014285714285714286 -0.09955303848703984 0.1843984786977716 0.36870173801225 0 0 0
0.0014285714285714286 -0.13805254468077838 0.0423711258052929 0.03502559987229577 0 0 0
0.0014285714285714286 0.27669349429433016 -0.27823732356273806 -0.5304655526567429 0 0 0
0.0014285714285714286 -0.1291954194966441 -0.06342250595127277 0.6151070759197896 0 0 0
0.0014285714285714286 0.02732281663856869 0.24458453512082698 0.5451332155448211 0 0 0
0.0014285714285714286 -0.48327406494539576 -0.12134076759012909 -0.08480150485317721 0 0 0
0.0014285714285714286 0.21571328386599467 -0.01816707556507499 0.08781901133816267 0 0 0
0.0014285714285714286 0.23603666932977393 -0.4862827257393376 -0.2548268623348541 0 0 0
0.0014285714285714286 -0.10663081058168572 -0.5550311407671777 0.368319142526207 0 0 0
0.0014285714285714286 -0.21073241627253636 0.09212428630599931 0.4145907402438899 0 0 0
0.0014285714285714286 0.1299723173826829 -0.20326070740800004 -0.3965721551856881 0 0 0
0.0014285714285714286 -0.060620012694298675 0.6697826123336844 0.008907161982318921 0 0 0
0.0014285714285714286 0.2659916108356265 -0.1841248543405195 0.21057660883748824 0 0 0
0.0014285714285714286 0.21877760833655732 0.3128496587786357 0.4717111853495532 0 0 0
0.0014285714285714286 -0.2759212199538246 0.1149033255284816 0.4262765907099936 0 0 0
0.0014285714285714286 -0.519909003561198 0.012601859898362542 0.19351375897294104 0 0 0
0.0014285714285714286 0.2088019824563091 -0.07193111281144393 0.07044854653177487 0 0 0
0.0014285714285714286 -0.2531277957625704 -0.492519721619416 -0.19168541821095686 0 0 0
0.0014285714285714286 0.016963513928461998 -0.523253341966097 0.4000840866361908 0 0 0
0.0014285714285714286 0.16452524866893672 -0.03777648711785747 0.09076849399010638 0 0 0
0.0014285714285714286 -0.19034127644459534 -0.04285093473316681 0.3595479448547218 0 0 0
0.0014285714285714286 0.3786040302245533 -0.11354432238767391 -0.3209842626950098 0 0 0
0.0014285714285714286 -0.4117238608900799 -0.3401639454188008 0.3962040017532558 0 0 0
0.0014285714285714286 0.3843317948188597 0.14598129500398183 0.34655628757366375 0 0 0
0.0014285714285714286 -0.23200056770323316 -0.22101699761359778 0.5381516497833213 0 0 0
0.0014285714285714286 0.4559416109949964 0.37400530928783116 0.12527880039294018 0 0 0
0.0014285714285714286 -0.2460202676503324 0.6129306747519262 0.20515048080419448 0 0 0
0.0014285714285714286 -0.11583077426117203 -0.4836723522233525 -0.1923795021893414 0 0 0
0.0014285714285714286 0.572348733252229 -0.007103134734001429 -0.04359768821893603 0 0 0
0.0014285714285714286 -0.1966576928133532 -0.09004914740459008 0.10444718668579882 0 0 0
0.0014285714285714286 -0.09770524448702879 0.6742407936825598 0.08035931329665709 0 0 0
0.0014285714285714286 -0.027981714653248682 -0.09918994210854466 -0.590961760814652 0 0 0
0.0014285714285714286 -0.06324169603289936 0.1799040415952884 -0.5701703840019007 0 0 0
0.0014285714285714286 -0.2742971896945486 -0.3123194700134796 -0.5155016472716621 0 0 0
0.0014285714285714286 0.4254531457879175 0.34166482605683823 0.3024001075788444 0 0 0
0.0014285714285714286 0.10723448208566137 -0.6599869313970735 -0.08671029151332285 0 0 0
0.0014285714285714286 -0.41910482835380003 0.013867922175044624 -0.03330018850254115 0 0 0
0.0014285714285714286 0.2153534585190118 0.13800821988651232 -0.3704590186569321 0 0 0
0.0014285714285714286 -0.48014226055981263 -0.10346843753448753 -0.17457790806503135 0 0 0
0.0014285714285714286 -0.001693329729159203 0.32591339279293546 0.5693826287240807 0 0 0
0.0014285714285714286 0.48594651806607975 0.22809575939774657 0.18831731581757155 0 0 0
0.0014285714285714286 -0.5331716699222245 -0.3583562778396164 0.09163322221753971 0 0 0
0.0014285714285714286 -0.36476615585587946 0.20153607015332775 0.06947282631834534 0 0 0
0.0014285714285714286 -0.17964898189700168 0.23549315110850289 -0.5114005939006542 0 0 0
0.0014285714285714286 -0.48119464774332266 0.06512477323758895 0.1094480240785897 0 0 0
0.0014285714285714286 0.2614767925407705 -0.2974679743641146 -0.002336326037126092 0 0 0
0.0014285714285714286 0.009260981423180699 -0.21229572023772283 0.15852202450198696 0 0 0
0.0014285714285714286 -0.49667638366640815 0.08753590547039306 0.41163432320707893 0 0 0
0.0014285714285714286 -0.2902713375012595 0.10139412072728124 -0.03553958155165984 0 0 0
0.0014285714285714286 -0.2654040085339747 0.009450963875155916 0.17826579493575223 0 0 0
0.0014285714285714286 -0.4759327916282866 0.3314494048046184 -0.09104820420042686 0 0 0
0.0014285714285714286 0.2677715021529249 -0.010902744603624599 0.15174574025808024 0 0 0
0.0014285714285714286 0.2750872194036666 0.02079961027457612 0.34012181266209734 0 0 0
0.0014285714285714286 -0.6282016047959298 0.21641638013454845 -0.12873270905138667 0 0 0
0.0014285714285714286 -0.14646474488380562 -0.34735701487432 -0.1828830686044439 0 0 0
0.0014285714285714286 -0.2011659592098765 -0.618441705778048 0.18504093891395207 0 0 0
0.0014285714285714286 -0.1756680165396401 -0.11374983194836616 0.12495136357859776 0 0 0
0.0014285714285714286 -0.281467081049393 -0.0952864203944069 -0.18485248740831606 0 0 0
0.0014285714285714286 0.19834625660040228 -0.46291823684570105 0.1184769323016703 0 0 0
0.0014285714285714286 -0.16730595262155484 -0.21205006330218054 -0.6187579066846224 0 0 0
0.0014285714285714286 0.5503051684686104 -0.08496642516809641 -0.3346680159585004 0 0 0
0.0014285714285714286 0.10486217981163311 -0.13169518929552793 0.5666751644322775 0 0 0
0.0014285714285714286 0.32650331771623137 -0.02930961425624438 0.11812018210244973 0 0 0
0.0014285714285714286 -0.06112351753943525 -0.0056514088295480935 -0.27205196371933876 0 0 0
0.0014285714285714286 -0.18608364665489385 0.011061694932317243 0.619803142857588 0 0 0
0.0014285714285714286 0.07499925434958074 -0.33611711426029056 -0.09170110944954021 0 0 0
0.0014285714285714286 -0.648127695228495 0.21162669671255022 -0.04849225026390997 0 0 0
0.0014285714285714286 -0.20766494713578235 -0.1694384759837356 -0.27782117887993246 0 0 0
0.0014285714285714286 0.22580624541394015 -0.36185313227632737 -0.2262803979793871 0 0 0
0.0014285714285714286 0.15074957080765483 0.118536932932096 -0.2596784415135473 0 0 0
0.0014285714285714286 0.4824372550910353 -0.13056353665020146 -0.33848327352514834 0 0 0
0.0014285714285714286 -0.09515648985290785 0.28234201032649003 0.1858276887946887 0 0 0
0.0014285714285714286 0.44092102610261463 0.4682738162104631 0.21897880543246906 0 0 0
0.0014285714285714286 0.028550668531767156 -0.0496382920933928 0.06717050121498806 0 0 0
0.0014285714285714286 0.11035387157871726 0.5578396813287294 0.04660439716504918 0 0 0
0.0014285714285714286 0.03702488939735573 -0.522967241811897 0.2648854731947091 0 0 0
0.0014285714285714286 -0.39179512178107345 -0.10172281643240653 0.1036093022899065 0 0 0
0.0014285714285714286 -0.12460201431709211 0.19098755910055198 -0.4501839224663964 0 0 0
0.0014285714285714286 -0.43174019813614034 0.4415595723881397 -0.1315397967668676 0 0 0
0.0014285714285714286 0.16569543799002284 -0.45941628584061367 -0.29575317518099703 0 0 0
0.0014285714285714286 0.24707533742509571 -0.5792278851090005 -0.22393381825145633 0 0 0
0.0014285714285714286 0.1699516128871785 -0.3039282463317016 0.206189682199686 0 0 0
0.0014285714285714286 -0.0025601735071718998 -0.32340100582242176 0.5290350338626189 0 0 0
0.0014285714285714286 -0.11841066626476542 -0.47762764143178765 -0.39423814367358406 0 0 0
0.0014285714285714286 -0.133528306944489 -0.12683550673975713 0.5166202122553825 0 0 0
0.0014285714285714286 0.15637366286649393 -0.5702073267833135 0.29497760465219 0 0 0
0.0014285714285714286 0.05388607950910607 0.12685216784475842 0.09457569717705273 0 0 0
0.0014285714285714286 0.025320246454589145 -0.030855413737413906 0.6303247604488289 0 0 0
0.0014285714285714286 -0.12075564142751492 -0.19784735818070937 -0.3487624550524471 0 0 0
0.0014285714285714286 0.003361108463316644 0.14892457739800943 -0.35101352599992813 0 0 0
0.0014285714285714286 0.026508601594059194 -0.5156344370361682 0.10574841095665911 0 0 0
0.0014285714285714286 0.02933615933853605 -0.2323431412428627 0.056305485096864526 0 0 0
0.0014285714285714286 0.4363504539735523 0.007153616862275826 0.11898104140516658 0 0 0
0.0014285714285714286 -0.508869837943127 -0.22513223311307468 0.3552855830082974 0 0 0
0.0014285714285714286 0.030600087206985274 0.4800233934390804 0.0017798076163276818 0 0 0
0.0014285714285714286 -0.37292343112439647 -0.3194358503184377 0.10918176463747041 0 0 0
0.0014285714285714286 -0.0820816383036016 0.30423803033358693 0.45073016530825866 0 0 0
0.0014285714285714286 -0.16985101115772294 -0.38968748646112195 0.3859432388172117 0 0 0
0.0014285714285714286 -0.23888346219425255 -0.06192221480777785 -0.5060171715205865 0 0 0
0.0014285714285714286 -0.059926709810637975 -0.3638017210452533 0.3289058819465032 0 0 0
0.0014285714285714286 0.35566264371900075 -0.2674103152656589 -0.0816995242007837 0 0 0
0.0014285714285714286 0.30705981292127926 -0.6038919060655482 -0.025205151908358567 0 0 0
0.0014285714285714286 -0.41198160778215964 0.036175142438942896 -0.23280327567475245 0 0 0
0.0014285714285714286 0.13585726931207898 -0.14341903742120318 -0.44215479651739614 0 0 0
0.0014285714285714286 -0.2655538579120723 -0.27619502174318517 -0.22035883817622975 0 0 0
0.0014285714285714286 -0.5149814285108134 0.26228254596600403 0.11662664696074586 0 0 0
0.0014285714285714286 0.28163141472548125 0.1789811558073496 0.09882727009778502 0 0 0
0.0014285714285714286 -0.2395365178803521 0.11639290934718464 -0.25198077372770367 0 0 0
0.0014285714285714286 0.21691399718259965 0.2736902489873993 0.3866285608166854 0 0 0
0.0014285714285714286 -0.05447102587427782 -0.07856169884118927 -0.004798056262590584 0 0 0
0.0014285714285714286 0.2374639282823056 0.4677377161870811 -0.14865723408753187 0 0 0
0.0014285714285714286 -0.22788752542811536 0.5337530257966207 0.128226168523075 0 0 0
0.0014285714285714286 0.19157599193971064 -0.17018134033151952 -0.5574230185570912 0 0 0
0.0014285714285714286 -0.12132321627803853 0.16346766668182802 -0.25102685224991744 0 0 0
0.0014285714285714286 -0.08593842831668455 0.10456325887279025 0.5133200147405866 0 0 0
0.0014285714285714286 -0.06411151412934281 0.20753025476770964 0.1644831578521431 0 0 0
0.0014285714285714286 0.11105879703917758 -0.06122002192201991 -0.20324936806070154 0 0 0
0.0014285714285714286 0.38211525595197304 -0.3263371673022843 -0.012482810806984374 0 0 0
