470
0
0.002127659574468085 -0.38344600436525056 -0.5237821430613248 0.004444998792675287 0 0 0
0.002127659574468085 0.3797027233078674 -0.3710235696902138 -0.3765061743945196 0 0 0
0.002127659574468085 -0.22552382529822984 0.18207454593547062 0.19023719544671458 0 0 0
0.002127659574468085 0.03642571877309414 -0.12764505464851128 -0.2991370838171662 0 0 0
0.002127659574468085 -0.26238578270445845 -0.4293271428800758 -0.16664451265210342 0 0 0
0.002127659574468085 0.24755236740922368 -0.3483652667612043 0.37177377932654826 0 0 0
0.002127659574468085 -0.13688529650356848 0.27881671226959764 0.3153242787371624 0 0 0
0.002127659574468085 0.04334814303470554 -0.44210147217539353 0.023120870964142226 0 0 0
0.002127659574468085 0.2772604057217528 0.26042969695588125 0.14455040347289932 0 0 0
0.002127659574468085 0.4677887267352039 -0.012698492792131427 0.13740749538832506 0 0 0
0.002127659574468085 -0.24464484144997578 -0.18016261737701547 -0.26949981620273317 0 0 0
0.002127659574468085 -0.3985204736301627 -0.15082054942488515 0.450155534248132 0 0 0
0.002127659574468085 0.28967474170507596 -0.06058001930043811 0.10625263247917133 0 0 0
0.002127659574468085 0.26026408129027223 -0.2119508035368003 0.09625035270596675 0 0 0
0.002127659574468085 -0.08433340025542597 -0.10412758375115617 0.1995591046968531 0 0 0
0.002127659574468085 0.09408390682540183 -0.30655405220947807 0.18536504871416215 0 0 0
0.002127659574468085 -0.11898155847703869 -0.39317985921030607 0.45222401634335607 0 0 0
0.002127659574468085 0.11298580626173435 0.2255570284063868 0.047343476371717146 0 0 0
0.002127659574468085 0.16285055524920145 0.14759935146081976 0.5362187252824012 0 0 0
0.002127659574468085 -0.4285279008373955 -0.013377067091013235 0.04969423272344569 0 0 0
0.002127659574468085 -0.515064979917221 -0.0672932826943465 -0.30199503895461444 0 0 0
0.002127659574468085 0.30635814208843454 0.3276656389401468 -0.02425161227353488 0 0 0
0.002127659574468085 -0.20546929709383163 -0.2799960062714262 0.5276034525042566 0 0 0
0.002127659574468085 -0.6415656363601558 0.17026400280528156 0.013929692955901239 0 0 0
0.002127659574468085 -0.1559333740363322 -0.06898809404981827 0.6488658527892811 0 0 0
0.002127659574468085 0.2611170102476002 0.33729023586252055 0.3024863375099407 0 0 0
0.002127659574468085 0.18358650608316543 -0.18999211851151468 -0.5513064529438665 0 0 0
0.002127659574468085 0.16856617453660988 0.5213100818773946 0.22692314428174917 0 0 0
0.002127659574468085 -0.5008265104710125 0.025649528931418426 0.3298189583694849 0 0 0
0.002127659574468085 -0.5209382815968346 -0.2009323022188086 -0.3820782683456488 0 0 0
0.002127659574468085 -0.06157502906453449 -0.3475197550362677 -0.11754317822294534 0 0 0
0.002127659574468085 0.4661324459826245 0.4324987171678419 0.14895169734783498 0 0 0
0.002127659574468085 -0.39052615254531065 -0.3960813660218619 -0.3315040766662501 0 0 0
0.002127659574468085 -0.1830497011830743 0.1431124384954554 0.4629851237839379 0 0 0
0.002127659574468085 0.08773733493430251 0.4161843783071402 -0.08955371861058338 0 0 0
0.002127659574468085 0.03387434552691029 -0.41448100457101267 0.5060129661273558 0 0 0
0.002127659574468085 -0.04160302641950898 0.3006815566340784 0.5256837773286533 0 0 0
0.002127659574468085 0.3010153204918423 -0.41400581132151704 0.23482998445123152 0 0 0
0.002127659574468085 -0.4222288764923185 -0.05280547208622076 0.34561307102059147 0 0 0
0.002127659574468085 0.24716846277293972 0.3829492615979726 -0.23836507784501426 0 0 0
0.002127659574468085 -0.09234200217931725 0.5448648237024437 0.3817828187336077 0 0 0
0.002127659574468085 -0.5922709624034589 -0.13699793102289004 -0.23581308397830958 0 0 0
0.002127659574468085 -0.3445540511477066 0.21981051461555284 0.13903215620953724 0 0 0
0.002127659574468085 -0.31228658545182963 0.3007343980678267 -0.13304807891188955 0 0 0
0.002127659574468085 -0.03154166352168188 0.04653029294067404 0.676442820184388 0 0 0
0.002127659574468085 -0.06971585991330732 0.2850278028686577 0.2844078312357517 0 0 0
0.002127659574468085 -0.10934287862180941 -0.5915777111736393 -0.004924860365465992 0 0 0
0.002127659574468085 -0.24093090764315928 0.29267657177304157 0.09847304448718662 0 0 0
0.002127659574468085 -0.06599012917326283 0.6209716379962876 -0.2692284297028495 0 0 0
0.002127659574468085 0.009035293887210099 -0.1779201894333233 -0.39714013988333224 0 0 0
0.002127659574468085 -0.26138410465712936 -0.43169279357679635 0.021310614104818607 0 0 0
0.002127659574468085 -0.11463296822212628 0.4292285882294792 -0.5130105065750354 0 0 0
0.002127659574468085 -0.5541619594275289 0.18286402833490448 -0.1821140851970417 0 0 0
0.002127659574468085 -0.16316023167427515 -0.587399017860068 -0.2251158600813369 0 0 0
0.002127659574468085 0.6377173326581173 0.1731802206827958 0.11718379561179844 0 0 0
0.002127659574468085 0.38932602502117825 -0.2644488808137757 0.4219921677126699 0 0 0
0.002127659574468085 0.08079946284245285 0.13987967742519028 0.11559511871841377 0 0 0
0.002127659574468085 -0.11493713669488129 -0.3475591828109856 0.08504198426336404 0 0 0
0.002127659574468085 -0.06846609905255015 0.14923599019638267 0.11102803983617728 0 0 0
0.002127659574468085 -0.2949856108117483 0.09011268913100781 0.16667888426607033 0 0 0
0.002127659574468085 -0.2687135741149922 0.38560474920477883 -0.10766574653756532 0 0 0
0.002127659574468085 0.49374823538066814 0.05034344059396839 0.3281906956641133 0 0 0
0.002127659574468085 -0.13239634326235175 0.0918340233937469 0.44774349350439424 0 0 0
0.002127659574468085 -0.17342134742551624 -0.24812618155966407 -0.16914701791088346 0 0 0
0.002127659574468085 0.1023967259863796 -0.2796899349315211 -0.15671094803864885 0 0 0
0.002127659574468085 0.26031068095239185 -0.24699018587462768 0.5844487027838835 0 0 0
0.002127659574468085 0.09012850822921097 0.5511708068636378 0.153975058769595 0 0 0
0.002127659574468085 0.2940765650295423 -0.5373484087733083 0.15880001790787626 0 0 0
0.002127659574468085 0.2681806498877687 0.26597087133481717 -0.1093898077276345 0 0 0
0.002127659574468085 -0.5537743995465976 -0.2088140843841731 0.3534755819013846 0 0 0
0.002127659574468085 -0.507216818782022 0.0071870665749903554 -0.12563580781129588 0 0 0
0.002127659574468085 0.3246498582669929 -0.1464856494775841 -0.38710772869434296 0 0 0
0.002127659574468085 0.09629631974812797 -0.5051489688624995 0.13719110948254648 0 0 0
0.002127659574468085 0.3747714442912632 -0.42875247559633534 0.30554959334726484 0 0 0
0.002127659574468085 0.3370433151371282 0.20575313670733414 -0.2669826996335541 0 0 0
0.002127659574468085 -0.36826674776526047 -0.19951451511278456 0.490302531085813 0 0 0
0.002127659574468085 0.13477058981615114 0.07211619152946562 0.2151713360254799 0 0 0
0.002127659574468085 -0.2573861346273149 -0.017687980599299144 0.3064505202768928 0 0 0
0.002127659574468085 -0.26621993562156576 0.28136803915396286 0.5516552746191239 0 0 0
0.002127659574468085 0.39183578819161047 -0.516198944725499 0.08966073059472235 0 0 0
0.002127659574468085 -0.30217608018243675 -0.12565395961448658 0.58079457865262 0 0 0
0.002127659574468085 0.4359693640911688 -0.2631931789952771 -0.07478093565030634 0 0 0
0.002127659574468085 -0.34119814550819744 0.2969524440670819 0.29303200701630394 0 0 0
0.002127659574468085 -0.19982848989286756 -0.050678290330061916 -0.24206209408378906 0 0 0
0.002127659574468085 -0.22429335241289383 -0.23208297719144105 0.49250739343313377 0 0 0
0.002127659574468085 -0.23200948642114658 -0.024083570104268044 -0.4553321632315043 0 0 0
0.002127659574468085 0.42898703061266663 -0.30401659203060544 -0.027343707705539504 0 0 0
0.002127659574468085 -0.12405406786306497 0.4636533131748782 0.10455333486709285 0 0 0
0.002127659574468085 0.15112268567093912 -0.07496059119972497 0.22304687879430465 0 0 0
0.002127659574468085 -0.3697204245202826 0.11599602072315385 0.4445946030425837 0 0 0
0.002127659574468085 0.2255795877922407 -0.20350092426750516 -0.08778962032924774 0 0 0
0.002127659574468085 0.1866004652267797 0.230363288505041 -0.24069150883224175 0 0 0
0.002127659574468085 -0.21587125006133087 0.5985383233636374 -0.26342440518313814 0 0 0
0.002127659574468085 0.5326291933043115 -0.2856723496835471 -0.12896214761192426 0 0 0
0.002127659574468085 -0.156136006429439 0.26756492997862713 -0.584842524362521 0 0 0
0.002127659574468085 -0.09924023754298687 -0.03188216595824464 0.5053998579875019 0 0 0
0.002127659574468085 0.01986759747298842 0.14685062289861484 -0.5599686599084073 0 0 0
0.002127659574468085 0.026102411652822476 0.019827383889350354 0.32438450815015385 0 0 0
0.002127659574468085 0.18187650119856758 0.4193389383852469 0.28631455735430056 0 0 0
0.002127659574468085 0.26670981218299994 -0.03836999744694315 -0.24474949915752567 0 0 0
0.002127659574468085 -0.2589899951148102 -0.22552951578703853 0.24638012935059722 0 0 0
0.002127659574468085 0.10479835800068307 0.636989511272587 0.18107040866933333 0 0 0
0.002127659574468085 0.23125331263512083 0.03717245074244688 -0.6135353261678522 0 0 0
0.002127659574468085 0.2751946190759822 0.1231884841278864 -0.6086216143416923 0 0 0
0.002127659574468085 -0.3773989640996533 0.27467310175479814 -0.15559940810958153 0 0 0
0.002127659574468085 0.33410099633484946 -0.26381645275305454 0.3818680408709463 0 0 0
0.002127659574468085 -0.22667323864568034 -0.3544051130635777 0.1632067729952235 0 0 0
0.002127659574468085 -0.5589944900404953 -0.21305451964446737 0.295374861123857 0 0 0
0.002127659574468085 0.1641558189501824 0.3588113090853084 -0.008195044680850356 0 0 0
0.002127659574468085 -0.16844950453290247 0.20104464405005337 0.6240906372906477 0 0 0
0.002127659574468085 -0.22374062531191236 -0.0331705881197853 -0.6330192661289538 0 0 0
0.002127659574468085 0.12358744243214359 -0.14260203298539412 -0.0630362644255327 0 0 0
0.002127659574468085 0.001063977187683037 0.22501396981923147 -0.6246991376079228 0 0 0
0.002127659574468085 0.5880207196505467 -0.10958229846676831 0.17948244936853988 0 0 0
0.002127659574468085 0.11342850769816933 0.3864574348586327 0.017169910541566056 0 0 0
0.002127659574468085 -0.04078481233063391 0.6595149329205483 -0.1859321348840337 0 0 0
0.002127659574468085 -0.1622935866007616 -0.03416993515514681 0.14427561430296038 0 0 0
0.002127659574468085 -0.3204100448653168 -0.22353093817470007 -0.1610161743467983 0 0 0
0.002127659574468085 0.4704729471971362 0.3318535015044381 -0.06699282499580488 0 0 0
0.002127659574468085 -0.3527261805035963 -0.25233807835640054 -0.31240429929380886 0 0 0
0.002127659574468085 -0.007979349621331644 0.3393905658841282 -0.09699480108520125 0 0 0
0.002127659574468085 0.32882858030306455 -0.06801897976914031 -0.21704515305913077 0 0 0
0.002127659574468085 -0.19775615462787027 0.22283738312814594 0.17499700667184095 0 0 0
0.002127659574468085 -0.07142412279642932 0.3444202831901948 -0.5683069233570801 0 0 0
0.002127659574468085 0.49984824071266337 -0.3339905626775044 0.33350098667687633 0 0 0
0.002127659574468085 -0.46814754926323915 0.32853237465114776 -0.018169495242931884 0 0 0
0.002127659574468085 -0.6663851230554615 -0.06801890192383162 0.08223635038004254 0 0 0
0.002127659574468085 0.5529082080213935 -0.33540343813189744 -0.04339260004696171 0 0 0
0.002127659574468085 -0.24859478518133388 0.07929361135704231 0.4929346158400595 0 0 0
0.002127659574468085 0.4671350789483234 -0.08285113506846505 0.13314480859661545 0 0 0
0.002127659574468085 -0.5339783134811541 0.2531139743258419 0.1825851399576711 0 0 0
0.002127659574468085 -0.15008635960788802 -0.591152306533705 -0.06708194559189566 0 0 0
0.002127659574468085 0.3305140516857085 -0.4007574650849461 0.3440212635738168 0 0 0
0.002127659574468085 -0.2333276356470303 -0.193095777536224 -0.24345090458851235 0 0 0
0.002127659574468085 0.403322795838447 -0.006440041228498504 0.3343270845139759 0 0 0
0.002127659574468085 0.04738244960772852 -0.3934865394421908 -0.24767520534824913 0 0 0
0.002127659574468085 -0.02935482777737725 0.39383941996681276 -0.40944497336235974 0 0 0
0.002127659574468085 -0.19586745146115414 -0.147584750579755 -0.37790677578299575 0 0 0
0.002127659574468085 -0.3343648089529428 -0.019867886330313434 0.48488753421312303 0 0 0
0.002127659574468085 0.17005645217667997 -0.41117986214840513 -0.1529833157917501 0 0 0
0.002127659574468085 -0.5061964471963414 -0.007505756060202321 0.19987700777384193 0 0 0
0.002127659574468085 -0.39570184744006237 -0.4696471092845318 0.138862660652443 0 0 0
0.002127659574468085 -0.030019123780190775 0.4411472151514465 -0.3134641887360631 0 0 0
0.002127659574468085 -0.3374089482217424 -0.17629414710004343 0.5653798874915886 0 0 0
0.002127659574468085 0.07134398074590212 -0.40493725366508154 0.16489935188066934 0 0 0
0.002127659574468085 0.36379004154026456 0.3933859741091618 0.2774724201537356 0 0 0
0.002127659574468085 -0.5408289972093299 -0.18279394451240766 -0.04918037722181317 0 0 0
0.002127659574468085 0.46638406968025414 0.049929445945677456 -0.5035854484704402 0 0 0
0.002127659574468085 0.0414841768319797 0.4962449629147971 -0.03585982069606677 0 0 0
0.002127659574468085 -0.5914189401132428 0.2609458584900322 -0.10207269744979883 0 0 0
0.002127659574468085 0.10589382877149167 0.15149211748025257 -0.6553880083724197 0 0 0
0.002127659574468085 0.17815659222210634 -0.3294337862679176 -0.15223133639921582 0 0 0
0.002127659574468085 0.41006015110591965 0.31148323340475625 0.4152947016140259 0 0 0
0.002127659574468085 0.5759288814024373 -0.06427976016743633 0.21891783191658976 0 0 0
0.002127659574468085 0.488422876831142 -0.3580463013727862 -0.3215472352440002 0 0 0
0.002127659574468085 -0.00015648068141579092 -0.577679711070947 0.1472500263750324 0 0 0
0.002127659574468085 0.16577976088002544 -0.17698797965752505 0.2485307633073984 0 0 0
0.002127659574468085 0.0014520533933901568 -0.27778015954926155 0.5269262817582197 0 0 0
0.002127659574468085 0.5444899889905123 -0.14175183423174542 0.08694789723333123 0 0 0
0.002127659574468085 0.3520651978281281 0.021703659912093158 0.5677856388894388 0 0 0
0.002127659574468085 -0.4939418230923584 -0.14179245190938244 0.21871527390945214 0 0 0
0.002127659574468085 -0.4544678444187661 0.0660284270615826 -0.49431688492125647 0 0 0
0.002127659574468085 -0.5178940079422424 0.28413489522687896 -0.27306545418024314 0 0 0
0.002127659574468085 -0.08555182130656327 -0.2161503942875775 0.050064351964872 0 0 0
0.002127659574468085 -0.1174660214592859 -0.3692900799971584 -0.1118545383682874 0 0 0
0.002127659574468085 -0.16039420084799608 0.6050868110328855 -0.05144913653568465 0 0 0
0.002127659574468085 0.3660977188970152 0.4620486220496617 -0.025968004556838925 0 0 0
0.002127659574468085 -0.21231679318103683 0.019670278060981643 0.2263915332276231 0 0 0
0.002127659574468085 0.3324637798669511 -0.07423434716664871 -0.5733351916860909 0 0 0
0.002127659574468085 0.09553276620953542 -0.18580489688347104 0.47818859589521345 0 0 0
0.002127659574468085 -0.5637683386875098 0.15089070304551658 0.024566831945356585 0 0 0
0.002127659574468085 0.1364357490366385 0.5101568815192199 0.004367750749527227 0 0 0
0.002127659574468085 -0.28309330085893375 -0.3492916513727741 0.08223926362512937 0 0 0
0.002127659574468085 0.393898939067807 0.17870441168743095 -0.049388392437555814 0 0 0
0.002127659574468085 0.12668512451372327 -0.3091865427695559 -0.007688857872558165 0 0 0
0.002127659574468085 0.4567718209620129 -0.2503811812168 0.01434462152538684 0 0 0
0.002127659574468085 0.3898270516911391 -0.2064273982241465 0.4956932821261899 0 0 0
0.002127659574468085 -0.3296791966011726 0.14302597146624194 0.29836556906228723 0 0 0
0.002127659574468085 -0.16232789876698903 0.6048776399062532 -0.21209064421725132 0 0 0
0.002127659574468085 -0.2612025434548419 -0.21855915095467912 -0.15635354012072766 0 0 0
0.002127659574468085 0.2584267216265042 0.2835957827249087 0.5043375459459183 0 0 0
0.002127659574468085 0.3462498330722693 -0.4001844336142121 -0.16320009131447882 0 0 0
0.002127659574468085 0.15389874764607928 0.003554761736553067 0.38410472832707626 0 0 0
0.002127659574468085 -0.0358500050064368 0.010446600434085506 -0.17600723171315638 0 0 0
0.002127659574468085 -0.6306997304978599 -0.24659317650426613 -0.1468005697551385 0 0 0
0.002127659574468085 0.042461259387487474 -0.16908737996927853 -0.012487866269537634 0 0 0
0.002127659574468085 0.4795266096301111 0.10187568206235248 -0.3088707691602482 0 0 0
0.002127659574468085 -0.12705521398068856 -0.4342197313528028 -0.30419807079851763 0 0 0
0.002127659574468085 0.1693513166465706 -0.13027842864106248 -0.4868614693775924 0 0 0
0.002127659574468085 0.40378540273098185 0.30957394587391346 -0.07451887022051862 0 0 0
0.002127659574468085 0.2633664185801636 0.43865501737620133 -0.04585731528433575 0 0 0
0.002127659574468085 0.46021383047433545 0.12281089687323532 -0.2425335928834971 0 0 0
0.002127659574468085 0.009617220004599449 -0.09267321634744428 -0.5082177553568461 0 0 0
0.002127659574468085 0.2544130969919182 -0.3291027760165961 -0.23500994054552377 0 0 0
0.002127659574468085 0.5933844677834753 -0.13631410475888958 -0.2208942344302041 0 0 0
0.002127659574468085 -0.3208152394773208 -0.5533045086722934 0.20569610017476367 0 0 0
0.002127659574468085 -0.10114491464059165 0.540242422851072 0.15677240002919735 0 0 0
0.002127659574468085 0.4270157627790889 -0.23625369931591186 -0.004016895857406258 0 0 0
0.002127659574468085 0.03144325961866514 0.5074783198657985 0.2687184821593651 0 0 0
0.002127659574468085 0.0047805741580608995 -0.2615421558533527 -0.4392582851387036 0 0 0
0.002127659574468085 -0.01175537264917215 -0.1519578720043716 0.0014824260548560247 0 0 0
0.002127659574468085 0.4024596545291143 -0.04165497349375289 0.528605970798349 0 0 0
0.002127659574468085 0.025576041252173217 -0.2339918600214755 0.5953089892724754 0 0 0
0.002127659574468085 -0.2595691598879889 -0.3048528658944256 0.3048372759200477 0 0 0
0.002127659574468085 -0.46613876711219054 -0.28618621849067777 -0.024890959865292307 0 0 0
0.002127659574468085 -0.45885832442782304 0.32370391702529994 -0.2328100749304941 0 0 0
0.002127659574468085 -0.08516771327751296 -0.20921117129881212 0.20064095848479022 0 0 0
0.002127659574468085 -0.5812041547623028 0.15062427929828476 -0.2601680696533641 0 0 0
0.002127659574468085 0.08136506530614551 -0.020727545864377053 0.14144276246134474 0 0 0
0.002127659574468085 0.06523587272757089 -0.5121036597723196 -0.3472870298398144 0 0 0
0.002127659574468085 0.42765434178315836 -0.19302736797060982 -0.2294733536526778 0 0 0
0.002127659574468085 0.3360378984594787 -0.07935582843773087 0.2888658206219993 0 0 0
0.002127659574468085 0.030836587867512998 0.11544393878558 0.3468048704828971 0 0 0
0.002127659574468085 -0.041913857717044 -0.37855710242413015 -0.15813936746574112 0 0 0
0.002127659574468085 -0.4234948554526071 0.05314010800263802 0.43805441533959555 0 0 0
0.002127659574468085 -0.13235281902034832 -0.6162993767266836 -0.09347771428867804 0 0 0
0.002127659574468085 0.13558255547174672 0.42767765375190475 0.34485279450995526 0 0 0
0.002127659574468085 0.08227798446565569 -0.1549597884952736 0.34624298582300067 0 0 0
0.002127659574468085 -0.27686055176486646 -0.2974644833778169 -0.38066742642215556 0 0 0
0.002127659574468085 -0.33486850903359927 0.09133108016268265 -0.28993194744875017 0 0 0
0.002127659574468085 0.010843770986370396 0.6605345159335945 0.05956791797238237 0 0 0
0.002127659574468085 -0.37534117416297463 -0.3428133394948429 0.11612052529447832 0 0 0
0.002127659574468085 0.27584567004305804 -0.3697677285035473 0.0487802882387716 0 0 0
0.002127659574468085 0.24695352012673388 -0.21564156710407684 -0.08198746386288881 0 0 0
0.002127659574468085 0.050861951512462374 -0.17756955142621103 0.06574119798610562 0 0 0
0.002127659574468085 -0.4527753038013248 -0.2697272514118834 0.27918887166023654 0 0 0
0.002127659574468085 -0.05904002660686341 -0.11656102245231822 -0.09780989642048576 0 0 0
0.002127659574468085 -0.5275638587269961 -0.19175427341807397 -0.18786089889159482 0 0 0
0.002127659574468085 -0.08091878509554554 0.359752445232778 0.02637913025289402 0 0 0
0.002127659574468085 -0.0557082896757746 0.19867933246433422 0.20485459355398414 0 0 0
0.002127659574468085 -0.1613600320687275 -0.4615556791519263 -0.2996089070093098 0 0 0
0.002127659574468085 0.17441538171538218 -0.011609784247503053 -0.06200649100477651 0 0 0
0.002127659574468085 -0.2871881455189475 -0.06404517067916915 -0.46013327898622475 0 0 0
0.002127659574468085 0.2916987346748035 -0.06091802993896046 0.19301455258429454 0 0 0
0.002127659574468085 0.21401698129087918 -0.26661772128879124 0.23451628785502954 0 0 0
0.002127659574468085 0.041022718305655244 0.18487078985243324 -0.37003945470092586 0 0 0
0.002127659574468085 -0.32220276046698865 0.37656848890766853 -0.4384169647433234 0 0 0
0.002127659574468085 -0.4186077867739951 -0.2544405661124217 -0.2998594907426991 0 0 0
0.002127659574468085 -0.2757878129671268 -0.1117350657561662 -0.17429728880648374 0 0 0
0.002127659574468085 0.20475842371481676 0.12071412396286497 -0.4114996164565977 0 0 0
0.002127659574468085 0.2331499664388359 -0.5193482166552527 0.21551982481951262 0 0 0
0.002127659574468085 -0.15501984842555072 -0.12609243035404846 0.42286334989822716 0 0 0
0.002127659574468085 -0.35113455648019565 -0.024580188974984145 -0.39060796192374697 0 0 0
0.002127659574468085 0.367178943829927 0.3655302893853975 0.35696628555741444 0 0 0
0.002127659574468085 -0.08379486463087997 0.2934256082907971 -0.5402386881830543 0 0 0
0.002127659574468085 -0.15810016720879755 -0.41164968322377676 -0.5224415580074689 0 0 0
0.002127659574468085 -0.31729637585832415 -0.09467663697535211 0.32407164701239827 0 0 0
0.002127659574468085 0.18278104022925531 -0.04409498220207169 0.5086312739275888 0 0 0
0.002127659574468085 0.02054286987837531 -0.21825964210918747 -0.3170407882398638 0 0 0
0.002127659574468085 -0.04460886288064519 -0.2315301165309925 0.4428728423662438 0 0 0
0.002127659574468085 -0.17379065937725122 0.0796507815311585 -0.07906583939356865 0 0 0
0.002127659574468085 0.47573277047353524 0.3079843122698412 0.1269113241435232 0 0 0
0.002127659574468085 -0.18804470287553862 -0.3763395747796548 -0.2574375497893784 0 0 0
0.002127659574468085 0.36598990985015606 -0.1828721618423879 -0.5081562666691715 0 0 0
0.002127659574468085 -0.47194858140867835 -0.34306786456106436 -0.2259022811731374 0 0 0
0.002127659574468085 0.1046794834228391 -0.44834296318733335 0.19181056306593627 0 0 0
0.002127659574468085 -0.10482668565662874 0.1189490555490931 0.17803390384990272 0 0 0
0.002127659574468085 -0.033769140316610546 -0.2237754927811864 -0.5141670339623132 0 0 0
0.002127659574468085 -0.2571224015001744 -0.139188072765922 0.19759668839399427 0 0 0
0.002127659574468085 0.17557314536956556 -0.56931546234895 0.34359825480540745 0 0 0
0.002127659574468085 0.2463479239493077 -0.6430227890728623 -0.06646486040882023 0 0 0
0.002127659574468085 -0.5632119125944396 -0.1539003427332661 0.3345913082879458 0 0 0
0.002127659574468085 -0.28121058213089917 0.5605194445705225 -0.221091549578791 0 0 0
0.002127659574468085 0.5188967740429747 0.34323831606531857 -0.0982227228787611 0 0 0
0.002127659574468085 0.13402949309980017 0.3463869135966394 -0.5749372607874177 0 0 0
0.002127659574468085 -0.1837342553569783 -0.15608599125880088 -0.6010846621593158 0 0 0
0.002127659574468085 -0.34552428962344595 -0.25157850302756674 -0.0791793253811499 0 0 0
0.002127659574468085 0.38832788634269966 0.1843080821731986 0.18096099484601438 0 0 0
0.002127659574468085 -0.0005012842330939694 0.5713050476111933 0.36776268279090396 0 0 0
0.002127659574468085 -0.16886396847427163 0.3094475542402142 0.046599399454328734 0 0 0
0.002127659574468085 0.20058105176090862 -0.004796368713056048 0.5956560502061227 0 0 0
0.002127659574468085 0.5597705142031157 -0.10390305258097422 -0.09232359952017145 0 0 0
0.002127659574468085 -0.32967403288057356 0.1959570954305261 0.3205786207046227 0 0 0
0.002127659574468085 -0.1339315422338356 0.3097935449322407 0.46636061458933337 0 0 0
0.002127659574468085 0.09459544827846587 0.3625435213938237 -0.18749059146761746 0 0 0
0.002127659574468085 0.551229918408471 0.33272328000768203 0.2540086113232299 0 0 0
0.002127659574468085 0.12576618809205622 0.5228267863282255 -0.020432169655864665 0 0 0
0.002127659574468085 0.08675859950129379 -0.32579998667177784 -0.41469535957326825 0 0 0
0.002127659574468085 -0.6428334847000476 0.10936351696187108 0.18197422793791154 0 0 0
0.002127659574468085 -0.2941690813614372 0.18205889727614807 0.5035690002297749 0 0 0
0.002127659574468085 -0.14307765050670343 0.05896612056614336 0.22096197815711696 0 0 0
0.002127659574468085 0.2061425097373786 0.6161730652361398 0.06449880664453335 0 0 0
0.002127659574468085 -0.22141442725540522 -0.5220301326622672 -0.28616628633766433 0 0 0
0.002127659574468085 -0.22938602491078028 0.2018532927760825 -0.053503393863543545 0 0 0
0.002127659574468085 0.25477267786614227 0.33211849742807115 0.032033399011238174 0 0 0
0.002127659574468085 -0.36732862749387624 0.23212003432022077 0.5007762404353097 0 0 0
0.002127659574468085 -0.5444250034019136 0.04555849118704131 -0.3425017600539966 0 0 0
0.002127659574468085 0.5408252617252874 0.046964301451426556 0.13519031997011446 0 0 0
0.002127659574468085 0.11149700550489466 0.08807329098838743 -0.19888198938003196 0 0 0
0.002127659574468085 0.32040161605299905 0.33666214069591327 0.5056337922367481 0 0 0
0.002127659574468085 -0.10803753146962854 -0.3857392568121049 0.3322502239300698 0 0 0
0.002127659574468085 0.221323649366911 -0.13903621904815316 0.18700712345530376 0 0 0
0.002127659574468085 0.35578787522916705 0.057629166923183504 -0.00646132930518162 0 0 0
0.002127659574468085 -0.18006796794813115 0.16737145274030807 0.26017699725914367 0 0 0
0.002127659574468085 0.29260809084920425 0.3743021947032582 0.2684931330635868 0 0 0
0.002127659574468085 0.4367729786751824 0.2987713580311782 -0.05746114222710317 0 0 0
0.002127659574468085 -0.21453436136136592 -0.25879567329248715 0.5489265730529216 0 0 0
0.002127659574468085 -0.22170974262613835 -0.14712665874605674 0.4153838329756001 0 0 0
0.002127659574468085 0.0359462648974161 0.6086691429278898 0.1330512228068985 0 0 0
0.002127659574468085 -0.1936798840599881 0.44395450062578284 0.11837654183022372 0 0 0
0.002127659574468085 0.25655060732250207 0.6102268602989102 -0.20241003417466108 0 0 0
0.002127659574468085 0.07185806989162997 0.29704000450503915 0.520799981765293 0 0 0
0.002127659574468085 -0.005602818167698031 0.17172513307087042 0.23509615719509344 0 0 0
0.002127659574468085 -0.07020960614975269 -0.16127489063656347 0.18396651198725697 0 0 0
0.002127659574468085 0.35099460126927956 0.22916202498629754 -0.47257149536768145 0 0 0
0.002127659574468085 0.29933414816515824 -0.17283055110087536 0.2649827446269595 0 0 0
0.002127659574468085 0.17879469553370722 0.10439914775520592 -0.626445086420819 0 0 0
0.002127659574468085 -0.3712536668742951 -0.3167919332730674 -0.2963034593085064 0 0 0
0.002127659574468085 -0.10370202980478294 -0.037874672729197756 0.44532937374648096 0 0 0
0.002127659574468085 -0.16953778218862625 0.546889464745574 -0.20190587817534253 0 0 0
0.002127659574468085 0.004883795271311428 -0.24934647973944846 0.02396285658313106 0 0 0
0.002127659574468085 -0.408875492780196 -0.3141748708424151 -0.3246723334085395 0 0 0
0.002127659574468085 0.12589169417603963 -0.17480979371124844 0.41943220346509563 0 0 0
0.002127659574468085 0.3932221089865094 0.4686990509134994 -0.21085122375204765 0 0 0
0.002127659574468085 0.5303073989629989 0.0716427376064097 -0.3641493470914342 0 0 0
0.002127659574468085 -0.6089423279162041 -0.2313797947818566 0.1794749699258313 0 0 0
0.002127659574468085 0.4584655502683849 0.20210826059294593 -0.4377646857384158 0 0 0
0.002127659574468085 0.41108035323187186 -0.05600464469781056 0.1540113113704677 0 0 0
0.002127659574468085 -0.05719273529921607 -0.08137081811910848 -0.4974680477404284 0 0 0
0.002127659574468085 -0.5393413739093202 0.1941067069185483 0.2892954556575165 0 0 0
0.002127659574468085 0.16846062532276387 0.35172961470434794 0.053483852111630224 0 0 0
0.002127659574468085 -0.2591732644719827 0.2536277025655132 0.2542669158634279 0 0 0
0.002127659574468085 0.5413677472987314 0.13295224328863023 -0.18067076354447517 0 0 0
0.002127659574468085 -0.06312481576500559 0.17029334707820581 -0.139773605743335 0 0 0
0.002127659574468085 0.128754598725417 0.1373362823877063 -0.6635067873504813 0 0 0
0.002127659574468085 0.5578584965947865 -0.09976227142864671 0.16852177329739992 0 0 0
0.002127659574468085 -0.028474620756654464 -0.312563374851477 0.24333079430015025 0 0 0
0.002127659574468085 0.2728407485350363 0.0203774231939671 0.6262746487369216 0 0 0
0.002127659574468085 -0.5056008195134125 0.2574608609291963 -0.13180066049060474 0 0 0
0.002127659574468085 0.5523260698216959 0.2847117770507299 0.1431194202164567 0 0 0
0.002127659574468085 0.08025029290925613 -0.2931285446824134 -0.4726442303693194 0 0 0
0.002127659574468085 -0.01622410413455346 -0.3516519920648032 -0.35154246164632624 0 0 0
0.002127659574468085 -0.5755109990604885 0.15776628612781093 0.10358887943306458 0 0 0
0.002127659574468085 -0.08861135770703747 0.6202102653782549 -0.2099691881838551 0 0 0
0.002127659574468085 0.2880256351720862 0.5862705263378628 -0.18476431273694321 0 0 0
0.002127659574468085 0.25621966805628393 -0.5295927186324033 0.2560519928226054 0 0 0
0.002127659574468085 0.3225234937378373 0.4294014810277319 0.4297928771926048 0 0 0
0.002127659574468085 0.14041632581115146 -0.5191075183968004 0.01860680211043705 0 0 0
0.002127659574468085 0.2778489769341113 0.22086552101064771 -0.3492747885384366 0 0 0
0.002127659574468085 0.17652775515317695 0.174645169974788 -0.43651952330281224 0 0 0
0.002127659574468085 -0.4883033895741501 -0.4263967639520044 0.17907190594499933 0 0 0
0.002127659574468085 0.29684429429856274 -0.3236207592831526 0.2631134917165193 0 0 0
0.002127659574468085 0.10436983298855688 0.22956946029849187 0.38153949842004287 0 0 0
0.002127659574468085 -0.09437028810593932 0.6332625502510779 -0.173406569640796 0 0 0
0.002127659574468085 0.26873870345393713 0.20600756112591154 -0.5927600434004607 0 0 0
0.002127659574468085 -0.5623730541133812 -0.2993339163509266 -0.11080330654699104 0 0 0
0.002127659574468085 0.30726748265521175 0.45821005650149604 -0.21833852454350963 0 0 0
0.002127659574468085 -0.04520296349081167 -0.24667869202000883 0.44409577303628955 0 0 0
0.002127659574468085 -0.09719968127196241 0.49878859017576965 -0.08672898307187814 0 0 0
0.002127659574468085 -0.18632291661147085 -0.009260033294986102 -0.25246646967148195 0 0 0
0.002127659574468085 -0.17963679913659827 -0.0873313128550361 0.17118746574209753 0 0 0
0.002127659574468085 0.3119285532688994 -0.3635215542610334 -0.14582236217955194 0 0 0
0.002127659574468085 -0.6118978996443248 -0.29005474460610153 0.12161773576323108 0 0 0
0.002127659574468085 0.07615491944732332 0.38215793155711364 -0.39899277103801123 0 0 0
0.002127659574468085 -0.03533392764152966 0.2951917245710585 -0.3390872454348191 0 0 0
0.002127659574468085 0.3593822085810257 -0.2985761736734501 0.0590728305504223 0 0 0
0.002127659574468085 0.098999822493633 -0.14408929423835337 -0.27244861013546695 0 0 0
0.002127659574468085 0.07873131695898677 -0.16509617709360333 -0.6040645182848883 0 0 0
0.002127659574468085 -0.06971444964522498 0.060794242067451765 0.26381144004952206 0 0 0
0.002127659574468085 0.45343265933049615 -0.03751111033827824 0.1930918469370826 0 0 0
0.002127659574468085 0.3642716076638775 -0.02473403750629859 -0.23776556155750794 0 0 0
0.002127659574468085 -0.09663136392434848 -0.022211505132007425 0.06665545755562625 0 0 0
0.002127659574468085 -0.17766475278912935 0.4206232044913597 0.12306212584494822 0 0 0
0.002127659574468085 0.07210587953576776 0.3649012984377522 -0.5059474611198151 0 0 0
0.002127659574468085 0.017077555092879098 0.5889448693441458 0.028992176689560493 0 0 0
0.002127659574468085 -0.44942668693199656 -0.09303568236492218 0.40964298143898464 0 0 0
0.002127659574468085 0.2639426558214077 -0.3645549250229826 -0.21917181551110315 0 0 0
0.002127659574468085 -0.4620555215039907 0.48867200151272244 0.131759117848197 0 0 0
0.002127659574468085 0.15665084909577104 0.19189851751440137 0.5711916229363738 0 0 0
0.002127659574468085 -0.17952514853142343 -0.0515899848738875 -0.0021399602509580987 0 0 0
0.002127659574468085 -0.5440321718340916 -0.20848505138643464 0.26901741592222367 0 0 0
0.002127659574468085 0.18548292847370634 0.5319002040476518 0.08199735199430022 0 0 0
0.002127659574468085 0.35804146108459883 -0.044134252187007894 0.5286820309268505 0 0 0
0.002127659574468085 -0.0775139416664674 -0.3138595379641266 -0.3077462206662427 0 0 0
0.002127659574468085 -0.1959951829813818 0.03221094913871315 0.2952998404211749 0 0 0
0.002127659574468085 -0.15886543675212897 -0.3812799560220836 -0.13167259253000288 0 0 0
0.002127659574468085 -0.08683916666799597 -0.65102894443814 0.12371964272172398 0 0 0
0.002127659574468085 -0.1714578520741671 -0.04280083807360673 0.10690165438644812 0 0 0
0.002127659574468085 -0.2935923760598125 0.26668229598505255 -0.34706901779038746 0 0 0
0.002127659574468085 0.28915824230555803 0.09239069093885871 0.43086771535947127 0 0 0
0.002127659574468085 -0.01084155062536937 -0.5291399930099867 0.14527044026546662 0 0 0
0.002127659574468085 -0.10841257401947739 0.4029208777425253 -0.3358697244527408 0 0 0
0.002127659574468085 -0.15855884512260204 -0.3891291962964081 -0.3245168198110148 0 0 0
0.002127659574468085 -0.354098877830744 -0.06538555266467778 -0.23591222059522157 0 0 0
0.002127659574468085 -0.15569414247064173 0.5034562199531516 0.24211727808460648 0 0 0
0.002127659574468085 0.1993207249112779 -0.12836189617487676 -0.33536305545793516 0 0 0
0.002127659574468085 -0.37611564932502217 -0.3726079049888515 -0.07239770192410015 0 0 0
0.002127659574468085 -0.4800836799633346 -0.38089840771182326 -0.11780601075319592 0 0 0
0.002127659574468085 -0.29323926594324706 0.3505328099380761 -0.23393073847533993 0 0 0
0.002127659574468085 -0.42890273609538043 0.17650905987301058 -0.48522443245910557 0 0 0
0.002127659574468085 -0.19493440895080208 -0.47662435144298526 0.2345416237554408 0 0 0
0.002127659574468085 0.1784449807721352 0.23438706435871834 -0.1523268412262258 0 0 0
0.002127659574468085 0.04405075561014898 -0.46076997027336625 0.3135521175335198 0 0 0
0.002127659574468085 0.4337388700840466 0.17362815229238396 0.4145273229689663 0 0 0
0.002127659574468085 -0.3613492544586978 -0.5138463885405067 -0.17490390639520534 0 0 0
0.002127659574468085 0.44305263156355346 0.2769184202949767 -0.19364628597302158 0 0 0
0.002127659574468085 -0.17269044440506742 -0.3650332700907697 -0.15122570399987342 0 0 0
0.002127659574468085 -0.2979654741140725 -0.10450665395218375 0.01593485976460212 0 0 0
0.002127659574468085 -0.008447643159375143 0.19506590912215502 0.35546941070344645 0 0 0
0.002127659574468085 -0.5758058226444437 0.24970568677981997 0.08852131470602106 0 0 0
0.002127659574468085 -0.20834235147742647 0.35615019231494893 -0.3591224860389671 0 0 0
0.002127659574468085 0.652420631362663 0.13199531418773608 -0.036779271059532215 0 0 0
0.002127659574468085 0.47076301396088893 0.14236862598829675 0.3343746780710298 0 0 0
0.002127659574468085 0.5612440473624222 0.038551402344766304 0.3170614611415053 0 0 0
0.002127659574468085 0.041119525790092065 -0.2840998904614834 0.15767192199016716 0 0 0
0.002127659574468085 0.2641490951700928 0.5169309870007683 0.0140080409301774 0 0 0
0.002127659574468085 0.29546706406338025 -0.29300975904959164 0.0415061098740212 0 0 0
0.002127659574468085 0.12615897798857803 -0.020661989192388125 0.4321857418481461 0 0 0
0.002127659574468085 -0.2704079965309836 0.254973078211465 -0.20052349830269023 0 0 0
0.002127659574468085 -0.17063378344405153 0.27063566423876656 0.4330105996536974 0 0 0
0.002127659574468085 0.5745463323085194 -0.26330137014358873 -0.13558511892735411 0 0 0
0.002127659574468085 0.2396378328674525 -0.25078849310376916 -0.2975775505748963 0 0 0
0.002127659574468085 -0.5312829582850908 0.35200761720894164 0.009386082114242352 0 0 0
0.002127659574468085 0.30987357335975946 -0.37729656281119545 0.1036875543273752 0 0 0
0.002127659574468085 0.03251893555121838 -0.5291824190000062 -0.05642023906891017 0 0 0
0.002127659574468085 -0.07558877906838311 0.0583171957442854 0.10999780642251886 0 0 0
0.002127659574468085 -0.05128507861388794 0.06523414123355781 -0.5487292251107918 0 0 0
0.002127659574468085 0.025384495245210102 0.4676476824017074 0.190307078270531 0 0 0
0.002127659574468085 -0.4933903063784474 0.3281884504084267 -0.3366846625219208 0 0 0
0.002127659574468085 -0.574642101483418 0.15908001535036445 -0.024164677640636983 0 0 0
0.002127659574468085 -0.6006961791805914 0.05803492919773017 0.1898637136706622 0 0 0
0.002127659574468085 -0.016720837638092314 -0.4346405835846626 0.27705910899467207 0 0 0
0.002127659574468085 -0.21097197348947624 -0.09630330664505361 -0.6142882640892168 0 0 0
0.002127659574468085 -0.5367995421675791 -0.06461769624354412 0.2656282439866162 0 0 0
0.002127659574468085 -0.13622207505422418 -0.006643344720481983 -0.02381466610578793 0 0 0
0.002127659574468085 -0.5145351527268502 0.31199575405511587 -0.13261399974756433 0 0 0
0.002127659574468085 0.055016325409959425 0.46043807844350926 -0.39645227350507645 0 0 0
0.002127659574468085 -0.08910912056834895 -0.5542689931910326 0.19483959866606562 0 0 0
0.002127659574468085 0.4406057511278796 -0.28622524282966055 0.29651178138733825 0 0 0
0.002127659574468085 -0.49390548786660426 -0.29032504094992634 -0.1559563251548965 0 0 0
0.002127659574468085 -0.19949657392501485 -0.3761811745754271 -0.2576856289597273 0 0 0
0.002127659574468085 0.13954861363968615 -0.15031025036259657 0.38627861802821506 0 0 0
0.002127659574468085 0.3567637245485997 0.05812364316830008 0.20959230740125942 0 0 0
0.002127659574468085 -0.42463339074420164 0.19114074224899058 -0.30999284286190704 0 0 0
0.002127659574468085 0.3327081772683405 -0.008018788118829733 0.4332969949956324 0 0 0
0.002127659574468085 0.27679630804799094 0.4394920402345289 0.1633341600245239 0 0 0
0.002127659574468085 0.2237841184196962 -0.5116004514119851 0.2516416434490216 0 0 0
0.002127659574468085 -0.4118078166625528 0.22794699052293094 -0.374435180778961 0 0 0
0.002127659574468085 -0.4215544375669494 0.21262066590235465 -0.4745768894288765 0 0 0
0.002127659574468085 -0.5695821728661189 0.18644471708960098 0.13895949789469283 0 0 0
0.002127659574468085 -0.2640803887855326 -0.005739459619774562 0.6268597870005592 0 0 0
0.002127659574468085 0.21477280490506967 -0.1826654911067791 -0.5272259473271794 0 0 0
0.002127659574468085 -0.2326651759860639 -0.09935626268851107 -0.5443418259885662 0 0 0
0.002127659574468085 -0.1968337233055256 -0.22005541138682103 -0.43748406573036386 0 0 0
0.002127659574468085 0.27078288602169626 0.20127593695099194 -0.3898559749180098 0 0 0
0.002127659574468085 0.2840069984875935 0.22740998365384088 0.555010638562015 0 0 0
0.002127659574468085 -0.33511976694986567 0.5195278621130359 -0.14082595330155212 0 0 0
0.002127659574468085 0.0748040189416825 -0.10100404262911744 0.35140715912009735 0 0 0
0.002127659574468085 -0.24000540116256044 0.25463734544990785 -0.013091781343127752 0 0 0
0.002127659574468085 0.11278611308758975 -0.06626660765737352 0.19901689726715957 0 0 0
0.002127659574468085 0.1500237391229667 0.5071237260363914 0.36361166755069935 0 0 0
0.002127659574468085 -0.024061054593050767 -0.010565916619676973 0.16053008039934938 0 0 0
0.002127659574468085 0.6154914087604818 -0.09860776122447751 0.18392962227419654 0 0 0
0.002127659574468085 -0.3168952283102083 -0.5753603797849077 0.21201320476875546 0 0 0
0.002127659574468085 0.35230538174820664 0.027184051167017366 0.173559135008888 0 0 0
0.002127659574468085 0.4426122974516583 0.09259263681815766 0.37432471621432534 0 0 0
0.002127659574468085 -0.5546957530617862 0.3083886548072318 0.004754961633538696 0 0 0
0.002127659574468085 -0.1810758271511509 0.3194270111729492 0.14264248382089798 0 0 0
0.002127659574468085 0.14536872228707493 -0.16342290727029038 -0.035304789151038726 0 0 0
0.002127659574468085 0.5665986613495306 -0.1802076623338996 -0.07618739703930993 0 0 0
0.002127659574468085 0.3658825641266413 0.25677976738070735 -0.1985257548783245 0 0 0
0.002127659574468085 -0.4966676176599832 0.40282120128499904 -0.07940107058668448 0 0 0
0.002127659574468085 0.46220305597264455 0.20882465513467904 -0.040019576321681044 0 0 0
0.002127659574468085 0.23266701656147057 -0.2124685225843449 0.35088184442463555 0 0 0
0.002127659574468085 -0.3636279536048145 0.08245066383775909 -0.3822065469488845 0 0 0
0.002127659574468085 0.2026663076014126 0.26243471871208285 -0.38497760914488716 0 0 0
0.002127659574468085 -0.48676616222053476 -0.11551982936251862 -0.3153806569604616 0 0 0
0.002127659574468085 0.23675229166933592 0.13462632323868154 0.32035996676684647 0 0 0
0.002127659574468085 -0.22887898664492096 -0.0985217905328491 -0.15633886931004976 0 0 0
0.002127659574468085 -0.20491295455765024 -0.11823893965702667 0.11446280320124412 0 0 0
