540
0
0.001851851851851852 0.48717580681599354 0.19115309817081744 -0.2473315041875636 0 0 0
0.001851851851851852 0.5156586746266248 -0.0391696699139412 -0.15933294108389814 0 0 0
0.001851851851851852 -0.5145428152879573 -0.08461690635702726 -0.11929305847427156 0 0 0
0.001851851851851852 -0.1883897071308815 -0.379674487741688 0.12497190756524951 0 0 0
0.001851851851851852 -0.1618866831890371 -0.6099439180334026 -0.08050242612990716 0 0 0
0.001851851851851852 -0.02728717398049393 -0.6032453963931838 0.1413912354485295 0 0 0
0.001851851851851852 0.04338871698408881 0.2908040773805601 0.030248761930410043 0 0 0
0.001851851851851852 0.13249708962134202 -0.10238999470081438 -0.269826936584381 0 0 0
0.001851851851851852 -0.6148503504998207 0.10971269652621368 0.2712171079619056 0 0 0
0.001851851851851852 0.08973922560684751 -0.07979850057602593 -0.2491461110713442 0 0 0
0.001851851851851852 0.0632236326763665 0.33492515513523313 0.2865999113902108 0 0 0
0.001851851851851852 -0.008318335168633818 0.3679025349118212 -0.5019273800402921 0 0 0
0.001851851851851852 -0.04176373371821383 0.47554662841658135 0.47011339580648664 0 0 0
0.001851851851851852 -0.09845238696719319 0.2249903717971601 0.30238731795873525 0 0 0
0.001851851851851852 0.11986933057152463 -0.10146862444167415 0.42371082763799683 0 0 0
0.001851851851851852 -0.5073095207699392 -0.08723775397088554 0.2206081305603173 0 0 0
0.001851851851851852 -0.40975885073640617 0.26823194746107526 -0.35954610044844904 0 0 0
0.001851851851851852 -0.3668461035033045 0.1102211270957867 -0.2932370311106196 0 0 0
0.001851851851851852 -0.02460336341690093 0.25760528137665767 0.21237049798746357 0 0 0
0.001851851851851852 0.269332989852643 -0.3321927203177577 0.2786764478932425 0 0 0
0.001851851851851852 -0.3706041118291146 0.35849777035970176 -0.10113573827160975 0 0 0
0.001851851851851852 -0.19188720076170415 0.1060987067758701 0.6103582725777719 0 0 0
0.001851851851851852 -0.47888773311760763 0.37620707446010127 -0.318184130422647 0 0 0
0.001851851851851852 0.029067242249101108 0.6217009699296129 0.16982089820649138 0 0 0
0.001851851851851852 0.5889672094615875 0.208814347834166 -0.124447930044801 0 0 0
0.001851851851851852 -0.06898893755346933 0.1464296284192058 0.3925365063307376 0 0 0
0.001851851851851852 0.009264202254631005 -0.5707811546325499 -0.36080853066037644 0 0 0
0.001851851851851852 -0.35315116955132203 -0.29510252745581556 0.06732437188769112 0 0 0
0.001851851851851852 0.33055390315599464 0.32747247211729513 -0.19397628378782852 0 0 0
0.001851851851851852 -0.581034583152083 -0.12033239763811739 -0.11167921612920055 0 0 0
0.001851851851851852 0.004175304930708878 0.06329443752929945 0.42084248186939005 0 0 0
0.001851851851851852 0.3879554153155519 -0.03085679760274597 -0.36406034179499863 0 0 0
0.001851851851851852 0.05060809421606836 0.3346806512314343 0.36219116351985386 0 0 0
0.001851851851851852 0.6560417996657362 -0.18697432244184645 -0.058154701072515934 0 0 0
0.001851851851851852 0.3738074484456247 -0.2500630688568964 -0.31012882086667115 0 0 0
0.001851851851851852 -0.18386006835474544 0.5998046427006724 -0.19619002794202522 0 0 0
0.001851851851851852 -0.4285373483179441 0.49256029925221007 -0.13821511600224623 0 0 0
0.001851851851851852 0.11091682024623457 -0.4216544655310749 -0.020388234711993483 0 0 0
0.001851851851851852 -0.26575211050697006 0.008652677806966625 -0.3347888896383681 0 0 0
0.001851851851851852 -0.3003626360581538 -0.22223378809187397 0.33069538141845645 0 0 0
0.001851851851851852 -0.41345094589855547 0.35820698002382384 0.36832014892299214 0 0 0
0.001851851851851852 0.07362211476680199 0.03644385275711968 -0.021429947021430678 0 0 0
0.001851851851851852 -0.15653609896723802 0.4728162913484124 -0.061223224350452556 0 0 0
0.001851851851851852 -0.3444404142242336 0.19136482620178868 -0.4883338450450808 0 0 0
0.001851851851851852 0.03242984037372717 -0.42001567459400485 0.36448031106885626 0 0 0
0.001851851851851852 -0.4648354717307982 -0.14521785153280672 -0.24412608864162555 0 0 0
0.001851851851851852 0.10299406428767531 -0.1943876570817871 -0.5117375458967911 0 0 0
0.001851851851851852 -0.10448997900966733 -0.5559203520963296 0.18059928382996535 0 0 0
0.001851851851851852 -0.268928638747802 0.15972519602662016 0.08360623691463492 0 0 0
0.001851851851851852 -0.46331508950250655 -0.28074261573928244 0.05783642981610328 0 0 0
0.001851851851851852 -0.2085556345177669 0.2967521237354553 0.07917361371071849 0 0 0
0.001851851851851852 -0.4483881068522824 0.04655524320175423 0.03791154207117231 0 0 0
0.001851851851851852 -0.5099251093033872 0.01621976527869075 0.13763923793018396 0 0 0
0.001851851851851852 -0.14014535636306857 0.5870583844279228 -0.08946138327577144 0 0 0
0.001851851851851852 -0.4685077882017619 0.44187680687092273 -0.0332854183569092 0 0 0
0.001851851851851852 -0.3940938042781649 -0.25396658277057765 0.08929051022151296 0 0 0
0.001851851851851852 0.014419287697422806 -0.5114002416238775 0.16105796675510226 0 0 0
0.001851851851851852 0.45147273344339584 0.23413511103424123 0.28184418525031923 0 0 0
0.001851851851851852 0.22212982038307963 -0.3980816939304591 -0.11866898076674057 0 0 0
0.001851851851851852 0.3136400988869824 -0.33754179650462557 0.10349937676404784 0 0 0
0.001851851851851852 -0.1458373433306056 -0.1154893153972187 0.46223326631970496 0 0 0
0.001851851851851852 0.6191536024405566 -0.2635133340354441 -0.06629876191788035 0 0 0
0.001851851851851852 0.13724431078544092 0.30512291627542504 0.1925868868692534 0 0 0
0.001851851851851852 0.07943951986669222 0.5186715841508022 -0.17553576406902968 0 0 0
0.001851851851851852 -0.17608255054524663 -0.3896918360166029 0.02300350472143181 0 0 0
0.001851851851851852 0.4378851288389998 -0.14602831025848656 0.11306857813979425 0 0 0
0.001851851851851852 0.06327504408861213 0.3109129864287295 -0.36540434100638086 0 0 0
0.001851851851851852 0.0016182915650622396 -0.08625606851576392 -0.5140479151648049 0 0 0
0.001851851851851852 -0.11402903341055179 0.2294799538369546 -0.3877407373241319 0 0 0
0.001851851851851852 -0.009695579513458433 -0.3730955742095938 0.11799917029223278 0 0 0
0.001851851851851852 0.1328926549272103 -0.34427121197003824 0.3335410778355363 0 0 0
0.001851851851851852 -0.0054168704770347865 0.020066824907334545 -0.21575381385492307 0 0 0
0.001851851851851852 -0.42736119071841144 0.3506650566394512 0.2012343653206981 0 0 0
0.001851851851851852 0.2334449359162809 0.31624289540813905 0.19919095035457154 0 0 0
0.001851851851851852 0.3036810828805866 0.17931635830399492 -0.5517475497263934 0 0 0
0.001851851851851852 -0.529835228075411 0.17841086228483416 0.351149091817012 0 0 0
0.001851851851851852 -0.019280340906322118 -0.26998956578067435 -0.6317746114744058 0 0 0
0.001851851851851852 -0.02884078449723435 0.6833610514449509 0.0025797135765327924 0 0 0
0.001851851851851852 0.5996620930955583 0.0003039150731111984 0.3049527564225859 0 0 0
0.001851851851851852 0.396456239752416 -0.23036397623161298 -0.4887122187702683 0 0 0
0.001851851851851852 -0.01634121372642666 -0.10491077894569552 0.4279306651690767 0 0 0
0.001851851851851852 -0.1775004109964266 -0.23931256648192115 0.12817156366699634 0 0 0
0.001851851851851852 -0.20674302569942157 -0.11760462037674695 -0.06759013355268473 0 0 0
0.001851851851851852 -0.36252260702582 0.1804827391753663 -0.10851363925447287 0 0 0
0.001851851851851852 -0.11276397290055984 0.4450852182370426 0.090312932503066 0 0 0
0.001851851851851852 0.08376465122273934 -0.32258452768211937 -0.586002807105106 0 0 0
0.001851851851851852 0.19958738407465376 -0.12875483471646418 0.10967394691716621 0 0 0
0.001851851851851852 -0.1271130954285886 0.3494632062019569 0.5071654472528667 0 0 0
0.001851851851851852 -0.38840900605112155 0.2997373853935772 0.09923854802067439 0 0 0
0.001851851851851852 0.21701095523046707 0.5085469411326199 -0.30959439582152015 0 0 0
0.001851851851851852 0.11601423595213871 0.6580877965329897 -0.08920219515754184 0 0 0
0.001851851851851852 -0.31434886706934817 0.09189520365863335 -0.09153393318703373 0 0 0
0.001851851851851852 0.008001200199396733 0.38345015985364134 -0.3426183369033814 0 0 0
0.001851851851851852 0.5820783303561986 -0.04197110979427392 -0.273700079864856 0 0 0
0.001851851851851852 -0.3429201664491995 0.25589531822068307 -0.24976874658896103 0 0 0
0.001851851851851852 -0.024013186363323103 -0.625607373016406 -0.14366195798349543 0 0 0
0.001851851851851852 0.12055203905017019 -0.12394495563934883 0.14294379593052967 0 0 0
0.001851851851851852 0.1020585184347782 -0.41363934964645555 0.4003972502501611 0 0 0
0.001851851851851852 -0.30423425499536483 0.3069365281751457 0.214900328448474 0 0 0
0.001851851851851852 -0.08136991190381329 0.197711401660422 -0.2653247934622613 0 0 0
0.001851851851851852 0.3588581608550208 0.3537933237662515 -0.3937185843764385 0 0 0
0.001851851851851852 -0.475634773015401 0.21227257772180355 -0.17754646848488412 0 0 0
0.001851851851851852 -0.014308653099483568 -0.13001325371640662 -0.29948998391538834 0 0 0
0.001851851851851852 -0.27689478751097274 -0.2567278799402117 -0.4384686630980407 0 0 0
0.001851851851851852 -0.5027903519618033 -0.3201384634035198 -0.2768372824498026 0 0 0
0.001851851851851852 0.3479496087185843 -0.5116018036522862 0.00349611729832756 0 0 0
0.001851851851851852 0.4925229995755065 0.37922365068709774 0.10866613464620917 0 0 0
0.001851851851851852 0.3537057952606595 -0.15546196267674806 0.36696108550505685 0 0 0
0.001851851851851852 -0.3363926104217697 0.031612028938241055 0.5434648394025893 0 0 0
0.001851851851851852 -0.015301138555388151 -0.04924441327448614 0.1727861033633417 0 0 0
0.001851851851851852 0.2568646018055664 -0.2629557648008969 0.45428990469943337 0 0 0
0.001851851851851852 0.3567044446513922 -0.3966186894670221 -0.10864550395862045 0 0 0
0.001851851851851852 0.38018382032581177 -0.11977842206173124 0.4556911462407485 0 0 0
0.001851851851851852 0.4134297414215337 0.3979040759204219 0.36036510737166383 0 0 0
0.001851851851851852 0.08422280788797042 -0.31386152985649196 -0.4553977962815789 0 0 0
0.001851851851851852 -0.13489525352939635 -0.5319344834307849 0.16870687697981324 0 0 0
0.001851851851851852 0.1101885172855194 -0.041347824300179824 0.5050979796269836 0 0 0
0.001851851851851852 -0.1900256351579022 -0.4844769136928076 0.3896076258379048 0 0 0
0.001851851851851852 -0.08476117157559214 0.19850572777695127 0.175897426295439 0 0 0
0.001851851851851852 0.22628915761060725 -0.005671041782113199 -0.005101217560737675 0 0 0
0.001851851851851852 -0.2560327702000947 0.4968995163682904 0.08261826314302272 0 0 0
0.001851851851851852 -0.29306551523305263 -0.38998422853714393 0.30966232798182053 0 0 0
0.001851851851851852 -0.14208341456142348 0.06902976349329869 -0.33076728621630114 0 0 0
0.001851851851851852 -0.2691109224342939 0.21538575176391633 0.5078531676874126 0 0 0
0.001851851851851852 0.3854694945529291 -0.10001254087713687 0.33920944068319386 0 0 0
0.001851851851851852 0.31283089101350137 -0.4684356282824251 0.25602557153406663 0 0 0
0.001851851851851852 -0.32330667381937056 -0.23110069070454103 0.5170579627500073 0 0 0
0.001851851851851852 -0.18342250651944172 0.22451253837566953 0.21675956772998003 0 0 0
0.001851851851851852 -0.17841919969229217 0.37467583038851615 -0.1393685455302821 0 0 0
0.001851851851851852 0.026092050352478913 -0.19143026206841032 0.24823735896983473 0 0 0
0.001851851851851852 -0.09976950880392563 -0.2764753668475986 0.19674128527963175 0 0 0
0.001851851851851852 0.44895759069045543 -0.2129315217905121 -0.15089805671059017 0 0 0
0.001851851851851852 0.1905185699824462 0.20998895998115985 0.3983948563989912 0 0 0
0.001851851851851852 -0.5072879777056108 0.01917438226641284 -0.3124275603234486 0 0 0
0.001851851851851852 -0.3774748357845072 -0.25063779979971895 -0.523520147898915 0 0 0
0.001851851851851852 -0.1504253728038201 0.3080657532788416 0.04231958918743302 0 0 0
0.001851851851851852 -0.0473135681769309 0.2129136881083914 0.5281864081050671 0 0 0
0.001851851851851852 -0.37073679982969804 0.5110967838572364 0.055517640319368726 0 0 0
0.001851851851851852 0.2744182141262779 0.3396479616530211 0.10544624617614198 0 0 0
0.001851851851851852 0.45228354141010674 -0.09152605788086078 0.5102379552215428 0 0 0
0.001851851851851852 -0.37923982657319466 0.22185231376890063 -0.47653150890292806 0 0 0
0.001851851851851852 -0.06475491745900658 0.6776661514909441 -0.10715520386897885 0 0 0
0.001851851851851852 0.2609713233035899 -0.22552276279483904 0.4634466294606779 0 0 0
0.001851851851851852 -0.28419663199427553 -0.037761547358350106 0.030230086007808438 0 0 0
0.001851851851851852 0.19241432517659615 0.17271994386642003 -0.3686875630789722 0 0 0
0.001851851851851852 -0.24896996878196945 -0.5168183639465116 -0.10623178367527082 0 0 0
0.001851851851851852 0.04864374847218687 -0.37726018459726673 0.4487932045716228 0 0 0
0.001851851851851852 0.2454607035174425 0.2841330908597546 -0.35680161095860063 0 0 0
0.001851851851851852 -0.04167401223004936 0.19994353252538732 -0.07297669845629479 0 0 0
0.001851851851851852 0.37765738284215894 -0.1149507423497269 0.21976581733318284 0 0 0
0.001851851851851852 0.2047418833261439 0.266170500686842 -0.38654703096202503 0 0 0
0.001851851851851852 0.6296530333205808 0.14529734358471863 -0.23222107583640958 0 0 0
0.001851851851851852 0.25054621951212036 -0.10743509195702727 0.4598416030953419 0 0 0
0.001851851851851852 -0.4204852302371767 -0.299836895268101 -0.2462923841852258 0 0 0
0.001851851851851852 -0.4691626711073355 0.4136345184703071 0.0649180154231346 0 0 0
0.001851851851851852 0.31064161651801536 -0.12521375444698848 0.3724670181897327 0 0 0
0.001851851851851852 -0.15550035964366446 -0.42247384424903955 -0.10756435272051733 0 0 0
0.001851851851851852 -0.11525820312230459 -0.20801329383241354 0.1391663589954971 0 0 0
0.001851851851851852 -0.07660419689503864 0.2658689743546783 -0.6301313340576423 0 0 0
0.001851851851851852 0.18063842821475715 -0.3133739802334422 0.5483269861468884 0 0 0
0.001851851851851852 0.07320661301903544 0.48012286751382466 0.35616467083481995 0 0 0
0.001851851851851852 0.5018524482986437 0.2020778918733885 0.09803470984972712 0 0 0
0.001851851851851852 -0.05981032408524074 -0.25443199781199544 0.35777446961367243 0 0 0
0.001851851851851852 -0.1403229972210742 0.3073004697555059 -0.5958479070637785 0 0 0
0.001851851851851852 0.11746920157927719 0.14020803670342066 0.5937953060217418 0 0 0
0.001851851851851852 -0.509474816291303 0.32634884849453183 -0.33611829493618395 0 0 0
0.001851851851851852 0.36300479213599696 0.3203542433213079 0.3030105295017106 0 0 0
0.001851851851851852 0.1288697163337823 0.15055732186935447 0.3766368543277931 0 0 0
0.001851851851851852 -0.0901228716485181 0.1892981981278575 -0.16684353198907204 0 0 0
0.001851851851851852 -0.10071522020452893 -0.10597885280800091 0.5582086092378233 0 0 0
0.001851851851851852 -0.022249081097528295 0.17265259516508097 -0.35658015497617057 0 0 0
0.001851851851851852 -0.45270559763846474 -0.14365116650147958 -0.3080290697429592 0 0 0
0.001851851851851852 -0.0938305020357531 -0.0035943956558130916 0.16228752326409673 0 0 0
0.001851851851851852 -0.3772041177658163 -0.12016411951497166 0.5424055861046699 0 0 0
0.001851851851851852 -0.1587957068075889 -0.6315335607044956 -0.027970115155929728 0 0 0
0.001851851851851852 -0.1038265310116604 0.42827296268681336 0.4017332793933371 0 0 0
0.001851851851851852 -0.09920431812736397 -0.13707251514534818 0.5208293498733921 0 0 0
0.001851851851851852 0.41780244323620364 0.3937584343108937 -0.012505183784414266 0 0 0
0.001851851851851852 0.21242517128826285 0.14523099685018992 -0.3807061688889875 0 0 0
0.001851851851851852 0.057358714827625355 -0.6424368888928548 -0.1677135147680987 0 0 0
0.001851851851851852 0.46286731807608117 0.40561045679314334 0.10760214845705289 0 0 0
0.001851851851851852 -0.3265587925301337 -0.3618629528473045 0.18141414472206027 0 0 0
0.001851851851851852 -0.15381637281406904 -0.16885283708360674 -0.5147365324398543 0 0 0
0.001851851851851852 0.21769383828295835 -0.1259934692478577 -0.30385720634539926 0 0 0
0.001851851851851852 0.33398300000459996 -0.3111543080068462 0.2941430892921135 0 0 0
0.001851851851851852 -0.21407139082873275 0.10718340763979559 -0.0076894266816099534 0 0 0
0.001851851851851852 -0.17369737201554855 -0.2910576449806123 -0.09954361819910579 0 0 0
0.001851851851851852 0.6143316641243937 0.07138674424832915 0.29612287586317965 0 0 0
0.001851851851851852 0.36964454229084776 0.27600679682938617 -0.21175681577283026 0 0 0
0.001851851851851852 -0.5568168083238498 -0.31601459168698603 -0.13853291109815732 0 0 0
0.001851851851851852 0.35515733897752755 0.051340026477566296 0.3746958967638807 0 0 0
0.001851851851851852 0.2954221167120651 -0.46407679051323897 -0.40731132346866666 0 0 0
0.001851851851851852 -0.30877726011197154 -0.039418817454125635 0.512521947029868 0 0 0
0.001851851851851852 0.11004674612041246 0.39514975917077944 -0.3399177599662889 0 0 0
0.001851851851851852 -0.4919944291874725 -0.2283567952024245 0.31583544784737044 0 0 0
0.001851851851851852 0.11937530711341314 -0.14676036086008212 -0.24866200127341906 0 0 0
0.001851851851851852 -0.5853471482481348 0.17884951780929775 0.0076483796643813575 0 0 0
0.001851851851851852 0.17908636707130213 -0.21182455364483432 0.10608154497056131 0 0 0
0.001851851851851852 -0.07753560333481267 0.28091894212196233 0.13101203073495846 0 0 0
0.001851851851851852 0.18906207464054586 -0.6120669642335553 0.09172348817679994 0 0 0
0.001851851851851852 0.19146708463876244 -0.22033992456500226 -0.4816602235822645 0 0 0
0.001851851851851852 0.3675554298469374 0.32968401480068776 0.45345603892018715 0 0 0
0.001851851851851852 0.06887271709569864 0.034760012242255674 -0.15899404359948457 0 0 0
0.001851851851851852 -0.44155219851930255 0.307674507066886 -0.3260248608751338 0 0 0
0.001851851851851852 -0.47608224717097325 0.10868905818087311 0.4681305460870179 0 0 0
0.001851851851851852 0.35654443491480464 -0.2888946433232081 -0.0295400469621109 0 0 0
0.001851851851851852 0.33432332395871117 0.436783672298016 0.202990121430166 0 0 0
0.001851851851851852 -0.02329181610280915 -0.27997676051565595 -0.16563936636603355 0 0 0
0.001851851851851852 0.41982337646355866 0.17549528842286338 0.23454110409207035 0 0 0
0.001851851851851852 -0.04239834319711219 -0.36329181848066067 -0.17377661552928703 0 0 0
0.001851851851851852 0.2734907634097224 -0.3133300747380473 -0.03210548761721057 0 0 0
0.001851851851851852 0.08751387582116511 0.08446537544735794 0.45717634041608135 0 0 0
0.001851851851851852 -0.4144686927482632 0.4289121668148735 0.11458345492723664 0 0 0
0.001851851851851852 -0.24216561283364418 0.39571171989828596 -0.3307227283800489 0 0 0
0.001851851851851852 -0.48047198177347256 -0.48595079466046054 0.07880813751749172 0 0 0
0.001851851851851852 -0.11608425270633863 0.6192503944964384 0.09339956065343832 0 0 0
0.001851851851851852 0.44777271356672704 0.4600975049767915 0.050167441568550346 0 0 0
0.001851851851851852 -0.2519777042239631 0.05958260972314857 0.34763752094748956 0 0 0
0.001851851851851852 -0.589874925512934 -0.23972423505244825 -0.17349263706086857 0 0 0
0.001851851851851852 0.3193657379294049 -0.19527717068954284 -0.2174379042793852 0 0 0
0.001851851851851852 -0.29697414062509436 0.22274568152425164 -0.16718457043850002 0 0 0
0.001851851851851852 -0.012065300579623262 0.26551020452151564 -0.30661384087232957 0 0 0
0.001851851851851852 0.1330753775168058 0.642434977327424 -0.15434896238627435 0 0 0
0.001851851851851852 0.061087517566198186 0.4544318305807618 0.21335408142675127 0 0 0
0.001851851851851852 -0.26555377065846136 -0.04142394497326823 0.49722964854815394 0 0 0
0.001851851851851852 0.35348763506234876 0.03944730770130509 0.5786369035206796 0 0 0
0.001851851851851852 -0.2656870572550545 0.5891155932845507 -0.06700073462649142 0 0 0
0.001851851851851852 0.03594897622709261 -0.28073569504223456 -0.43140797197960196 0 0 0
0.001851851851851852 -0.11687927279066143 -0.43694285340747924 0.4784254861251795 0 0 0
0.001851851851851852 -0.2588318566137034 0.29690028819697356 -0.21809301364270983 0 0 0
0.001851851851851852 0.019790064903299733 -0.028108141189188304 -0.18602987983152733 0 0 0
0.001851851851851852 -0.0013016791746787103 -0.5944635540203186 0.0009328522059438258 0 0 0
0.001851851851851852 -0.3790790617906057 0.24485292051829471 -0.49177601361478185 0 0 0
0.001851851851851852 0.3216784968760753 -0.18820298857762063 -0.5837906239354165 0 0 0
0.001851851851851852 0.19847273584069958 0.4152432639344653 0.15555751626306819 0 0 0
0.001851851851851852 0.35882205975925924 0.04188472931419131 0.47695172495946414 0 0 0
0.001851851851851852 0.3357280062999518 0.19278019653426556 -0.5027382354848032 0 0 0
0.001851851851851852 -0.2561792446973917 0.39616675991211114 0.2777695542002564 0 0 0
0.001851851851851852 -0.5621304468704877 -0.3602391816192768 0.16495839848071361 0 0 0
0.001851851851851852 0.1611303333261915 -0.13989517910831756 0.4138745815610271 0 0 0
0.001851851851851852 -0.46432880749148964 0.33217984039523685 0.21858815704974838 0 0 0
0.001851851851851852 0.37296469493961487 0.5361846600046801 -0.16965131417724308 0 0 0
0.001851851851851852 -0.2246284728450118 0.011720984296102091 -0.12618420764525157 0 0 0
0.001851851851851852 0.13631472647279977 -0.19133223053031034 -0.38397673243984265 0 0 0
0.001851851851851852 -0.23332571566177224 -0.4665215785273105 -0.18274004315195308 0 0 0
0.001851851851851852 -0.3259860238731173 -0.1508890979983651 0.15098020024918613 0 0 0
0.001851851851851852 -0.45809849788344525 0.3891181933717451 -0.2834853144202973 0 0 0
0.001851851851851852 -0.4048729469203847 -0.2415679183721159 -0.39893948041405675 0 0 0
0.001851851851851852 0.12418210156639112 0.3663130986161924 0.5010093515369588 0 0 0
0.001851851851851852 -0.447283067890483 -0.06375603960753526 0.38166907222268426 0 0 0
0.001851851851851852 0.47771584491692587 -0.1675654833804787 -0.47220629706733347 0 0 0
0.001851851851851852 0.30594799820225504 -0.18174120265951915 0.08580157692127503 0 0 0
0.001851851851851852 -0.13242447280440736 -0.1353058542488682 -0.36241694168473104 0 0 0
0.001851851851851852 -0.06513319593356202 0.21658967897178172 -0.25714957327208937 0 0 0
0.001851851851851852 -0.43762585053921815 0.1370463375976938 -0.20921189405231486 0 0 0
0.001851851851851852 0.5244634344328885 0.09393906806382767 0.10210156135456382 0 0 0
0.001851851851851852 -0.489226676613834 -0.2581696375366495 0.3189164767080875 0 0 0
0.001851851851851852 0.08844393648451597 0.1663246491827349 -0.5334410159592108 0 0 0
0.001851851851851852 0.03960177253157256 -0.3445175030773126 -0.2418955359707171 0 0 0
0.001851851851851852 -0.07972051320670412 -0.2835843455314145 -0.46604771768704395 0 0 0
0.001851851851851852 0.21582957587807744 0.34821638526755133 -0.3090655794504938 0 0 0
0.001851851851851852 0.34697302855273865 -0.245635063534292 0.5118352598158507 0 0 0
0.001851851851851852 -0.5517496877148774 0.10892955442781208 -0.30379042668695677 0 0 0
0.001851851851851852 -0.458251204610048 0.3092672989796066 -0.11860307946289807 0 0 0
0.001851851851851852 0.02969529706462156 0.3650960493797744 -0.26015828154661824 0 0 0
0.001851851851851852 0.012655371885653351 -0.06650775075524583 -0.6340444213658433 0 0 0
0.001851851851851852 -0.1512811027581877 0.2699023564944547 -0.2744343076671396 0 0 0
0.001851851851851852 -0.31214803416110354 -0.2579775119360127 -0.3141048354509471 0 0 0
0.001851851851851852 0.5231090724529481 -0.2632882302782912 0.12575743725459382 0 0 0
0.001851851851851852 0.0718258994538992 0.3296671219735146 0.17016606863224337 0 0 0
0.001851851851851852 0.18590607319014604 0.18604263691061318 -0.1372229992145453 0 0 0
0.001851851851851852 0.07787995964796757 0.3788708226160029 -0.23138708103451483 0 0 0
0.001851851851851852 -0.2032109902985277 0.4156928112721244 0.37092344177545183 0 0 0
0.001851851851851852 -0.13153773730746765 -0.05462920100580077 -0.4641375320798977 0 0 0
0.001851851851851852 0.3276095647836126 -0.08964673919148981 -0.46477305045088396 0 0 0
0.001851851851851852 0.5079963905403884 0.412102554256307 0.10853159693037248 0 0 0
0.001851851851851852 0.03017277929252169 0.24575930163141632 0.5849113224896041 0 0 0
0.001851851851851852 0.4145561798846298 -0.13200688644661837 0.14545624928962828 0 0 0
0.001851851851851852 0.09010254073309493 0.40325135501958265 -0.11707561273698973 0 0 0
0.001851851851851852 0.4571788777814629 -0.12847685604591225 -0.2725929793068903 0 0 0
0.001851851851851852 0.5440193394378388 0.22663668465873682 0.3117410553713347 0 0 0
0.001851851851851852 0.1784841189028605 -0.15421533201080562 -0.6350560738356027 0 0 0
0.001851851851851852 -0.03777065070917013 -0.22867280022670874 -0.5140942913515908 0 0 0
0.001851851851851852 -0.1479037419030926 -0.1906340238236048 -0.6151529079987789 0 0 0
0.001851851851851852 0.17495971319861825 -0.2630724692685334 0.1766213017667621 0 0 0
0.001851851851851852 0.466248410071192 -0.20704399558952083 0.40752467235310763 0 0 0
0.001851851851851852 0.19713783980652153 -0.29302380659713434 -0.17704776975267683 0 0 0
0.001851851851851852 -0.05237383433144845 -0.11496204191783414 0.545337157263588 0 0 0
0.001851851851851852 -0.6595554716786743 -0.03311247195276615 0.09488030426446961 0 0 0
0.001851851851851852 0.159437564190257 0.5876658270659231 0.005477214118331394 0 0 0
0.001851851851851852 -0.06786289978496866 -0.21376881411459336 -0.5584299626268742 0 0 0
0.001851851851851852 -0.056444835146501504 0.46379515817340927 -0.09947241153542961 0 0 0
0.001851851851851852 0.07646196882082533 0.44135164173236757 0.06211364816800284 0 0 0
0.001851851851851852 0.013309801790286504 0.44963871962270746 0.5092460200146252 0 0 0
0.001851851851851852 -0.056521235455339464 -0.18672296080913023 0.25481967056137506 0 0 0
0.001851851851851852 0.13894745393946484 0.42870056942606527 0.10317319372699464 0 0 0
0.001851851851851852 -0.19074307673765017 -0.09773331565643018 0.10430645545356268 0 0 0
0.001851851851851852 0.5796672513038346 -0.25572512925305496 -0.05502975884635036 0 0 0
0.001851851851851852 0.16755766046238715 0.5960517593974507 -0.23932369036804493 0 0 0
0.001851851851851852 -0.12570532920478705 0.3999758693654583 0.19653329926493313 0 0 0
0.001851851851851852 0.3228769552395238 0.6046841940216546 0.043902514741880394 0 0 0
0.001851851851851852 -0.07205488944050067 0.28795695963218587 -0.5584608753303701 0 0 0
0.001851851851851852 0.0932562077996204 0.3934522354684769 -0.414160625250424 0 0 0
0.001851851851851852 0.42561156665316485 -0.1523999485761345 -0.42819891662218124 0 0 0
0.001851851851851852 -0.4136097188060621 0.4427927972203924 0.24261053141260344 0 0 0
0.001851851851851852 -0.02017795758108716 0.16275061033232616 -0.640500346860957 0 0 0
0.001851851851851852 0.33694083498324984 0.33126552716185487 0.299830170899744 0 0 0
0.001851851851851852 0.5126137152430364 -0.0023027234172637856 0.23944318199925643 0 0 0
0.001851851851851852 -0.311642544410216 -0.28142671849505474 -0.5417785075646924 0 0 0
0.001851851851851852 -0.06340644686400503 0.4829157898571301 -0.08624517209959862 0 0 0
0.001851851851851852 0.18316990070699496 0.09597800418656184 -0.3641237851816184 0 0 0
0.001851851851851852 -0.05431210937273684 0.28226499025248575 -0.12198870730928678 0 0 0
0.001851851851851852 -0.3902243402530071 -0.3211896248644135 0.29996756848947115 0 0 0
0.001851851851851852 0.16891638461596084 -0.08255579982692228 -0.13694549180385507 0 0 0
0.001851851851851852 0.006960175682728002 0.2541373650279583 0.29113613480895384 0 0 0
0.001851851851851852 0.033625015148022554 0.19116183247803767 0.1226675918668604 0 0 0
0.001851851851851852 -0.10969494408681597 0.0428325340151881 -0.24390262698740042 0 0 0
0.001851851851851852 -0.2217707907415493 -0.1218525498959115 -0.5343435066311671 0 0 0
0.001851851851851852 -0.4960637045926738 -0.06341898950450389 -0.22450162103326957 0 0 0
0.001851851851851852 -0.3131591453908352 -0.37760087067247855 0.2554508739384594 0 0 0
0.001851851851851852 0.4351762675099179 -0.4647096013695391 0.04472246800529587 0 0 0
0.001851851851851852 0.5591920847850275 -0.2367347669615627 -0.260411208646837 0 0 0
0.001851851851851852 0.28574608027047144 0.5348313591009846 0.1137334652642469 0 0 0
0.001851851851851852 -0.04515611667639077 0.2606971104292533 0.2007876485509705 0 0 0
0.001851851851851852 -0.0737070623318065 0.26808097170878836 -0.4273712867688229 0 0 0
0.001851851851851852 0.11011916517688458 0.2622043894379611 -0.6252826745099818 0 0 0
0.001851851851851852 -0.4829652034731216 0.2878472366527488 -0.33953809005978136 0 0 0
0.001851851851851852 0.052511135738608695 0.5067670355287641 0.4258439839871191 0 0 0
0.001851851851851852 0.09142461609650289 -0.09113977160399768 0.5087615326512274 0 0 0
0.001851851851851852 -0.3418999318546731 0.3073764927221243 -0.06250316519615302 0 0 0
0.001851851851851852 -0.2643587902284325 -0.07027603369677628 0.5424822503567329 0 0 0
0.001851851851851852 0.10675336588815472 -0.12267071146871951 0.15330179309118674 0 0 0
0.001851851851851852 0.12400012202689067 0.5337328640479703 0.35956341279715853 0 0 0
0.001851851851851852 0.33987417053065144 0.480504800932375 -0.250450162668031 0 0 0
0.001851851851851852 -0.42899607147344343 0.08456212395963571 -0.29788093398878956 0 0 0
0.001851851851851852 0.20404589606489718 -0.5115272992335745 -0.07038155299202971 0 0 0
0.001851851851851852 -0.24185360733021175 -0.426898377467112 -0.48970318114631783 0 0 0
0.001851851851851852 -0.40073539221654536 -0.14832964949301738 -0.2915791070919437 0 0 0
0.001851851851851852 -0.1084498909729244 -0.43856346991217127 0.2671613272604918 0 0 0
0.001851851851851852 -0.01708157548211373 -0.506255170647609 0.21614113824863082 0 0 0
0.001851851851851852 -0.5240116461886996 0.13835938337611417 0.08671820951624605 0 0 0
0.001851851851851852 0.0005916349259352756 0.3013201911893071 -0.3994663856376986 0 0 0
0.001851851851851852 -0.1739074432343927 -0.20492837879557876 -0.12525526745346222 0 0 0
0.001851851851851852 -0.0067554035687781 -0.38251627022441403 -0.4456937743009074 0 0 0
0.001851851851851852 -0.11019136283626806 0.22318802299077717 0.6468450048240785 0 0 0
0.001851851851851852 -0.2793222824843771 -0.0020477458510418964 0.4822355829902816 0 0 0
0.001851851851851852 0.5424981756111729 -0.042398346990886356 0.23858018708595302 0 0 0
0.001851851851851852 -0.25903947472795474 0.1819162461252083 -0.44935951085796827 0 0 0
0.001851851851851852 -0.10076363777058936 -0.4941958914373895 -0.29271313901613216 0 0 0
0.001851851851851852 0.18793952347015092 -0.2554844247826006 0.019093771298760307 0 0 0
0.001851851851851852 -0.02196147853779733 -0.3474445148541318 0.46239764605405087 0 0 0
0.001851851851851852 -0.5009842756931268 0.05400155544567781 -0.25840205174858544 0 0 0
0.001851851851851852 0.04007793799265681 0.4700520970379583 -0.298887923113337 0 0 0
0.001851851851851852 0.21525481944794203 -0.2624207887477078 -0.33501711701048936 0 0 0
0.001851851851851852 -0.14830352934089 0.30885711223954676 0.4272724356621069 0 0 0
0.001851851851851852 -0.1939219312409398 0.0747694403033748 -0.2780892603450203 0 0 0
0.001851851851851852 0.47754551226277653 -0.0949070069429636 0.35803406060364606 0 0 0
0.001851851851851852 -0.3772868783873705 0.5039508598688583 0.001699687057887797 0 0 0
0.001851851851851852 -0.08771950418217254 -0.29902346370936655 -0.43440006969251005 0 0 0
0.001851851851851852 0.6098683219734883 0.283305626916152 -0.0815950252344261 0 0 0
0.001851851851851852 0.005335828516252443 -0.05562943731883177 0.578886399799682 0 0 0
0.001851851851851852 0.458315164457544 -0.29920952405385376 0.0680124908790786 0 0 0
0.001851851851851852 -0.25758295898808153 0.3798418919640781 -0.10512156771691661 0 0 0
0.001851851851851852 -0.5156609740117761 -0.4297464976876186 0.030780515761890236 0 0 0
0.001851851851851852 -0.14827459888813688 0.15180150426619787 0.566138964888189 0 0 0
0.001851851851851852 -0.48180397119858037 -0.09597434195997318 0.4757475310337546 0 0 0
0.001851851851851852 0.4042537145128789 0.15967260547043777 0.43839801932860983 0 0 0
0.001851851851851852 -0.20603005944469266 0.29545863746432743 -0.43610795300252414 0 0 0
0.001851851851851852 0.2056305294174945 0.3392071189414075 -0.5030445064392128 0 0 0
0.001851851851851852 0.23147334911924267 0.30660483800999083 -0.5381853206155306 0 0 0
0.001851851851851852 -0.18373696755433092 -0.3142066391196084 0.5633399187522239 0 0 0
0.001851851851851852 0.5928762596524981 -0.22193376784004035 0.03098544968108259 0 0 0
0.001851851851851852 0.4141895607619441 0.2994374443151024 -0.4372370690061811 0 0 0
0.001851851851851852 0.27451124067410837 -0.19524402274385208 -0.2764576983613125 0 0 0
0.001851851851851852 -0.2551132860350516 -0.25075423237949535 -0.35210245388669004 0 0 0
0.001851851851851852 -0.3306777719669433 0.3294580607548323 0.27614163541578296 0 0 0
0.001851851851851852 -0.32486845598179487 -0.15910379758519863 -0.3923697538268246 0 0 0
0.001851851851851852 -0.3175195713483109 -0.23828340966955344 0.3689130453101429 0 0 0
0.001851851851851852 -0.3158123930270555 -0.2138914841566777 0.5686439800038452 0 0 0
0.001851851851851852 0.6255593885693547 -0.07802527138416121 0.15996089544075515 0 0 0
0.001851851851851852 0.05762291811132814 0.6182530555479766 0.28460261919987084 0 0 0
0.001851851851851852 0.3039830011665578 0.18038194902100063 -0.3377023978710099 0 0 0
0.001851851851851852 0.6002607729907434 0.1893517197547492 -0.1746689793222108 0 0 0
0.001851851851851852 -0.4781470410709955 0.49168457447488867 0.01651800501831901 0 0 0
0.001851851851851852 -0.6368470302177284 0.06880813683456102 -0.08087707198907108 0 0 0
0.001851851851851852 -0.034903955757815526 -0.09559897811916579 0.27729736443223146 0 0 0
0.001851851851851852 -0.13456541243378112 0.44895801310048605 0.35870496392793577 0 0 0
0.001851851851851852 -0.2099887196901071 -0.3728947602505498 -0.32366663588280464 0 0 0
0.001851851851851852 -0.45840671605785777 -0.19465144262750866 0.24135275542094073 0 0 0
0.001851851851851852 -0.2866905532066382 0.39768517838060524 -0.014814119383924488 0 0 0
0.001851851851851852 0.17066994915599332 0.5856348996759762 -0.20133767738281294 0 0 0
0.001851851851851852 0.12504465464254103 0.20672033659398656 -0.22030171030423334 0 0 0
0.001851851851851852 0.12593333380759442 0.6029061892156118 -0.2315949386791337 0 0 0
0.001851851851851852 0.28426967371274875 0.42936736174314355 -0.22759509769267058 0 0 0
0.001851851851851852 -0.5737978828817168 -0.18228409841460141 -0.10836850847617276 0 0 0
0.001851851851851852 0.3166142431995287 0.34983170050992296 0.2616439682558019 0 0 0
0.001851851851851852 0.01557568711901911 -0.35683204628950893 -0.5232717485080247 0 0 0
0.001851851851851852 0.051618476811106345 0.5803774768080173 0.283498252331626 0 0 0
0.001851851851851852 0.18166688168595435 -0.07987130251494519 0.18739717129524597 0 0 0
0.001851851851851852 -0.19629412862169637 0.12991536520329855 0.0590892514368142 0 0 0
0.001851851851851852 0.07595878103610237 0.10572066689946408 0.07998757114010768 0 0 0
0.001851851851851852 0.14666409494750832 0.04994611879950519 -0.5347057454102585 0 0 0
0.001851851851851852 0.05716504324765048 -0.32245845998690065 0.18589180630428734 0 0 0
0.001851851851851852 -0.16939904708227166 -0.11671087008489901 0.1672654012310006 0 0 0
0.001851851851851852 0.44907605002340517 -0.006002550548930557 -0.37995882618895704 0 0 0
0.001851851851851852 -0.12653642832907136 0.29443362076861324 0.39604588833754784 0 0 0
0.001851851851851852 0.0037020436502998785 0.08123846520700365 -0.12547778737578016 0 0 0
0.001851851851851852 0.2168746124757978 -0.6337317164490621 -0.019335048339020378 0 0 0
0.001851851851851852 0.4972213200606481 -0.08655430197357838 -0.01738736415974909 0 0 0
0.001851851851851852 -0.09552898674711437 -0.5801868155448294 0.006815338414774682 0 0 0
0.001851851851851852 0.3717174539452058 -0.3973431243789112 0.27935866365138756 0 0 0
0.001851851851851852 0.5320805409842603 0.17056750627174586 0.21287052263540865 0 0 0
0.001851851851851852 -0.24806628196035221 0.07581541071115255 0.34767553427645226 0 0 0
0.001851851851851852 -0.2028117533074976 0.5561631212692116 -0.0726538100138035 0 0 0
0.001851851851851852 -0.3484624689092886 0.3292889194530558 0.12845640818284287 0 0 0
0.001851851851851852 0.13567481196132852 -0.25166162109316936 -0.5856712890272407 0 0 0
0.001851851851851852 -0.09842995705413717 0.11029320401761275 -0.5049680783267434 0 0 0
0.001851851851851852 -0.3653320422684724 -0.40939082807257127 0.07336446917086374 0 0 0
0.001851851851851852 0.019407801207942225 -0.352637826028814 0.045086633418867955 0 0 0
0.001851851851851852 0.40988684362310046 -0.4014538137737718 -0.09567230529800134 0 0 0
0.001851851851851852 0.05727760989657146 0.20977051146915432 0.34461926938226867 0 0 0
0.001851851851851852 -0.3253755527097509 0.1942138243168748 -0.5458668428301959 0 0 0
0.001851851851851852 -0.09461810033317429 0.0741477313203105 0.3226990800169971 0 0 0
0.001851851851851852 -0.057465297672467316 -0.0004879247781652131 -0.30127664338913024 0 0 0
0.001851851851851852 -0.36604287509068123 -0.5016595783158146 0.24098203314183816 0 0 0
0.001851851851851852 0.14978901628310665 0.2542789187831331 0.28725784939812793 0 0 0
0.001851851851851852 -0.4503402632709502 -0.18563601264847315 0.32901857916060817 0 0 0
0.001851851851851852 0.5052480290098849 0.09338241838729315 0.043313896782562186 0 0 0
0.001851851851851852 -0.4489210549872501 0.24145936647433036 -0.2343410863151799 0 0 0
0.001851851851851852 0.3141196496695434 -0.4085845193679161 -0.06585210201333543 0 0 0
0.001851851851851852 0.3833837544165041 0.22260091870501042 0.009728974694086855 0 0 0
0.001851851851851852 -0.13863324333644556 0.24016367212302223 -0.01527179530887386 0 0 0
0.001851851851851852 -0.20454304051395877 0.5024975762071116 0.4051508615122795 0 0 0
0.001851851851851852 -0.40877134395328896 -0.36952160851231125 -0.32256016692255934 0 0 0
0.001851851851851852 -0.38071724282763914 0.4867796835663315 0.1896828430633948 0 0 0
0.001851851851851852 0.14437420127170475 -0.3892397552981553 -0.2077850736468532 0 0 0
0.001851851851851852 0.03274067719991525 -0.3473673840267792 -0.10321495834816717 0 0 0
0.001851851851851852 -0.289034114425197 0.09919604858861492 0.13700300435915844 0 0 0
0.001851851851851852 0.41211952172016214 -0.2561472252960415 0.09619098171150794 0 0 0
0.001851851851851852 -0.5091633887545405 -0.15612186574107015 0.040458282699753684 0 0 0
0.001851851851851852 -0.11050976211099924 -0.5056922843349089 -0.4005515823653656 0 0 0
0.001851851851851852 -0.042137195607291116 -0.4516868671405274 0.4674936799565396 0 0 0
0.001851851851851852 0.2699031110415015 0.137413976380517 0.1626389051037529 0 0 0
0.001851851851851852 -0.4069882757970775 0.031709197643361345 0.2773632039074166 0 0 0
0.001851851851851852 0.6093345132376389 0.04489449354863498 -0.041132487637634656 0 0 0
0.001851851851851852 0.005362751477962956 0.2453937062228572 0.083230144109264 0 0 0
0.001851851851851852 0.12100853542780962 -0.22801800396236782 -0.14754649466497713 0 0 0
0.001851851851851852 -0.48456728990336867 0.29475762136062034 0.061335654307950876 0 0 0
0.001851851851851852 -0.22105477033986173 -0.41913719644269376 0.38870698827189326 0 0 0
0.001851851851851852 0.42068302545226965 -0.1890760408453334 -0.41935092465029467 0 0 0
0.001851851851851852 -0.24873821731085716 -0.14039436175232575 -0.18659653411856356 0 0 0
0.001851851851851852 -0.1760314211561194 -0.0751540360445339 -0.4220496759507776 0 0 0
0.001851851851851852 -0.024074107742815605 -0.07488715165092333 0.39354565292725285 0 0 0
0.001851851851851852 0.16184360056686775 0.18461912097385294 0.17769350257341426 0 0 0
0.001851851851851852 0.33239357168107003 -0.11635162922951406 0.5802511320826572 0 0 0
0.001851851851851852 -0.10961556059820862 -0.02033374559132209 -0.18860486614814115 0 0 0
0.001851851851851852 -0.07725197731217433 0.24489668874992992 -0.3845318746436294 0 0 0
0.001851851851851852 -0.42528648193384 -0.12884869575400615 0.46789466424415355 0 0 0
0.001851851851851852 -0.023128288355134002 -0.3711378746663708 -0.19609462959514704 0 0 0
0.001851851851851852 -0.03929182306972615 0.2900102129711742 0.4908418172310453 0 0 0
0.001851851851851852 -0.26007377779690893 0.2196510842504535 0.5550763003731404 0 0 0
0.001851851851851852 0.25795486282841074 -0.24335422710952997 0.5583013489014305 0 0 0
0.001851851851851852 0.5931542408833044 0.34663218218061714 0.056286794246511555 0 0 0
0.001851851851851852 -0.5498666418890196 0.3069022549214869 0.18372638983541242 0 0 0
0.001851851851851852 -0.21199374350814493 0.5407421554356971 -0.33376634752480205 0 0 0
0.001851851851851852 0.4643179317397712 0.20604671833925356 -0.2841920024722079 0 0 0
0.001851851851851852 0.3970381803135763 -0.5466236013873325 -0.05725299919216173 0 0 0
0.001851851851851852 -0.065212908282836 0.4062088405789391 0.3958956694695563 0 0 0
0.001851851851851852 -0.17593208888066827 0.060675491341573344 0.48200714864329075 0 0 0
0.001851851851851852 0.17239780721973025 0.4647936676743975 -0.1136959211554142 0 0 0
0.001851851851851852 -0.06638829104421858 0.16964572816165777 -0.08627185595590833 0 0 0
0.001851851851851852 0.50275097585457 0.04228001788134106 0.0960100123547522 0 0 0
0.001851851851851852 0.4284849583783782 0.40952135025283154 0.03182250128548628 0 0 0
0.001851851851851852 -0.17552138775768134 0.03467745838718532 -0.17994920735001146 0 0 0
0.001851851851851852 -0.23537478169777473 -0.029102969330001137 -0.2797721467035472 0 0 0
0.001851851851851852 0.35525397682476284 -0.2587370434621017 -0.21356698167142574 0 0 0
0.001851851851851852 0.1139264216551179 0.04741098173240315 0.632189527378007 0 0 0
0.001851851851851852 -0.5152376020437733 0.29205720466006857 -0.3569450326992104 0 0 0
0.001851851851851852 0.4988813702479657 -0.09403792866178762 -0.11487380742359668 0 0 0
0.001851851851851852 0.2711042428432171 -0.42197774194143867 -0.26708575081111297 0 0 0
0.001851851851851852 0.36972537623215895 -0.19447149572160866 -0.46054870555663874 0 0 0
0.001851851851851852 0.10267832922126068 -0.11868356063640136 -0.0003245219556831341 0 0 0
0.001851851851851852 -0.4859641637442805 0.22654063361426025 0.05823102533432389 0 0 0
0.001851851851851852 0.04409531575869091 -0.3003474891283098 0.2341512798120317 0 0 0
0.001851851851851852 -0.5836794545955956 -0.010355257727591341 -0.1910129709020496 0 0 0
0.001851851851851852 0.5504628086685954 -0.344585833163758 0.0023894586458900885 0 0 0
0.001851851851851852 -0.2696755772332231 0.08984232481270427 0.2888247496635606 0 0 0
0.001851851851851852 0.050731769441359924 0.23852248404563584 0.11455112531748136 0 0 0
0.001851851851851852 0.0778548633119288 -0.386567704953715 0.2689584190820748 0 0 0
0.001851851851851852 -0.45402860546856344 -0.2766350237123056 0.18943145466355124 0 0 0
0.001851851851851852 0.08476641116373633 0.3908750619884223 -0.438251522631829 0 0 0
0.001851851851851852 0.24428526377810117 0.02738813192130363 -0.22572524345139489 0 0 0
0.001851851851851852 0.5546992579207343 0.2105261941954424 -0.18416215215828188 0 0 0
0.001851851851851852 0.34811647707550075 -0.24878186546459619 -0.1686454254237605 0 0 0
0.001851851851851852 -0.2175369829407357 -0.28927642262472814 0.5395110130637732 0 0 0
0.001851851851851852 0.11801934961430091 0.07776086802665523 0.06884210844474001 0 0 0
0.001851851851851852 0.36828757953831137 0.1597366928051075 0.42756301548661185 0 0 0
0.001851851851851852 -0.35328952844372113 -0.40055573409845774 -0.08349505777014699 0 0 0
0.001851851851851852 0.09342610831182672 -0.1838160360772554 0.17560770179826335 0 0 0
0.001851851851851852 -0.614232991280472 -0.01609198888203741 0.29236327671723433 0 0 0
0.001851851851851852 0.1351414391687702 -0.2039515681772471 0.40068076579700457 0 0 0
0.001851851851851852 -0.32596188519403996 0.16795279569356217 -0.485940113744622 0 0 0
0.001851851851851852 0.09875976845482358 0.10236954729327706 0.40949465780866734 0 0 0
0.001851851851851852 -0.3556407882707201 0.26119641463447074 0.11777795783714001 0 0 0
0.001851851851851852 -0.22509933019701833 0.08252490322033973 0.24667953612553753 0 0 0
0.001851851851851852 -0.16424016098212338 -0.1459161986191495 -0.6119233153448176 0 0 0
0.001851851851851852 0.3794134987695783 -0.36014686312582905 0.09135772550008442 0 0 0
0.001851851851851852 -0.02676420454474957 0.10916425988512587 0.49159566323714016 0 0 0
0.001851851851851852 0.3141040638926968 -0.20578854368080485 0.3270226775240686 0 0 0
0.001851851851851852 -0.09154442803872874 -0.36424021892211395 0.49346721545688843 0 0 0
0.001851851851851852 0.5522802513894278 -0.12918392905732504 0.08499702140976614 0 0 0
0.001851851851851852 -0.1697919890347022 0.33063776166913583 0.4172180222003353 0 0 0
0.001851851851851852 -0.3774806673165797 0.3368930502154389 -0.1731393770614298 0 0 0
0.001851851851851852 -0.6636629074502223 0.07176704593528781 0.07675290757653451 0 0 0
0.001851851851851852 -0.046514845538287615 -0.16467454158410805 0.1463229242947326 0 0 0
0.001851851851851852 -0.1885350468474804 0.07847337974111232 0.5861114900120267 0 0 0
0.001851851851851852 -0.15046500427593174 -0.25137578185851045 0.0032354160883068432 0 0 0
0.001851851851851852 -0.14121309134400464 0.0037822206263397715 -0.27987522001462445 0 0 0
0.001851851851851852 0.4220782995165174 0.10577528939040991 -0.43752881084073014 0 0 0
0.001851851851851852 -0.10791293435609565 0.6798553524052517 -0.05513929044061574 0 0 0
0.001851851851851852 -0.12715344157557792 0.37655336788718163 -0.4455789409264418 0 0 0
0.001851851851851852 0.08317559200773392 0.049057678286651765 0.6244861398179852 0 0 0
0.001851851851851852 -0.028109437865114745 0.43061742262644415 0.044217918730545876 0 0 0
0.001851851851851852 -0.38496145226789175 0.15998230398594893 0.28069475885277434 0 0 0
0.001851851851851852 -0.348738422026906 0.2415947088459266 -0.3012865394545221 0 0 0
0.001851851851851852 0.03309822041587127 0.32589033888361923 -0.3810456212660914 0 0 0
0.001851851851851852 0.5237511273824272 -0.07793815155161611 -0.4019260285958415 0 0 0
0.001851851851851852 -0.22043033020693156 -0.2523735485099161 0.014168478834046183 0 0 0
0.001851851851851852 0.022202570359681827 0.09613835783996846 -0.6355390321150078 0 0 0
0.001851851851851852 -0.5398176816493673 0.3604591780455625 -0.22219384027564823 0 0 0
0.001851851851851852 -0.12106586613758506 -0.3705427800888288 0.3042994586385298 0 0 0
0.001851851851851852 -0.4631744162216735 0.48889059961645254 -0.06745699849087249 0 0 0
0.001851851851851852 -0.5015605068794009 0.062180681458897935 0.21547894365515174 0 0 0
0.001851851851851852 -0.13387676876951438 0.4255192431389349 0.23307768666728731 0 0 0
0.001851851851851852 -0.32445854946213937 0.13505565131482342 -0.19333877279301057 0 0 0
0.001851851851851852 -0.6199134202350657 -0.22660963447048954 0.1047598459371176 0 0 0
0.001851851851851852 -0.3314510773338249 -0.3572620564546592 -0.30367027546254066 0 0 0
0.001851851851851852 0.18706276905300837 -0.18251365943135822 -0.628353289600364 0 0 0
0.001851851851851852 0.11422339449893525 -0.41831409875849435 0.32704250551609376 0 0 0
0.001851851851851852 -0.4660749405913881 -0.2554118136763079 0.27911125680362914 0 0 0
