730
0
0.0013698630136986301 -0.10191013808095838 0.17911088927478233 0.23867024489652214 0 0 0
0.0013698630136986301 -0.20069941972030186 -0.48825396121081815 0.24969932476298723 0 0 0
0.0013698630136986301 -0.03087792535447256 0.6689392236666666 0.06455281270222112 0 0 0
0.0013698630136986301 -0.20276153923438273 -0.13745173349314613 -0.17623844030713023 0 0 0
0.0013698630136986301 0.3130980610815646 -0.46283970403063046 -0.35855689845916033 0 0 0
0.0013698630136986301 -0.40294818214651523 -0.04258187262285616 -0.22270984614643516 0 0 0
0.0013698630136986301 0.4252385993697606 0.019364519228460265 0.07271404159478413 0 0 0
0.0013698630136986301 0.5652614142567516 0.12239554985643213 0.2402010948173799 0 0 0
0.0013698630136986301 -0.23076962870782902 0.013900099366892424 0.31111291385271866 0 0 0
0.0013698630136986301 0.21810367712814083 0.4200418537636904 -0.43870194658960304 0 0 0
0.0013698630136986301 -0.3899962578902748 -0.33974328953558075 0.007282848381503724 0 0 0
0.0013698630136986301 0.07635464179478424 -0.040011019619046816 0.4345882291423096 0 0 0
0.0013698630136986301 0.33610376138378395 0.5479819455173176 0.2582482282829048 0 0 0
0.0013698630136986301 0.5429646203225688 -0.18384851637352598 -0.2113621170104914 0 0 0
0.0013698630136986301 0.3812492731989974 0.2231665390199526 0.39931219738845325 0 0 0
0.0013698630136986301 -0.18435687806193402 -0.26863563092526466 -0.4172734949106434 0 0 0
0.0013698630136986301 0.33547539071705074 0.5873047378536447 0.1490418926632821 0 0 0
0.0013698630136986301 0.3957267123043641 0.2973979198791933 -0.4731354598926293 0 0 0
0.0013698630136986301 0.2441610036455051 0.06632320403706939 0.36715603518055273 0 0 0
0.0013698630136986301 -0.2877645405301863 -0.37741616651272747 0.3363724069080523 0 0 0
0.0013698630136986301 0.16516021066603664 -0.3974752319128514 0.26884759136849246 0 0 0
0.0013698630136986301 -0.08125030293641337 0.42106379066112015 -0.2853993187073712 0 0 0
0.0013698630136986301 0.2611679911817292 -0.1925695341804556 0.5360325101834937 0 0 0
0.0013698630136986301 0.40878853602834936 -0.21502059414334113 -0.1488809667649566 0 0 0
0.0013698630136986301 -0.5992919475529985 -0.31338344124835493 0.034175723613575196 0 0 0
0.0013698630136986301 0.3134460159371803 0.060071936942495664 -0.14264602149158648 0 0 0
0.0013698630136986301 0.2863999709521719 -0.03417712316680815 0.49494866427634565 0 0 0
0.0013698630136986301 0.13696366424806736 0.18897727415642182 0.36453624891296926 0 0 0
0.0013698630136986301 -0.28769689037495055 0.5076173524786267 0.2565896856574075 0 0 0
0.0013698630136986301 0.4154903750071485 -0.19515000626616794 0.3192839729243341 0 0 0
0.0013698630136986301 0.4551544032303858 0.10895171037659943 -0.4565731459066113 0 0 0
0.0013698630136986301 -0.47412455245640106 -0.1236109132601658 -0.056140000784830765 0 0 0
0.0013698630136986301 -0.31425393593060763 0.40500884365225465 0.2697617980645539 0 0 0
0.0013698630136986301 -0.44329674467612873 0.1440848466657457 0.14545933025063496 0 0 0
0.0013698630136986301 0.49410768649674836 -0.07839550391476707 -0.086397596865068 0 0 0
0.0013698630136986301 -0.42011200622170486 -0.07551155017344388 0.2804277031619618 0 0 0
0.0013698630136986301 0.08679305369069232 0.24059770582282475 0.45858879332074104 0 0 0
0.0013698630136986301 -0.11139619877033051 0.3420802095963209 0.040975969836862115 0 0 0
0.0013698630136986301 0.3283584850843683 -0.2919833380255725 -0.41141474861517535 0 0 0
0.0013698630136986301 0.08610692802740211 0.0359311426234887 0.41709227550668054 0 0 0
0.0013698630136986301 0.05440492357868197 0.4063564672506679 -0.091856971338227 0 0 0
0.0013698630136986301 -0.23656386504068058 0.08997974780324541 -0.4311832944756259 0 0 0
0.0013698630136986301 0.16265508552586194 -0.27699597298794626 -0.22935345416360942 0 0 0
0.0013698630136986301 -0.343460524798074 -0.38818289189726346 0.24263022782518245 0 0 0
0.0013698630136986301 0.2336198286328828 0.08362707119072296 0.04951576197663482 0 0 0
0.0013698630136986301 -0.11291385180532096 0.24808712480076867 0.10345732035331011 0 0 0
0.0013698630136986301 0.2534254914041234 -0.21608509483288157 -0.49025966028654483 0 0 0
0.0013698630136986301 -0.15768491229384182 -0.6559878797941534 0.07108551593210581 0 0 0
0.0013698630136986301 -0.4667279052016016 0.22299697919171044 0.1487320007593425 0 0 0
0.0013698630136986301 0.0708537950484677 -0.39098036203485365 0.09437884739407049 0 0 0
0.0013698630136986301 0.1591668998955603 -0.46187543156279437 -0.24618037012588176 0 0 0
0.0013698630136986301 0.4599427465627582 0.23825321230944382 -0.35688181560538473 0 0 0
0.0013698630136986301 0.27387579295458514 -0.21523696806353143 -0.21937776265280362 0 0 0
0.0013698630136986301 0.5351102738228879 -0.2738065899872486 0.17114621681550798 0 0 0
0.0013698630136986301 -0.34951681730470124 -0.01649693114035917 -0.4079244930707745 0 0 0
0.0013698630136986301 -0.3798935197319327 0.1801567528204777 -0.051635801044019214 0 0 0
0.0013698630136986301 0.16127376771949586 0.3455550505101726 -0.04747865104602678 0 0 0
0.0013698630136986301 -0.24177520555733586 0.2867408002684015 -0.06888699383719818 0 0 0
0.0013698630136986301 0.17771625283351788 -0.3903800005710973 -0.2862961295873166 0 0 0
0.0013698630136986301 -0.19156376254446236 0.513089290411921 0.38586231452050307 0 0 0
0.0013698630136986301 0.1756181533135149 -0.5640280024183978 -0.31843070765037423 0 0 0
0.0013698630136986301 -0.02990282375892036 -0.49175530483619423 -0.04813938126898608 0 0 0
0.0013698630136986301 -0.2094520752548218 -0.5689876486774401 0.08168082944889178 0 0 0
0.0013698630136986301 -0.09797414407736346 0.5557381498015738 0.24361157819535942 0 0 0
0.0013698630136986301 -0.11603431389870732 0.2791981465986215 -0.32263652603646303 0 0 0
0.0013698630136986301 -0.093955891582762 0.3671041223853287 -0.2646823768747151 0 0 0
0.0013698630136986301 0.45706810558717936 0.4132548958579493 0.18386976431898103 0 0 0
0.0013698630136986301 -0.06013726445158711 0.0749566011313322 0.2622926321706039 0 0 0
0.0013698630136986301 0.3103783198870289 0.1744680239242774 0.47754607976137126 0 0 0
0.0013698630136986301 0.36055161901980426 0.2320530059189094 0.41632443320868096 0 0 0
0.0013698630136986301 0.5745732120924804 -0.006508648484261824 -0.386478334220425 0 0 0
0.0013698630136986301 0.20702917929906137 0.017119025439487127 0.2723438726452293 0 0 0
0.0013698630136986301 -0.3275413317778947 0.3268785997861054 -0.1456874317536388 0 0 0
0.0013698630136986301 0.3782860484131192 0.10589931722877664 -0.4475596033690285 0 0 0
0.0013698630136986301 0.28452854131928945 -0.30724947356660437 -0.2258442417472659 0 0 0
0.0013698630136986301 0.2640827222971881 -0.009055463049820451 0.4053670132045432 0 0 0
0.0013698630136986301 -0.17085266562980883 0.04197874162435983 -0.07426493069892907 0 0 0
0.0013698630136986301 -0.196663017092391 0.2741852997598024 0.15876340600490835 0 0 0
0.0013698630136986301 0.22993365288935783 -0.5839247187747246 -0.08298280188338795 0 0 0
0.0013698630136986301 0.2030457100247083 0.3497327619569937 -0.36960166500130925 0 0 0
0.0013698630136986301 0.4858291155232834 -0.11014305568959964 0.31827881371670697 0 0 0
0.0013698630136986301 0.03686913508467948 0.19804493859936398 0.2220007274136488 0 0 0
0.0013698630136986301 0.4009565192473972 0.12901038590472202 -0.08710495552276261 0 0 0
0.0013698630136986301 -0.4134728862031532 0.045424430344722294 -0.1701757177995589 0 0 0
0.0013698630136986301 -0.23580701607370405 0.3272561429235644 0.41558000843014625 0 0 0
0.0013698630136986301 -0.16405740523996212 -0.49213335445657613 -0.343652760685879 0 0 0
0.0013698630136986301 -0.17020144917007107 -0.40248508943445405 -0.3577302213124145 0 0 0
0.0013698630136986301 0.029604451382993703 -0.363667596007131 -0.5454398709763376 0 0 0
0.0013698630136986301 -0.020450851960522647 0.14345825238988333 -0.6182883968923779 0 0 0
0.0013698630136986301 -0.5850860441568156 0.24590142364627332 0.2585755996283033 0 0 0
0.0013698630136986301 -0.21306863987642957 -0.33406162368554926 -0.2637710851141184 0 0 0
0.0013698630136986301 0.2999850129829314 0.01887565101367745 0.29274916705520265 0 0 0
0.0013698630136986301 -0.046147726474569814 0.24891785441693912 -0.2741603496229176 0 0 0
0.0013698630136986301 -0.6379937046980932 -0.029903938255786335 0.036375553293898986 0 0 0
0.0013698630136986301 0.15914363950240565 -0.02847287307655454 -0.4877932795329277 0 0 0
0.0013698630136986301 0.07025302459256688 0.18725940963061022 -0.12531473722037303 0 0 0
0.0013698630136986301 0.08680333517955414 -0.5522906437033478 -0.17081101921034098 0 0 0
0.0013698630136986301 -0.07067524748273234 0.038351201902773156 -0.1895595814473731 0 0 0
0.0013698630136986301 0.3289706938015467 0.3182615944533446 0.05412014101088669 0 0 0
0.0013698630136986301 0.3596149284735673 -0.38685032638657485 0.15630160145848565 0 0 0
0.0013698630136986301 0.21210782830011032 -0.02102251306673855 0.11689210788436434 0 0 0
0.0013698630136986301 0.3642076099302118 0.08689994429491932 -0.01581563495291469 0 0 0
0.0013698630136986301 0.15537407421929214 -0.6466999849596751 -0.06393695574149494 0 0 0
0.0013698630136986301 -0.19351352402469807 0.5249367750018674 0.115472416721852 0 0 0
0.0013698630136986301 -0.2743848091920681 0.5494718876510424 0.2873057968806171 0 0 0
0.0013698630136986301 0.20396329054742318 0.14153018795653893 0.3903111919316518 0 0 0
0.0013698630136986301 0.5322294674639119 -0.09897915886796976 -0.10602006965988717 0 0 0
0.0013698630136986301 -0.12291587310666732 -0.35707033524981063 -0.29587371203125196 0 0 0
0.0013698630136986301 -0.33936089651100404 0.049928192729719136 0.4350142039732882 0 0 0
0.0013698630136986301 0.01583396530708011 0.5689866335885264 -0.011161979055531552 0 0 0
0.0013698630136986301 0.15670826555765913 -0.1897952878164275 -0.44194965408619147 0 0 0
0.0013698630136986301 0.2338830359893937 0.0941052972717017 0.34483709576418625 0 0 0
0.0013698630136986301 0.05958336677338233 0.516011702677719 0.25131816954823344 0 0 0
0.0013698630136986301 -0.06558832862825321 -0.01949601734137193 0.3611218714037418 0 0 0
0.0013698630136986301 0.47768464122605586 0.0970600236412969 0.3357047295311016 0 0 0
0.0013698630136986301 -0.026417755782104008 0.49771234689060984 -0.21340318797626429 0 0 0
0.0013698630136986301 0.03343296533275968 -0.04030875041619502 0.4697627771928402 0 0 0
0.0013698630136986301 0.09820091751497043 0.07479039469462405 0.5669757424579598 0 0 0
0.0013698630136986301 -0.3388070239588819 0.0020516468231977845 0.513215453663848 0 0 0
0.0013698630136986301 0.34091761473652354 -0.37448081977619846 0.4056505923911894 0 0 0
0.0013698630136986301 0.16541586179982606 -0.24507453807450824 0.37535994363957353 0 0 0
0.0013698630136986301 0.4632897728917337 0.2575481496019859 -0.009422315878057369 0 0 0
0.0013698630136986301 -0.17826959389468683 -0.23152192049753173 -0.25036122085812146 0 0 0
0.0013698630136986301 0.19268069776401583 -0.2646832711021603 0.29376880134749683 0 0 0
0.0013698630136986301 -0.027919934910290267 -0.13821924436091046 0.3307396232713667 0 0 0
0.0013698630136986301 0.5539027683886493 -0.05822861352054136 -0.3075685125062268 0 0 0
0.0013698630136986301 0.16111257832463904 0.16987793263805365 0.5082602260451771 0 0 0
0.0013698630136986301 0.048411666318667744 0.3821777629257362 -0.18671928937795 0 0 0
0.0013698630136986301 -0.4149109889628981 0.22474538228390134 -0.26327883476829556 0 0 0
0.0013698630136986301 0.15670265562830765 -0.26069545001544137 0.20445772266573906 0 0 0
0.0013698630136986301 -0.08667344225739548 -0.33769684265585725 -0.15694464860546858 0 0 0
0.0013698630136986301 -0.019721021204642506 -0.058965543061781936 -0.5465507191057689 0 0 0
0.0013698630136986301 -0.19268382718936075 0.12643813010250005 0.33865276692820695 0 0 0
0.0013698630136986301 -0.15122559277584136 0.4739647281584989 -0.2969127000602683 0 0 0
0.0013698630136986301 -0.5497396014787572 -0.23928629217522845 0.15853220528870687 0 0 0
0.0013698630136986301 -0.26510078923076374 0.15988069918373923 -0.11377262205149251 0 0 0
0.0013698630136986301 -0.019480522026938764 0.39113014968954163 0.15855284686283608 0 0 0
0.0013698630136986301 -0.271172149696783 0.146431908028919 0.5013222033872727 0 0 0
0.0013698630136986301 -0.3434231356198729 0.11722447757784489 -0.25784587119304886 0 0 0
0.0013698630136986301 0.22688440624802936 -0.42230478809152705 -0.01870395750351933 0 0 0
0.0013698630136986301 0.16468167772743614 -0.1667437713596574 -0.47935444536915245 0 0 0
0.0013698630136986301 -0.2621691359573437 -0.4610306827274003 0.055671919511860755 0 0 0
0.0013698630136986301 0.5131919144278159 0.05650818564932523 0.143454344621834 0 0 0
0.0013698630136986301 -0.5516089181937499 0.1353888443965578 -0.024639728828241066 0 0 0
0.0013698630136986301 -0.13076426671924177 -0.3990923587709426 0.3909537963447594 0 0 0
0.0013698630136986301 -0.37110874949430106 0.38447236089291864 -0.09487010351584571 0 0 0
0.0013698630136986301 0.1471355532940616 0.29949555496298674 0.12296442746593976 0 0 0
0.0013698630136986301 -0.27883867252649225 -0.46504371465047406 -0.006152741753474501 0 0 0
0.0013698630136986301 0.27131075876803773 -0.1576116578790021 -0.1714488311829551 0 0 0
0.0013698630136986301 -0.08221419970191268 -0.4681236429140346 -0.45884289466256295 0 0 0
0.0013698630136986301 -0.11316164237632335 0.2576959101685298 0.009260151059694742 0 0 0
0.0013698630136986301 0.46551972284974813 -0.4452945809299987 -0.08288836845551804 0 0 0
0.0013698630136986301 -0.5160371483982484 -0.17779933379110036 -0.11878222822171473 0 0 0
0.0013698630136986301 0.04378875866903873 -0.06681041509906419 -0.03128324788971785 0 0 0
0.0013698630136986301 -0.46038097855779897 -0.09837943087600526 0.36479248668533193 0 0 0
0.0013698630136986301 -0.2200271196417907 -0.12312147456556388 -0.543756259094139 0 0 0
0.0013698630136986301 0.4616879287571851 0.0015409060415762232 0.35199709151430314 0 0 0
0.0013698630136986301 0.01762405501947162 -0.09808782193837488 -0.40715972237830406 0 0 0
0.0013698630136986301 0.19849095241648265 -0.5535887842925531 0.14875093380618226 0 0 0
0.0013698630136986301 0.5566891171010407 0.11677858109758561 -0.1441647068972289 0 0 0
0.0013698630136986301 0.05960493678600286 -0.21459099726982683 0.4226351820973515 0 0 0
0.0013698630136986301 0.281475940623344 0.13740586097377677 0.05289052568421308 0 0 0
0.0013698630136986301 -0.4004192573135669 -0.26798500611947074 0.16537142050366133 0 0 0
0.0013698630136986301 -0.2856740737434661 -0.13167895966484905 -0.06263423714154906 0 0 0
0.0013698630136986301 0.21830744608643304 0.5229665497358021 0.15789910446385616 0 0 0
0.0013698630136986301 -0.32227655534548305 0.1196437864097521 0.5404217683268039 0 0 0
0.0013698630136986301 -0.10472407090584196 -0.5831930480357479 -0.04044117027849966 0 0 0
0.0013698630136986301 -0.25457161799371353 -0.00995802543468241 0.4508826437424933 0 0 0
0.0013698630136986301 -0.02734746242890618 -0.007770031723512418 0.17338701376933008 0 0 0
0.0013698630136986301 -0.13195266518845575 -0.15791182414562727 0.3359306412471535 0 0 0
0.0013698630136986301 0.1247601804349616 -0.1321846905434482 -0.5134997176930342 0 0 0
0.0013698630136986301 -0.22414475058967462 -0.02490444648343264 -0.4348752686643154 0 0 0
0.0013698630136986301 -0.283493140012002 -0.5559141598664945 0.23277433717166207 0 0 0
0.0013698630136986301 0.45538507768172287 0.207163051903326 -0.21226501821796162 0 0 0
0.0013698630136986301 0.544552323141394 -0.2733845396049008 0.31860756764835674 0 0 0
0.0013698630136986301 0.137183183791399 0.15060871904648201 -0.10125512819559998 0 0 0
0.0013698630136986301 0.35797615457088483 -0.06704466091699735 -0.018448862813150058 0 0 0
0.0013698630136986301 -0.21540152850131328 -0.4868884631322074 0.2552953007569766 0 0 0
0.0013698630136986301 0.19066694684795915 0.07363507106366836 0.5958772276182934 0 0 0
0.0013698630136986301 0.05599979107363452 -0.6225885643072213 -0.20588990659443424 0 0 0
0.0013698630136986301 -0.40738821075091236 -0.025102694838174476 0.3520251033804552 0 0 0
0.0013698630136986301 -0.09009017132271299 -0.5549159544814314 -0.16089059736140748 0 0 0
0.0013698630136986301 -0.1939874400697712 0.07878914930166447 0.056999786926773544 0 0 0
0.0013698630136986301 0.21140425725342457 -0.3790938989083217 0.3546641111445107 0 0 0
0.0013698630136986301 -0.2430955021749156 -0.6416250074490337 -0.06788038339654083 0 0 0
0.0013698630136986301 -0.3512846799919751 -0.08949135170637593 0.5228872176300365 0 0 0
0.0013698630136986301 0.34898283285337994 0.44085037476902034 -0.08042375723262732 0 0 0
0.0013698630136986301 0.45489478581774523 -0.40409723074466297 -0.04714362445149735 0 0 0
0.0013698630136986301 -0.26998860969096744 -0.46721037815851435 0.3422798345665283 0 0 0
0.0013698630136986301 0.004486645945505275 0.1479957902236773 -0.4281484293926616 0 0 0
0.0013698630136986301 0.1721723028454057 0.38602824523620516 0.44198473218823287 0 0 0
0.0013698630136986301 -0.14433097355999175 0.006754112905798406 0.051566461663689944 0 0 0
0.0013698630136986301 0.15254060722648943 -0.4296573085780838 0.004607022455629172 0 0 0
0.0013698630136986301 -0.08230532311130226 0.09442442045347396 -0.16112481218166996 0 0 0
0.0013698630136986301 -0.396727067102701 -0.21925897157776558 0.04532342875412494 0 0 0
0.0013698630136986301 0.5207999567917502 0.3158970007243435 -0.06831579690491904 0 0 0
0.0013698630136986301 -0.60369594192081 -0.11694979470796671 0.08830273676751706 0 0 0
0.0013698630136986301 0.5336879093317042 -0.0031294008090308454 -0.34301655835563355 0 0 0
0.0013698630136986301 0.0676399951732459 0.18817303587026832 0.19952390079801874 0 0 0
0.0013698630136986301 -0.5888416305346812 -0.1173243887785626 0.15495166462035329 0 0 0
0.0013698630136986301 0.12235365284307809 -0.6239543399549161 0.18021192949940212 0 0 0
0.0013698630136986301 -0.568753049631813 -0.13647529525932456 0.15435306423869105 0 0 0
0.0013698630136986301 -0.19642652616082643 -0.45826558803939366 -0.17893444372922 0 0 0
0.0013698630136986301 -0.016306681434963246 -0.383506893831199 -0.40440416607774354 0 0 0
0.0013698630136986301 0.24449534670105993 -0.25351774846373537 0.5246974181692028 0 0 0
0.0013698630136986301 -0.06853071031803319 0.6499106190845365 -0.15979317888709663 0 0 0
0.0013698630136986301 -0.49995812696086733 -0.2987185615391546 -0.1716177837484124 0 0 0
0.0013698630136986301 0.14773880966646283 -0.12715610666908583 -0.46649056996880084 0 0 0
0.0013698630136986301 -0.18015340284525772 -0.15643465086724667 -0.6424967717650055 0 0 0
0.0013698630136986301 0.46197337048871695 0.1416155666743155 0.3057052845781003 0 0 0
0.0013698630136986301 0.259064117470845 0.4687481011699489 -0.12765745451103622 0 0 0
0.0013698630136986301 -0.3889656272663467 -0.15223419241295327 0.13968276931887413 0 0 0
0.0013698630136986301 -0.29166530818229564 -0.594780813124798 0.03476795809796969 0 0 0
0.0013698630136986301 0.21678796076779963 -0.19716149433087765 -0.33407879851417027 0 0 0
0.0013698630136986301 0.06942786625259408 -0.3405749986710177 -0.14865137173343737 0 0 0
0.0013698630136986301 0.32622893625273414 0.3818874621273523 -0.04682818348913832 0 0 0
0.0013698630136986301 -0.008343134624201947 0.24766271351861088 -0.3180506783631038 0 0 0
0.0013698630136986301 0.44435696761257176 -0.2979862159244374 0.014795275758853857 0 0 0
0.0013698630136986301 -0.22326124590114763 0.2945672243452291 0.2527666433390778 0 0 0
0.0013698630136986301 0.17491632485315936 0.33932555647229473 0.512999359509712 0 0 0
0.0013698630136986301 -0.4660039035585209 0.2964621764863665 -0.11206238596525417 0 0 0
0.0013698630136986301 -0.039297837973206545 0.26194364931273556 -0.2327144292132219 0 0 0
0.0013698630136986301 -0.2339513536505858 -0.21452052249505066 0.35947709329056243 0 0 0
0.0013698630136986301 0.37045023631041385 0.4837756436476303 -0.008896828194343833 0 0 0
0.0013698630136986301 -0.34392368533691325 0.16365641499306033 0.40875992055393706 0 0 0
0.0013698630136986301 -0.04330343648543682 -0.559347410514386 -0.11414936717335573 0 0 0
0.0013698630136986301 -0.27566075428862635 0.13291429254659443 0.26379105389808705 0 0 0
0.0013698630136986301 -0.09334597157495847 0.003155113514059431 0.6614636311966611 0 0 0
0.0013698630136986301 0.30312462126564943 -0.23930704796586227 0.08629682958962759 0 0 0
0.0013698630136986301 0.022131166551057426 -0.3728387166205972 -0.3627592877077015 0 0 0
0.0013698630136986301 -0.0017406687243902723 0.4041267038538572 -0.2559138306241388 0 0 0
0.0013698630136986301 0.3333428781665918 0.1586791737189167 -0.2603094289642783 0 0 0
0.0013698630136986301 0.412118928801803 0.001174772645453234 -0.13264925625592297 0 0 0
0.0013698630136986301 0.6259399701908328 0.14391712342943772 0.20133783551955983 0 0 0
0.0013698630136986301 0.1494338427086258 -0.3588117098955813 0.04742732117592886 0 0 0
0.0013698630136986301 -0.20849641831648524 0.6206500626999812 -0.07089225499217723 0 0 0
0.0013698630136986301 -0.11770735510762009 -0.16817533228301632 -0.18554673563785212 0 0 0
0.0013698630136986301 -0.5458185796839047 -0.1463626692557266 -0.07872525495427717 0 0 0
0.0013698630136986301 0.4894595072553049 0.2558412594329688 0.01747754140804249 0 0 0
0.0013698630136986301 -0.09116575550095239 0.4320164306809093 -0.2672816734791454 0 0 0
0.0013698630136986301 -0.6132701730813472 0.17592378603056125 0.22398634807703127 0 0 0
0.0013698630136986301 -0.2211689546310098 0.3842623719904951 0.006407348142183618 0 0 0
0.0013698630136986301 -0.22327356689549843 0.565442867076959 -0.31135445843256876 0 0 0
0.0013698630136986301 -0.012556866585179106 0.6499992245941836 0.07337226173055435 0 0 0
0.0013698630136986301 0.4073773590214432 -0.15437231357545417 -0.142613695914602 0 0 0
0.0013698630136986301 0.0592740723965231 -0.010633157743934208 -0.38027960972802205 0 0 0
0.0013698630136986301 -0.0034519606007681397 -0.3550842901801651 -0.061387738502732055 0 0 0
0.0013698630136986301 -0.15479177758212892 -0.014517862441658421 0.6413338599393722 0 0 0
0.0013698630136986301 -0.48056699694675487 0.17888870513560862 -0.4512281649208749 0 0 0
0.0013698630136986301 0.05015309283351563 -0.11661308046879577 0.5256413800396286 0 0 0
0.0013698630136986301 -0.0626585689334173 -0.11666524957200151 0.5297066282587015 0 0 0
0.0013698630136986301 0.46579695978269336 -0.03758852055374847 0.2011115457172634 0 0 0
0.0013698630136986301 0.1331311139054343 0.19086702624776333 -0.28163533581865796 0 0 0
0.0013698630136986301 -0.12501063143713867 -0.12766527828512217 0.26879942647392396 0 0 0
0.0013698630136986301 0.48507477052463 -0.3569956261898569 0.28446049020200226 0 0 0
0.0013698630136986301 -0.4658167920450306 -0.06203166965717267 0.2983014274874996 0 0 0
0.0013698630136986301 0.4820623332117608 0.33812252296444173 0.2591343669043526 0 0 0
0.0013698630136986301 -0.11418318122368334 0.4926383594268997 -0.003040636660382325 0 0 0
0.0013698630136986301 -0.15501219483201564 -0.23574542308758098 0.5083234586841183 0 0 0
0.0013698630136986301 0.2948151256658231 -0.42406148728442045 0.2614635233928188 0 0 0
0.0013698630136986301 -0.31258392008455765 -0.08377998465502114 -0.10519557056701563 0 0 0
0.0013698630136986301 0.191640180869439 0.2277773169141202 0.44122383338171406 0 0 0
0.0013698630136986301 -0.4735117261765233 -0.15878861077417922 -0.34710345841704243 0 0 0
0.0013698630136986301 -0.16840185639068106 0.6570261025746444 -0.11608080021946802 0 0 0
0.0013698630136986301 -0.5392079229093883 0.09644325128057595 -0.09165232298917897 0 0 0
0.0013698630136986301 -0.5306061966991699 0.05664109605232178 -0.33736670891835474 0 0 0
0.0013698630136986301 0.2700196710832105 0.2156874592270564 0.4164236722411067 0 0 0
0.0013698630136986301 -0.39346881625839597 0.2985255669476399 0.47646612445105296 0 0 0
0.0013698630136986301 0.4407495769361187 -0.09003499757839271 0.25697157631558704 0 0 0
0.0013698630136986301 0.19374977143593722 -0.09060988158396177 0.22318360409496096 0 0 0
0.0013698630136986301 -0.6268996937779865 0.08653985925525214 -0.10127783728147807 0 0 0
0.0013698630136986301 -0.03918457985364633 -0.05471505025581745 0.2554174937468959 0 0 0
0.0013698630136986301 0.14890021428171588 0.13196378644892545 0.31063340751110974 0 0 0
0.0013698630136986301 -0.013686203415925548 0.5946989849382094 -0.056636558948388246 0 0 0
0.0013698630136986301 -0.13991731634434323 -0.02433389853128971 0.029928141010096606 0 0 0
0.0013698630136986301 0.09546634301411004 -0.494159949618471 -0.08520116228277234 0 0 0
0.0013698630136986301 0.12775558757354832 0.40495209831571527 0.3547120906719218 0 0 0
0.0013698630136986301 -0.6006739209709063 0.19700752623884496 -0.08751309917295477 0 0 0
0.0013698630136986301 -0.5511756731191465 -0.08877357792885007 -0.28003804094716483 0 0 0
0.0013698630136986301 0.31776497673123283 -0.12705070961172435 -0.23506392234828113 0 0 0
0.0013698630136986301 -0.24624608829989475 0.4724689379936226 0.1865599688756728 0 0 0
0.0013698630136986301 0.2524420703086482 0.5681498171510236 0.2994557989539 0 0 0
0.0013698630136986301 -0.4889439206488808 0.2764182499870062 0.06449358114294897 0 0 0
0.0013698630136986301 0.3245522235164607 -0.4142308161047015 -0.27280685375374686 0 0 0
0.0013698630136986301 0.58151561347496 -0.07539147480873493 -0.12545018943424702 0 0 0
0.0013698630136986301 0.05868739399097894 0.29217550068301157 -0.2512718666196147 0 0 0
0.0013698630136986301 0.38331386670866485 0.2809056590903653 0.2807289833482133 0 0 0
0.0013698630136986301 -0.36846507990365407 0.48289752900614535 0.3081543040838009 0 0 0
0.0013698630136986301 0.22840492448302555 -0.24390909797814003 0.4194778975833565 0 0 0
0.0013698630136986301 -0.27635428912495835 -0.16736631818562092 0.14652942065258956 0 0 0
0.0013698630136986301 -0.26370061970532166 -0.2837238424419712 -0.019974244039010262 0 0 0
0.0013698630136986301 0.38980017351421004 -0.13806631984526907 -0.16854793617644268 0 0 0
0.0013698630136986301 0.18532608409220833 0.2506997494009932 0.5511775692125234 0 0 0
0.0013698630136986301 0.3745119079536255 0.29858820367467775 0.4459491368931512 0 0 0
0.0013698630136986301 0.01931674024502284 0.2797991490257877 -0.0022245636042024773 0 0 0
0.0013698630136986301 0.05994249335694242 0.14433370426834569 -0.531090436341688 0 0 0
0.0013698630136986301 -0.264675888721725 0.4862458834284456 0.03733294223822505 0 0 0
0.0013698630136986301 -0.21083340065904194 -0.33812415819569125 -0.39956809782105973 0 0 0
0.0013698630136986301 -0.45364237080894715 0.18194237338391173 -0.39358889853038365 0 0 0
0.0013698630136986301 0.10272188748858824 -0.15934743672321502 -0.22536621985733746 0 0 0
0.0013698630136986301 0.2775439587103898 -0.4459297054807626 -0.044381477695867935 0 0 0
0.0013698630136986301 0.016037559376378692 0.009957985938560121 0.3817831409644596 0 0 0
0.0013698630136986301 0.16391968572808435 -0.35830455271522016 -0.4409890975568156 0 0 0
0.0013698630136986301 0.2923435326466403 0.2683405878351881 0.1854601574125241 0 0 0
0.0013698630136986301 0.37486484610881016 -0.45093569577190595 0.07773955143309588 0 0 0
0.0013698630136986301 0.1718612444801961 -0.6132427502673239 0.03068897934688012 0 0 0
0.0013698630136986301 -0.12219125722870525 0.19342348983992472 0.4820238664482098 0 0 0
0.0013698630136986301 0.35991450933244046 0.004787466958262386 -0.5386506707856892 0 0 0
0.0013698630136986301 0.5542690160043715 0.022864816984596976 -0.31674094952226983 0 0 0
0.0013698630136986301 -0.04230313370085766 -0.2918478562672068 0.19902114272819538 0 0 0
0.0013698630136986301 0.3895367640684913 0.15674962869468598 -0.21368494981118702 0 0 0
0.0013698630136986301 0.16247605919277192 -0.3702788984971226 -0.4474864543563314 0 0 0
0.0013698630136986301 0.386475342360211 0.49921577075511 0.13636343905124068 0 0 0
0.0013698630136986301 0.11362709374444394 -0.5383122836394222 -0.29270924073164273 0 0 0
0.0013698630136986301 0.1558554995200746 -0.12586020978705198 -0.3425175345298463 0 0 0
0.0013698630136986301 -0.30279399914747535 0.3398501523924297 -0.29530597612748494 0 0 0
0.0013698630136986301 -0.1510498405494839 0.30100804311986606 -0.250918509179618 0 0 0
0.0013698630136986301 -0.21836323183359835 -0.016070189249046535 0.09564941150991459 0 0 0
0.0013698630136986301 0.4264227909321473 -0.10615506646021462 -0.01569405532840565 0 0 0
0.0013698630136986301 -0.2591266714844103 -0.3039752105465307 0.3850552728717373 0 0 0
0.0013698630136986301 -0.4267203537486702 -0.1895423571024613 0.38422340204794997 0 0 0
0.0013698630136986301 -0.4387743324902146 -0.15520611138768425 0.1554744108016628 0 0 0
0.0013698630136986301 0.02094626452391249 -0.4818045860020423 -0.3315295323770904 0 0 0
0.0013698630136986301 -0.36535854577711624 0.12572999426648257 -0.14808611345775957 0 0 0
0.0013698630136986301 -0.28308709764212897 -0.189046046082655 -0.21103300206343073 0 0 0
0.0013698630136986301 0.30464638885381734 -0.3245763893878098 -0.2739545024817912 0 0 0
0.0013698630136986301 -0.1978154095396388 -0.2624841359498045 0.593641980484512 0 0 0
0.0013698630136986301 -0.31999254442321823 -0.09182642644087674 0.400741087936199 0 0 0
0.0013698630136986301 -0.12952402265752974 -0.02840145748236002 -0.0390693664444848 0 0 0
0.0013698630136986301 -0.2648879048888888 -0.2868874873363106 -0.5284177482113406 0 0 0
0.0013698630136986301 -0.05498132095043925 -0.337746636239437 0.3520768877440542 0 0 0
0.0013698630136986301 -0.3884641660014382 -0.12889895016930916 0.545140049983323 0 0 0
0.0013698630136986301 -0.15202293674869502 -0.14877743189701312 0.3905444823021763 0 0 0
0.0013698630136986301 -0.5598261809491877 -0.1742734151973309 -0.0868740106793339 0 0 0
0.0013698630136986301 -0.08297599674163245 -0.17691438900168244 0.0020133914891895116 0 0 0
0.0013698630136986301 0.26902456556560767 -0.12499369808783774 0.018649552582163033 0 0 0
0.0013698630136986301 0.2915922229630849 -0.023537268823247488 0.5863826438179862 0 0 0
0.0013698630136986301 0.5147624740088739 -0.2584838655685395 -0.2580072431207436 0 0 0
0.0013698630136986301 -0.29600468155793486 -0.3643673590612459 0.38360872946683106 0 0 0
0.0013698630136986301 0.1420049768826623 0.0265420019233498 -0.16742263794639953 0 0 0
0.0013698630136986301 -0.010687686197157743 -0.4043711116396312 -0.5162499221960224 0 0 0
0.0013698630136986301 -0.3047647528153797 -0.306120207166647 0.47288733922358533 0 0 0
0.0013698630136986301 0.3461047508527942 -0.4538746759441258 0.04612650619378605 0 0 0
0.0013698630136986301 0.10568823253620876 0.2791286417467974 0.26072734904544465 0 0 0
0.0013698630136986301 0.14448016248275394 -0.0653782026753402 -0.2615510120159479 0 0 0
0.0013698630136986301 0.08892142275739093 0.47704176437824386 -0.24060996550149813 0 0 0
0.0013698630136986301 -0.06995270866617384 0.0317083787052693 0.14730940015396468 0 0 0
0.0013698630136986301 -0.005509630777059242 -0.08177783822073552 0.4787733291048261 0 0 0
0.0013698630136986301 0.03322477141631795 -0.24069862456257018 -0.5867885311185813 0 0 0
0.0013698630136986301 0.23951083914025595 -0.1661376802500962 -0.3535355047854248 0 0 0
0.0013698630136986301 -0.30860122213495345 -0.013968024663088647 0.4236848842864172 0 0 0
0.0013698630136986301 -0.48889727659759796 -0.16762819769346965 -0.10142874308826727 0 0 0
0.0013698630136986301 0.29753047139847955 -0.2192499815731284 -0.2542022936086685 0 0 0
0.0013698630136986301 -0.08511438681480908 -0.509485544846526 0.1103158969580931 0 0 0
0.0013698630136986301 0.29961784169364175 0.5291195532249224 -0.10918509601075063 0 0 0
0.0013698630136986301 0.45040262312036206 -0.33214872238650317 -0.31954786433775956 0 0 0
0.0013698630136986301 -0.13394723349207754 -0.31115371579528905 -0.15265839894276004 0 0 0
0.0013698630136986301 -0.3729148840714056 0.14830064639022184 -0.025327430351663485 0 0 0
0.0013698630136986301 -0.4587159938409845 -0.27774852809472483 0.2292512855040756 0 0 0
0.0013698630136986301 0.4734193825319656 0.15533603559536655 -0.15565770505818186 0 0 0
0.0013698630136986301 -0.42964763136089595 -0.37019855662154444 0.03635908673761059 0 0 0
0.0013698630136986301 -0.08308876624360319 0.14944673575870637 -0.5702509250320109 0 0 0
0.0013698630136986301 0.05363682606740569 0.5627773130351514 -0.3563380563019388 0 0 0
0.0013698630136986301 0.16000443158570316 0.3783737963424032 -0.5070830392486058 0 0 0
0.0013698630136986301 0.30145734019805254 0.2788961930241948 0.1019831194811417 0 0 0
0.0013698630136986301 0.0944264314551441 -0.15451003532648486 0.5182930970764587 0 0 0
0.0013698630136986301 0.1095877053612822 -0.21810397889643007 0.4135414029701831 0 0 0
0.0013698630136986301 0.4895461827326688 0.4636441573753441 -0.15179490082623529 0 0 0
0.0013698630136986301 0.1051508911294728 0.5363640534371724 -0.09247491785846429 0 0 0
0.0013698630136986301 0.3526322170088696 -0.07590662809591331 0.4129618143253358 0 0 0
0.0013698630136986301 0.3061474199180711 0.48668542720761765 0.2877509830567924 0 0 0
0.0013698630136986301 0.2741141917300627 -0.4884888201290489 -0.21240915295664492 0 0 0
0.0013698630136986301 -0.26261477167240266 0.4302164452757835 0.328217641277192 0 0 0
0.0013698630136986301 0.0881201406564576 0.474076921441919 0.3406151494879777 0 0 0
0.0013698630136986301 -0.4032096678386538 0.28059683260920276 0.2637887224330917 0 0 0
0.0013698630136986301 0.46144875020129206 -0.04833407783733177 0.38847634003138226 0 0 0
0.0013698630136986301 -0.1076280386840668 -0.415494839765111 -0.23213609844055483 0 0 0
0.0013698630136986301 -0.30137997473706424 -0.059639732624779514 -0.20309147866831007 0 0 0
0.0013698630136986301 0.19775377805326189 0.12513992873375326 0.023394670450258323 0 0 0
0.0013698630136986301 -0.5668922187523942 -0.3124611013806561 0.002861607091486043 0 0 0
0.0013698630136986301 0.08379882899913699 -0.31851108413995133 -0.4702598173877711 0 0 0
0.0013698630136986301 -0.4473252238486495 -0.35085949767279456 -0.10743196597553037 0 0 0
0.0013698630136986301 -0.26019223258238805 0.48516180100282674 -0.0035828044589152077 0 0 0
0.0013698630136986301 0.46965825451952603 0.279038456221335 0.1818817141937483 0 0 0
0.0013698630136986301 -0.26681054796938747 0.29861865197226817 0.20875479777705666 0 0 0
0.0013698630136986301 -0.19446653915596698 -0.1210092922117673 -0.28689096041106554 0 0 0
0.0013698630136986301 0.3037595334422758 0.33900893369167656 0.4200500895872124 0 0 0
0.0013698630136986301 0.12696431388435078 0.45218358990768975 -0.21762176742573908 0 0 0
0.0013698630136986301 0.029675191194763452 -0.31105675841764835 0.3824209103990833 0 0 0
0.0013698630136986301 -0.09864655994605083 0.30645095232660574 -0.12072457866446135 0 0 0
0.0013698630136986301 0.20814118027379142 0.08341257866866439 0.4755101101417953 0 0 0
0.0013698630136986301 -0.5183442201475897 -0.18519426349104318 -0.30956202022343315 0 0 0
0.0013698630136986301 0.08629677606390845 0.4646292571509186 -0.3019175657885903 0 0 0
0.0013698630136986301 0.4094244524714171 0.43560321340206176 -0.10681602837089062 0 0 0
0.0013698630136986301 0.47745093120528415 -0.3737084654068013 -0.04658978535382176 0 0 0
0.0013698630136986301 0.05239262690065854 0.04075750360334025 0.3938010116764317 0 0 0
0.0013698630136986301 -0.10158548306190429 -0.13379621184936877 -0.12943042334189642 0 0 0
0.0013698630136986301 0.5020685875334963 0.24047646494162722 0.15387043353199667 0 0 0
0.0013698630136986301 0.2950294846140594 0.16905746131188132 0.15684565057346062 0 0 0
0.0013698630136986301 -0.39146981879800025 -0.3730346832872985 -0.2294107614750925 0 0 0
0.0013698630136986301 0.28151598102080905 -0.4922908720956565 -0.15448732150293187 0 0 0
0.0013698630136986301 -0.38356995836852853 -0.07021043309997596 0.09471155765864692 0 0 0
0.0013698630136986301 -0.22575750807681627 0.3108226412694829 0.2313645232129339 0 0 0
0.0013698630136986301 0.15033154063313528 -0.39983879108860493 0.5113962167941886 0 0 0
0.0013698630136986301 -0.35562621504742825 -0.4790513565251701 -0.11973070365818371 0 0 0
0.0013698630136986301 -0.18652772822619806 -0.04205151055211305 0.09344657707946102 0 0 0
0.0013698630136986301 -0.4792718622578881 0.2371387766545504 0.38996322933573996 0 0 0
0.0013698630136986301 -0.4517301639853695 0.30405905156429236 -0.13758219675268754 0 0 0
0.0013698630136986301 -0.1246624885512644 0.25693263866845806 0.314070582134181 0 0 0
0.0013698630136986301 0.4941981670958006 0.3754153558004718 0.13335787908960994 0 0 0
0.0013698630136986301 0.6002782474795697 0.12022729781786093 -0.2563890002592296 0 0 0
0.0013698630136986301 -0.10917463126329116 -0.07064916606455113 -0.45985779385005854 0 0 0
0.0013698630136986301 0.35867794260630875 -0.22187527209193467 0.12789863930293258 0 0 0
0.0013698630136986301 -0.48787737113091745 -0.017207733175575585 -0.17655508444836415 0 0 0
0.0013698630136986301 0.40361255805478125 0.3535471125108551 -0.03773961946343511 0 0 0
0.0013698630136986301 0.14027130677849695 -0.006131242422439069 -0.6064348168579748 0 0 0
0.0013698630136986301 -0.2937749628352171 0.047593300969953505 0.39068576628708923 0 0 0
0.0013698630136986301 0.17697989876752623 -0.23023458450913745 0.0738481033207773 0 0 0
0.0013698630136986301 0.21088960785946403 -0.21138046603527585 -0.15139776563698926 0 0 0
0.0013698630136986301 -0.3193106032228819 -0.4658271451565201 0.1534150214506974 0 0 0
0.0013698630136986301 -0.37450460399200797 -0.139919577620971 -0.37189539657258075 0 0 0
0.0013698630136986301 -0.05876299979472202 0.054844445979746456 -0.6147436172085513 0 0 0
0.0013698630136986301 0.4713788221583059 -0.006802486984602941 0.10871018849388091 0 0 0
0.0013698630136986301 -0.45338628722746754 0.11037360356727474 0.16793892291149992 0 0 0
0.0013698630136986301 0.059878410188332044 0.2699664355207008 -0.4625123499642052 0 0 0
0.0013698630136986301 0.03734223453871199 0.08134688271645281 -0.07569882409259476 0 0 0
0.0013698630136986301 -0.4420806375642947 0.3516702039680588 0.25522501377208673 0 0 0
0.0013698630136986301 -0.23756964087291293 -0.31950177150864745 0.1566356863812875 0 0 0
0.0013698630136986301 0.21067429629972292 0.2881526344126962 -0.5258284049651115 0 0 0
0.0013698630136986301 0.14916732713495737 -0.48852078500455187 0.21083635792671584 0 0 0
0.0013698630136986301 0.5192082975626569 0.32177077211719884 -0.07721762365743269 0 0 0
0.0013698630136986301 0.5294971693558482 0.11271932439324882 0.3488201404118821 0 0 0
0.0013698630136986301 0.11326590993443832 -0.301567250721109 -0.29545660943440644 0 0 0
0.0013698630136986301 -0.24491193674859993 -0.5479976708967401 0.0030009541018591697 0 0 0
0.0013698630136986301 0.2645216796232202 0.11887352573229755 -0.12690045886767876 0 0 0
0.0013698630136986301 -0.22144395490532331 -0.4108088679656283 -0.336007800620224 0 0 0
0.0013698630136986301 -0.40210596616597977 0.19975562488574122 0.39384787813204725 0 0 0
0.0013698630136986301 0.49224040684476134 -0.1888374498048063 0.15207062704896449 0 0 0
0.0013698630136986301 -0.26660667600765464 -0.5001297265814051 -0.03992329647187555 0 0 0
0.0013698630136986301 -0.4157398246704506 0.049152362483819254 0.003623659692726634 0 0 0
0.0013698630136986301 0.13891468150671726 0.47211205377825016 -0.02563912947834002 0 0 0
0.0013698630136986301 0.15689545150006434 -0.4954242680740687 -0.438100538269146 0 0 0
0.0013698630136986301 0.2397012018298743 -0.3242628853695913 -0.07664468866212044 0 0 0
0.0013698630136986301 0.3343028563434733 -0.1814744242309348 -0.30008194032146196 0 0 0
0.0013698630136986301 -0.18108082160699632 0.3152244166610661 0.3647073801527022 0 0 0
0.0013698630136986301 -0.2781572016205335 -0.5698494401735297 0.057800041019761265 0 0 0
0.0013698630136986301 -0.3138957539187509 0.378305748845266 0.19943764285103552 0 0 0
0.0013698630136986301 -0.566401956805238 0.23009005648875316 -0.000473024008547268 0 0 0
0.0013698630136986301 -0.5459235041024069 0.22315629347864352 -0.06867929565336911 0 0 0
0.0013698630136986301 0.41137262207123876 -0.2852797765772508 -0.1755004342636146 0 0 0
0.0013698630136986301 0.29413214051375464 0.3824198484086012 -0.46032312578909346 0 0 0
0.0013698630136986301 0.22476739324027648 -0.3912907476205731 -0.3341697915087141 0 0 0
0.0013698630136986301 0.06982978115456773 -0.04286480423507962 -0.16277613706702496 0 0 0
0.0013698630136986301 0.2882359675787228 0.21136528577968183 0.08701958420024225 0 0 0
0.0013698630136986301 0.09880329404598273 0.4913594888009466 0.02524707922058093 0 0 0
0.0013698630136986301 -0.062175859878375594 0.21800833413868573 0.001437666395332449 0 0 0
0.0013698630136986301 0.31106831303658766 0.33712248649935417 0.15314837119320904 0 0 0
0.0013698630136986301 0.2893617205974989 0.08940867203998999 -0.19104312543231056 0 0 0
0.0013698630136986301 -0.058386819338324514 0.06578320088190161 0.4530893049288421 0 0 0
0.0013698630136986301 -0.2230799905126329 -0.6062318266203824 -0.08452071790369274 0 0 0
0.0013698630136986301 -0.25663547007936083 -0.08952980817395241 -0.21354615747641115 0 0 0
0.0013698630136986301 -0.2602664222540694 -0.5892553109710413 0.01548952777766856 0 0 0
0.0013698630136986301 0.14136992736300324 0.07388077143791061 0.22756043735750817 0 0 0
0.0013698630136986301 0.3334272616826175 0.5788876950005694 -0.18415678411392072 0 0 0
0.0013698630136986301 0.5158735131444119 -0.060651923853003276 0.35604656603287715 0 0 0
0.0013698630136986301 0.12954378239325223 -0.06491170472887249 0.0022227580749711214 0 0 0
0.0013698630136986301 -0.4052183919539089 -0.20565489267793682 -0.1910202154097654 0 0 0
0.0013698630136986301 -0.23323225877587436 0.6205119696068196 -0.03770488880292284 0 0 0
0.0013698630136986301 -0.29256966380248894 -0.30433700287554055 0.3093432864904215 0 0 0
0.0013698630136986301 0.05629793380762209 -0.46557835461039127 0.26668547386883806 0 0 0
0.0013698630136986301 -0.45056147847176986 0.031783994900715214 -0.43445009881126434 0 0 0
0.0013698630136986301 0.4032767431406099 0.26311183719483333 -0.19376143966915824 0 0 0
0.0013698630136986301 0.2540964570852767 -0.5290293477587722 0.2067863495224286 0 0 0
0.0013698630136986301 0.47829739799817245 -0.005612604433560827 0.23036164087945726 0 0 0
0.0013698630136986301 0.45956860523832166 -0.3141155253580437 -0.2599335877305275 0 0 0
0.0013698630136986301 -0.1546891076142279 0.325021939472735 0.04143900137505411 0 0 0
0.0013698630136986301 0.25558969078495664 -0.36926130496999116 0.1834687421488479 0 0 0
0.0013698630136986301 -0.11634906420051447 0.535977826521401 -0.29726588434797485 0 0 0
0.0013698630136986301 0.08987759970511924 0.4263361215336849 -0.4632458191801674 0 0 0
0.0013698630136986301 0.5046664224124362 -0.05961359381987614 -0.4681258175974082 0 0 0
0.0013698630136986301 -0.2381267922018073 -0.467705367419408 -0.4144360138002334 0 0 0
0.0013698630136986301 -0.2715307170129133 0.31265656037538536 0.28011383877155166 0 0 0
0.0013698630136986301 0.4229330107983939 0.18298009687324596 -0.21396146348718026 0 0 0
0.0013698630136986301 -0.617156013872867 0.096369440773848 -0.20943653565468892 0 0 0
0.0013698630136986301 0.5673087306221398 -0.07821689821184331 -0.04993195852492604 0 0 0
0.0013698630136986301 -0.16118199596768362 -0.256517825578212 0.21772872409489064 0 0 0
0.0013698630136986301 0.01822581886149378 -0.6030152664997437 -0.1607868671054359 0 0 0
0.0013698630136986301 0.47670514113113444 0.0024172474777374975 -0.3530420228180762 0 0 0
0.0013698630136986301 -0.005505766272682985 0.33174892856057187 0.6000246551561087 0 0 0
0.0013698630136986301 -0.17493737224185513 0.5313617106428754 -0.017597036585503177 0 0 0
0.0013698630136986301 -0.4150090839680768 0.4988694548404653 -0.21657441731171434 0 0 0
0.0013698630136986301 -0.2028553388634468 -0.13545383567720548 -0.35301917996062454 0 0 0
0.0013698630136986301 -0.3514453754626235 0.3838945292026765 0.059913030383625825 0 0 0
0.0013698630136986301 0.2470768993040001 -0.024675222441326975 -0.200794271383369 0 0 0
0.0013698630136986301 -0.10187304244184593 -0.2691246768034419 0.15215140387223597 0 0 0
0.0013698630136986301 0.25138814900921075 0.16301549399501283 -0.22155561789922432 0 0 0
0.0013698630136986301 -0.022127806630479464 0.17732238971920464 -0.56583660415848 0 0 0
0.0013698630136986301 -0.1234942971022263 0.44231454700942247 0.16675526077374492 0 0 0
0.0013698630136986301 -0.3502289507992886 0.505757577618399 0.005361218112766611 0 0 0
0.0013698630136986301 -0.37610914128578776 0.09207624217540981 0.05879130544219937 0 0 0
0.0013698630136986301 0.07242380884092942 0.057856415657227475 -0.14632451471463373 0 0 0
0.0013698630136986301 0.32797754279084745 0.508362153112079 -0.08722721451226371 0 0 0
0.0013698630136986301 -0.3546710467560947 0.5146757057952323 -0.16060776997017326 0 0 0
0.0013698630136986301 0.4679163788607828 -0.06021673720885984 0.16852264116806556 0 0 0
0.0013698630136986301 0.30305334217497 0.4519828020997467 -0.22733649529686573 0 0 0
0.0013698630136986301 0.14511463253819146 -0.4909263425194327 -0.20117537548581235 0 0 0
0.0013698630136986301 -0.14151735621597009 0.09357643925440343 0.5872070844791869 0 0 0
0.0013698630136986301 0.4305533962373815 -0.08938988974663235 -0.41011322141219336 0 0 0
0.0013698630136986301 -0.12416545040796836 -0.37986296753176707 -0.170809654999068 0 0 0
0.0013698630136986301 -0.06287196145893084 0.04751441320468731 0.30502558956660036 0 0 0
0.0013698630136986301 -0.14489162701412348 0.39965614808602357 0.3783268802757315 0 0 0
0.0013698630136986301 -0.255110665969914 0.09120742396610595 0.12229947813695688 0 0 0
0.0013698630136986301 0.005981815710905561 0.4291748001496405 -0.40728387227718776 0 0 0
0.0013698630136986301 0.1783684086894352 -0.27194501227357404 0.007967492297158096 0 0 0
0.0013698630136986301 -0.3741489691489743 0.25491862336359206 0.39692495901504354 0 0 0
0.0013698630136986301 -0.4760131695261089 0.4180742557228661 0.2222763262087816 0 0 0
0.0013698630136986301 -0.23744095054602143 -0.05994153339674382 0.0856422285810318 0 0 0
0.0013698630136986301 0.5970552320166841 0.21124038615740873 -0.035774681555609124 0 0 0
0.0013698630136986301 -0.12209507449414767 -0.5445901014425224 -0.23871648302551168 0 0 0
0.0013698630136986301 -0.5098588012948538 0.05215797537488998 -0.39128534952710237 0 0 0
0.0013698630136986301 -0.5261028511561305 -0.262788757784277 -0.2272947647913849 0 0 0
0.0013698630136986301 -0.18478553533410771 -0.037426891835342715 -0.3343519625412133 0 0 0
0.0013698630136986301 0.3873242120751466 0.07690614568053508 -0.5312739124083244 0 0 0
0.0013698630136986301 0.4231841597830415 0.47066317906022737 -0.24911545281569725 0 0 0
0.0013698630136986301 0.4881585800495947 0.1344693040321051 -0.2567979515306008 0 0 0
0.0013698630136986301 -0.2105266014523334 -0.1936143360182202 0.33554973866347537 0 0 0
0.0013698630136986301 -0.2779800053396398 0.04135442234443272 -0.07356202811819242 0 0 0
0.0013698630136986301 0.11552867383733624 -0.12997861274310643 -0.17026334174042346 0 0 0
0.0013698630136986301 0.03364519494162879 0.5907618849762863 -0.3384253275397002 0 0 0
0.0013698630136986301 0.4850093610392271 0.011433308844017793 -0.32648559436692837 0 0 0
0.0013698630136986301 -0.2846025981895921 0.3204735706152173 -0.3062798509305519 0 0 0
0.0013698630136986301 0.5758602642413151 0.15415926212636266 -0.08451383635652675 0 0 0
0.0013698630136986301 -0.23512093347697205 0.18476503853046486 0.27006832807638864 0 0 0
0.0013698630136986301 0.3001617034371925 0.2183627633046379 -0.3608634951569112 0 0 0
0.0013698630136986301 -0.2829954126377587 0.51227737450674 0.020458653900781932 0 0 0
0.0013698630136986301 0.007907670887346568 -0.5814892066870224 -0.37585780409783065 0 0 0
0.0013698630136986301 0.2813920081125405 -0.1865537994614362 -0.15401538916239788 0 0 0
0.0013698630136986301 -0.24570647406250817 -0.036057537756802274 0.5288185647892757 0 0 0
0.0013698630136986301 0.12506112255938184 0.10739675109411084 -0.016363235790393494 0 0 0
0.0013698630136986301 -0.5910935911663693 -0.10135451481907687 0.1004488735949638 0 0 0
0.0013698630136986301 0.32154316659723414 -0.5779976785731891 -0.004343783915604766 0 0 0
0.0013698630136986301 -0.21686924199571386 -0.5338341881886485 -0.31227974819269605 0 0 0
0.0013698630136986301 -0.1178070350380801 -0.6062944912751791 -0.21414808750618178 0 0 0
0.0013698630136986301 -0.0218186027407861 -0.5851058520499938 0.2943817008714866 0 0 0
0.0013698630136986301 -0.10198567425818976 -0.18087438565827194 -0.16520232595753728 0 0 0
0.0013698630136986301 0.19177795569177766 0.13254191594973902 -0.06126733145282362 0 0 0
0.0013698630136986301 -0.4397075478453643 0.15633935062522597 0.43606604103118873 0 0 0
0.0013698630136986301 0.010621201247936217 -0.052223323646586994 -0.6177560149279518 0 0 0
0.0013698630136986301 0.10633386342353764 0.5037295269982452 -0.44440221368815247 0 0 0
0.0013698630136986301 -0.5933443378770814 -0.08265979488596617 -0.15311957813237123 0 0 0
0.0013698630136986301 0.42342149897531367 -0.3008656499316579 0.39734407261996885 0 0 0
0.0013698630136986301 0.33720328447828474 -0.09062349230445384 0.38123395555218736 0 0 0
0.0013698630136986301 0.43740389502012406 -0.10449613772375929 -0.2317097429463388 0 0 0
0.0013698630136986301 0.19646838762304258 -0.13461849427099415 0.5724698096658338 0 0 0
0.0013698630136986301 -0.3056421004816987 0.05812202538576377 -0.5414745780118396 0 0 0
0.0013698630136986301 0.4858249187606017 0.29350222531760406 -0.04077143772561587 0 0 0
0.0013698630136986301 0.1259874781347694 0.4381798883733789 -0.37102189639133687 0 0 0
0.0013698630136986301 -0.21097814518176375 0.33307748786552316 -0.5337736903092222 0 0 0
0.0013698630136986301 0.4310718319028473 0.36459506894050414 0.15583117669547736 0 0 0
0.0013698630136986301 0.040918082436180045 -0.5411973300159382 -0.3576074909436491 0 0 0
0.0013698630136986301 0.013596116627962678 0.3115308330144703 -0.5789929909999416 0 0 0
0.0013698630136986301 -0.3522120356364797 0.01960609779438423 0.4190802688321271 0 0 0
0.0013698630136986301 0.23201147794121038 0.2062871303507972 0.4066158470131322 0 0 0
0.0013698630136986301 -0.13241818306254624 0.08720574669253497 0.18190512017748484 0 0 0
0.0013698630136986301 0.13314190133564566 -0.2459173119219542 0.45259777483265234 0 0 0
0.0013698630136986301 -0.3368337683533595 -0.2828829283320394 -0.2106386748791884 0 0 0
0.0013698630136986301 -0.4462737533176659 0.3529605862658615 0.04550213008246885 0 0 0
0.0013698630136986301 -0.22109413521858737 -0.013292435425654081 -0.39478472224650535 0 0 0
0.0013698630136986301 0.07934315621747423 0.37466279666956476 0.21025473773506284 0 0 0
0.0013698630136986301 0.42508444329267797 -0.2996077420698587 -0.15797184184842694 0 0 0
0.0013698630136986301 -0.11694581066304437 -0.48406155091251474 0.465856246324261 0 0 0
0.0013698630136986301 0.20493508277180572 0.14882321878415847 -0.5867120947490333 0 0 0
0.0013698630136986301 0.27261707290532844 -0.6023181180039995 0.09464004334213798 0 0 0
0.0013698630136986301 -0.007920057641895302 0.22709552553781917 0.3519841218149651 0 0 0
0.0013698630136986301 0.0817565871652565 0.3334587519768761 0.5002670586666274 0 0 0
0.0013698630136986301 -0.23853270318376324 0.42908406179961023 -0.057599394098218154 0 0 0
0.0013698630136986301 0.45117486692900216 0.08375245011458113 0.23712256832510836 0 0 0
0.0013698630136986301 -0.09757180653732422 -0.4220227701820409 0.08562528914657583 0 0 0
0.0013698630136986301 -0.14919730612342774 0.017754848787199805 -0.2687107180720338 0 0 0
0.0013698630136986301 -0.09057020874074305 0.0006576402440605975 0.46402531075574804 0 0 0
0.0013698630136986301 0.27129070152758405 -0.17250375771292334 -0.5463971150066944 0 0 0
0.0013698630136986301 0.03049531583365416 -0.26704314457908646 -0.42324031880033314 0 0 0
0.0013698630136986301 0.1562772495050094 0.38680353907622284 0.1265163668399239 0 0 0
0.0013698630136986301 0.07684017089636276 -0.5394856230084439 0.00717363965391111 0 0 0
0.0013698630136986301 -0.2385527360815894 -0.2464763875947032 -0.09275163441801039 0 0 0
0.0013698630136986301 0.004121965790610789 -0.009667491683181378 0.6019703346455962 0 0 0
0.0013698630136986301 0.2993373896244554 -0.22319237791868077 -0.029185685239682468 0 0 0
0.0013698630136986301 -0.2408133071075617 0.02707969876183134 0.13623102565287556 0 0 0
0.0013698630136986301 -0.4397552670929201 -0.31911905107497995 -0.28485037783423006 0 0 0
0.0013698630136986301 -0.08687630208649282 -0.03417619524781193 0.5231199620693153 0 0 0
0.0013698630136986301 -0.09949446559623991 -0.23202010700074066 -0.4121946503429822 0 0 0
0.0013698630136986301 -0.05112351369840608 0.21646597671515014 0.5460175781456287 0 0 0
0.0013698630136986301 0.06672746258553619 -0.5083603288680841 0.19600801039500307 0 0 0
0.0013698630136986301 0.1555030662253129 0.12717863033994783 0.31028657461776404 0 0 0
0.0013698630136986301 -0.1830342506241001 0.5170468890242047 -0.09163650699630943 0 0 0
0.0013698630136986301 0.1610465862325604 -0.22841526560681863 0.33799611326683193 0 0 0
0.0013698630136986301 0.07380946116866252 -0.5226466595334065 0.11771221871280282 0 0 0
0.0013698630136986301 0.5448866049971888 -0.26740470323331234 -0.2488941385095787 0 0 0
0.0013698630136986301 -0.28314718456857463 -0.2921688004191118 -0.27099911606206056 0 0 0
0.0013698630136986301 -0.24673150490529047 0.07730746698292656 0.2420978726681405 0 0 0
0.0013698630136986301 0.11298130303096486 -0.5173910520122054 0.23893910249321854 0 0 0
0.0013698630136986301 0.0804293896659149 -0.47781448690510997 -0.42498692540008925 0 0 0
0.0013698630136986301 0.25177886753243195 0.5020332506593195 -0.3060234891989773 0 0 0
0.0013698630136986301 -0.43840606451069786 0.2987846329634745 -0.23304675336277025 0 0 0
0.0013698630136986301 0.23214932112796885 -0.451154267120958 0.04676470327042263 0 0 0
0.0013698630136986301 0.05796494663915736 -0.298259596151894 0.044867136190473854 0 0 0
0.0013698630136986301 -0.1664848046234581 0.34033893980292107 -0.22022708989212694 0 0 0
0.0013698630136986301 0.3979555767656622 -0.2768605033781288 -0.062421243296294296 0 0 0
0.0013698630136986301 0.046221407421713906 0.5115870632252416 0.3533116458595867 0 0 0
0.0013698630136986301 0.054421229672296366 -0.48544648587786493 0.23466691074858628 0 0 0
0.0013698630136986301 -0.3376169264296799 0.27869138186960446 -0.5195533830487254 0 0 0
0.0013698630136986301 0.09839139875535427 -0.35111242163655515 -0.14312431681316307 0 0 0
0.0013698630136986301 -0.47435984966924827 0.37914599708077856 0.30881417981060266 0 0 0
0.0013698630136986301 0.05424297820819264 -0.2963530060491807 0.39582006580287193 0 0 0
0.0013698630136986301 -0.4350968884462437 -0.508214365349744 0.12738359541424973 0 0 0
0.0013698630136986301 0.5627550060017831 0.10486771649829021 -0.06220384063603642 0 0 0
0.0013698630136986301 0.42042984173515124 0.452156845693117 -0.2959130324558725 0 0 0
0.0013698630136986301 0.048675598982726165 0.25869522871496664 0.041640200188574575 0 0 0
0.0013698630136986301 0.04958185607255284 -0.05333815987190178 0.3394996551257385 0 0 0
0.0013698630136986301 0.003830002500144166 -0.30277024224319177 0.03946339098635251 0 0 0
0.0013698630136986301 -0.11766372718677898 -0.2428279906222589 0.2709315933690475 0 0 0
0.0013698630136986301 0.09220830561230646 0.009455355347855798 -0.6067922461414509 0 0 0
0.0013698630136986301 -0.21147997572493815 0.3510397814259469 -0.4872411841943828 0 0 0
0.0013698630136986301 0.3943359679136802 0.1089467432103259 0.19112024497486826 0 0 0
0.0013698630136986301 -0.1284696566715986 -0.1368665171221223 -0.4520170440066136 0 0 0
0.0013698630136986301 -0.08334063851016135 -0.30040242944954126 0.6142538972538123 0 0 0
0.0013698630136986301 0.020495905867791035 -0.13926154183488706 0.13334389122665424 0 0 0
0.0013698630136986301 -0.19145189987687466 0.22124895859443058 0.37126874011167965 0 0 0
0.0013698630136986301 0.07390969552194021 0.43820406547476837 -0.13450156183944442 0 0 0
0.0013698630136986301 0.3160015828441378 -0.4240750182351991 -0.17142565660950168 0 0 0
0.0013698630136986301 0.08692661421142402 0.2922680007625974 0.4244058466909728 0 0 0
0.0013698630136986301 -0.05712289590138815 -0.3284715023217355 -0.4514569787032604 0 0 0
0.0013698630136986301 0.003663325030778916 0.1970501734179412 0.3924570548793333 0 0 0
0.0013698630136986301 -0.10344234037673325 0.311656312248699 -0.605100843353175 0 0 0
0.0013698630136986301 0.33826628793645275 0.31374666378320354 -0.4519530420779798 0 0 0
0.0013698630136986301 -0.006504705770784687 0.5856796919922304 0.1134903364897694 0 0 0
0.0013698630136986301 0.30544105797548743 0.2669780159725276 -0.03727125702434243 0 0 0
0.0013698630136986301 0.4039646361372075 -0.3175623023164082 -0.2047171415857034 0 0 0
0.0013698630136986301 0.5629292635714355 0.010236005808630287 0.2913062529080076 0 0 0
0.0013698630136986301 0.39285595198450945 -0.42088405573290955 -0.06686508003438926 0 0 0
0.0013698630136986301 -0.1056885038377792 -0.06990242803273489 0.45854949941053824 0 0 0
0.0013698630136986301 -0.36639851009602625 0.05086641441204331 -0.5383842741433813 0 0 0
0.0013698630136986301 0.015636488858211416 0.01832958965086906 0.6905552656494526 0 0 0
0.0013698630136986301 -0.3321583012955762 -0.40474015205648584 -0.4291097725365588 0 0 0
0.0013698630136986301 -0.564333383101069 0.10730773488501598 0.2745645543590997 0 0 0
0.0013698630136986301 0.5315003917102872 0.34498838278470917 0.20997912288593235 0 0 0
0.0013698630136986301 -0.02572227818652994 -0.5063204709287198 -0.10061235760871248 0 0 0
0.0013698630136986301 0.12712191184974442 0.5241994713022325 -0.022133939244310934 0 0 0
0.0013698630136986301 0.2741225516968085 -0.32803351999824665 -0.15933048680320824 0 0 0
0.0013698630136986301 -0.14715352673002033 0.29131557986705575 0.18424688334253408 0 0 0
0.0013698630136986301 0.2915482741091612 -0.3173131100185341 -0.49797313893777356 0 0 0
0.0013698630136986301 0.1499057791546449 -0.30288402276775817 -0.5852183178511976 0 0 0
0.0013698630136986301 -0.03571186335432102 0.36355231690108497 0.3956754674990289 0 0 0
0.0013698630136986301 0.03313066768593583 0.18241998429594977 -0.1477094478777855 0 0 0
0.0013698630136986301 -0.1764047239487751 0.04140097092732802 0.20524991934527853 0 0 0
0.0013698630136986301 -0.40923744952257757 -0.11828250722368235 -0.0923758946920625 0 0 0
0.0013698630136986301 0.01019879097191981 -0.676279625499008 -0.10612807045376238 0 0 0
0.0013698630136986301 -0.09268045032817146 -0.14335395245418628 -0.1442959094765921 0 0 0
0.0013698630136986301 -0.14389536285956342 -0.3050178656206749 0.32951131024145563 0 0 0
0.0013698630136986301 -0.3004591874688771 0.13898741281602597 0.07237197135197883 0 0 0
0.0013698630136986301 0.10905500605600317 -0.1887950058742067 0.6219325082413748 0 0 0
0.0013698630136986301 -0.30308016178569264 -0.16947172101569716 -0.5916560310220301 0 0 0
0.0013698630136986301 -0.27119758278390105 -0.006678181375854369 0.2187245257523606 0 0 0
0.0013698630136986301 0.20558200490580528 -0.04077561512771794 0.28446568956385493 0 0 0
0.0013698630136986301 -0.0874908860096233 0.6256507517106171 0.04996016125489648 0 0 0
0.0013698630136986301 -0.5400801116048525 0.10022813050365191 0.41738529626035376 0 0 0
0.0013698630136986301 -0.17306334351212202 -0.13965920249077743 0.12425831616448944 0 0 0
0.0013698630136986301 0.16601796235770874 0.09506328932041302 -0.46835397419045405 0 0 0
0.0013698630136986301 0.5628578906446454 -0.2006975808675487 -0.3439298535080008 0 0 0
0.0013698630136986301 0.21070153892296523 -0.27908148077356604 0.34205444563819665 0 0 0
0.0013698630136986301 -0.39819463343210604 -0.21727707432417664 0.38168555594641335 0 0 0
0.0013698630136986301 -0.3036229287069369 -0.38446459094699664 -0.002159403356065022 0 0 0
0.0013698630136986301 -0.22311156011477687 0.13198654376653923 -0.3417994359117514 0 0 0
0.0013698630136986301 -0.38253669326366735 0.22049920587983007 0.085075072294333 0 0 0
0.0013698630136986301 0.11178102205632094 0.5863947663481779 -0.12084544926400817 0 0 0
0.0013698630136986301 0.5366689127157028 0.23810114671824828 0.31324734603666593 0 0 0
0.0013698630136986301 -0.14542853666406555 0.2663751016480162 0.5632755947136872 0 0 0
0.0013698630136986301 0.026886711353959498 0.23411601572857219 0.16711811072641505 0 0 0
0.0013698630136986301 0.3449573388160073 0.13127715092731834 0.25375004600633155 0 0 0
0.0013698630136986301 0.5493931457180484 0.23655336887235606 -0.2581535723202721 0 0 0
0.0013698630136986301 -0.42702459339133286 0.07770562827480677 -0.2214153607048917 0 0 0
0.0013698630136986301 -0.36236698162399655 -0.5226451642655807 -0.03768314785601859 0 0 0
0.0013698630136986301 0.3392593010540564 0.26785282513481273 0.3400881288214596 0 0 0
0.0013698630136986301 -0.5953619119541513 -0.3354002524703505 0.10397207060619781 0 0 0
0.0013698630136986301 0.31601858483524636 -0.32362291449320785 -0.046424181847781056 0 0 0
0.0013698630136986301 -0.08914182418806092 0.6015498203024063 0.15112718342898657 0 0 0
0.0013698630136986301 -0.2183058280165432 -0.22960777837793123 -0.038726755915858904 0 0 0
0.0013698630136986301 0.22482011728999138 0.5873755796417531 -0.13944052315906647 0 0 0
0.0013698630136986301 -0.20074932309144733 -0.04081857752549357 0.025013654943916285 0 0 0
0.0013698630136986301 -0.4439170796072702 -0.18480350431086423 -0.42643151145478814 0 0 0
0.0013698630136986301 -0.07758483509086189 -0.20523880687137439 -0.33543580002342976 0 0 0
0.0013698630136986301 0.10237685955678766 -0.20425211944938576 -0.3688750467625618 0 0 0
0.0013698630136986301 0.2875699215229469 -0.5329098741710618 -0.04127485864944272 0 0 0
0.0013698630136986301 0.13138701128688043 0.22926086493408038 0.048442545223705405 0 0 0
0.0013698630136986301 0.22432672251779617 -0.5641161422560051 0.24792002922597903 0 0 0
0.0013698630136986301 0.34419577412296914 0.18219835581851507 -0.385958776686102 0 0 0
0.0013698630136986301 0.4631791370416223 0.17673745864652493 -0.4656048566891151 0 0 0
0.0013698630136986301 -0.1960560742433763 -0.2202241622213617 -0.06926329091763898 0 0 0
0.0013698630136986301 0.41214993632198216 -0.11298996495174309 -0.16325899226163262 0 0 0
0.0013698630136986301 0.07954445462671143 -0.494246980159692 0.27689213606894286 0 0 0
0.0013698630136986301 0.4054786942125283 -0.04956733832396765 -0.39065421413427254 0 0 0
0.0013698630136986301 0.16565473761691368 0.28852767660476647 0.2800423007123897 0 0 0
0.0013698630136986301 -0.23247833809274476 -0.033829531475216154 -0.2679019145877252 0 0 0
0.0013698630136986301 -0.21365756398649366 -0.16655825778189506 -0.01705033930377207 0 0 0
0.0013698630136986301 0.3505734395154704 0.31023252267491386 0.08580339203315372 0 0 0
0.0013698630136986301 0.014463051645939175 0.5689432713842455 -0.3264720395308565 0 0 0
0.0013698630136986301 -0.2897867793868519 -0.09919511389583824 -0.48897089879686867 0 0 0
0.0013698630136986301 0.30760703625886465 0.09933868721798068 0.4640973581923745 0 0 0
0.0013698630136986301 -0.585587049931753 0.20467561933969386 0.023544661975547 0 0 0
0.0013698630136986301 0.3953031235110587 -0.3517342235078364 -0.1699099089624794 0 0 0
0.0013698630136986301 -0.4775869534978163 0.2891674882967072 -0.32797916142545064 0 0 0
0.0013698630136986301 -0.1343342091850018 0.5476479598399339 0.2292067735691992 0 0 0
0.0013698630136986301 -0.04454797141895625 -0.10202803756138408 0.36212166255625583 0 0 0
0.0013698630136986301 -0.01954413708231256 -0.5147368848153777 -0.39610821091885384 0 0 0
0.0013698630136986301 0.5756364509359747 0.059476143854632374 0.3353025376540468 0 0 0
0.0013698630136986301 0.42726925803624605 0.32862797417263667 -0.0318040717374528 0 0 0
0.0013698630136986301 0.08318667528172674 -0.3602463320014074 -0.3833695692644044 0 0 0
0.0013698630136986301 -0.2134137728550998 -0.23172878117327605 0.2851716611908551 0 0 0
0.0013698630136986301 0.37394244866694465 0.3978468982414124 -0.1810915309417992 0 0 0
0.0013698630136986301 -0.5238967135632346 0.42107126296346825 -0.050677697533965886 0 0 0
0.0013698630136986301 0.5727974960616244 0.15735805212826257 0.08632020095925001 0 0 0
0.0013698630136986301 -0.5107057293920721 -0.21369808117347897 0.08013286505022935 0 0 0
0.0013698630136986301 0.2796866843776983 0.21287854013474855 0.1995583057164991 0 0 0
0.0013698630136986301 -0.27751827066886137 -0.006812308337831974 -0.5464582813208426 0 0 0
0.0013698630136986301 0.14298527315472506 0.6669089541982847 -0.0524849415716638 0 0 0
0.0013698630136986301 -0.08743099966636549 -0.04534014653296596 -0.35297423513722687 0 0 0
0.0013698630136986301 0.4145325055631 0.10961953985731099 0.3653969166105827 0 0 0
0.0013698630136986301 -0.2170133978113353 -0.6018791518741364 0.1676468087487207 0 0 0
0.0013698630136986301 -0.2288431529177976 0.21563187935498412 -0.5774136963374951 0 0 0
0.0013698630136986301 -0.3297052901494279 0.15459384661821005 -0.01887637975399689 0 0 0
