140
0
0.007142857142857143 -0.211231481609595 0.055582558107042594 -0.40990271548584245 0 0 0
0.007142857142857143 -0.028215276624297965 0.0911143365801564 0.11897035577683109 0 0 0
0.007142857142857143 -0.20783394030145197 0.5218895743497227 -0.22977069919529056 0 0 0
0.007142857142857143 -0.4395674182503858 -0.19694886834565645 -0.034157008099898294 0 0 0
0.007142857142857143 -0.07318605890785793 0.3162082853795743 -0.011227300402030049 0 0 0
0.007142857142857143 -0.3633734782778057 0.11827002960592624 0.19818366279301491 0 0 0
0.007142857142857143 -0.24119458098551788 0.056745682250398465 0.5482872407750354 0 0 0
0.007142857142857143 -0.11777193646973927 -0.4024551781955766 -0.08038297508321937 0 0 0
0.007142857142857143 0.14115476640399977 0.2632658557100353 -0.19487852816368634 0 0 0
0.007142857142857143 -0.28702462269538637 -0.23611372789279822 0.20920346580798896 0 0 0
0.007142857142857143 -0.04347944366348853 0.4702750428384742 0.3309202975049776 0 0 0
0.007142857142857143 0.03591092595452128 0.20749149816013593 0.5941727679288293 0 0 0
0.007142857142857143 0.004893126156394072 -0.04355903386875501 -0.29877399024274387 0 0 0
0.007142857142857143 0.6066841990728313 0.00487293747338157 -0.14769677880216672 0 0 0
0.007142857142857143 0.4124013589680826 0.05270808465702634 -0.12881872293810184 0 0 0
0.007142857142857143 -0.5476950366697161 -0.25093925766833347 -0.04556681278253405 0 0 0
0.007142857142857143 -0.08405534414878225 -0.3040060415789291 -0.015009595085170671 0 0 0
0.007142857142857143 0.4588228328869961 -0.29748861694099005 -0.3848769738543446 0 0 0
0.007142857142857143 0.4332827453125063 0.4936906679971374 -0.03684602368414469 0 0 0
0.007142857142857143 0.44916131132954673 -0.2602458478005615 0.1154043943386257 0 0 0
0.007142857142857143 0.14761379115833903 0.24375811482883755 0.41368096320637865 0 0 0
0.007142857142857143 0.43401569227327064 -0.015233051210012442 0.3438049014858643 0 0 0
0.007142857142857143 -0.4846604588699197 0.27145911993483784 0.1344074422514508 0 0 0
0.007142857142857143 0.024585322373741787 0.39943498632935465 0.3977058270216498 0 0 0
0.007142857142857143 -0.35434821269142963 0.3655773211850452 -0.09626872777820775 0 0 0
0.007142857142857143 0.6201575563794638 0.1355696153197217 0.1203321643987301 0 0 0
0.007142857142857143 0.07493918543827391 0.061925363531097385 -0.09522317697826738 0 0 0
0.007142857142857143 -0.07691676558468971 -0.07599332540394516 0.6270878689546735 0 0 0
0.007142857142857143 0.2869792105856391 -0.5951153158128761 0.01770906470267808 0 0 0
0.007142857142857143 -0.5148778129074214 -0.05443438543429727 -0.38129206124712944 0 0 0
0.007142857142857143 0.033595519856033554 0.3171175127105824 -0.39413139008427867 0 0 0
0.007142857142857143 0.2171426006464202 -0.21436650767020707 -0.09993977342265914 0 0 0
0.007142857142857143 -0.3915614716089972 -0.22612995778313955 -0.15770871855147242 0 0 0
0.007142857142857143 -0.062367608071773696 0.13494982807315586 -0.07417523021446566 0 0 0
0.007142857142857143 0.37474824542317386 0.23616058880742213 -0.442071118657651 0 0 0
0.007142857142857143 -0.32805396208003335 0.5644511935120239 -0.2119627439811039 0 0 0
0.007142857142857143 0.11528410494549535 0.23143233529916094 -0.6342279354556075 0 0 0
0.007142857142857143 -0.5727745791862386 -0.22378936873743804 -0.22029912882720232 0 0 0
0.007142857142857143 0.0506968895685498 -0.11294076447460139 -0.13224039987267425 0 0 0
0.007142857142857143 0.17048506488204926 -0.21173029437133387 0.017100084625077568 0 0 0
0.007142857142857143 0.32492282320753885 0.03311053862091 0.061829820266187066 0 0 0
0.007142857142857143 0.011351288668607224 0.5527319821466706 -0.2855299393267706 0 0 0
0.007142857142857143 -0.4470251597236231 0.28852400305092274 0.20959278139516305 0 0 0
0.007142857142857143 0.18578160241540173 0.31149693374314785 0.041293034659377614 0 0 0
0.007142857142857143 -0.37467599609407876 -0.3994594316405886 -0.377809329136401 0 0 0
0.007142857142857143 0.15066781029694937 -0.2652460161337906 -0.034928526014348586 0 0 0
0.007142857142857143 0.3142197046962713 0.39973406017227303 -0.16142414299267277 0 0 0
0.007142857142857143 0.08735670707240373 0.2768118520721383 0.5598836310611551 0 0 0
0.007142857142857143 -0.452410143835725 0.26260123500256977 -0.28979797591439993 0 0 0
0.007142857142857143 0.05995805634634489 -0.47559252432899396 -0.3997718999807355 0 0 0
0.007142857142857143 0.4247542289590919 0.036686613935452014 -0.39163108347995235 0 0 0
0.007142857142857143 0.18372994140361287 0.06553097370735869 -0.0828386899210228 0 0 0
0.007142857142857143 0.10860989148435421 0.319439108137339 0.01872565848853459 0 0 0
0.007142857142857143 0.32668133318514325 0.261361595356322 -0.2947642155861275 0 0 0
0.007142857142857143 -0.4180829551205737 -0.00872714278882268 0.11388575608049517 0 0 0
0.007142857142857143 0.3079053648189616 -0.1361645986434931 0.12109102395939769 0 0 0
0.007142857142857143 0.42220855660942364 -0.21832743457016185 0.1035771471917562 0 0 0
0.007142857142857143 0.40664953866253245 -0.14079812690423785 0.37769856086039033 0 0 0
0.007142857142857143 -0.5223201057801827 0.0070365876361114296 -0.1720276127285648 0 0 0
0.007142857142857143 0.3550427193793705 0.009597300788597132 -0.34552970811531536 0 0 0
0.007142857142857143 -0.23273995427084923 0.47574539673931876 0.24107324253405285 0 0 0
0.007142857142857143 0.5066577709235305 0.14328969142112474 -0.08349394089593747 0 0 0
0.007142857142857143 -0.417905851687736 0.5403153833301299 0.048826155712044 0 0 0
0.007142857142857143 -0.4316818103041346 0.1533942392963065 -0.3043461657981035 0 0 0
0.007142857142857143 0.13321937461743633 0.01575201891665563 0.6535882429532127 0 0 0
0.007142857142857143 0.29774359980987203 -0.3038516436585947 -0.4727921567031563 0 0 0
0.007142857142857143 -0.07618872097153347 -0.39599733705725526 0.5391575407478949 0 0 0
0.007142857142857143 0.2963948891663925 0.32432293167662096 0.5228446690493282 0 0 0
0.007142857142857143 -0.05920516928578966 0.2210738758745478 0.3357730078490923 0 0 0
0.007142857142857143 -0.33127833142907653 0.1371058752471332 -0.025161898974829223 0 0 0
0.007142857142857143 0.4134278972663944 -0.26256273039350775 0.4797905702931816 0 0 0
0.007142857142857143 -0.28561258383489446 -0.19745150650184737 0.05772756006527176 0 0 0
0.007142857142857143 0.33805360066144946 0.3928348979023991 -0.04767577628459862 0 0 0
0.007142857142857143 -0.19367686863123862 -0.45084634504658666 -0.36506062568768705 0 0 0
0.007142857142857143 0.47091241011875956 0.4020945724309192 -0.12736057666838674 0 0 0
0.007142857142857143 -0.4113818475187071 -0.2165928760552694 -0.37958771354954046 0 0 0
0.007142857142857143 -0.22873314419598206 -0.3057628773110472 0.08916830133734624 0 0 0
0.007142857142857143 -0.1667489606084807 0.13347580357028058 -0.381858557324024 0 0 0
0.007142857142857143 -0.5510042534542272 0.08559076446380015 -0.3429377151105195 0 0 0
0.007142857142857143 0.1466328747841861 0.2940147039426133 -0.029846409316740142 0 0 0
0.007142857142857143 0.4008050382191483 0.1092538460194629 0.3440326154390339 0 0 0
0.007142857142857143 0.20928993104210392 0.00025028073533467924 0.6492308184531461 0 0 0
0.007142857142857143 0.09791934198849464 0.23052635221140008 -0.07401883823039584 0 0 0
0.007142857142857143 0.5359788633649386 0.04610746136919926 -0.017367708896349428 0 0 0
0.007142857142857143 0.3772760753634755 -0.11904337633492121 -0.43594777130474593 0 0 0
0.007142857142857143 0.1059411923074997 0.61387426912469 0.004193185298554792 0 0 0
0.007142857142857143 -0.5701927543511285 -0.04754463301761349 -0.10860964388667682 0 0 0
0.007142857142857143 -0.19594634358230578 -0.326247836225194 -0.22379459614314443 0 0 0
0.007142857142857143 -0.46330204543161196 0.39829668360240644 0.03658945554662843 0 0 0
0.007142857142857143 -0.36892225793854194 -0.2129756056011662 0.23903645375634117 0 0 0
0.007142857142857143 -0.45410431812217356 0.23456523025441978 -0.0223662627271263 0 0 0
0.007142857142857143 -0.3856938508510578 -0.10199071757356212 0.40841076943266563 0 0 0
0.007142857142857143 0.337099310275489 0.5510747438339357 -0.048228103176625084 0 0 0
0.007142857142857143 0.484165294057532 0.27255838940045657 -0.21372553520168838 0 0 0
0.007142857142857143 -0.3222660136625583 0.06406273033651233 0.20412709490932218 0 0 0
0.007142857142857143 -0.24202875922125103 0.4564892945595987 -0.050377613396480836 0 0 0
0.007142857142857143 0.06575042527887605 -0.3797622459918372 0.49763967959937067 0 0 0
0.007142857142857143 -0.4243974736138083 0.19499927906496803 -0.2842046486876243 0 0 0
0.007142857142857143 -0.17279958479145707 -0.2748083979307433 0.42928283304312526 0 0 0
0.007142857142857143 -0.2061788348622872 -0.16154123850778687 0.5110658400006204 0 0 0
0.007142857142857143 -0.43859420728595266 -0.15204683337221037 -0.32689998355899375 0 0 0
0.007142857142857143 0.20413266936362018 0.35985852622774867 0.24154132571075895 0 0 0
0.007142857142857143 0.3148201286957299 -0.47661254199252623 -0.28278765788624055 0 0 0
0.007142857142857143 -0.2144943450844982 0.5108103981238811 0.3358506489766878 0 0 0
0.007142857142857143 0.4309676508427246 0.12546595724409487 0.010371301995827035 0 0 0
0.007142857142857143 0.4432207434695714 -0.07989880855534637 0.16351689416493606 0 0 0
0.007142857142857143 0.21671212658001868 -0.37740672848495554 -0.1732850880248379 0 0 0
0.007142857142857143 0.4448766123087041 0.17697183975856987 -0.1035402242952267 0 0 0
0.007142857142857143 -0.10875498123625792 -0.30677272419138735 0.15038534384705377 0 0 0
0.007142857142857143 0.13696851192213855 -0.6504660132767082 -0.14545841244231114 0 0 0
0.007142857142857143 -0.13266372141937754 0.10034666631941494 -0.3389720903711306 0 0 0
0.007142857142857143 -0.10473155109781444 0.43765983720393986 0.04617390379125947 0 0 0
0.007142857142857143 0.5969773764154533 -0.0026689489858658213 -0.2697881346052937 0 0 0
0.007142857142857143 -0.16131455877825676 -0.2643218445252565 -0.38463426274134743 0 0 0
0.007142857142857143 0.1786774946829417 0.15097190000915467 0.644820734254825 0 0 0
0.007142857142857143 0.6018494815916209 0.004839420582008728 0.31695615596498283 0 0 0
0.007142857142857143 0.19158716851897528 0.44458262469583815 -0.411937026558308 0 0 0
0.007142857142857143 0.5874749006939667 0.32360156522756245 0.1597745620117856 0 0 0
0.007142857142857143 -0.11084787006141746 -0.0411724265304241 -0.17335762348783226 0 0 0
0.007142857142857143 -0.10035287920401223 0.3095966166584701 -0.37782490989007467 0 0 0
0.007142857142857143 -0.35596653219084357 -0.5012653497092487 -0.01563427754193612 0 0 0
0.007142857142857143 0.48090033198221227 -0.2531312804530726 -0.1642589101177123 0 0 0
0.007142857142857143 0.32911855833776615 -0.45167036717673575 -0.2980410604541169 0 0 0
0.007142857142857143 0.15148963102065768 -0.6287966421714282 -0.010018579658993946 0 0 0
0.007142857142857143 0.261950977386742 -0.21041993556272073 0.15116837202274858 0 0 0
0.007142857142857143 0.3255162497391075 -0.3055600081399711 -0.47213409065867484 0 0 0
0.007142857142857143 0.17978657633070208 0.4400817176218291 0.10573887939141455 0 0 0
0.007142857142857143 0.19171529931391385 -0.16134710508875885 -0.10808961751692012 0 0 0
0.007142857142857143 0.24554208712739806 -0.24244149193248402 0.16127453259514807 0 0 0
0.007142857142857143 -0.09343615879472747 -0.13795345047086507 0.2174178146057013 0 0 0
0.007142857142857143 0.23839358211201295 0.23319949597247125 0.3607749547645579 0 0 0
0.007142857142857143 0.23952753658963333 0.41872332017284014 -0.48051946616040203 0 0 0
0.007142857142857143 -0.028650633020801272 -0.24241786759894057 0.32606783055105715 0 0 0
0.007142857142857143 0.22813787825609122 0.43214081259645043 0.48361337251107 0 0 0
0.007142857142857143 0.36144707405134285 -0.5680245477576146 -0.09404333859639637 0 0 0
0.007142857142857143 -0.21528996472329553 0.597159825546908 -0.11430861167868188 0 0 0
0.007142857142857143 0.20224312713160986 0.5845953201025116 0.08286948167857523 0 0 0
0.007142857142857143 0.5666542809358779 -0.11575799332398318 -0.2297165351855379 0 0 0
0.007142857142857143 0.3026434739406274 -0.4679920680663572 0.14427835951599666 0 0 0
0.007142857142857143 0.2777545762011242 0.4507108481655056 0.1011678548253877 0 0 0
