340
0
0.0029411764705882353 -0.3077544184070239 -0.10989531301047924 -0.031976801733343545 0 0 0
0.0029411764705882353 -0.378388022308861 0.10385689810497185 -0.2782099697263756 0 0 0
0.0029411764705882353 0.12596230711571535 0.3621271876960631 -0.16348540806826878 0 0 0
0.0029411764705882353 0.35180201268757333 -0.3304201434432893 0.3297667815014123 0 0 0
0.0029411764705882353 0.23071046149058505 0.1522020704336584 0.3836925694297411 0 0 0
0.0029411764705882353 -0.47606183351567727 -0.10559872516372196 0.35647697791656824 0 0 0
0.0029411764705882353 0.32036095885084653 -0.32229725637616624 0.47747452282416797 0 0 0
0.0029411764705882353 0.24600147612523232 -0.2593838755380584 0.4596432593933705 0 0 0
0.0029411764705882353 -0.011007182899850834 -0.44672427221675626 0.4835838597333189 0 0 0
0.0029411764705882353 0.5400152120371781 0.19178086651380025 -0.11335419852974941 0 0 0
0.0029411764705882353 -0.27600522752265494 0.05212995173537521 0.23316644023863967 0 0 0
0.0029411764705882353 -0.43878334711023453 0.41749119277185953 0.09933955629345911 0 0 0
0.0029411764705882353 0.08533008379195288 0.590615193980697 0.13199786131150046 0 0 0
0.0029411764705882353 -0.1688779144489513 -0.4878622208404051 -0.3755553395504536 0 0 0
0.0029411764705882353 0.17785240285233375 -0.21473177289267562 0.5237766153457658 0 0 0
0.0029411764705882353 0.05189018652537708 -0.3018340768290688 0.5580855763776721 0 0 0
0.0029411764705882353 0.36859062312270413 -0.06859328474365137 -0.056610847672248436 0 0 0
0.0029411764705882353 0.4200781890164735 0.4561472539560111 0.19517022587490598 0 0 0
0.0029411764705882353 0.06347321691426862 0.03082458067133395 0.341131694650876 0 0 0
0.0029411764705882353 -0.2488907114779572 0.46732354031617446 -0.3148706225323931 0 0 0
0.0029411764705882353 -0.26060886201485123 0.4508753352086561 -0.17382288422486183 0 0 0
0.0029411764705882353 -0.22905081922271073 0.6173092220501118 -0.07475892767448196 0 0 0
0.0029411764705882353 -0.42871680725058475 -0.5301815509811105 -0.0759484007769664 0 0 0
0.0029411764705882353 0.1304356365034416 0.5773177717910047 0.3446448806655809 0 0 0
0.0029411764705882353 0.49477058463243373 -0.09458273219316718 -0.3773085763752875 0 0 0
0.0029411764705882353 -0.24879406459206754 -0.18015950046198728 0.2290397171192651 0 0 0
0.0029411764705882353 0.2008261824673496 0.07528084106734413 -0.604789323923554 0 0 0
0.0029411764705882353 0.35352150374096053 -0.31765631721176035 0.36997275636593996 0 0 0
0.0029411764705882353 -0.13359836059661637 0.13173744376260096 0.2021646431442708 0 0 0
0.0029411764705882353 -0.15795405020281947 -0.5220836290744724 0.16800233728002378 0 0 0
0.0029411764705882353 0.35127309157967035 -0.26641867590745827 -0.4706568234421454 0 0 0
0.0029411764705882353 -0.37345361965883594 -0.3048409350728474 0.05671320731880641 0 0 0
0.0029411764705882353 -0.02823135040033357 -0.19409355355541122 -0.04245734381795281 0 0 0
0.0029411764705882353 0.2353392852472911 0.18579100291009706 -0.5155839799689288 0 0 0
0.0029411764705882353 -0.45596212983502354 0.02335729746204627 0.5088455899765804 0 0 0
0.0029411764705882353 0.22723425395133276 0.5738717071830477 -0.18113193987398088 0 0 0
0.0029411764705882353 -0.041695866924866966 0.07742685150682029 -0.1551353681346207 0 0 0
0.0029411764705882353 -0.08065927542821863 0.5733408606880768 0.27067385428914753 0 0 0
0.0029411764705882353 -0.5189971497489706 0.2711527385148245 0.10190439697810229 0 0 0
0.0029411764705882353 0.32706655501081006 -0.007645780363800516 0.3538726488030673 0 0 0
0.0029411764705882353 -0.12905924444008052 0.1468080382231156 0.612414529851305 0 0 0
0.0029411764705882353 0.33233985123599213 0.26279185112286524 -0.5222727474681514 0 0 0
0.0029411764705882353 0.3700099606714748 0.08221831234770444 -0.448207046337606 0 0 0
0.0029411764705882353 -0.13667185314638994 -0.07767201532354068 0.4576283963742603 0 0 0
0.0029411764705882353 -0.19934183967077831 -0.12508154032284352 0.6471354413842751 0 0 0
0.0029411764705882353 0.5643684669026292 0.24568614758354843 0.17614642578100992 0 0 0
0.0029411764705882353 0.09403427461470748 0.18718031883544664 0.39887523518652435 0 0 0
0.0029411764705882353 0.08277061682552621 0.032395712541181045 -0.28562014842880035 0 0 0
0.0029411764705882353 -0.0990509292220078 -0.14196267011999078 0.12770141555466075 0 0 0
0.0029411764705882353 0.2561719032264603 0.021824532285671033 -0.5947731688494206 0 0 0
0.0029411764705882353 0.5129510108758207 0.24258064956611924 -0.14219029696745436 0 0 0
0.0029411764705882353 -0.4292530627359731 -0.0570623737433664 0.44348823719897235 0 0 0
0.0029411764705882353 -0.42805377423517654 -0.10052667130804568 -0.30294635888549315 0 0 0
0.0029411764705882353 -0.058857853176083275 0.5419443261153987 0.30395505978200005 0 0 0
0.0029411764705882353 -0.061636099307344136 -0.6484079613092248 0.2119102822704641 0 0 0
0.0029411764705882353 0.04318208140864277 -0.18693175548979585 0.31165601674367316 0 0 0
0.0029411764705882353 0.12636028469062693 -0.17631748527029045 -0.629485255579584 0 0 0
0.0029411764705882353 0.23137858326104555 0.14439244197580792 -0.5338911572446287 0 0 0
0.0029411764705882353 -0.1339611989128752 -0.23190509048288388 -0.5846292043290903 0 0 0
0.0029411764705882353 0.06250943542447696 -0.02935630362504372 -0.6579789503762651 0 0 0
0.0029411764705882353 -0.3017926176146891 -0.2579388782608699 -0.3749171338838318 0 0 0
0.0029411764705882353 -0.16615410298659997 -0.2912289151920006 -0.5033000337942753 0 0 0
0.0029411764705882353 -0.043736843169047246 0.17410984511516522 0.29203250305576917 0 0 0
0.0029411764705882353 -0.3641389771754817 0.21038185323234676 0.4684883170396816 0 0 0
0.0029411764705882353 -0.3727781312001818 0.39500877544227186 0.23392324243987966 0 0 0
0.0029411764705882353 -0.22070495583474053 -0.4930396011393486 0.37018203523916837 0 0 0
0.0029411764705882353 -0.39956183222589664 -0.03943447367673028 -0.351615197036478 0 0 0
0.0029411764705882353 -0.006356430295470976 0.2152321925344957 -0.2210855290224405 0 0 0
0.0029411764705882353 -0.4992706144713142 0.438543611737384 -0.09099129719327478 0 0 0
0.0029411764705882353 0.2931999276087602 0.19445813807362677 -0.2736827184824221 0 0 0
0.0029411764705882353 -0.20216393176061845 -0.3091077255424401 -0.4652107748820619 0 0 0
0.0029411764705882353 -0.01616513973173688 0.3750357620731535 -0.09009693023437343 0 0 0
0.0029411764705882353 0.5739879838015006 0.19091867970604917 0.3258956556776956 0 0 0
0.0029411764705882353 0.09538753811185176 0.5872373575684081 0.25277438742543484 0 0 0
0.0029411764705882353 -0.42048654020332776 -0.006629502215336544 0.012720233118147954 0 0 0
0.0029411764705882353 -0.06246622502430341 0.546111391951694 0.05987497247768268 0 0 0
0.0029411764705882353 -0.09972499847681773 0.4647620812611876 -0.40185325044917514 0 0 0
0.0029411764705882353 0.20804768678901076 0.5003385254545283 -0.16278039586883722 0 0 0
0.0029411764705882353 0.16145040310380862 0.03969270084820448 -0.11472838481199335 0 0 0
0.0029411764705882353 -0.008907920003365637 -0.4382684369963144 0.10591214219877276 0 0 0
0.0029411764705882353 -0.4515912194150931 0.48608143564022366 0.08925764315446659 0 0 0
0.0029411764705882353 -0.5062855458564343 0.2589461257826054 0.06738315244100686 0 0 0
0.0029411764705882353 0.11547154414689136 -0.11313317065454709 -0.2321329224639602 0 0 0
0.0029411764705882353 0.6485637876622932 0.10691645991316956 0.12854375670252435 0 0 0
0.0029411764705882353 -0.3533395544327031 0.2412183259145651 0.16945629761111028 0 0 0
0.0029411764705882353 0.28846458206089837 -0.18683301560019683 0.5098418310362332 0 0 0
0.0029411764705882353 -0.37142045493475706 -0.19814361529563013 0.02639259367110558 0 0 0
0.0029411764705882353 0.02599707156250881 0.6885347685004908 -0.006713302329569244 0 0 0
0.0029411764705882353 -0.1917341358488883 0.26976246934184517 0.46267514410242705 0 0 0
0.0029411764705882353 0.10926197011708697 -0.06122003504002558 -0.5452043532258153 0 0 0
0.0029411764705882353 -0.3285548409599843 0.07969004774441485 0.4444418649426235 0 0 0
0.0029411764705882353 -0.04934476394788653 -0.3097897746041984 0.47850002617520326 0 0 0
0.0029411764705882353 -0.4648590533386902 0.011544315252937391 -0.39630783496876776 0 0 0
0.0029411764705882353 0.15940045776618006 -0.17906200773169811 -0.3373498438148935 0 0 0
0.0029411764705882353 -0.15520802463360306 -0.28483331350713914 -0.4854556199575975 0 0 0
0.0029411764705882353 0.4188783929161303 0.4776272725452037 -0.044782704474556796 0 0 0
0.0029411764705882353 -0.18770825836558447 -0.5372873441007117 0.28148856498730535 0 0 0
0.0029411764705882353 -0.13408598074625028 -0.05714706814518524 -0.4173224740249221 0 0 0
0.0029411764705882353 -0.1577835388256813 -0.0001406897865676642 -0.1924058531644289 0 0 0
0.0029411764705882353 -0.037864414688093644 -0.418940801156229 -0.4634257889076878 0 0 0
0.0029411764705882353 0.018021502097283815 0.17000841779466191 0.19975671163560024 0 0 0
0.0029411764705882353 -0.29160604432977993 -0.5826720930077227 0.014644328566203865 0 0 0
0.0029411764705882353 0.02467658414612141 0.05319605904671878 -0.22564137379815757 0 0 0
0.0029411764705882353 -0.0046665541825356835 0.4181364255461004 -0.33785495020806033 0 0 0
0.0029411764705882353 -0.2623283557217286 0.145645081046667 -0.20340914612683786 0 0 0
0.0029411764705882353 -0.05154135986608697 -0.3866547371058146 0.47762777987791294 0 0 0
0.0029411764705882353 0.0074574779804696765 0.4591131353490209 -0.19866645045743267 0 0 0
0.0029411764705882353 0.07821297889204146 0.28039796950821183 -0.5748546944042455 0 0 0
0.0029411764705882353 0.3819523068445626 0.5208059099144557 -0.18446101329423073 0 0 0
0.0029411764705882353 0.38617380485182373 -0.0987223615200605 -0.007016522438823107 0 0 0
0.0029411764705882353 0.1409173192397983 -0.24243160630861793 0.4155132205114365 0 0 0
0.0029411764705882353 0.37054247655603667 -0.18580462080332028 0.29288504552869515 0 0 0
0.0029411764705882353 -0.09971921828716317 -0.3596036136306112 -0.3773784739662809 0 0 0
0.0029411764705882353 -0.1256260954803858 0.20501379307533227 0.15231749122938895 0 0 0
0.0029411764705882353 -0.0024050380409611828 -0.24705141943531098 0.638255507589423 0 0 0
0.0029411764705882353 -0.33388397069650877 -0.4609512530923285 0.1136128755525863 0 0 0
0.0029411764705882353 0.20563997799782519 0.5890559543551699 -0.2653811089447613 0 0 0
0.0029411764705882353 0.26510564458846964 -0.21273955926978816 0.2648351759015801 0 0 0
0.0029411764705882353 0.29296485203983896 -0.09258286511087277 0.10460492372412009 0 0 0
0.0029411764705882353 0.2664162229492334 -0.6242223937385422 -0.0938310332509147 0 0 0
0.0029411764705882353 -0.2947494843373114 0.1654531458068339 0.3658147701692545 0 0 0
0.0029411764705882353 -0.5537554725707104 0.1939294225194667 0.2498589329671158 0 0 0
0.0029411764705882353 0.2833581240321589 0.3884683389797799 0.34289014161533243 0 0 0
0.0029411764705882353 -0.036302665018128386 0.02372593173298914 -0.21302515349886827 0 0 0
0.0029411764705882353 -0.011567739471447106 -0.3069435513943899 0.4752980647160925 0 0 0
0.0029411764705882353 -0.4820452285163924 -0.1698369003173671 -0.24099467778661282 0 0 0
0.0029411764705882353 -0.2695266016360397 -0.18566012734499904 0.05734149039274948 0 0 0
0.0029411764705882353 0.03508690345741182 -0.20296340489128942 -0.44546662811881044 0 0 0
0.0029411764705882353 -0.44819876795995206 0.23507862548216005 0.04080051756160589 0 0 0
0.0029411764705882353 -0.39246728430326183 0.29206762154244964 0.22098108867182614 0 0 0
0.0029411764705882353 0.2350794354936314 -0.25770681293493286 0.4827352553412075 0 0 0
0.0029411764705882353 -0.4820412075098035 -0.01961313992956016 0.4651972261277831 0 0 0
0.0029411764705882353 0.48319494065147994 -0.06936848142096978 -0.02059299935063232 0 0 0
0.0029411764705882353 -0.30841464437360383 0.4429456001705438 0.25584892478737353 0 0 0
0.0029411764705882353 -0.16935926011536187 0.2022820486238446 -0.25845332389028247 0 0 0
0.0029411764705882353 0.03326518769871758 -0.23385175072875958 0.38951744420073936 0 0 0
0.0029411764705882353 0.49332029429704305 0.09140834684078852 -0.056011089971733416 0 0 0
0.0029411764705882353 0.6104251692366169 -0.09150576732101132 -0.2623886788601858 0 0 0
0.0029411764705882353 -0.0992408147006662 -0.416668248748272 -0.3989028960838794 0 0 0
0.0029411764705882353 -0.2564159616656898 0.08688821517444992 0.3202318480877524 0 0 0
0.0029411764705882353 0.005133188246688977 -0.6348307175141702 0.22344084238485526 0 0 0
0.0029411764705882353 0.02488330383432868 0.05981800648292464 -0.658475244700382 0 0 0
0.0029411764705882353 0.287597187594376 0.14144028199151462 0.4298863015866439 0 0 0
0.0029411764705882353 -0.282157248128247 0.44312645595378847 0.035582533624262565 0 0 0
0.0029411764705882353 -0.12062643877258694 0.32763436286779973 0.00950443016232264 0 0 0
0.0029411764705882353 0.058187491419368735 0.36523748747794826 0.1842527208077017 0 0 0
0.0029411764705882353 0.10855396429275879 0.4523559821968721 -0.12726018256970442 0 0 0
0.0029411764705882353 -0.3472509503341278 -0.226409283967874 -0.4645872426010772 0 0 0
0.0029411764705882353 0.021425470797203007 -0.3370080883130151 0.36771313378166526 0 0 0
0.0029411764705882353 -0.21728075368732064 0.18816154557216036 -0.26827634398644956 0 0 0
0.0029411764705882353 0.32593380742656675 -0.3225027813422221 -0.03289117449932863 0 0 0
0.0029411764705882353 0.5149516517664954 -0.27544896616323855 -0.1016548761626481 0 0 0
0.0029411764705882353 -0.07468912268565267 0.17950877496304082 -0.1457592454082477 0 0 0
0.0029411764705882353 -0.2217035918206773 -0.3761995133752354 -0.3169023342162114 0 0 0
0.0029411764705882353 -0.38426460290868597 0.3747894599184222 -0.00046265354320502744 0 0 0
0.0029411764705882353 0.555605676334773 -0.1460732943693435 0.1590030682534652 0 0 0
0.0029411764705882353 0.12394264245752504 0.43908022473838026 -0.5080005951846512 0 0 0
0.0029411764705882353 -0.08472304706106527 -0.5793802144619457 0.30087657875493806 0 0 0
0.0029411764705882353 0.12160378468081386 -0.3752877998595177 -0.46483238636686963 0 0 0
0.0029411764705882353 0.3379779483408712 -0.008663026292636844 -0.028044993866357157 0 0 0
0.0029411764705882353 0.255419432556147 0.5027009674969424 -0.21605901288688567 0 0 0
0.0029411764705882353 0.46813555041077437 -0.23280404603082167 -0.13929542572877907 0 0 0
0.0029411764705882353 -0.3495427775595575 -0.30652419998128483 -0.03822485121237666 0 0 0
0.0029411764705882353 -0.3077101347105361 0.400339521041733 -0.4264136663570749 0 0 0
0.0029411764705882353 -0.18568374382300412 -0.16685438701605923 -0.5188961354183634 0 0 0
0.0029411764705882353 0.548432138489712 -0.2229767260553162 -0.03327328427606703 0 0 0
0.0029411764705882353 -0.09662671616651085 0.5613338764475645 0.23003389830739357 0 0 0
0.0029411764705882353 0.1627242768541893 0.23084646107290732 0.012542172150239393 0 0 0
0.0029411764705882353 -0.05275005469713546 -0.17866619160229047 0.6565727084892875 0 0 0
0.0029411764705882353 -0.5472718462067062 -0.11172213370682899 0.25442033586293245 0 0 0
0.0029411764705882353 -0.20391947454968348 0.5184906685988956 -0.2770420486019263 0 0 0
0.0029411764705882353 0.24999590836727678 0.05510781064034171 0.6174687175029695 0 0 0
0.0029411764705882353 -0.16645958433825853 -0.04089815994563123 0.08788981460851958 0 0 0
0.0029411764705882353 -0.3168075962132956 0.3352630915593533 0.47349011894328213 0 0 0
0.0029411764705882353 -0.15854531787700873 0.6056799813755105 -0.24045477137454752 0 0 0
0.0029411764705882353 -0.5144303989952704 -0.11473089904169129 0.05055643498662144 0 0 0
0.0029411764705882353 0.43345148230784064 -0.37123153307315565 -0.3252927692004384 0 0 0
0.0029411764705882353 0.40525364266376473 -0.02849283357331931 -0.43940031228181203 0 0 0
0.0029411764705882353 0.17949956687323462 -0.3286987204922892 0.40480004771762307 0 0 0
0.0029411764705882353 -0.04408233719991248 0.1552601478061836 -0.5729419973494092 0 0 0
0.0029411764705882353 0.0028717839943389447 -0.14111040923283116 -0.6556785932400289 0 0 0
0.0029411764705882353 -0.3394473795631121 -0.11849300197379203 -0.29877619440883163 0 0 0
0.0029411764705882353 0.5243727553688075 0.1819187168655192 0.3311995660544988 0 0 0
0.0029411764705882353 0.22327927265871314 0.3368776246681628 -0.1259947148912946 0 0 0
0.0029411764705882353 0.5016976415893373 0.3328256685731032 0.06589073776672677 0 0 0
0.0029411764705882353 -0.05064387108910209 0.25800114227562 0.18274639770309725 0 0 0
0.0029411764705882353 -0.6077050672113378 0.13564766002328596 0.21080385706206273 0 0 0
0.0029411764705882353 -0.649219585676642 -0.12762146457216317 0.16955628927697236 0 0 0
0.0029411764705882353 0.21602142712505829 -0.010490344764507898 0.07071811613095866 0 0 0
0.0029411764705882353 0.10881894158293096 -0.0038730289718223107 0.19620961857119393 0 0 0
0.0029411764705882353 0.4243232554421595 -0.4168911413113101 0.12364162222433857 0 0 0
0.0029411764705882353 -0.4176133695401473 -0.06534947849516907 -0.09245423537762365 0 0 0
0.0029411764705882353 -0.3014025880498047 -0.4042357795461507 0.13025040760931977 0 0 0
0.0029411764705882353 0.06752692394677726 0.484450615494455 -0.2983828927920543 0 0 0
0.0029411764705882353 -0.5302341276470216 0.19731259336144272 0.18712761228126903 0 0 0
0.0029411764705882353 0.1159156440121056 0.09048170604972437 0.3241503007904632 0 0 0
0.0029411764705882353 0.5692159136460898 -0.005008311118264622 -0.046383395699693845 0 0 0
0.0029411764705882353 0.045360881464020654 0.002667340180858967 0.36351741001010063 0 0 0
0.0029411764705882353 0.11797750201778447 0.33288464365556875 0.307057490957063 0 0 0
0.0029411764705882353 0.38615844367990704 0.4334936463316221 -0.19537840683931376 0 0 0
0.0029411764705882353 0.14081868061794858 -0.21463281184022134 -0.4913435548345631 0 0 0
0.0029411764705882353 -0.29922281250734806 -0.21375190744859948 -0.5796410160559031 0 0 0
0.0029411764705882353 -0.6620966642935804 0.17145762142779566 0.09468768430012628 0 0 0
0.0029411764705882353 -0.05562309890969462 0.04472821578887773 -0.045204990437817234 0 0 0
0.0029411764705882353 -0.255452322264393 -0.44110955222983633 -0.05450400240981911 0 0 0
0.0029411764705882353 0.252514133524152 -0.32370122279504604 0.2060335650243141 0 0 0
0.0029411764705882353 -0.4490117240264313 -0.5082361647711825 -0.015750994574310433 0 0 0
0.0029411764705882353 0.5430795894019353 -0.12280401241402067 -0.11090728747689149 0 0 0
0.0029411764705882353 0.23278828805179136 0.6124022161348488 0.16532999614634095 0 0 0
0.0029411764705882353 0.4911339282796967 0.28267872449166476 0.15422307537348268 0 0 0
0.0029411764705882353 0.6006970864666492 -0.05687542831266876 0.1493350277392924 0 0 0
0.0029411764705882353 0.6083558824063638 -0.06889744267027124 0.014070344169998094 0 0 0
0.0029411764705882353 0.04166965339621924 0.12269344593709193 0.10218730650565155 0 0 0
0.0029411764705882353 -0.062499301699934146 0.13336841232926966 0.4891405409469091 0 0 0
0.0029411764705882353 -0.035838826416894995 -0.1693120764958254 -0.6464975425417462 0 0 0
0.0029411764705882353 0.24654784493171167 0.17210810104998953 0.5974822446374759 0 0 0
0.0029411764705882353 0.07121051142500101 -0.46372623982121736 -0.4364794869414731 0 0 0
0.0029411764705882353 0.03767040341456524 -0.24166951782706655 0.013520703387800962 0 0 0
0.0029411764705882353 -0.10840123842374472 -0.07409498708919504 -0.037631428745649786 0 0 0
0.0029411764705882353 -0.4637111963016335 -0.4140522934184314 -0.17485862980857217 0 0 0
0.0029411764705882353 -0.137162295098814 0.6022731384961594 0.15942017417203158 0 0 0
0.0029411764705882353 0.3113685895873693 -0.017858396890361727 -0.2743311114556323 0 0 0
0.0029411764705882353 0.3377044689997243 0.09759622602487097 -0.4524265182786738 0 0 0
0.0029411764705882353 -0.01716455098622294 0.1288639169366698 -0.2138624429088222 0 0 0
0.0029411764705882353 -0.015649590541392953 0.3505169270864035 0.10911439670132991 0 0 0
0.0029411764705882353 0.015347675376688458 0.11403199687384051 0.5459782564434877 0 0 0
0.0029411764705882353 -0.22786002404085803 0.09204337588344612 -0.42615400550565075 0 0 0
0.0029411764705882353 -0.04851139040062733 -0.2942354584373975 -0.3682695460359142 0 0 0
0.0029411764705882353 0.2968955417132036 -0.5922437491950487 0.1274351355550674 0 0 0
0.0029411764705882353 0.529774889715516 -0.30924504097715283 0.1527501755686738 0 0 0
0.0029411764705882353 -0.033626726836353184 -0.26107102021027695 0.6220904486571829 0 0 0
0.0029411764705882353 0.10310376333072555 -0.31580292364402784 -0.18405131858152465 0 0 0
0.0029411764705882353 -0.6322844335358925 0.033034914726162996 0.14592475880023667 0 0 0
0.0029411764705882353 -0.14209920444129703 0.35885556915287425 0.4805277525751096 0 0 0
0.0029411764705882353 0.37100827226168165 -0.5161664880377095 0.09806873221541032 0 0 0
0.0029411764705882353 0.2007065402807485 0.2734475608051967 -0.17841796448892677 0 0 0
0.0029411764705882353 0.2666890468645643 -0.32297188224771195 0.007102657913073726 0 0 0
0.0029411764705882353 0.20865429242535938 -0.439470870477794 0.2503604625642724 0 0 0
0.0029411764705882353 -0.329513679170464 0.23335380149877383 -0.4965940462994753 0 0 0
0.0029411764705882353 0.1276311443656469 0.41132959438679667 -0.19465766255623912 0 0 0
0.0029411764705882353 -0.5611067889424705 0.053159018830511925 0.2170365653387172 0 0 0
0.0029411764705882353 0.5053442533944985 -0.20231684987089527 -0.3993219810666233 0 0 0
0.0029411764705882353 0.5327557046686678 -0.10927376098337319 -0.36011734045827404 0 0 0
0.0029411764705882353 -0.45399996682182153 0.14596979789235873 0.3679337117410959 0 0 0
0.0029411764705882353 0.5133689972127767 0.1596589940262 0.11913691090804956 0 0 0
0.0029411764705882353 0.2211784142693133 -0.12149096282271564 -0.45716518423562025 0 0 0
0.0029411764705882353 0.057072006348768654 0.30011840238260645 0.0075515130125608934 0 0 0
0.0029411764705882353 0.19092168451994806 -0.03681346000503704 0.26476021770182295 0 0 0
0.0029411764705882353 -0.4668691345931776 0.46330833933156856 0.07396775185451387 0 0 0
0.0029411764705882353 -0.3772509682342019 -0.03666389829786401 -0.3933554041496668 0 0 0
0.0029411764705882353 -0.03938899299859017 0.3147738756632691 0.36220495030304967 0 0 0
0.0029411764705882353 0.2219705754191154 0.6165727975919477 -0.20986278700054004 0 0 0
0.0029411764705882353 0.4821006543142395 -0.2820505791993419 -0.37958938878932813 0 0 0
0.0029411764705882353 -0.1710656927806073 -0.34913664839296926 -0.3032726780609121 0 0 0
0.0029411764705882353 0.21554257408556282 0.40942771498262026 -0.3753413791428782 0 0 0
0.0029411764705882353 0.490177081987142 0.17624805757139936 -0.21600119173212096 0 0 0
0.0029411764705882353 -0.2884638000992879 -0.36384582782245983 0.05620612067372824 0 0 0
0.0029411764705882353 -0.31559877716943247 -0.053871222487363694 0.18207558225099918 0 0 0
0.0029411764705882353 0.2346584183415918 -0.5764850537108854 -0.14888513723609528 0 0 0
0.0029411764705882353 -0.23043482808176632 0.15355443219567885 -0.4926699111145324 0 0 0
0.0029411764705882353 -0.40032695021987563 0.3135989653951141 -0.2678486521250969 0 0 0
0.0029411764705882353 -0.334722981866422 -0.0021363158922346496 -0.22788190717611773 0 0 0
0.0029411764705882353 -0.020093575353550386 0.4094285322972488 0.10544957568506735 0 0 0
0.0029411764705882353 -0.48217252068934846 -0.2033294576749172 -0.2460477654683961 0 0 0
0.0029411764705882353 0.29355223255736745 0.5891095300905449 -0.12149198993199521 0 0 0
0.0029411764705882353 0.23838688265457442 -0.2638834274250871 0.12198005268149809 0 0 0
0.0029411764705882353 0.24490845226073688 0.2536104096339104 -0.48176349272084446 0 0 0
0.0029411764705882353 -0.09968267649484978 -0.470290814213288 0.2500225978879919 0 0 0
0.0029411764705882353 0.45036455034839357 -0.13576191690549558 0.05676411887891462 0 0 0
0.0029411764705882353 0.08874682947511181 0.4369551214599487 -0.2969774731350877 0 0 0
0.0029411764705882353 0.5907821419000342 -0.18613746564962588 0.17804996409163099 0 0 0
0.0029411764705882353 0.5022108488468284 -0.36107175215099774 0.22982773913408103 0 0 0
0.0029411764705882353 -0.31795722322538816 0.040344385531818634 0.4530935355704916 0 0 0
0.0029411764705882353 -0.22626961473817567 -0.5384492734430535 0.09189395572994466 0 0 0
0.0029411764705882353 -0.17310065522645296 0.3279937318284448 0.16787686542241542 0 0 0
0.0029411764705882353 -0.130689133038643 0.07974923162726519 -0.1981421934779796 0 0 0
0.0029411764705882353 -0.4501692737486666 0.3029130078096198 -0.1689270915478753 0 0 0
0.0029411764705882353 -0.05954812065278589 0.13054543997264587 -0.5902559504672862 0 0 0
0.0029411764705882353 0.09338764463902718 -0.3953726389504083 -0.45219344183193017 0 0 0
0.0029411764705882353 0.010624966336291765 0.17470867203432264 0.35322445445687295 0 0 0
0.0029411764705882353 0.021447604728385496 -0.4900691429104469 0.1851802215636019 0 0 0
0.0029411764705882353 0.08777376191722122 0.08019113420766624 -0.4212561327477981 0 0 0
0.0029411764705882353 0.12285237520784033 0.5501839192320901 -0.17469733420399067 0 0 0
0.0029411764705882353 0.24377505215845768 -0.4178967367786858 -0.1750142128515778 0 0 0
0.0029411764705882353 -0.34221249095920386 -0.01746489664120908 -0.5525256444329749 0 0 0
0.0029411764705882353 -0.09401425636751956 0.20193251041822968 -0.6556380012528926 0 0 0
0.0029411764705882353 -0.18287517369847298 0.20497402158185063 0.4642289015970532 0 0 0
0.0029411764705882353 0.020588664709052202 0.1845287017759782 0.6432372644632491 0 0 0
0.0029411764705882353 0.029177904393608897 0.042892936724787556 0.6412968947368255 0 0 0
0.0029411764705882353 -0.21339779285137161 -0.11159693769908197 -0.5607683598918746 0 0 0
0.0029411764705882353 0.28656011016749333 0.36210650243444703 0.4807314235771302 0 0 0
0.0029411764705882353 -0.21618986702353715 0.052212971773608105 -0.24056890204726145 0 0 0
0.0029411764705882353 -0.48928326421346313 0.2194805440914303 -0.08440624605532107 0 0 0
0.0029411764705882353 -0.07490762567450127 0.09173660160870181 0.39936892170287547 0 0 0
0.0029411764705882353 0.5701916961106318 0.04922262680772787 -0.35517853963680424 0 0 0
0.0029411764705882353 0.2643694974069352 -0.5144304871344372 0.012688619028680249 0 0 0
0.0029411764705882353 0.17899629680146484 -0.258923663782013 -0.06135211773368961 0 0 0
0.0029411764705882353 0.16233388394828818 -0.4753024402643601 0.1545205759996377 0 0 0
0.0029411764705882353 0.04865129691431282 -0.09297541700642041 0.48298955045528236 0 0 0
0.0029411764705882353 0.517788045155848 0.22989429808540482 -0.3319233141415956 0 0 0
0.0029411764705882353 -0.361951219238545 -0.12028053022169022 -0.2137552943756337 0 0 0
0.0029411764705882353 0.21312781834699585 0.34112908496344085 -0.1514969097622362 0 0 0
0.0029411764705882353 -0.13830098616124697 -0.379817305449146 0.3052707092039897 0 0 0
0.0029411764705882353 -0.06982785894868682 0.1226793627756745 -0.6040463601658845 0 0 0
0.0029411764705882353 0.41545408448834475 0.47031177966355636 0.03188311382749452 0 0 0
0.0029411764705882353 0.24248837722765657 0.16032490988961787 0.5685570300979153 0 0 0
0.0029411764705882353 -0.3428998990254511 0.15363575984915948 0.04716023415062263 0 0 0
0.0029411764705882353 -0.1848035675958423 0.26906509460441486 -0.4630568185322985 0 0 0
0.0029411764705882353 -0.14779733721878371 -0.5951242546407719 -0.013776720581351088 0 0 0
0.0029411764705882353 0.24638411346009728 0.34749226183234433 0.36179034284704514 0 0 0
0.0029411764705882353 -0.17587469813937137 -0.2310239965435108 0.027757915546799586 0 0 0
0.0029411764705882353 -0.11893554604979782 0.4949736697799622 0.3407280840503745 0 0 0
0.0029411764705882353 0.2592797980326583 -0.45977446099918295 -0.3623002400008043 0 0 0
0.0029411764705882353 -0.2099832852898133 0.31486352813464763 0.35605033061381086 0 0 0
0.0029411764705882353 0.17297501489690528 0.46412788641829417 0.43602488729157035 0 0 0
0.0029411764705882353 -0.5414583437984896 -0.1630261830943705 -0.2873219287205775 0 0 0
0.0029411764705882353 -0.1605959866695547 -0.30831361609606933 -0.41524795663531006 0 0 0
0.0029411764705882353 -0.27176383192846937 0.4843698696356541 0.08310499557321625 0 0 0
0.0029411764705882353 -0.14116671764942876 -0.578294468722446 -0.0755512452035515 0 0 0
0.0029411764705882353 0.25251844906354565 -0.3012605212589117 -0.5411153343244617 0 0 0
0.0029411764705882353 -0.2128235187023962 0.11791238316038476 0.21574718794146547 0 0 0
0.0029411764705882353 -0.0007013196782306079 -0.19452415810665252 0.6045482527948852 0 0 0
0.0029411764705882353 0.044983117135520376 0.2462268395552816 0.10108795197851808 0 0 0
0.0029411764705882353 -0.48682347182088465 0.26643920756340844 0.2061127764292616 0 0 0
0.0029411764705882353 -0.03226531556963155 0.28341499313771 0.05688906686676037 0 0 0
0.0029411764705882353 0.06121288542274133 -0.09225834977431589 0.45894099941967437 0 0 0
0.0029411764705882353 -0.5406709265425585 -0.06718781001071747 0.14398174991981616 0 0 0
0.0029411764705882353 -0.19357705560622787 -0.34828152573466675 -0.1633364221277701 0 0 0
0.0029411764705882353 -0.0821936864057037 0.23434036466277341 -0.3947022303236875 0 0 0
0.0029411764705882353 0.0522619473925193 0.4175251062016253 -0.29838186014916446 0 0 0
0.0029411764705882353 -0.486328372763123 -0.10091908426192743 0.2513692018811283 0 0 0
0.0029411764705882353 0.023914483267127685 0.008228648285612487 -0.6545015856313128 0 0 0
0.0029411764705882353 -0.07593367234946495 -0.35822642021980966 0.04340231305122213 0 0 0
0.0029411764705882353 -0.10197794336823901 0.1676115408462437 -0.04611741605632641 0 0 0
0.0029411764705882353 0.28197632864890493 -0.20039598309267387 -0.22370072602909413 0 0 0
0.0029411764705882353 -0.18039941762910186 -0.17283449038944496 -0.11711467900590787 0 0 0
0.0029411764705882353 0.4980797212539523 0.30709463493729156 0.2563816695234617 0 0 0
0.0029411764705882353 0.0038235902949952816 0.6389233424137605 -0.004201287456201843 0 0 0
0.0029411764705882353 -0.1060382137282898 -0.3902983053919464 0.2177492950070797 0 0 0
0.0029411764705882353 0.3440251171195358 -0.3394539384946023 -0.11678655510908825 0 0 0
