300
0
0.0033333333333333335 -0.06641669210798941 0.5829954335489217 0.21417056994405373 0 0 0
0.0033333333333333335 -0.3025533469461455 -0.07370876730163192 0.2418005752242132 0 0 0
0.0033333333333333335 -0.25749645556809575 0.08017571180857044 -0.08801272302442127 0 0 0
0.0033333333333333335 0.1874409621204522 -0.09892207933167914 -0.44317918103312043 0 0 0
0.0033333333333333335 0.3895418386089403 0.17375064885523386 0.38252389870628445 0 0 0
0.0033333333333333335 -0.45633446892663676 -0.4053534007430314 -0.1233928082938528 0 0 0
0.0033333333333333335 -0.5385680082917977 -0.0009455416705559967 0.22749558140572604 0 0 0
0.0033333333333333335 0.38763671064422817 0.3757229851574174 -0.3301292038060488 0 0 0
0.0033333333333333335 -0.3489080085812518 -0.4868761235030115 0.3171757009994122 0 0 0
0.0033333333333333335 -0.30219786538659965 0.2759731843840554 0.3452518377511121 0 0 0
0.0033333333333333335 0.13974671101927094 0.470242885462002 -0.42607273895646924 0 0 0
0.0033333333333333335 -0.3953103362518449 0.0007988621595702794 0.5490970771092003 0 0 0
0.0033333333333333335 -0.08246543635059254 -0.4909077378023133 0.4259475756530625 0 0 0
0.0033333333333333335 0.40395680162662806 0.2586044534272803 0.26459552374572837 0 0 0
0.0033333333333333335 -0.24877527770470484 -0.580185972699255 -0.2500648328450835 0 0 0
0.0033333333333333335 -0.15498513340736686 0.28623037267531143 -0.43900317838544833 0 0 0
0.0033333333333333335 0.11310386331792974 -0.16075260694588572 -0.11571913448212835 0 0 0
0.0033333333333333335 -0.47319202800756904 -0.3596224159035536 0.08408870480471803 0 0 0
0.0033333333333333335 -0.21547326769695524 0.23673284544000045 -0.15051226782433716 0 0 0
0.0033333333333333335 0.37956439418810267 0.2946943342728045 0.22078845696597846 0 0 0
0.0033333333333333335 -0.43793227147919994 0.26042392474796544 0.0727155894192777 0 0 0
0.0033333333333333335 0.5024185583806963 0.06504174346216103 0.3239949875438874 0 0 0
0.0033333333333333335 0.1272744986933192 0.16438266785910477 0.23252043597013608 0 0 0
0.0033333333333333335 -0.20918755081194315 -0.3188926834584177 0.5430445013744427 0 0 0
0.0033333333333333335 -0.010016813865106142 0.2055210679188897 -0.638154900598508 0 0 0
0.0033333333333333335 0.2310433653763983 0.40335240048840976 0.1158766510095174 0 0 0
0.0033333333333333335 0.12445489776912994 0.11697084106606952 -0.3586100271198463 0 0 0
0.0033333333333333335 0.35599588585984693 0.41042052962586967 -0.046597281904954595 0 0 0
0.0033333333333333335 -0.5143246996163742 0.07779190326109849 0.14696335774285582 0 0 0
0.0033333333333333335 -0.33946627364539855 0.4381992522318369 0.16060947424853872 0 0 0
0.0033333333333333335 0.03176083910849563 -0.6007349701273033 0.16522352645432822 0 0 0
0.0033333333333333335 -0.41733526795522824 0.22241113885507324 -0.3757684311454891 0 0 0
0.0033333333333333335 -0.15791709457215838 -0.13576294997171748 -0.11508152736376116 0 0 0
0.0033333333333333335 -0.32301904639834983 0.2513974873695521 -0.07563975964323956 0 0 0
0.0033333333333333335 0.4309647295082998 -0.35746473816822383 -0.1950577668921609 0 0 0
0.0033333333333333335 0.089826898106941 -0.3648293513109987 0.2733110194274025 0 0 0
0.0033333333333333335 0.4848385427676638 -0.33054558795430483 0.34550456708532007 0 0 0
0.0033333333333333335 -0.4491291485705207 0.2500264316350004 -0.3031916337555293 0 0 0
0.0033333333333333335 -0.3689225365286833 -0.3324268088728285 0.1698512719388969 0 0 0
0.0033333333333333335 -0.2655260175072871 -0.020718751143207807 0.2410971708707976 0 0 0
0.0033333333333333335 -0.3864181167197906 0.2629405760960889 -0.32713143294645824 0 0 0
0.0033333333333333335 -0.41168888719293517 0.12150937708725212 -0.21606407902392205 0 0 0
0.0033333333333333335 0.587300978524871 0.1582427203973129 0.2611431513804348 0 0 0
0.0033333333333333335 0.023462025898004304 0.5758543013561476 -0.31108653134995123 0 0 0
0.0033333333333333335 -0.6548973657024072 -0.04889887985703604 0.028569838958058574 0 0 0
0.0033333333333333335 0.22444048199399347 -0.5791478735383284 0.22434176061752792 0 0 0
0.0033333333333333335 0.6060993261587422 0.30252763642934005 0.11417814102356133 0 0 0
0.0033333333333333335 0.23638691344173812 0.16107763078275358 -0.4584091188837656 0 0 0
0.0033333333333333335 -0.2550422847291816 0.11874833316022146 -0.43457613293627073 0 0 0
0.0033333333333333335 0.25243589287878526 0.4872744862866364 0.11763976651369955 0 0 0
0.0033333333333333335 0.18317196742881894 0.11030562078721169 0.1686894408437372 0 0 0
0.0033333333333333335 0.038968914394905595 0.10741660233740925 0.000891720818506779 0 0 0
0.0033333333333333335 0.23867819966114748 0.32998269519960105 0.4101837012546081 0 0 0
0.0033333333333333335 -0.26984523989336767 -0.3535035151484369 0.042518085085340024 0 0 0
0.0033333333333333335 -0.4448103448911737 -0.11786342074340517 0.2795727472371642 0 0 0
0.0033333333333333335 -0.17962287725808787 -0.4650623382490952 0.03372006404594059 0 0 0
0.0033333333333333335 -0.24182172400876836 -0.46485252120804976 0.2762863565802217 0 0 0
0.0033333333333333335 0.5083546641253308 0.12819976195796498 0.4067320433089622 0 0 0
0.0033333333333333335 -0.10274323083930897 -0.3088547053129512 0.3025101274487873 0 0 0
0.0033333333333333335 0.06269755673972627 -0.5222396219297879 -0.02901916285261543 0 0 0
0.0033333333333333335 0.32669638429604225 0.4068379647641102 -0.04920064994358528 0 0 0
0.0033333333333333335 0.10961601224549648 0.2998446807658242 0.5150216654450139 0 0 0
0.0033333333333333335 0.15035261280044424 0.29588579737035015 0.06275862473015938 0 0 0
0.0033333333333333335 -0.09990400403912661 0.40180331745075065 -0.4605936785531847 0 0 0
0.0033333333333333335 -0.19966293684818973 0.10684200162218764 0.6098677251952775 0 0 0
0.0033333333333333335 0.04874542971345886 -0.6584212976722941 -0.15896002667975467 0 0 0
0.0033333333333333335 0.6786128796191837 -0.0678691392731866 0.11986906976833377 0 0 0
0.0033333333333333335 0.4735038597855156 -0.25687093469643263 -0.11108566695059864 0 0 0
0.0033333333333333335 0.08856307302658475 0.13219391482081896 0.09716934631911546 0 0 0
0.0033333333333333335 0.024169848830932282 -0.393502341314466 -0.3384390404136421 0 0 0
0.0033333333333333335 -0.14033659788274722 0.2380080172227024 -0.22073299161439947 0 0 0
0.0033333333333333335 -0.44438591090915486 -0.17696369969776554 -0.2044127458118515 0 0 0
0.0033333333333333335 -0.2547628868501951 -0.4581517372221174 0.29734418993136663 0 0 0
0.0033333333333333335 0.37075320830506786 0.1640766666802911 0.26184098925446797 0 0 0
0.0033333333333333335 -0.12623550299417127 0.3074955824391177 0.1808724764861519 0 0 0
0.0033333333333333335 0.2173503876654861 0.2202437143130722 -0.06864650460761798 0 0 0
0.0033333333333333335 -0.19666040503716564 0.5796083343597938 -0.10556807038039157 0 0 0
0.0033333333333333335 -0.17247790459717433 -0.6571583061254112 -0.03260250376190133 0 0 0
0.0033333333333333335 0.27582584519352193 0.40422457723679506 -0.2656191270783305 0 0 0
0.0033333333333333335 0.09742874629169145 0.01622798308045132 -0.4264657149044516 0 0 0
0.0033333333333333335 -0.04042594136291967 -0.20077354807454742 -0.2924915618148506 0 0 0
0.0033333333333333335 -0.19879470890651926 0.26150075123996236 -0.48687633007692116 0 0 0
0.0033333333333333335 0.3390184663153021 0.3203897185618707 0.14885623581088758 0 0 0
0.0033333333333333335 -0.22845127352458908 -0.23135400531719294 -0.44345402095583386 0 0 0
0.0033333333333333335 -0.6070737118908205 0.2820999407326113 0.058589454946686464 0 0 0
0.0033333333333333335 -0.0459716561307109 -0.29163668735802184 -0.23989521319433033 0 0 0
0.0033333333333333335 0.017935356063023253 -0.5182435566776696 0.29728890352778753 0 0 0
0.0033333333333333335 0.05759140982565536 0.423020458081675 -0.37037476283297327 0 0 0
0.0033333333333333335 0.4375598538251318 0.195304900944096 -0.07315558929614006 0 0 0
0.0033333333333333335 0.20444180540788348 -0.42183952093225335 -0.48679345231784965 0 0 0
0.0033333333333333335 0.3006379822663487 -0.2533799085924396 -0.42670791214975656 0 0 0
0.0033333333333333335 0.06242049417594519 -0.5924962713561022 -0.1741193837183719 0 0 0
0.0033333333333333335 0.34564498213014927 0.234267800003511 0.47712077829099414 0 0 0
0.0033333333333333335 0.35058581250975274 0.5425931550113517 0.09532635808041172 0 0 0
0.0033333333333333335 0.08747541592800104 0.13628872750270385 0.1513187479517875 0 0 0
0.0033333333333333335 -0.267091535539461 -0.413971965540299 0.2560261279059194 0 0 0
0.0033333333333333335 -0.3488329668657097 0.39770561127257786 -0.3769597236624721 0 0 0
0.0033333333333333335 0.5290487846871215 -0.34744743833470004 -0.05765185990659099 0 0 0
0.0033333333333333335 0.03362559245761015 -0.08748506039535502 0.457226424058116 0 0 0
0.0033333333333333335 0.049390199207802736 0.25580450757627504 0.48511932113240613 0 0 0
0.0033333333333333335 -0.0070364948918549075 0.42138254580755596 -0.4808338940231063 0 0 0
0.0033333333333333335 -0.19063075159219695 -0.6132606193374146 -0.11820487222509284 0 0 0
0.0033333333333333335 -0.5088264342530544 -0.2040827016734997 0.12680504761536848 0 0 0
0.0033333333333333335 0.15227360319805294 0.0380619411269986 -0.5739894313473127 0 0 0
0.0033333333333333335 -0.12875373537980436 0.40672239950269606 -0.37611425842765733 0 0 0
0.0033333333333333335 -0.4580396312933952 0.029950199431742684 0.1727432948411028 0 0 0
0.0033333333333333335 0.057473180712326995 0.1727417112212464 0.3059550590090295 0 0 0
0.0033333333333333335 0.2738467784277931 0.2866175457519149 -0.24891100671085895 0 0 0
0.0033333333333333335 0.09566279023128052 0.40458539991415604 -0.03773905710038795 0 0 0
0.0033333333333333335 0.1868697532229996 -0.057259659199298554 0.5867047221032464 0 0 0
0.0033333333333333335 -0.15221361132033145 -0.010705436917180167 -0.6457210475013598 0 0 0
0.0033333333333333335 0.418054849804861 0.3641822619358265 -0.05142850987156095 0 0 0
0.0033333333333333335 0.2520002399010176 -0.0022962544855103712 0.5877863667330446 0 0 0
0.0033333333333333335 -0.1463455432589445 -0.08211576912786553 -0.37987043166714174 0 0 0
0.0033333333333333335 -0.014570936063314898 0.24971320746985304 -0.10484660412706906 0 0 0
0.0033333333333333335 0.06688256595744183 0.1924889202199454 0.3848150896194919 0 0 0
0.0033333333333333335 -0.39752240723783305 0.27404068234211015 -0.19681268502750301 0 0 0
0.0033333333333333335 -0.14551704959531914 -0.34368172780677003 -0.32715750846555147 0 0 0
0.0033333333333333335 -0.06994252136995753 0.34909800093753646 0.32768037163473224 0 0 0
0.0033333333333333335 0.3657266172773031 0.19486264578586598 -0.3986546028587564 0 0 0
0.0033333333333333335 0.5392692361821898 -0.3980953694857666 0.0937132113123692 0 0 0
0.0033333333333333335 0.3829788542488741 0.2641670166550417 -0.2788134361440449 0 0 0
0.0033333333333333335 -0.0998811195719179 0.24071765844431342 -0.03280210321256968 0 0 0
0.0033333333333333335 -0.12198666597568968 -0.21559100540283968 -0.532287792199709 0 0 0
0.0033333333333333335 -0.3487967680438188 -0.15108273454789278 0.5250758088443601 0 0 0
0.0033333333333333335 -0.07412589605095043 0.409731814880297 0.07672297489822823 0 0 0
0.0033333333333333335 0.15232588614183437 0.0008056513601590317 0.5701063872617823 0 0 0
0.0033333333333333335 -0.03848234498453168 0.6622997237627595 0.09445635463778407 0 0 0
0.0033333333333333335 -0.028707938189298954 0.32332177906055093 -0.4816246014445282 0 0 0
0.0033333333333333335 -0.5463760937661352 -0.3055140579167853 -0.14693935566008948 0 0 0
0.0033333333333333335 0.014357907129681994 0.06385270077481195 -0.4982466776069775 0 0 0
0.0033333333333333335 0.1666837015327486 0.4777360730259411 0.4028476744687327 0 0 0
0.0033333333333333335 -0.02639808215637694 0.33035914441557335 -0.30493763299041216 0 0 0
0.0033333333333333335 -0.3626240337861069 -0.1413006292374544 0.06969867798102389 0 0 0
0.0033333333333333335 -0.5009235247320696 0.22962273212105347 -0.26691041231996737 0 0 0
0.0033333333333333335 -0.31622232138333467 0.10399864957621348 0.48122766250720955 0 0 0
0.0033333333333333335 0.3265549618900483 0.43495992407298556 0.2825842811621783 0 0 0
0.0033333333333333335 -0.4989302763233395 -0.10389239404998475 -0.16074039337412477 0 0 0
0.0033333333333333335 0.17697555585755131 -0.12490249079599376 0.024661494947354607 0 0 0
0.0033333333333333335 -0.30502585592771175 0.33028048510328706 -0.024183514140958824 0 0 0
0.0033333333333333335 0.38298626278774917 -0.4456701166744267 0.25479277545061985 0 0 0
0.0033333333333333335 0.22472724427483765 0.3325886506987816 0.3685208309231264 0 0 0
0.0033333333333333335 0.1744588174449242 -0.4463863766989324 -0.26048681010350094 0 0 0
0.0033333333333333335 -0.5029856541398954 0.0457901945421172 0.08834355113481758 0 0 0
0.0033333333333333335 -0.4635084421529788 0.21215064888489268 0.11715892564496853 0 0 0
0.0033333333333333335 -0.01630109933065293 -0.4072070237730612 -0.20982102966286736 0 0 0
0.0033333333333333335 0.15990065092996647 0.03687455747815945 -0.4068242426866522 0 0 0
0.0033333333333333335 0.11510059917769509 0.6206955922945986 0.08934422404321825 0 0 0
0.0033333333333333335 0.08743944222735893 0.14961275717910644 -0.07957459766530042 0 0 0
0.0033333333333333335 0.24713428408104396 -0.26867381174230964 -0.08940229125546331 0 0 0
0.0033333333333333335 0.04030077646238874 0.5917304335522108 -0.23128339591091795 0 0 0
0.0033333333333333335 -0.06820901240999841 0.31498335989179627 -0.5261793645937299 0 0 0
0.0033333333333333335 0.035210715848267016 -0.10548232722418477 -0.4661249889738276 0 0 0
0.0033333333333333335 -0.2597029264342611 -0.576073388181741 0.15777882488213169 0 0 0
0.0033333333333333335 -0.016754797101354236 0.330760370925856 0.12497161453927452 0 0 0
0.0033333333333333335 -0.3402324275685059 -0.04713859877759703 -0.4620018908187001 0 0 0
0.0033333333333333335 0.252472228446621 0.532522069785839 -0.18641332848402045 0 0 0
0.0033333333333333335 -0.20264645190696337 0.15445318398805796 0.43521185600500156 0 0 0
0.0033333333333333335 -0.10050920962325036 -0.4774872491346446 -0.31368369002309915 0 0 0
0.0033333333333333335 -0.39171493421307757 0.13869494018840184 0.047798828152632804 0 0 0
0.0033333333333333335 0.6280797431118407 -0.10386091850649103 0.13803140390274596 0 0 0
0.0033333333333333335 -0.044892934490950526 -0.12525633063647662 -0.21513200764092438 0 0 0
0.0033333333333333335 -0.31750024967519935 0.022815494569233055 0.26882680060176656 0 0 0
0.0033333333333333335 -0.3379945287459246 -0.4962854165907716 0.3116941589858561 0 0 0
0.0033333333333333335 -0.252234745025784 -0.5457633855798116 0.0795963454431077 0 0 0
0.0033333333333333335 -0.09816661372798492 0.40167418751632217 0.10139966361631303 0 0 0
0.0033333333333333335 0.3156785670341347 0.026072302214251292 0.4323953575867514 0 0 0
0.0033333333333333335 -0.3887604119748308 -0.40824849039598526 0.38421428216758036 0 0 0
0.0033333333333333335 0.5939979928021241 0.11997343020746674 -0.21175542756012686 0 0 0
0.0033333333333333335 0.4883416889843787 0.12196412929868153 0.18543484706450417 0 0 0
0.0033333333333333335 -0.05775583576437755 0.5222769528386907 0.2940749262699636 0 0 0
0.0033333333333333335 -0.08360971298822263 0.4152513312507809 -0.1868801143680653 0 0 0
0.0033333333333333335 0.017267658145623498 0.01467176957379294 -0.38854162811655296 0 0 0
0.0033333333333333335 -0.1657550074981689 -0.5435207191921182 -0.3812300191620836 0 0 0
0.0033333333333333335 -0.5457306000047044 0.40142377119526357 0.11521741676379638 0 0 0
0.0033333333333333335 0.1258710091369438 -0.13866832768346796 -0.12257334222577412 0 0 0
0.0033333333333333335 0.002233013679739239 0.44896188960661615 -0.3774306855440249 0 0 0
0.0033333333333333335 -0.27099279380179275 -0.1965045853171748 -0.08423416564568227 0 0 0
0.0033333333333333335 -0.4106399122508831 -0.2675505995890284 -0.1679628416892039 0 0 0
0.0033333333333333335 -0.2692727375616685 -0.17621758438919935 0.5836131471939475 0 0 0
0.0033333333333333335 0.15885611784076917 0.14094814701473785 -0.10631676791194158 0 0 0
0.0033333333333333335 -0.3185272914143886 0.18599800017317034 0.12859236530692425 0 0 0
0.0033333333333333335 -0.4460412069788517 -0.505511490038265 -0.05044004637194472 0 0 0
0.0033333333333333335 0.21711481575568156 0.570547803521264 -0.020598979692530082 0 0 0
0.0033333333333333335 -0.13408837449910574 -0.1967455490721715 -0.4527679164863972 0 0 0
0.0033333333333333335 0.05172483610967801 -0.5556589860838553 -0.3274337802895579 0 0 0
0.0033333333333333335 0.28366270488719836 0.021308051779393603 0.3837520827370808 0 0 0
0.0033333333333333335 -0.4266455738897278 -0.19973460898976506 0.43769657869099005 0 0 0
0.0033333333333333335 -0.5593489999402842 0.042890789011433464 -0.28995270693290226 0 0 0
0.0033333333333333335 -0.43448412975192463 0.2555128254990105 -0.14224478597116494 0 0 0
0.0033333333333333335 0.4725492180088775 0.4368482822087252 0.04432829188198587 0 0 0
0.0033333333333333335 0.39487307948517447 0.1022393988142652 -0.2101661755425625 0 0 0
0.0033333333333333335 -0.004575630574380624 -0.2109993983178259 -0.5445269996840783 0 0 0
0.0033333333333333335 -0.5397742942284739 -0.13760202234089644 0.29566379284469013 0 0 0
0.0033333333333333335 0.4674558799422592 -0.3237716695209302 -0.2966176856403873 0 0 0
0.0033333333333333335 -0.08317750479469128 -0.31653173366863446 -0.31117104793977113 0 0 0
0.0033333333333333335 -0.19284559337748222 -0.41619957798568596 0.46295572319937034 0 0 0
0.0033333333333333335 0.3558015755802992 0.26862910988094335 0.055568919191804234 0 0 0
0.0033333333333333335 0.06345423550544174 0.18810674828224686 -0.11505387668570438 0 0 0
0.0033333333333333335 0.4513285404639407 -0.20597743833835508 -0.21883615633711903 0 0 0
0.0033333333333333335 0.1952068517020845 -0.32822354525591485 -0.41336206888710175 0 0 0
0.0033333333333333335 0.26356522830348295 0.15181237160563038 0.104373591963826 0 0 0
0.0033333333333333335 0.2724851846440785 0.3665447374867895 0.3691910979366172 0 0 0
0.0033333333333333335 -0.16468455396622877 -0.23583241137084046 0.1831367288579187 0 0 0
0.0033333333333333335 0.33332416683486193 -0.3260970184833694 0.39730936214042706 0 0 0
0.0033333333333333335 -0.3366206114357882 -0.3136101058803317 0.03096750905575352 0 0 0
0.0033333333333333335 0.4383033196525546 -0.09328635401322662 0.35197696926078775 0 0 0
0.0033333333333333335 -0.3038595087604085 -0.6163057573043016 0.088098535560175 0 0 0
0.0033333333333333335 -0.15945564664354694 0.5554255794086059 -0.2336380286250563 0 0 0
0.0033333333333333335 0.039931014438491536 -0.04730389734339837 0.5334024004873014 0 0 0
0.0033333333333333335 -0.22689717416417493 0.07723628077974483 -0.2760036911000402 0 0 0
0.0033333333333333335 0.377030763440787 -0.2172736076902953 0.08218645598518748 0 0 0
0.0033333333333333335 -0.2607336996067461 -0.5806728352988203 -0.20817056981038448 0 0 0
0.0033333333333333335 -0.28488112365271656 -0.6146908598126661 0.09748666751711142 0 0 0
0.0033333333333333335 -0.028687143176550044 -0.48760616636493115 0.21054223230007885 0 0 0
0.0033333333333333335 0.4487878167464161 0.012021402304232291 0.026621821659218524 0 0 0
0.0033333333333333335 -0.37260212404659376 -0.1320266867183484 0.1540227571948539 0 0 0
0.0033333333333333335 0.06989493834593184 -0.28509103483478204 -0.42087968618622584 0 0 0
0.0033333333333333335 0.40896861246260807 0.08307553982236092 0.4111748619211109 0 0 0
0.0033333333333333335 0.378448896142896 -0.35115843204405733 0.39463956962967567 0 0 0
0.0033333333333333335 0.0982730083778286 0.5493957777919352 0.24926721190137488 0 0 0
0.0033333333333333335 -0.14595623271498095 0.04662150143259593 -0.535341920216498 0 0 0
0.0033333333333333335 0.11868136756452613 0.2854914199064624 0.45400065888200525 0 0 0
0.0033333333333333335 0.5151390379203624 -0.04705559107060841 -0.25312150739695216 0 0 0
0.0033333333333333335 0.08222196248127805 0.3940580329745117 -0.22999372788555864 0 0 0
0.0033333333333333335 -0.33884690014999325 -0.3781440375030435 0.4094681828876921 0 0 0
0.0033333333333333335 0.3354497933077825 0.0773623627232893 0.09067711205633978 0 0 0
0.0033333333333333335 0.028229987674636213 0.11638619186391982 -0.2338185201513012 0 0 0
0.0033333333333333335 0.19407153498190513 -0.03983281653350167 0.44036655021727744 0 0 0
0.0033333333333333335 -0.254502918816194 0.5224035182146963 0.043510481645093205 0 0 0
0.0033333333333333335 -0.004102878726096387 -0.11491036230955487 0.6016173184992145 0 0 0
0.0033333333333333335 0.19622131508867258 -0.6628325187339831 -0.00359202146806045 0 0 0
0.0033333333333333335 -0.27562274443848356 -0.2912607910470034 0.18692981792640834 0 0 0
0.0033333333333333335 0.16330260224106524 -0.30531263606739756 0.3662486836902775 0 0 0
0.0033333333333333335 -0.302512915955462 0.23263933782647078 0.22664866877164053 0 0 0
0.0033333333333333335 -0.3274430940562958 -0.16987127773089436 0.25850190720961314 0 0 0
0.0033333333333333335 0.13362774243875156 -0.21478871249498965 -0.5219908542290534 0 0 0
0.0033333333333333335 -0.43529549764977005 0.26511686587575944 0.2993913291868937 0 0 0
0.0033333333333333335 -0.2629765420160119 -0.28432922350904494 0.07895769344836172 0 0 0
0.0033333333333333335 0.3207577034711124 -0.32455325130442364 0.47951063059810706 0 0 0
0.0033333333333333335 0.102286076988462 -0.4151676340429787 0.5411153058419598 0 0 0
0.0033333333333333335 -0.0776749839318526 -0.4315283185193338 0.3688885447142312 0 0 0
0.0033333333333333335 0.26910461705509137 0.13221108608757706 0.14658588488433275 0 0 0
0.0033333333333333335 0.23643406480123352 0.33501508777772193 0.07531629243005791 0 0 0
0.0033333333333333335 -0.5036158221631304 0.20290770481559356 0.23610785176996466 0 0 0
0.0033333333333333335 0.5684490207378845 -0.22549584679990636 -0.2061040719536014 0 0 0
0.0033333333333333335 -0.5895993748648418 0.195737966590907 0.27533275235037497 0 0 0
0.0033333333333333335 0.2838603967922179 0.5247987677914804 0.19862362868536565 0 0 0
0.0033333333333333335 -0.4376314332541814 -0.1509445443099738 -0.4747207225902387 0 0 0
0.0033333333333333335 0.22145720414443665 -0.3602910849492987 -0.5042015378016618 0 0 0
0.0033333333333333335 -0.16161030892933956 -0.03182191507309904 -0.17906777589917183 0 0 0
0.0033333333333333335 0.4042830981267546 0.4136263781122473 -0.07831716165294812 0 0 0
0.0033333333333333335 0.36041613747398876 0.05896693217555679 -0.23802441575702024 0 0 0
0.0033333333333333335 0.4741753607632878 0.16216936409265753 0.0008458129716117897 0 0 0
0.0033333333333333335 0.3500380101962783 0.3159147966709475 0.24804286671851433 0 0 0
0.0033333333333333335 0.0748895779328372 -0.3425324761465032 0.5371637390245639 0 0 0
0.0033333333333333335 0.3117403709394302 -0.15877003518056268 -0.26267793694827735 0 0 0
0.0033333333333333335 0.13293970123236143 -0.1854540365103724 0.3199211706391894 0 0 0
0.0033333333333333335 0.5892580441822413 0.3314027182079062 -0.027600736751606892 0 0 0
0.0033333333333333335 0.2431108980824111 -0.17061292045718002 -0.34349911772997327 0 0 0
0.0033333333333333335 -0.23448025433634054 0.5326617182996256 0.21778919166797275 0 0 0
0.0033333333333333335 0.22003907192190503 0.5013719750249553 -0.16429907040289216 0 0 0
0.0033333333333333335 -0.16243289310198064 -0.04973034927957439 -0.24940588030748084 0 0 0
0.0033333333333333335 -0.2477999243364246 0.2877961798146396 0.45789148746158975 0 0 0
0.0033333333333333335 -0.1646657626341084 0.5794075821454538 0.0025810606974525064 0 0 0
0.0033333333333333335 -0.6405871626885563 -0.024670721172684255 -0.11424617110671233 0 0 0
0.0033333333333333335 0.201438712309332 -0.2061839543472665 -0.0578786640957672 0 0 0
0.0033333333333333335 -0.44870186305393966 -0.1399614778598135 -0.14707382665294003 0 0 0
0.0033333333333333335 0.2444077813141716 0.345780225355091 -0.21255398355539382 0 0 0
0.0033333333333333335 0.13976552553635038 0.6196722762874335 0.21150438551390058 0 0 0
0.0033333333333333335 -0.39949183659364806 -0.1972860582182008 -0.3956943379421248 0 0 0
0.0033333333333333335 -0.1705098019729732 0.31623082409811337 0.21659060443070152 0 0 0
0.0033333333333333335 0.36320871374919267 0.006985672726443716 0.5621046984809412 0 0 0
0.0033333333333333335 -0.26260162674107257 -0.026614214277627904 0.5275432389115776 0 0 0
0.0033333333333333335 0.2749811005054948 0.3131997365653105 0.3567428763831914 0 0 0
0.0033333333333333335 -0.6066189928178992 0.05892606014737647 0.1911351989356868 0 0 0
0.0033333333333333335 0.3589834640274003 -0.16640966062352136 -0.4896670247409603 0 0 0
0.0033333333333333335 0.14483442664536883 -0.22087843605342844 -0.2790083224340148 0 0 0
0.0033333333333333335 0.14389854698400864 0.24355470389117387 0.4612730118954802 0 0 0
0.0033333333333333335 0.24587148861345437 0.16567834491106662 0.49807002630725633 0 0 0
0.0033333333333333335 0.5232311385382397 -0.25898978404171347 0.16005805834054165 0 0 0
0.0033333333333333335 0.6206594061228488 0.12204614353155893 0.22062244010270488 0 0 0
0.0033333333333333335 -0.42646258777196716 -0.42171991837082884 0.23521634543237893 0 0 0
0.0033333333333333335 -0.15674514043198423 0.354522601329868 -0.16212675529310333 0 0 0
0.0033333333333333335 0.11209292185361622 0.15744128255777343 0.4880510614446122 0 0 0
0.0033333333333333335 0.5106760891708739 0.34939430189190296 -0.0950199404889098 0 0 0
0.0033333333333333335 -0.17879526588358735 -0.346998432908118 0.2792504660626107 0 0 0
0.0033333333333333335 0.44605242849423765 -0.06463376756073486 0.17397767046131415 0 0 0
0.0033333333333333335 0.10370080458338202 0.47322339347661263 0.08846884004438053 0 0 0
0.0033333333333333335 0.4743279079182896 0.31537788162648983 0.32679811430163364 0 0 0
0.0033333333333333335 -0.2811135513074834 0.3963531202238609 -0.12731014797394624 0 0 0
0.0033333333333333335 0.577743600989862 0.27211313744190363 -0.20066732244772978 0 0 0
0.0033333333333333335 0.3304370018435047 -0.3288072418377798 0.24268371621489804 0 0 0
0.0033333333333333335 0.0006807765888905054 0.35884010181177256 0.3927965157843639 0 0 0
0.0033333333333333335 0.6098429255597804 -0.1796184969233351 -0.14371804543688163 0 0 0
0.0033333333333333335 0.021344364022632265 -0.2469204808378649 -0.13584086104627846 0 0 0
0.0033333333333333335 0.11126529485412973 -0.04225017345885137 -0.22244623568357338 0 0 0
0.0033333333333333335 -0.1997563814087547 -0.3937214168958318 -0.1046380577056176 0 0 0
0.0033333333333333335 0.012545051906195792 0.18275743062476676 -0.05125609484139921 0 0 0
0.0033333333333333335 -0.19906519565876793 -0.32641380172607254 -0.07360992733643894 0 0 0
