450
0
0.0022222222222222222 0.37282754656831213 0.021027723523286378 0.38383642159497044 0 0 0
0.0022222222222222222 0.08716898943286709 0.04855692706054968 -0.2997163714739946 0 0 0
0.0022222222222222222 -0.3777011340392529 0.19019159003344324 -0.04834035857884549 0 0 0
0.0022222222222222222 0.5600103894422692 -0.20922472459596336 -0.17840799869962853 0 0 0
0.0022222222222222222 0.08472370394347267 0.24669484983288506 -0.6104881915519782 0 0 0
0.0022222222222222222 0.493303776946957 0.09796101334114844 0.4106552778363807 0 0 0
0.0022222222222222222 0.38923418750550837 0.5575353645827952 0.06706474087971934 0 0 0
0.0022222222222222222 -0.058491460568490194 0.14541550033581946 0.27491055558203964 0 0 0
0.0022222222222222222 -0.3387596692212456 -0.4472114422796547 0.33681547180398136 0 0 0
0.0022222222222222222 -0.3828977999502635 0.07497288699679559 -0.03367768128594577 0 0 0
0.0022222222222222222 -0.29407885988487864 -0.29060889151669045 -0.1588275578224169 0 0 0
0.0022222222222222222 0.2850966379241239 -0.10206257801095384 -0.2886225472592854 0 0 0
0.0022222222222222222 0.1806494379369585 -0.11820847581837542 0.0852730713292607 0 0 0
0.0022222222222222222 -0.1587525514341421 -0.027186203938477045 -0.6198773935565572 0 0 0
0.0022222222222222222 0.2726170110750416 0.28795650554780616 -0.4484646468401541 0 0 0
0.0022222222222222222 -0.26066128255881765 -0.12519751985100053 -0.5589926498287332 0 0 0
0.0022222222222222222 -0.4348789054147436 0.3577115998731848 0.261553038359792 0 0 0
0.0022222222222222222 0.10007982619790991 -0.6313094662052402 0.18601260389802804 0 0 0
0.0022222222222222222 0.52396534425095 -0.04371081627668491 -0.0032350651352166452 0 0 0
0.0022222222222222222 0.30319640868735703 -0.22336353425310226 0.2696625801715479 0 0 0
0.0022222222222222222 -0.3084044107670033 -0.3085454532031106 -0.3175561014986093 0 0 0
0.0022222222222222222 -0.4783334537275444 0.33011669985394415 0.14473659650488682 0 0 0
0.0022222222222222222 0.3791403027421339 0.4348311851264957 -0.1317166747695651 0 0 0
0.0022222222222222222 0.11574892079216537 0.5328075411299934 0.19656528242176707 0 0 0
0.0022222222222222222 0.11821453249678242 0.2681644335941083 0.5375175504141171 0 0 0
0.0022222222222222222 -0.10478327625211056 -0.5277302381637166 -0.022879291361719015 0 0 0
0.0022222222222222222 -0.06772713535780969 0.5958629528572306 0.2284603853405704 0 0 0
0.0022222222222222222 0.3072964818978214 0.037070711251846564 0.036394486708605685 0 0 0
0.0022222222222222222 0.18559162356686473 0.35251574145439457 0.10513871800271138 0 0 0
0.0022222222222222222 -0.4027548388429663 -0.420394932959526 -0.16447402419881185 0 0 0
0.0022222222222222222 0.24487238581275778 -0.050092459000575976 -0.33980581635568385 0 0 0
0.0022222222222222222 -0.0761834040689098 0.47446325687941515 -0.39461787722145497 0 0 0
0.0022222222222222222 0.06744677651929758 0.2483041755582096 0.03518645463798481 0 0 0
0.0022222222222222222 -0.09722142229912727 -0.31034992426716934 -0.5839681613225426 0 0 0
0.0022222222222222222 -0.19565330097373418 0.1775749027089031 0.5071759777002797 0 0 0
0.0022222222222222222 -0.3330135808226618 0.09948210099786695 -0.4465210442644154 0 0 0
0.0022222222222222222 -0.42890625268546057 0.22104563590609969 0.07659585403293147 0 0 0
0.0022222222222222222 -0.411118990807636 0.3018329126835315 0.1405868663267608 0 0 0
0.0022222222222222222 -0.48279043120735954 -0.2707134062173434 0.25800964550877165 0 0 0
0.0022222222222222222 0.49168137621357927 0.26269142512067606 -0.271731861233453 0 0 0
0.0022222222222222222 0.6527562639474762 0.08268164041955291 0.000688161588561708 0 0 0
0.0022222222222222222 0.18310924420347807 -0.10135476116245865 0.24521446936213098 0 0 0
0.0022222222222222222 -0.14936075648969832 -0.27271847980953917 -0.169291679741739 0 0 0
0.0022222222222222222 0.17689849467928184 0.14380168829983986 -0.052835068925456107 0 0 0
0.0022222222222222222 -0.05959149623565721 -0.39247596854085876 -0.08407681361398843 0 0 0
0.0022222222222222222 0.5075677448368796 0.3662130438316238 -0.14910699948174028 0 0 0
0.0022222222222222222 -0.3417677762154766 -0.22875388197693824 0.3332292136212168 0 0 0
0.0022222222222222222 0.268951600279567 -0.49218974358567774 -0.38668840297716794 0 0 0
0.0022222222222222222 0.1696182129179629 -0.19499088151018182 0.5103821299941232 0 0 0
0.0022222222222222222 -0.3500425209783463 -0.29896517923727123 -0.4211444412907906 0 0 0
0.0022222222222222222 0.2130126347398891 -0.07114082924289258 0.5801110040241023 0 0 0
0.0022222222222222222 0.5019431919548301 0.009185246337990706 -0.30450662086599056 0 0 0
0.0022222222222222222 -0.211557288249688 0.26675600174486114 -0.49623552290779405 0 0 0
0.0022222222222222222 0.13827722507187137 0.2980572292939399 -0.07726833256426593 0 0 0
0.0022222222222222222 -0.40291044690607347 -0.5373392134841363 0.14613385044696672 0 0 0
0.0022222222222222222 -0.31491785027703567 0.44089674767206893 0.25208254597566 0 0 0
0.0022222222222222222 0.28536612700582714 0.5016826748294864 -0.27300484136785425 0 0 0
0.0022222222222222222 -0.006111834843541049 0.2576727884835811 -0.5810237673172051 0 0 0
0.0022222222222222222 0.07044960746924574 -0.3625167750179979 0.22729942384631463 0 0 0
0.0022222222222222222 0.5304585441276874 0.433865622912382 0.06476555593486243 0 0 0
0.0022222222222222222 -0.08118489213741285 0.41847412633445547 0.448894263778022 0 0 0
0.0022222222222222222 -0.42231120149417284 0.31526056799214375 0.02026269759057782 0 0 0
0.0022222222222222222 -0.35839175069029006 0.3974116947727629 -0.4039669340852816 0 0 0
0.0022222222222222222 -0.10358381875990473 -0.315926714129509 0.47069651888372194 0 0 0
0.0022222222222222222 -0.5050648990892316 -0.21683437752647308 0.027157135842280678 0 0 0
0.0022222222222222222 -0.026514598848253097 0.3183425814368722 -0.41337422900021875 0 0 0
0.0022222222222222222 -0.005563708050676479 0.28042110538378 -0.4075516598156047 0 0 0
0.0022222222222222222 -0.470832014984349 -0.39147997348504326 -0.15450771356402293 0 0 0
0.0022222222222222222 0.17462653368030862 -0.15713768247156779 -0.022424037695311514 0 0 0
0.0022222222222222222 -0.0524975258686567 -0.45447025482760517 -0.4969930807301946 0 0 0
0.0022222222222222222 -0.20722097188757305 0.2728078779301031 0.4364564068156041 0 0 0
0.0022222222222222222 -0.3491465580334457 -0.1630139981244037 0.3987809644162778 0 0 0
0.0022222222222222222 0.014668872298979094 0.6257164455785802 0.21070642005245188 0 0 0
0.0022222222222222222 -0.052244042082855775 0.49689242363108704 0.15979554437153726 0 0 0
0.0022222222222222222 0.5150791658475885 -0.027760681001652514 -0.3172332347732594 0 0 0
0.0022222222222222222 -0.5842084008443111 -0.304999851678406 0.21332319859751916 0 0 0
0.0022222222222222222 -0.304611205835064 -0.010324240329803879 -0.11249034151138664 0 0 0
0.0022222222222222222 -0.09861344657108159 -0.33418042005510307 -0.553452308358567 0 0 0
0.0022222222222222222 0.2986631634495673 0.11001513418932882 0.5462642340198738 0 0 0
0.0022222222222222222 -0.020224716216300183 -0.6550129385734839 0.10780328823633394 0 0 0
0.0022222222222222222 -0.4173035155756291 0.011795484521586656 -0.5479795054158512 0 0 0
0.0022222222222222222 0.07768325520650692 -0.43409736772422114 -0.017145425771212766 0 0 0
0.0022222222222222222 0.009092584484791234 -0.5967200902905111 -0.1628233009032896 0 0 0
0.0022222222222222222 -0.007328529242083445 -0.6062983319981335 -0.2789466530427841 0 0 0
0.0022222222222222222 0.4391833986838526 0.15061848654209659 -0.39354671952029574 0 0 0
0.0022222222222222222 0.08941442654454865 0.5518631316576751 0.40690476157173683 0 0 0
0.0022222222222222222 -0.5169385096435103 -0.1714683854879579 0.036320659951049376 0 0 0
0.0022222222222222222 0.15278334811458272 -0.23655763295707363 -0.2207402322473455 0 0 0
0.0022222222222222222 -0.051721928997028314 -0.45817094828853117 0.14885086621729915 0 0 0
0.0022222222222222222 0.2282786649820546 -0.32101354750603645 -0.10366556263829076 0 0 0
0.0022222222222222222 0.06776514920305395 0.3573507025044661 0.351160788905185 0 0 0
0.0022222222222222222 0.1502811391453688 -0.36650751930084 -0.27227717709928967 0 0 0
0.0022222222222222222 -0.5512511098762416 0.19201330661043547 -0.11286828528188544 0 0 0
0.0022222222222222222 0.3514523740623205 0.45048732100414235 0.09841226232655463 0 0 0
0.0022222222222222222 -0.058127021567327804 0.48285687458783777 -0.3706001102798059 0 0 0
0.0022222222222222222 0.5105278091435237 -0.06311453253318652 0.22757617970363708 0 0 0
0.0022222222222222222 -0.31603380940121156 0.12039144632126261 0.1815914564367464 0 0 0
0.0022222222222222222 -0.22730603376924585 0.2505461826119263 0.5321885329207643 0 0 0
0.0022222222222222222 -0.2168519013263372 0.5944397395484863 -0.20435373323227574 0 0 0
0.0022222222222222222 0.09734602184184793 -0.6443440954559237 -0.12361791077129644 0 0 0
0.0022222222222222222 0.3439375778408412 0.30886031195359304 0.06699329082859985 0 0 0
0.0022222222222222222 0.3490967347097637 -0.3895360955121773 0.3320230761511197 0 0 0
0.0022222222222222222 0.34744416732294886 0.5029993827056517 0.057780856873269795 0 0 0
0.0022222222222222222 -0.24392768779194457 -0.1851050715509413 0.06147823647418359 0 0 0
0.0022222222222222222 0.46409735684484404 -0.33391593039413736 0.3026205149359228 0 0 0
0.0022222222222222222 -0.14351845754716888 0.58665939854649 -0.2986972057920994 0 0 0
0.0022222222222222222 -0.23343640824229842 0.4120761665888959 0.23346338429516647 0 0 0
0.0022222222222222222 0.41215132023343093 0.17373343521180723 0.1245734607629826 0 0 0
0.0022222222222222222 -0.30933360362384144 -0.028223710726399568 -0.04262821078511138 0 0 0
0.0022222222222222222 -0.008940346231817706 0.27514449722342305 -0.6168085411537362 0 0 0
0.0022222222222222222 -0.14583727048528158 0.3509141839599058 0.494810074575273 0 0 0
0.0022222222222222222 0.07335675640177253 0.11410055175279707 -0.4439867004019519 0 0 0
0.0022222222222222222 -0.29432351886953645 0.16740897999243196 -0.1899409052480552 0 0 0
0.0022222222222222222 0.15598289099324386 0.18940568357488227 -0.24482287388427085 0 0 0
0.0022222222222222222 0.37080458996198173 0.259948539186245 0.4811356641898934 0 0 0
0.0022222222222222222 -0.5699011325318413 -0.1880076365554447 0.3017826804309503 0 0 0
0.0022222222222222222 0.06720443485593026 0.09335041803848386 -0.39932878692974255 0 0 0
0.0022222222222222222 0.3808826124144081 -0.15044756933485057 -0.21349248904395815 0 0 0
0.0022222222222222222 -0.4077338856525333 0.11176264776773374 -0.24442365785588582 0 0 0
0.0022222222222222222 0.18456394027373876 -0.2058259453989903 -0.5886357448073607 0 0 0
0.0022222222222222222 -0.24082207652441315 0.22109431280728856 0.17259231263576422 0 0 0
0.0022222222222222222 0.16935704254205972 0.02937554627795381 0.5651782688627073 0 0 0
0.0022222222222222222 -0.029010482950368042 -0.25020848640101845 0.05789204496185557 0 0 0
0.0022222222222222222 0.029583367986468656 0.2673862439177701 0.30951964873666554 0 0 0
0.0022222222222222222 -0.12908519604182095 0.39992023455910547 -0.43625808991415604 0 0 0
0.0022222222222222222 -0.4021338821861826 0.02333926996435006 0.16828303112516427 0 0 0
0.0022222222222222222 -0.42409540635369003 -0.017488228097645716 -0.0737074701224684 0 0 0
0.0022222222222222222 0.21960809118061836 0.48000854531232623 -0.09214700251373026 0 0 0
0.0022222222222222222 -0.2630454297926724 -0.09937911309487922 0.3590308931096176 0 0 0
0.0022222222222222222 -0.16839067635579813 0.3073955403811366 -0.2608749719689128 0 0 0
0.0022222222222222222 0.11544705761326618 0.03336600807442463 -0.3705658320339214 0 0 0
0.0022222222222222222 0.07416410689376965 -0.13436967189309645 0.15661386445863343 0 0 0
0.0022222222222222222 -0.20635214701680885 0.022458826447216078 -0.1511224136767849 0 0 0
0.0022222222222222222 0.33950416060003297 0.29491150830842355 -0.14190418486420056 0 0 0
0.0022222222222222222 -0.5946406392469065 0.24960340984417556 0.17292572130294379 0 0 0
0.0022222222222222222 -0.23512831083840136 0.17618131762517444 -0.4131050399243472 0 0 0
0.0022222222222222222 0.3457962589373695 0.5599185018548687 -0.036492633607629284 0 0 0
0.0022222222222222222 -0.13645106412007846 -0.2724252647199041 0.2498465267336556 0 0 0
0.0022222222222222222 -0.3116488020265938 0.1459512068118683 0.38865653178918647 0 0 0
0.0022222222222222222 -0.3544110430605596 0.4364048192443435 0.3982070172318258 0 0 0
0.0022222222222222222 -0.2736060674818494 -0.40523783885627795 -0.10802403192619262 0 0 0
0.0022222222222222222 0.1555094647954037 0.18020060203461466 -0.1453836719159367 0 0 0
0.0022222222222222222 0.361062661387601 -0.16775658255379972 0.03980632192730956 0 0 0
0.0022222222222222222 0.4715370055138418 -0.0015264556941321312 0.006380187482771771 0 0 0
0.0022222222222222222 -0.32836417096750414 0.052776157973960035 0.19681649778180962 0 0 0
0.0022222222222222222 0.3033003700062588 -0.42022037988006355 0.06742744169254083 0 0 0
0.0022222222222222222 -0.4131671789526632 -0.24265961101545583 0.4635908006813198 0 0 0
0.0022222222222222222 0.27899896157741305 -0.384130351512344 0.1262535025749931 0 0 0
0.0022222222222222222 -0.057251607519607624 -0.4604169153134218 -0.3889153894127993 0 0 0
0.0022222222222222222 -0.5553259464362964 -0.085247110441842 0.004825312144303678 0 0 0
0.0022222222222222222 0.42753856914636584 0.5144525080083068 -0.10233229229282369 0 0 0
0.0022222222222222222 -0.05715878984426504 0.15256197147668005 0.5696691447871958 0 0 0
0.0022222222222222222 0.0844819472140171 -0.38002438615383716 -0.19283162442069085 0 0 0
0.0022222222222222222 -0.010290835383678509 0.2432640122401414 0.4897883049398833 0 0 0
0.0022222222222222222 0.620021949134248 -0.11208920340444947 -0.28107631574748937 0 0 0
0.0022222222222222222 -0.3260620742363705 0.13436316831197886 -0.5225459608468441 0 0 0
0.0022222222222222222 -0.6789872460006159 -0.11440108892470595 -0.05538565088355842 0 0 0
0.0022222222222222222 -0.03289396850488713 -0.4399270977541776 0.27912133723725346 0 0 0
0.0022222222222222222 -0.32181207414026664 0.1929515535959226 -0.1620884146606346 0 0 0
0.0022222222222222222 -0.5054139615488817 0.23948449244041004 -0.010600415274799964 0 0 0
0.0022222222222222222 0.0763611054152344 0.24884376822527257 -0.15759514906898003 0 0 0
0.0022222222222222222 0.03020062570365489 0.38713304616343835 0.4800089797782893 0 0 0
0.0022222222222222222 -0.29871332966693626 -0.589821198382474 -0.021117800608471817 0 0 0
0.0022222222222222222 -0.25427759777254505 -0.11735405040299941 0.08961735857787133 0 0 0
0.0022222222222222222 -0.27628982420304016 -0.36066033614915427 -0.13393240186950903 0 0 0
0.0022222222222222222 0.5878675491111863 -0.07827668436804872 -0.1640301997019661 0 0 0
0.0022222222222222222 0.12194902363971225 -0.07355157531765912 0.47030522383412443 0 0 0
0.0022222222222222222 0.06737747193420364 0.07362789215877331 -0.5065708878010434 0 0 0
0.0022222222222222222 0.06489140587542859 0.3545993881287893 -0.30192726940463716 0 0 0
0.0022222222222222222 0.07406503919553407 -0.1079206740720098 -0.18429996528649095 0 0 0
0.0022222222222222222 0.18977030828545008 -0.26897969596728677 0.12241350868051813 0 0 0
0.0022222222222222222 -0.10577452746720001 0.1601132051202683 -0.421324931865991 0 0 0
0.0022222222222222222 0.08030216395491228 0.5273061181502691 -0.3961218616163708 0 0 0
0.0022222222222222222 -0.10181647707579149 0.21233742236939482 0.13869920796026258 0 0 0
0.0022222222222222222 0.31700619965243026 -0.27999144448523056 -0.5168687461623629 0 0 0
0.0022222222222222222 0.11055535302042696 -0.5467545267372228 -0.2879681347459284 0 0 0
0.0022222222222222222 -0.012111081412792523 0.11206236649931833 0.2804009160208389 0 0 0
0.0022222222222222222 -0.28470278609895294 -0.5051978444193159 0.17989168498885388 0 0 0
0.0022222222222222222 0.36767665233111607 -0.42247717404755836 0.3737374568166144 0 0 0
0.0022222222222222222 0.19994871902879982 0.4859471101301437 -0.2758892020974368 0 0 0
0.0022222222222222222 0.3465291238633105 -0.0027469013083793615 -0.4359131510997441 0 0 0
0.0022222222222222222 0.07796632945781455 0.5144320774452724 -0.3816170542990358 0 0 0
0.0022222222222222222 -0.28552150459340386 -0.19178153992101832 -0.04113035681169357 0 0 0
0.0022222222222222222 0.5714832772318807 0.10588183070392691 -0.22940497017078001 0 0 0
0.0022222222222222222 -0.6663840536830241 -0.04240254554189789 -0.027893590289032922 0 0 0
0.0022222222222222222 0.211805394530203 0.5731993808344469 0.12336030816065387 0 0 0
0.0022222222222222222 -0.3433582735030793 0.5296983043051144 -0.18130792577903132 0 0 0
0.0022222222222222222 0.5655592045813428 -0.0012296441645173015 -0.05736791904153822 0 0 0
0.0022222222222222222 -0.10097735283232002 0.036363472915995954 -0.47123076975555706 0 0 0
0.0022222222222222222 0.144316932218402 0.496769141491895 -0.15306212370021208 0 0 0
0.0022222222222222222 0.3079928224027516 0.6047194864669051 -0.034189393988591554 0 0 0
0.0022222222222222222 -0.14998141886347874 -0.30573751020016965 -0.020637299402225355 0 0 0
0.0022222222222222222 -0.2883365697837674 -0.19451071662196492 0.516466137245465 0 0 0
0.0022222222222222222 -0.1561832082687992 0.5302865184581989 -0.01948282769329292 0 0 0
0.0022222222222222222 -0.22753593918784373 -0.39701753324734984 0.27293807353438126 0 0 0
0.0022222222222222222 -0.06344812192639146 -0.18774974031211394 -0.5128580869146488 0 0 0
0.0022222222222222222 0.271860592225205 -0.0375413527338605 0.11808195641767183 0 0 0
0.0022222222222222222 0.47596021587671367 -0.06763705952486594 0.008327879565745723 0 0 0
0.0022222222222222222 0.10052563557540595 0.24908453048897133 -0.2910069783373143 0 0 0
0.0022222222222222222 -0.47617186201104234 -0.1117167569586524 -0.348235055441535 0 0 0
0.0022222222222222222 0.46445033667344426 0.1957896645313741 -0.08452833584598313 0 0 0
0.0022222222222222222 -0.448588237386167 0.11285991841451004 0.14399305411944105 0 0 0
0.0022222222222222222 -0.3975672577000041 -0.32299393176427904 0.39064601512432295 0 0 0
0.0022222222222222222 -0.21843159314790297 0.11015892361715522 0.5685054952263373 0 0 0
0.0022222222222222222 0.16192049919355467 -0.5566548741768902 0.009047237974974864 0 0 0
0.0022222222222222222 -0.6122850686082189 -0.1171504541736952 0.2674378438847256 0 0 0
0.0022222222222222222 0.05848056431901139 -0.17961686898970222 0.636607911590284 0 0 0
0.0022222222222222222 0.2622249439136524 -0.25932212433773794 0.11011967171889528 0 0 0
0.0022222222222222222 -0.4655108380536698 0.40558389848305587 -0.2937150625641296 0 0 0
0.0022222222222222222 0.45253856975382667 -0.37179292267273034 0.09336223970997283 0 0 0
0.0022222222222222222 0.5483362147427563 -0.21898731891500703 0.27967637886535684 0 0 0
0.0022222222222222222 0.2381579929431366 -0.08111608665122173 0.6138341369172776 0 0 0
0.0022222222222222222 -0.3104664412976672 -0.37231927590168395 -0.34107614765559685 0 0 0
0.0022222222222222222 0.30380489018629425 -0.5919943716818148 0.17621639164036978 0 0 0
0.0022222222222222222 -0.5225825095026774 -0.11426811377303558 0.31892379950347366 0 0 0
0.0022222222222222222 -0.3236505499639623 -0.512441880182018 0.3196064342895306 0 0 0
0.0022222222222222222 -0.2999352898377662 0.2711996065781326 -0.06961431973950769 0 0 0
0.0022222222222222222 0.045196460511404135 0.6871500053591428 0.009087850162758362 0 0 0
0.0022222222222222222 -0.4226741619493942 0.265665924628224 0.3457618668095516 0 0 0
0.0022222222222222222 -0.311399744020556 -0.2613950638483635 -0.2847361461011157 0 0 0
0.0022222222222222222 -0.03879541942417081 -0.41361424319527385 0.0056909988847087395 0 0 0
0.0022222222222222222 0.018706479050837402 -0.1442618484910801 -0.4489993124332958 0 0 0
0.0022222222222222222 0.04371912232318831 -0.24304894313201542 -0.4098325271725742 0 0 0
0.0022222222222222222 -0.08670609880378861 0.10635664559713012 0.28704541468132966 0 0 0
0.0022222222222222222 0.32550533058548103 0.4382577074202885 -0.4029447223305852 0 0 0
0.0022222222222222222 -0.3121821406968981 -0.17968242070252993 0.4433679045449335 0 0 0
0.0022222222222222222 0.29125838748667365 -0.3052010332230778 -0.027150865205405054 0 0 0
0.0022222222222222222 0.07552384379353513 -0.2759105242770031 0.3983927504197754 0 0 0
0.0022222222222222222 0.2826401062864276 -0.15964061560918946 -0.07770724664503378 0 0 0
0.0022222222222222222 0.002340940575424404 -0.04806290392655918 -0.20720158812748712 0 0 0
0.0022222222222222222 0.6028651477114157 0.3239274246635555 -0.09206891190418237 0 0 0
0.0022222222222222222 0.16806065556704403 -0.08823077652407336 -0.5001299393472007 0 0 0
0.0022222222222222222 -0.309853690526751 -0.47570271058567376 0.1485483755159082 0 0 0
0.0022222222222222222 0.2198930312000086 -0.17747650760549236 0.43434711750738036 0 0 0
0.0022222222222222222 0.1357454115304571 -0.2967401795236747 0.360536107816837 0 0 0
0.0022222222222222222 -0.14101100316842893 -0.49686754297652264 -0.29512789161596203 0 0 0
0.0022222222222222222 0.2959601573015934 0.36768399705794735 0.2719873304217216 0 0 0
0.0022222222222222222 -0.06476823155552897 0.15841127428523177 0.6637353529835445 0 0 0
0.0022222222222222222 -0.3001370971532138 0.15610028251607413 -0.055395739229790755 0 0 0
0.0022222222222222222 -0.006579796900077818 0.40807878495893884 -0.46037328191365273 0 0 0
0.0022222222222222222 0.3294251429327237 -0.38277634332164256 0.3895652650099024 0 0 0
0.0022222222222222222 0.24376756615716177 -0.26030080536140515 0.2944578519891818 0 0 0
0.0022222222222222222 0.4028334201622985 -0.09709500632991201 -0.5417949648714666 0 0 0
0.0022222222222222222 -0.12961895823330508 0.156656832040697 -0.02728432889349044 0 0 0
0.0022222222222222222 0.21849066432341124 -0.4562550408014331 -0.3598466936302354 0 0 0
0.0022222222222222222 0.16484754095945373 0.16168075352630992 0.03801829156257838 0 0 0
0.0022222222222222222 -0.08897703760372887 -0.4597389165558135 0.34261582019367626 0 0 0
0.0022222222222222222 0.2550227350980459 0.15642915412510458 0.37170787186629173 0 0 0
0.0022222222222222222 -0.2914776313896203 0.03986245938178636 0.48110255004998786 0 0 0
0.0022222222222222222 0.4084501168308277 -0.0024339137692200616 -0.30972372720081864 0 0 0
0.0022222222222222222 -0.2840667253172282 0.5052339433754212 -0.11687237232853905 0 0 0
0.0022222222222222222 0.5250526200223596 -0.403335659574407 -0.03787184242356649 0 0 0
0.0022222222222222222 -0.5983156425280503 0.33752657045453593 -0.08422298368498674 0 0 0
0.0022222222222222222 -0.2967462646469904 0.39264331269383823 0.15383857794233524 0 0 0
0.0022222222222222222 0.3106751096849102 -0.03274289770754933 -0.15704364969713625 0 0 0
0.0022222222222222222 0.5166642097627119 -0.0816749104749561 0.23911170338211377 0 0 0
0.0022222222222222222 -0.25991972654316486 -0.5674596661855659 -0.052237636579636676 0 0 0
0.0022222222222222222 -0.04877491638338892 -0.2246975391754193 0.12728060713938882 0 0 0
0.0022222222222222222 0.16539798296028133 -0.22321683045883792 0.07627896814599902 0 0 0
0.0022222222222222222 -0.23081776081239133 -0.1833140535482618 -0.45948731293558204 0 0 0
0.0022222222222222222 -0.029826271795070195 -0.024011702366601138 0.2097834722286614 0 0 0
0.0022222222222222222 -0.5218897809969911 -0.375130576845712 -0.07053736057950141 0 0 0
0.0022222222222222222 0.16733818420474839 0.26496557714739244 -0.08348741459598544 0 0 0
0.0022222222222222222 -0.08595063543835046 -0.14668729108470058 -0.6123070306168101 0 0 0
0.0022222222222222222 -0.13472496251232982 0.3913440985524432 -0.4722243277537802 0 0 0
0.0022222222222222222 -0.2699205351269411 -0.5956147809318832 -0.22299049700343423 0 0 0
0.0022222222222222222 -0.34148372437119096 -0.15166597515385255 -0.02630206146802624 0 0 0
0.0022222222222222222 0.4355411638126792 -0.49270997137319905 0.044067287384481776 0 0 0
0.0022222222222222222 0.5974947660390162 -0.014340632935241848 0.1365927565978468 0 0 0
0.0022222222222222222 -0.2124198043216715 -0.14249777211680845 0.24890332730823622 0 0 0
0.0022222222222222222 0.010365967765735421 0.4441758208970886 -0.5282699307714476 0 0 0
0.0022222222222222222 -0.027012855136670046 0.46596617947771896 0.23571820099957816 0 0 0
0.0022222222222222222 0.2337474884982245 0.20001108228935977 0.44428154800133 0 0 0
0.0022222222222222222 0.06268404107826134 0.26043557385480914 0.5375880595620566 0 0 0
0.0022222222222222222 -0.00113991544258653 -0.6121082223231961 -0.28106985476832375 0 0 0
0.0022222222222222222 0.2513321352265761 0.207409270571517 0.5514569845096555 0 0 0
0.0022222222222222222 0.019652439925428117 -0.04841397854393494 -0.47685386151355164 0 0 0
0.0022222222222222222 0.06293192096471761 0.23748258305012082 -0.6335974636221455 0 0 0
0.0022222222222222222 -0.23479523410717484 0.3746777190359263 0.22008971562926724 0 0 0
0.0022222222222222222 -0.42828923565219107 0.32557382476028035 -0.09577528395553088 0 0 0
0.0022222222222222222 -0.22705225889327033 0.2964950193025446 -0.33046558742473897 0 0 0
0.0022222222222222222 -0.402916882257214 0.2816014540853178 0.1890128367877958 0 0 0
0.0022222222222222222 0.10668230375044029 -0.16959055847490168 -0.07496264016948868 0 0 0
0.0022222222222222222 0.27336134063202744 0.04042535705347493 -0.4307737696573923 0 0 0
0.0022222222222222222 0.014990495121119303 0.5753067115605539 0.19369413915045042 0 0 0
0.0022222222222222222 0.22748515878418152 -0.25912216181219244 -0.236838502880756 0 0 0
0.0022222222222222222 0.030758219543638866 -0.3262646511208618 -0.07358788825786221 0 0 0
0.0022222222222222222 -0.234467885723267 -0.18922613676684122 0.03096414920921933 0 0 0
0.0022222222222222222 -0.40779632294302337 -0.1861059737150279 0.10023688349943892 0 0 0
0.0022222222222222222 -0.23496831923463998 0.05715900175951043 -0.2264800054076712 0 0 0
0.0022222222222222222 -0.15847982807103708 -0.5617989594959097 0.11943952285890719 0 0 0
0.0022222222222222222 -0.45258384887566544 0.32278024992499593 -0.28906543951614827 0 0 0
0.0022222222222222222 -0.25635639043027014 -0.3360808364956657 -0.31267123036970534 0 0 0
0.0022222222222222222 -0.5156047796923092 -0.0556976229952112 -0.2186029203919108 0 0 0
0.0022222222222222222 -0.2871957517308948 -0.5146474617418314 -0.1522147588285976 0 0 0
0.0022222222222222222 -0.5234958565404161 0.4298828532865841 -0.136395028140466 0 0 0
0.0022222222222222222 0.28759869399956217 0.024904062388188618 -0.5880572653212001 0 0 0
0.0022222222222222222 0.3363478755051463 -0.2205236522548758 0.17354275416555467 0 0 0
0.0022222222222222222 -0.010268298869654451 -0.09488274797574027 -0.6400708588279342 0 0 0
0.0022222222222222222 0.22664300550917488 -0.02137968551507743 -0.5875792137582575 0 0 0
0.0022222222222222222 0.06989893806723455 0.24107367848568356 -0.500801957779051 0 0 0
0.0022222222222222222 -0.024732978323015135 -0.3679328462893824 0.3873054860023565 0 0 0
0.0022222222222222222 0.2400927992779278 0.2632412568675193 0.08951825732952505 0 0 0
0.0022222222222222222 -0.2123528183842823 -0.09692868130609837 -0.49079314017800835 0 0 0
0.0022222222222222222 -0.3965696176156489 0.3553714363652913 0.11407857848805529 0 0 0
0.0022222222222222222 -0.24617899422170336 -0.555433686612138 0.14374937913185962 0 0 0
0.0022222222222222222 0.03665928680608472 0.11319156973398721 0.37433754677174996 0 0 0
0.0022222222222222222 -0.5593365428405476 0.23669037026422093 -0.15011418149307737 0 0 0
0.0022222222222222222 0.6329797092592984 0.2064091945888723 -0.04535092377127971 0 0 0
0.0022222222222222222 0.03139377135774384 0.446447108083423 -0.15883749537061478 0 0 0
0.0022222222222222222 0.05351516100921984 0.05593771834340197 0.4018670016305151 0 0 0
0.0022222222222222222 0.47648002970602216 0.32530859005505575 0.3468569786071302 0 0 0
0.0022222222222222222 0.08153139155056531 0.1561873514319493 -0.1167591993827039 0 0 0
0.0022222222222222222 -0.25723950687308683 -0.27487247137838355 0.4511657191217154 0 0 0
0.0022222222222222222 -0.06179452810732695 -0.15992990576240027 -0.4201917107512478 0 0 0
0.0022222222222222222 -0.011672840440998564 0.10821965011838591 0.603841711520876 0 0 0
0.0022222222222222222 -0.23509280338173846 0.00967238360207159 0.5368689150247856 0 0 0
0.0022222222222222222 -0.09853127070304611 -0.20671237943662868 0.5411952024494321 0 0 0
0.0022222222222222222 0.3407522750054022 -0.4119581522085196 0.42950007712789845 0 0 0
0.0022222222222222222 0.09541813742057581 0.08729623679434473 0.0005271472791165949 0 0 0
0.0022222222222222222 0.4311013573427654 -0.04822409706495535 0.0488027873029042 0 0 0
0.0022222222222222222 -0.31543411576597996 0.21173800841802046 -0.39171570579151294 0 0 0
0.0022222222222222222 -0.33248365380870487 0.3710823516679488 0.22161875733734387 0 0 0
0.0022222222222222222 0.3188916091275094 -0.051810125919448384 0.09305327582484242 0 0 0
0.0022222222222222222 -0.13327666101100072 0.49319651675641896 0.4381814993357647 0 0 0
0.0022222222222222222 -0.6741621706686868 -0.009026901325763687 -0.030331579455820202 0 0 0
0.0022222222222222222 -0.09933310952322703 0.5567274293096572 -0.36387806946727363 0 0 0
0.0022222222222222222 0.3508611577475971 -0.30730407194598375 0.07536479107254763 0 0 0
0.0022222222222222222 0.522123629495798 0.11169281157922287 0.012878553801737625 0 0 0
0.0022222222222222222 0.33575237746018594 -0.04971103433280452 -0.46024626877029623 0 0 0
0.0022222222222222222 0.2307277464837692 -0.02042327874001205 -0.5459660184067345 0 0 0
0.0022222222222222222 -0.3132554267991086 -0.09049210156091879 0.27721551396114036 0 0 0
0.0022222222222222222 -0.19213514299620615 -0.19030376268403693 -0.5194606911409597 0 0 0
0.0022222222222222222 0.17299273877690208 -0.22868182881620147 -0.5239445259151073 0 0 0
0.0022222222222222222 0.14084335697159564 -0.10224862975996354 -0.6172501628754085 0 0 0
0.0022222222222222222 0.30870123798188553 0.1447621791651698 -0.3762163806685086 0 0 0
0.0022222222222222222 0.37468257650862297 -0.0008833297258255588 -0.3916055861371303 0 0 0
0.0022222222222222222 0.19180781895729765 -0.4378837506388479 0.07826407614641527 0 0 0
0.0022222222222222222 0.022643810608167746 0.2487161846454205 -0.2773329370754732 0 0 0
0.0022222222222222222 0.39285808608213474 0.37664567078035155 0.4277931954884224 0 0 0
0.0022222222222222222 -0.1349169156101411 -0.3160031535991837 0.012440561543770544 0 0 0
0.0022222222222222222 0.42819661387807256 0.29057885870408934 -0.2864770539773207 0 0 0
0.0022222222222222222 0.43485762610874934 -0.33146491883285745 -0.3925101339831828 0 0 0
0.0022222222222222222 0.12587247664584564 0.1590985688565931 0.5722832076285732 0 0 0
0.0022222222222222222 0.2572911175636501 0.31275849601789374 -0.5231043325030732 0 0 0
0.0022222222222222222 -0.5881818157900144 0.35442706977075 0.07961797478632353 0 0 0
0.0022222222222222222 -0.16354623037791313 -0.21001885901678236 -0.5952697680513293 0 0 0
0.0022222222222222222 -0.15048805360830986 -0.28539532036230697 -0.5049538514095359 0 0 0
0.0022222222222222222 0.3490161360452945 0.22437220466835098 0.21521236379205777 0 0 0
0.0022222222222222222 0.24238824412419663 -0.17998312640405545 -0.14437676014022313 0 0 0
0.0022222222222222222 -0.1093605013437546 0.07060505495722834 -0.42712831109572547 0 0 0
0.0022222222222222222 -0.2539785346221114 -0.08669768853348225 -0.5232325766612662 0 0 0
0.0022222222222222222 -0.23903303249077099 -0.29933623668437004 0.4737504643373119 0 0 0
0.0022222222222222222 -0.09343336311844558 0.393347002181545 -0.12253623728052447 0 0 0
0.0022222222222222222 0.2167868499869658 0.20445190736054827 0.09376328847552785 0 0 0
0.0022222222222222222 -0.32020478439468075 -0.12679249727953687 -0.5217507364542793 0 0 0
0.0022222222222222222 0.07531000343632877 0.24732133207329843 0.368840036477567 0 0 0
0.0022222222222222222 0.18242403096673457 0.491739243014573 0.4224402950808652 0 0 0
0.0022222222222222222 0.08691125028548924 -0.1900043552456477 -0.3703398144674244 0 0 0
0.0022222222222222222 -0.12981196158108796 -0.5678678834536651 0.3316786670839375 0 0 0
0.0022222222222222222 -0.3077218574479595 0.1316927704086636 -0.2570527377287173 0 0 0
0.0022222222222222222 0.4793955506763743 0.4262117845552134 -0.053397847662722764 0 0 0
0.0022222222222222222 0.2840025235705117 0.17461070912890178 -0.040640081039700286 0 0 0
0.0022222222222222222 -0.2682140406704641 0.4144379962634084 0.03948157973395974 0 0 0
0.0022222222222222222 -0.0011153317228636953 -0.027878995131317096 0.5486706557644201 0 0 0
0.0022222222222222222 0.22667746236607889 -0.04598875352974911 -0.02252717997253049 0 0 0
0.0022222222222222222 -0.19894244163750363 0.07412859763119085 -0.07618498467753688 0 0 0
0.0022222222222222222 -0.21977000168914054 0.602292506854573 0.09919955595295268 0 0 0
0.0022222222222222222 0.4434239201117541 -0.23760711024548162 0.2952029668201912 0 0 0
0.0022222222222222222 -0.5628422109487208 0.20205814068805703 0.08691922775493566 0 0 0
0.0022222222222222222 -0.4476695232301646 0.22285018577836938 0.21760090457323045 0 0 0
0.0022222222222222222 -0.02245946956623769 0.2720226770758102 -0.1108674434395296 0 0 0
0.0022222222222222222 -0.4318985936752049 0.21603558219234384 0.0584913363708562 0 0 0
0.0022222222222222222 0.07505289253859757 -0.21034028252576842 -0.14937590701185086 0 0 0
0.0022222222222222222 0.11706847500622206 0.056359203831864886 0.04072881712591794 0 0 0
0.0022222222222222222 -0.22004939478463514 -0.6126760066810422 -0.10941516186876687 0 0 0
0.0022222222222222222 -0.007441169571671354 -0.6210386204600142 0.2914589511401477 0 0 0
0.0022222222222222222 -0.20581685808252648 -0.22871573990993627 0.07826041475852319 0 0 0
0.0022222222222222222 -0.08753686154294282 0.3805285614957439 0.28469304942577417 0 0 0
0.0022222222222222222 -0.07895860466669144 -0.44925165081129675 0.4104022739783152 0 0 0
0.0022222222222222222 0.5562804007467514 -0.14350493458723967 0.2680806186895133 0 0 0
0.0022222222222222222 0.1684405818557265 0.32229325108798834 0.18039578763679762 0 0 0
0.0022222222222222222 0.006313196779441379 -0.12824587824748288 0.44107446085038005 0 0 0
0.0022222222222222222 -0.5864050901937009 -0.08210280865479753 -0.3085349321952912 0 0 0
0.0022222222222222222 -0.1863648112215421 -0.1914810403600845 -0.296460293788313 0 0 0
0.0022222222222222222 -0.4850764024852897 0.12730953950430676 0.33185063114605434 0 0 0
0.0022222222222222222 0.2672977935973797 -0.1684169634294929 0.4220367570145502 0 0 0
0.0022222222222222222 -0.38721098819028354 0.05285302826264547 0.40642957301575405 0 0 0
0.0022222222222222222 -0.003250494794316866 -0.01900790838036825 -0.07199770128840977 0 0 0
0.0022222222222222222 -0.5919121703505884 0.09114579259124408 0.17176933810014572 0 0 0
0.0022222222222222222 -0.5362298848006934 0.18435956908610068 -0.08679238239638076 0 0 0
0.0022222222222222222 0.0521533867488474 -0.5583961109380671 -0.229670389089531 0 0 0
0.0022222222222222222 0.13833138470521025 0.10253699935834494 -0.2409373440138874 0 0 0
0.0022222222222222222 0.38321934045632544 -0.46796616649006345 -0.1759671912574446 0 0 0
0.0022222222222222222 -0.063386880645129 0.5037280024710784 -0.3968938579747138 0 0 0
0.0022222222222222222 -0.30647403299893916 0.39612054522674517 -0.47443559675054486 0 0 0
0.0022222222222222222 0.07608734731905281 -0.23659913566024848 0.6139096840136932 0 0 0
0.0022222222222222222 -0.05032839136025509 -0.15337188152509604 -0.21132814092808996 0 0 0
0.0022222222222222222 0.02308321789056852 -0.05692494581995149 0.5833542152833595 0 0 0
0.0022222222222222222 -0.390179807041151 0.5307780397103748 -0.20603100426518262 0 0 0
0.0022222222222222222 0.05207767994730877 -0.6105387179716248 0.1956765457549481 0 0 0
0.0022222222222222222 0.1913522510583237 -0.3214365757805434 0.43118293047391404 0 0 0
0.0022222222222222222 0.3010288492500673 0.0447117752251715 0.3197193646847434 0 0 0
0.0022222222222222222 -0.20513877906200567 0.35647876183347005 0.5422490622871121 0 0 0
0.0022222222222222222 0.2419593865354417 0.4129754141948311 0.22321825916430243 0 0 0
0.0022222222222222222 -0.06540682528112743 0.07854078162450259 -0.5521572365565441 0 0 0
0.0022222222222222222 0.2821089883915636 -0.16073787637530812 0.5721074876101557 0 0 0
0.0022222222222222222 -0.4865770138304609 0.3483375033107465 -0.2314445394025794 0 0 0
0.0022222222222222222 -0.2723975118832493 -0.46823527371817986 -0.20421247726461186 0 0 0
0.0022222222222222222 0.008200395626469873 0.1566163425920943 0.44760951918303826 0 0 0
0.0022222222222222222 0.11793788737742186 0.19876824661543946 0.3057630162718029 0 0 0
0.0022222222222222222 0.35545347176312064 0.0392442925157377 0.35265777945872717 0 0 0
0.0022222222222222222 0.5042200411770301 0.15866247718552684 -0.25341487208703667 0 0 0
0.0022222222222222222 -0.6118682880268163 -0.1622197440292254 -0.018254802357362536 0 0 0
0.0022222222222222222 0.255355828787458 -0.3215777968911058 -0.15081034158063167 0 0 0
0.0022222222222222222 0.42239934147887576 -0.5041486185817939 -0.12493636109403167 0 0 0
0.0022222222222222222 -0.611006133467916 -0.037315974889891114 0.26866732718556047 0 0 0
0.0022222222222222222 0.002947281365805571 -0.3459323313604871 0.019788471285263193 0 0 0
0.0022222222222222222 0.3109899131381003 -0.11007774440572274 0.1402739687555853 0 0 0
0.0022222222222222222 0.2692752729199482 0.10260246760565511 0.5848278786769253 0 0 0
0.0022222222222222222 -0.10375859004886691 0.15655521129946443 -0.41384806735126556 0 0 0
0.0022222222222222222 -0.34133190325443047 0.19699144409972588 0.4032873542759741 0 0 0
0.0022222222222222222 -0.26549587340786346 0.40274607040643023 -0.048523293863061985 0 0 0
0.0022222222222222222 0.37178544947369524 -0.004418939868863881 0.26889297267095147 0 0 0
0.0022222222222222222 -0.3331982202267927 -0.01850667497599155 -0.10176322402103678 0 0 0
0.0022222222222222222 0.311510673752336 0.2644801126034273 0.2577444670197435 0 0 0
0.0022222222222222222 0.38266536865043216 0.30074970363805664 -0.08976676338052843 0 0 0
0.0022222222222222222 -0.17613728559813024 0.03270124090418629 -0.6414973078719738 0 0 0
0.0022222222222222222 -0.5520404622070706 0.09673598656946072 -0.31000257801841374 0 0 0
0.0022222222222222222 0.2150889725444983 0.4063886654794868 0.11638809554935062 0 0 0
0.0022222222222222222 0.26000420971620164 -0.43264188561810496 -0.33376390495411945 0 0 0
0.0022222222222222222 0.36741320390113075 -0.0813670580926022 -0.21508350680747887 0 0 0
0.0022222222222222222 -0.2786857286240465 -0.569803949649681 0.1890522914938897 0 0 0
0.0022222222222222222 -0.1570658084253821 -0.4729225178704093 0.19669136998076137 0 0 0
0.0022222222222222222 0.3154739695427249 -0.11947512389613683 0.3240567745460561 0 0 0
0.0022222222222222222 0.22350283298438092 -0.13084827079599867 -0.6235039525236499 0 0 0
0.0022222222222222222 0.2224706342029724 -0.4373384073127704 0.215893509189101 0 0 0
0.0022222222222222222 0.017782236467833234 -0.12883238623677742 0.2015680720123722 0 0 0
0.0022222222222222222 0.11881718588613224 0.16468773577274867 0.6229682523258147 0 0 0
0.0022222222222222222 0.6598611249882824 -0.09798457308108258 -0.1722028424415547 0 0 0
0.0022222222222222222 -0.09526821376063786 0.0775399756667839 -0.2752280569919461 0 0 0
0.0022222222222222222 0.2504131060939782 0.2713173217201412 0.5205200783616855 0 0 0
0.0022222222222222222 -0.09093955133663974 0.27086558137066163 -0.442319438842191 0 0 0
0.0022222222222222222 -0.2089804366643082 0.28635924223834536 0.19976343624455803 0 0 0
0.0022222222222222222 0.3297877062869733 -0.22432361210981736 -0.07345971573154805 0 0 0
0.0022222222222222222 0.42056954794246804 -0.04398071979476412 0.29731287599082273 0 0 0
0.0022222222222222222 0.23526227808833008 0.12680684504565468 -0.5801003106475925 0 0 0
0.0022222222222222222 -0.5298665614358302 -0.41464909887002077 0.13220514903038588 0 0 0
0.0022222222222222222 -0.47151390305696833 -0.32744988722936247 0.03672570848324897 0 0 0
0.0022222222222222222 0.20849987382025664 0.31163595397617544 0.1911344484746295 0 0 0
