970
0
0.0010309278350515464 0.45487557858941086 0.14327722842059878 0.23304033412862832 0 0 0
0.0010309278350515464 0.34548797566572137 0.12628907692330785 0.26016289088486944 0 0 0
0.0010309278350515464 0.0032773275085559925 -0.3933102374185087 -0.1713950075624282 0 0 0
0.0010309278350515464 0.3046170930564833 0.3641474064307097 -0.1667028487335811 0 0 0
0.0010309278350515464 0.48513810051413925 0.3120140124134543 -0.21635195254873868 0 0 0
0.0010309278350515464 -0.07466928154353832 -0.01458489078241224 -0.476947363634361 0 0 0
0.0010309278350515464 0.12407559944549586 -0.04621961888200551 -0.36710488093438504 0 0 0
0.0010309278350515464 -0.4551492334822808 0.24213986819143535 -0.09387094447907042 0 0 0
0.0010309278350515464 0.42488573683942377 0.5322171321053241 -0.06488629239677539 0 0 0
0.0010309278350515464 0.28610734843956276 0.44159666824900073 -0.061771431329232296 0 0 0
0.0010309278350515464 -0.31477311252742235 -0.12424907188724355 -0.5945464680004946 0 0 0
0.0010309278350515464 -0.47571350241476995 -0.008053866622464117 -0.4542110550936141 0 0 0
0.0010309278350515464 -0.06556600522254874 0.6433390825160572 -0.1705165195011874 0 0 0
0.0010309278350515464 0.43902517624293497 0.07608327381840235 0.1974025430646436 0 0 0
0.0010309278350515464 0.2493388794932903 -0.10704314397614022 -0.32450281001981357 0 0 0
0.0010309278350515464 0.5497859792355437 -0.0010727689371263366 0.1942615097958968 0 0 0
0.0010309278350515464 0.09482917869080958 0.2359697391560718 -0.2116107155351909 0 0 0
0.0010309278350515464 0.39490765215375084 0.30111331444519557 0.34527736665216824 0 0 0
0.0010309278350515464 -0.14760208872323505 0.18916309479535304 -0.09230402676040066 0 0 0
0.0010309278350515464 0.40349637721383685 -0.12064332170231622 -0.1743561667770316 0 0 0
0.0010309278350515464 -0.32707831808661175 0.0008539542227402665 0.45455032615748503 0 0 0
0.0010309278350515464 -0.16363250689645942 -0.15088743354938888 -0.11290285802765145 0 0 0
0.0010309278350515464 -0.060588054400777205 0.1755323807261153 -0.5427192903770801 0 0 0
0.0010309278350515464 -0.6101086069614835 0.20967837658725633 0.20590398770206741 0 0 0
0.0010309278350515464 0.13613458715248392 -0.170731460669491 -0.645324934129173 0 0 0
0.0010309278350515464 -0.002917309773751846 -0.5375707394147251 0.19189181949068018 0 0 0
0.0010309278350515464 0.026592445064039696 -0.19720996240035554 0.5642368766846922 0 0 0
0.0010309278350515464 0.3893152607988729 -0.2450983060190402 -0.3634339452139531 0 0 0
0.0010309278350515464 0.27482636701732177 0.17578431359795496 0.5642764647908467 0 0 0
0.0010309278350515464 -0.46976784213382594 0.2706208004184088 -0.07558582724177268 0 0 0
0.0010309278350515464 0.42505964655008205 0.31630714912762564 0.4130612489740333 0 0 0
0.0010309278350515464 0.4520378373946296 -0.4398483687808297 0.2588331741965917 0 0 0
0.0010309278350515464 -0.059585898657342436 -0.19803033377845952 0.6499562000776193 0 0 0
0.0010309278350515464 0.18309102892954088 0.6403785598015813 -0.11856221232752907 0 0 0
0.0010309278350515464 -0.4640532523733096 0.36915030622238715 0.12862702387519084 0 0 0
0.0010309278350515464 -0.25230174413550976 -0.5678811991396356 0.18348679717263205 0 0 0
0.0010309278350515464 0.340575726424173 0.49932408699398073 0.18669404280764945 0 0 0
0.0010309278350515464 -0.4433324749083534 0.49327799314952775 -0.174082033042405 0 0 0
0.0010309278350515464 0.40305631366498945 -0.3181751051059358 0.2864389894311884 0 0 0
0.0010309278350515464 0.13194567218611813 0.04703699647535746 -0.05622565362440461 0 0 0
0.0010309278350515464 -0.11750843510418045 -0.363065461446731 -0.07858830565971726 0 0 0
0.0010309278350515464 0.26726181728038795 -0.49207398533719415 -0.19413532966889765 0 0 0
0.0010309278350515464 0.04380383095421985 -0.1529801030548828 -0.45411255437561926 0 0 0
0.0010309278350515464 -0.04062734197785507 0.3059789583374578 -0.6152657133140456 0 0 0
0.0010309278350515464 0.1757562582753747 0.31389503688982917 -0.574761660731811 0 0 0
0.0010309278350515464 -0.1407929899746078 0.2556703116332006 0.1200812902914129 0 0 0
0.0010309278350515464 0.060281340768438725 -0.13289924563159053 0.07529701907966753 0 0 0
0.0010309278350515464 -0.11784800093657857 -0.35422797311922677 -0.28722641048655867 0 0 0
0.0010309278350515464 0.23185256631272377 -0.24041966511638624 -0.22054947495923233 0 0 0
0.0010309278350515464 0.19182729057480624 -0.22401244735347317 0.5517338598633451 0 0 0
0.0010309278350515464 0.11288794211659173 -0.39319006533154055 -0.48186538434067233 0 0 0
0.0010309278350515464 0.13015901272456276 -0.4920971944178818 0.1026851608926486 0 0 0
0.0010309278350515464 0.4671564343674179 -0.2518456124384477 -0.3397012158144214 0 0 0
0.0010309278350515464 -0.319847572947484 0.585372101723243 -0.13743276060436627 0 0 0
0.0010309278350515464 0.37995007251991914 0.09873358239355068 -0.3902683900381815 0 0 0
0.0010309278350515464 -0.44525365680760626 0.1438690614872617 0.42977103105343584 0 0 0
0.0010309278350515464 -0.4029542239043566 0.10483959680703209 -0.1864701981893218 0 0 0
0.0010309278350515464 0.6381733913337372 0.035562987576037916 0.06302190862501357 0 0 0
0.0010309278350515464 0.17681939042551836 0.31753398499532665 0.17595408022895886 0 0 0
0.0010309278350515464 0.36768060237505384 0.4550412274875432 0.06671709894469616 0 0 0
0.0010309278350515464 0.05777655664067807 0.3666282168469148 0.4235609940395982 0 0 0
0.0010309278350515464 -0.5017055241431757 -0.17736726432168035 -0.01030188851001876 0 0 0
0.0010309278350515464 -0.29854612268505903 -0.00733789511785699 -0.33847135451579113 0 0 0
0.0010309278350515464 0.24084892296784655 0.09682884065556739 0.4994747467645362 0 0 0
0.0010309278350515464 -0.24791013244150073 0.39237169405314526 0.4412736207579879 0 0 0
0.0010309278350515464 0.09097404803554666 0.11427020713329811 0.34147811974001063 0 0 0
0.0010309278350515464 -0.19694299618804076 0.039081719055588396 0.036615701832566364 0 0 0
0.0010309278350515464 -0.20168403899028664 -0.23947382385167876 0.17081383548510534 0 0 0
0.0010309278350515464 -0.10286596560884917 0.15191977605565468 0.025497806789459974 0 0 0
0.0010309278350515464 -0.11780468627986383 -0.5591921998643478 -0.03100078784277635 0 0 0
0.0010309278350515464 -0.20236067943871047 0.3235549262820663 -0.06515575521827044 0 0 0
0.0010309278350515464 -0.525308553675008 0.28200121615547624 0.09423444131680628 0 0 0
0.0010309278350515464 0.39654554309264095 -0.31680006720875953 0.3633361787868495 0 0 0
0.0010309278350515464 -0.48717129508568086 0.450747273268064 -0.1593568264783701 0 0 0
0.0010309278350515464 0.31029991952964475 0.3163907291325437 -0.5148205767590839 0 0 0
0.0010309278350515464 -0.35627226208885526 0.28921823222168064 0.28136118392319165 0 0 0
0.0010309278350515464 0.08957615635081542 0.15844633811094624 -0.23483831669484984 0 0 0
0.0010309278350515464 -0.49455074961427214 -0.02152823091542313 0.3804644746444863 0 0 0
0.0010309278350515464 -0.24953608719159254 0.005681722311684267 0.4243459857424775 0 0 0
0.0010309278350515464 -0.2485078750556941 0.532328362657502 -0.10060171513431058 0 0 0
0.0010309278350515464 0.03511754698586721 -0.3566131890028965 -0.33253745791044675 0 0 0
0.0010309278350515464 0.5465120576635178 -0.08891621869787511 0.06494263514087871 0 0 0
0.0010309278350515464 -0.34095525750972194 -0.15188817972634092 0.1429395285620183 0 0 0
0.0010309278350515464 0.3937661879451481 0.3380254668904838 0.2218372244279179 0 0 0
0.0010309278350515464 -0.06397678819143265 -0.5004778229545899 0.3315350378801512 0 0 0
0.0010309278350515464 0.1331610965374467 -0.589667777495232 -0.32797937565919605 0 0 0
0.0010309278350515464 -0.18162058719212099 0.4379288488217084 -0.1762464629410626 0 0 0
0.0010309278350515464 -0.1827498682124597 -0.42883454008250405 -0.2703718418735461 0 0 0
0.0010309278350515464 0.2323436122950909 0.2503737811735069 0.003116406833705065 0 0 0
0.0010309278350515464 -0.5619744002312044 -0.040053949930235665 0.05886396976215794 0 0 0
0.0010309278350515464 -0.20891489097187121 0.31679604909690706 -0.11097051456464711 0 0 0
0.0010309278350515464 -0.08405428606029126 -0.4547438228695465 0.5110964874983732 0 0 0
0.0010309278350515464 -0.03721106139792187 -0.5470417591992571 0.31920173747954517 0 0 0
0.0010309278350515464 -0.4674353220967597 -0.3035443625678017 0.4078416738021769 0 0 0
0.0010309278350515464 0.06351863128533758 0.021965000086409118 0.3113980195893156 0 0 0
0.0010309278350515464 -0.1135640664770556 0.11707553769300362 -0.2488966720107539 0 0 0
0.0010309278350515464 -0.6008796969222163 0.25942063183587794 0.10581080151355188 0 0 0
0.0010309278350515464 -0.6033803145368626 0.12926352030985977 -0.11399152733177892 0 0 0
0.0010309278350515464 -0.03224445973213974 0.4955275410135025 0.153992832296878 0 0 0
0.0010309278350515464 0.1181072275008812 -0.12864604315192052 -0.17239675208858388 0 0 0
0.0010309278350515464 -0.17703877513424227 0.48199374329272704 0.34212431959031525 0 0 0
0.0010309278350515464 -0.28847386180484375 -0.060341572325263194 -0.09937551761519688 0 0 0
0.0010309278350515464 0.6269516444636384 -0.10755891302022218 0.06838554404320547 0 0 0
0.0010309278350515464 -0.08003955847868414 0.3877179201013004 -0.5459788211723905 0 0 0
0.0010309278350515464 -0.2649021170702743 0.36244066580325507 -0.3880845209446959 0 0 0
0.0010309278350515464 -0.28947594017768946 -0.019005527847690596 -0.01973425908326641 0 0 0
0.0010309278350515464 -0.11849487305752034 0.2898187073611692 -0.5338902789198289 0 0 0
0.0010309278350515464 0.15133851180687377 0.04578757140102299 -0.08593908821193859 0 0 0
0.0010309278350515464 0.5002203905883136 -0.03741985885681973 -0.26708724974525216 0 0 0
0.0010309278350515464 0.03948307959058731 0.4455372236502501 -0.09443750399278157 0 0 0
0.0010309278350515464 0.2068145108814498 0.014218589114109271 -0.21756735428661225 0 0 0
0.0010309278350515464 0.2754170389401338 0.4686678093672677 -0.35545710264413943 0 0 0
0.0010309278350515464 0.11076304631626357 -0.32018584185884585 -0.21524107133664008 0 0 0
0.0010309278350515464 -0.01936431661936376 -0.43490113792178076 -0.20232293264147425 0 0 0
0.0010309278350515464 0.07285910873622085 0.1505451434872737 -0.1113956725635005 0 0 0
0.0010309278350515464 -0.11388159930414982 0.305562637214611 -0.025121487293096365 0 0 0
0.0010309278350515464 -0.4912597796895041 -0.06846863025015934 0.11206432245208711 0 0 0
0.0010309278350515464 0.11714281746558106 -0.13279376553776454 0.41188112046278663 0 0 0
0.0010309278350515464 0.095246285258353 0.3666984296988232 -0.11587862631050293 0 0 0
0.0010309278350515464 -0.045958616051840755 0.5745203640594732 0.27205535614652054 0 0 0
0.0010309278350515464 0.42241291860697766 -0.3096124886097571 -0.2140623566891132 0 0 0
0.0010309278350515464 -0.1833374183098743 -0.29090145080606805 0.06271742660861536 0 0 0
0.0010309278350515464 -0.0409487497237764 0.42719762422094887 -0.23929066104381613 0 0 0
0.0010309278350515464 0.04586336108212678 -0.4277373179621599 0.04097202669857663 0 0 0
0.0010309278350515464 0.26761280452172564 -0.07147687167125617 0.4848512492509746 0 0 0
0.0010309278350515464 0.12171619391116541 -0.33493852096409804 0.13136751038084699 0 0 0
0.0010309278350515464 -0.2814456426293737 0.5106084707772138 -0.2509789513647163 0 0 0
0.0010309278350515464 0.4901992586978502 0.1331832582596978 0.34731741465003674 0 0 0
0.0010309278350515464 0.29938003560456616 0.3822249861141773 -0.10411255523629805 0 0 0
0.0010309278350515464 0.628555940045257 0.11887215934812058 -0.1162022626896 0 0 0
0.0010309278350515464 0.3845362519876148 0.13737021252799403 0.5162641401744286 0 0 0
0.0010309278350515464 -0.17091360306858217 -0.49983459947873415 0.43822479281633175 0 0 0
0.0010309278350515464 -0.09092511587178899 -0.2048236912568268 -0.28071332984788083 0 0 0
0.0010309278350515464 0.17452252084286735 -0.046946096368259256 0.21981725335542185 0 0 0
0.0010309278350515464 -0.059647856482955786 0.4242951669724811 0.4631137310878121 0 0 0
0.0010309278350515464 -0.2513211184086525 -0.3034185484015922 0.17181790891701643 0 0 0
0.0010309278350515464 -0.12256668179252149 0.11153689967115453 0.5232805856454218 0 0 0
0.0010309278350515464 0.20977082760576754 -0.3882560395457247 -0.37816106736938054 0 0 0
0.0010309278350515464 -0.28346368863542626 -0.015623937360831789 -0.12341277779569099 0 0 0
0.0010309278350515464 -0.1696619177480261 -0.21535891467852403 0.5123595832163048 0 0 0
0.0010309278350515464 0.23603189410594377 -0.31731641896657664 0.27040291370858704 0 0 0
0.0010309278350515464 0.5719812274345928 -0.09366710664882708 0.04028264409917538 0 0 0
0.0010309278350515464 -0.3741215150433967 -0.11764012422896612 -0.08899113975720986 0 0 0
0.0010309278350515464 -0.3129505543450275 0.4751156322608879 -0.3370021627465717 0 0 0
0.0010309278350515464 -0.10493593914763945 -0.22110060357788563 0.4471687305551578 0 0 0
0.0010309278350515464 -0.18768471371035841 0.08690324393887197 -0.4258470467457408 0 0 0
0.0010309278350515464 -0.3665213223590555 0.47036945147044784 0.030615325744323157 0 0 0
0.0010309278350515464 -0.21639253923590718 0.2149197535617734 0.3029125863915894 0 0 0
0.0010309278350515464 0.08823965040289894 -0.10308959563830089 0.6434431788015584 0 0 0
0.0010309278350515464 0.07444080528222183 0.5437278502448367 -0.3925629226562233 0 0 0
0.0010309278350515464 0.30395546932691714 0.2651997601200901 -0.18782404969686173 0 0 0
0.0010309278350515464 0.2628835734811538 -0.008126486957241 0.341373391845763 0 0 0
0.0010309278350515464 0.19246696550753337 -0.31285978729347697 0.22240053733630094 0 0 0
0.0010309278350515464 0.10128548771459354 -0.2489042422510692 0.3841461953352311 0 0 0
0.0010309278350515464 -0.03131704769454154 -0.22082591150344982 -0.16360562296351278 0 0 0
0.0010309278350515464 0.19072403034326213 0.24915117753384222 0.33350982309668903 0 0 0
0.0010309278350515464 0.3786194845645981 -0.5538749281952129 -0.11077378837231623 0 0 0
0.0010309278350515464 0.266709539856037 0.44640427313203435 -0.06742326507558788 0 0 0
0.0010309278350515464 0.14858830077346666 -0.34080853588835114 0.1427296467830894 0 0 0
0.0010309278350515464 0.05779392750584584 0.0831007415504731 0.633406644751758 0 0 0
0.0010309278350515464 -0.3515236983221801 0.5411806461984441 0.20168351279809116 0 0 0
0.0010309278350515464 -0.2073811630308248 0.23907567006075733 -0.2432567657641324 0 0 0
0.0010309278350515464 -0.005145502718561627 -0.3228567174929103 0.5172609075309407 0 0 0
0.0010309278350515464 0.31777604313364566 0.3480750985533331 0.2685284674305447 0 0 0
0.0010309278350515464 -0.5494148099165538 0.25765633267901605 0.23168107769693785 0 0 0
0.0010309278350515464 -0.17455268991865386 0.15041137914048625 -0.33909588062500473 0 0 0
0.0010309278350515464 0.6294588202528726 -0.17723721380966087 -0.12920929161638545 0 0 0
0.0010309278350515464 -0.29310858038152027 0.30806492863999035 0.26329750191550405 0 0 0
0.0010309278350515464 0.10636740447797917 -0.10869950053154295 0.23513353988155244 0 0 0
0.0010309278350515464 0.1960600243363215 -0.5515590261203722 -0.3300070488562784 0 0 0
0.0010309278350515464 -0.19201021690006873 -0.48221501745904305 0.18272262001624529 0 0 0
0.0010309278350515464 0.23786673075776277 -0.3154001190029301 -0.20249522443530074 0 0 0
0.0010309278350515464 -0.1014392639245806 -0.32861596594809794 0.433405035112167 0 0 0
0.0010309278350515464 0.5582525205785066 -0.0024162483872555594 0.22977883582356798 0 0 0
0.0010309278350515464 -0.12051691609356353 -0.351800420067511 -0.5303364826818854 0 0 0
0.0010309278350515464 -0.06245483936578747 -0.013274580947134552 0.12711361027771312 0 0 0
0.0010309278350515464 0.3364006309314638 -0.04958793696287831 0.33640089422102337 0 0 0
0.0010309278350515464 0.15743073248404021 -0.21768389538095131 0.12124283836416706 0 0 0
0.0010309278350515464 -0.2034288941331706 -0.038556522701083853 -0.024156217726552583 0 0 0
0.0010309278350515464 -0.31944608445930034 0.11949461104328954 -0.13377746120657572 0 0 0
0.0010309278350515464 -0.22296354757883907 -0.1982821676113575 0.3759094759314131 0 0 0
0.0010309278350515464 0.22951698202178236 0.10834615851464201 -0.15637072410750696 0 0 0
0.0010309278350515464 -0.060262210265472106 0.2412562671759752 -0.04951433650036401 0 0 0
0.0010309278350515464 0.06816024902858468 0.08285962841735636 -0.29568908603276517 0 0 0
0.0010309278350515464 -0.40755867168000237 -0.3026798325658454 -0.2039582771065854 0 0 0
0.0010309278350515464 0.03943249794835963 0.12435195245300905 0.14419063150023453 0 0 0
0.0010309278350515464 -0.21669733936687158 -0.19876264451306305 -0.5093466648226623 0 0 0
0.0010309278350515464 0.23286563340234964 -0.11674738674828065 -0.3384183056604649 0 0 0
0.0010309278350515464 0.30686742860318966 -0.3818963851557744 -0.3802881036852372 0 0 0
0.0010309278350515464 -0.44118321690401385 -0.17551890143853394 -0.11919291570876225 0 0 0
0.0010309278350515464 -0.3547264764460643 0.09767589205524677 0.1211641443989015 0 0 0
0.0010309278350515464 0.5311589196553795 0.06803270779095368 -0.16882429670871846 0 0 0
0.0010309278350515464 -0.33540865686748683 -0.5114196738355016 0.12731577198607893 0 0 0
0.0010309278350515464 -0.36125652684392223 -0.3526054381505521 -0.25438878610917587 0 0 0
0.0010309278350515464 -0.4903079515090953 -0.3949974918306121 -0.2375489983378577 0 0 0
0.0010309278350515464 0.2777061821372984 -0.20538212424077804 -0.3541050613433117 0 0 0
0.0010309278350515464 -0.16066387014251024 0.47691303285203607 0.03089635898891347 0 0 0
0.0010309278350515464 -0.1962660481052708 0.13119988518438072 -0.30637112439440584 0 0 0
0.0010309278350515464 -0.0970702556211942 -0.14463870334031884 -0.5117608192721019 0 0 0
0.0010309278350515464 -0.200504257949022 0.3061778069090014 -0.002337118969208736 0 0 0
0.0010309278350515464 -0.28191735319392525 0.03634746419295569 -0.4496085180840054 0 0 0
0.0010309278350515464 -0.014120712704487238 -0.4804771414592712 -0.32689865188968886 0 0 0
0.0010309278350515464 -0.598878889094102 0.22944996043714333 -0.22383177208373878 0 0 0
0.0010309278350515464 -0.32051218282233257 0.05845744435474637 0.08629144683587135 0 0 0
0.0010309278350515464 -0.024817360845051012 -0.007811806297635935 0.15700280257912608 0 0 0
0.0010309278350515464 0.12441598439393763 0.37588630622021174 0.2849428241117285 0 0 0
0.0010309278350515464 0.2552627533650824 -0.28356504511600705 -0.01536251254745909 0 0 0
0.0010309278350515464 0.1029357515225462 -0.29096262773867676 0.4587047777506065 0 0 0
0.0010309278350515464 -0.3778522899909709 -0.40199898700799774 -0.09661422780644095 0 0 0
0.0010309278350515464 0.039550056724432826 0.31713456175967497 -0.14687978415349298 0 0 0
0.0010309278350515464 0.23544146383620504 0.32393587871212215 0.19689214708993136 0 0 0
0.0010309278350515464 -0.5095277529606612 -0.11501961361423374 -0.22071854171882227 0 0 0
0.0010309278350515464 0.14649054103424056 -0.14761990897116828 0.6401720819351235 0 0 0
0.0010309278350515464 -0.5359606204933524 0.30908500626465396 0.08264479696934603 0 0 0
0.0010309278350515464 -0.07597947882234339 0.30231216741953726 0.08437890990713576 0 0 0
0.0010309278350515464 0.49835395436518276 -0.31528136517737265 -0.329723223785402 0 0 0
0.0010309278350515464 0.02759647364262831 -0.009662484667465629 -0.6774025743644033 0 0 0
0.0010309278350515464 0.05887973826076243 -0.49745729861288146 0.20113644228324465 0 0 0
0.0010309278350515464 0.2559338694179602 0.6122124923458383 0.050652065311606924 0 0 0
0.0010309278350515464 0.6324874357167796 -0.008623930450665222 -0.02608112970281569 0 0 0
0.0010309278350515464 0.08034997063787938 -0.5349972312811219 0.3728422809090211 0 0 0
0.0010309278350515464 0.16631048785641545 0.23670775423686014 0.3272540249866764 0 0 0
0.0010309278350515464 0.107048166536396 -0.03578292353159001 0.6117166686437975 0 0 0
0.0010309278350515464 0.15795503969467692 0.1853150808695975 -0.5999952572654965 0 0 0
0.0010309278350515464 -0.10256784257760929 -0.3222840044319564 0.28412682044132803 0 0 0
0.0010309278350515464 -0.1736819269669711 0.5042614958843857 0.06326065496956315 0 0 0
0.0010309278350515464 0.29801975922911766 -0.31376094307303365 0.17597222018546202 0 0 0
0.0010309278350515464 0.160939491007388 -0.4836793067614633 -0.08036074996888168 0 0 0
0.0010309278350515464 0.21846357580018075 0.3568334042044208 -0.22664367253294687 0 0 0
0.0010309278350515464 -0.4755859337637563 -0.21580769242666445 0.3800822709501826 0 0 0
0.0010309278350515464 0.17137589170434453 0.13561849168869647 0.5217590947860766 0 0 0
0.0010309278350515464 0.10873690828371878 0.5216875725308945 -0.2282190027800455 0 0 0
0.0010309278350515464 0.022578527464086215 0.41321523815588296 0.5416425466180681 0 0 0
0.0010309278350515464 -0.20554839671842265 -0.37137180265702235 0.37468803260950395 0 0 0
0.0010309278350515464 0.10999275303197388 -0.3868214342691579 0.5029659003671068 0 0 0
0.0010309278350515464 0.28986738567115117 -0.1505095882274482 -0.49251529183370263 0 0 0
0.0010309278350515464 -0.320731740732423 0.15383596997802798 -0.27812651753482376 0 0 0
0.0010309278350515464 0.12731360267759764 0.402742767844262 -0.2414371403102765 0 0 0
0.0010309278350515464 -0.14413073176451302 0.5700796847666432 0.030187241600201784 0 0 0
0.0010309278350515464 0.03189984064505056 -0.43999779888357726 -0.0567066718505704 0 0 0
0.0010309278350515464 -0.01602678048474861 0.2762452476079716 0.18832535810423356 0 0 0
0.0010309278350515464 -0.19802516048291205 0.020508975670836583 0.25971157444639686 0 0 0
0.0010309278350515464 0.01890999114302045 -0.1978112572622789 -0.6181829420348057 0 0 0
0.0010309278350515464 0.25454749134552296 0.2898338351309934 -0.1639717930707694 0 0 0
0.0010309278350515464 0.27288940257811883 -0.3163026409223797 -0.19571626107564727 0 0 0
0.0010309278350515464 -0.35166600713502194 0.4946517345512863 0.31157502043453306 0 0 0
0.0010309278350515464 -0.48935071354446347 -0.31589915923081613 -0.12967015394080872 0 0 0
0.0010309278350515464 0.35009941225632096 0.004985758221940222 -0.447042715789084 0 0 0
0.0010309278350515464 -0.4757261648394975 -0.24922836022607484 0.39686859088105436 0 0 0
0.0010309278350515464 -0.16889901309835997 0.09993135621847729 0.06575575604783912 0 0 0
0.0010309278350515464 -0.11817331925631426 0.2278837641240753 -0.5925165005323253 0 0 0
0.0010309278350515464 0.2529043373232728 -0.11067914295940713 0.5476995267242426 0 0 0
0.0010309278350515464 -0.06838924455767 0.06570956062607528 -0.2744743789453398 0 0 0
0.0010309278350515464 0.13023482524255234 -0.29452669668817 0.4722301706387559 0 0 0
0.0010309278350515464 -0.482232253704071 -0.04319524447286653 -0.28583847397113843 0 0 0
0.0010309278350515464 0.6087510895381972 0.004409978358533884 0.2839695486579831 0 0 0
0.0010309278350515464 0.30919864250493645 -0.00015926392183877291 0.2218612969550547 0 0 0
0.0010309278350515464 -0.06899261295298541 -0.25687863550122664 0.631456460956319 0 0 0
0.0010309278350515464 0.21560418528729658 0.27252921815426434 0.3744061896713707 0 0 0
0.0010309278350515464 -0.1378222263220022 0.013366000512556427 -0.11088467672414333 0 0 0
0.0010309278350515464 -0.42544628557812775 -0.2960553329324212 -0.10094676098411147 0 0 0
0.0010309278350515464 0.29527666215496107 -0.012553253509636856 -0.1980141473519207 0 0 0
0.0010309278350515464 0.039099068614940315 0.3676793343560441 0.24370354303365022 0 0 0
0.0010309278350515464 -0.4618237992456263 0.35649992960310817 -0.09937719670698017 0 0 0
0.0010309278350515464 -0.24239649296716767 -0.07948989554382427 0.07767000634040817 0 0 0
0.0010309278350515464 -0.32594052401341617 -0.5808806651911962 0.12742479635397783 0 0 0
0.0010309278350515464 -0.44389595684883487 -0.36812987370943606 -0.09124391007768098 0 0 0
0.0010309278350515464 0.43457033226266256 -0.06283883120714506 0.002148300890071861 0 0 0
0.0010309278350515464 0.190860162285756 -0.48764046337597794 0.4072126289772899 0 0 0
0.0010309278350515464 -0.28321702938623217 0.32247405353614544 0.2903927100785776 0 0 0
0.0010309278350515464 0.30617288257029535 0.11202042987602594 0.21543428035841966 0 0 0
0.0010309278350515464 -0.3850732841498606 0.2553904263284752 -0.19821313739633722 0 0 0
0.0010309278350515464 -0.22053667984229458 -0.19534709394822522 -0.3460983736296427 0 0 0
0.0010309278350515464 -0.4134816564788755 -0.4327636553615155 -0.20201920420864217 0 0 0
0.0010309278350515464 0.2428504692477421 -0.20383402903071116 -0.2563083572683809 0 0 0
0.0010309278350515464 0.22025876376086123 -0.03955727334956558 0.46443642749767017 0 0 0
0.0010309278350515464 -0.2887326313819822 -0.36994588301048636 0.4799175990466356 0 0 0
0.0010309278350515464 0.176273070303238 -0.31326997152528224 -0.45150508722249716 0 0 0
0.0010309278350515464 -0.12061209633751531 0.31551792967579884 -0.5056769648376351 0 0 0
0.0010309278350515464 -0.08765244681731924 -0.38989567238799944 0.11492058831420342 0 0 0
0.0010309278350515464 0.3232571690821429 0.12953996296956194 0.2637025174485505 0 0 0
0.0010309278350515464 -0.1405450897218184 0.024273590006739218 0.36195761780104657 0 0 0
0.0010309278350515464 0.31613989729495723 0.5682936469091516 0.0934062932847002 0 0 0
0.0010309278350515464 -0.5711741268447796 -0.2940469127472032 0.16700741870231 0 0 0
0.0010309278350515464 0.13243492482390046 0.36387928205016606 -0.315191107023463 0 0 0
0.0010309278350515464 -0.5483814492181528 -0.2558376773219911 0.12086039039034747 0 0 0
0.0010309278350515464 -0.023463579675663693 0.04298503168767774 -0.22394700609617763 0 0 0
0.0010309278350515464 -0.27829308443072076 -0.27964344227293775 -0.0466942588945888 0 0 0
0.0010309278350515464 0.21970509284776596 0.02577525863961167 0.019495653879751988 0 0 0
0.0010309278350515464 0.25490380270178176 -0.5376852448164112 -0.1963735593907947 0 0 0
0.0010309278350515464 0.48229992020886225 0.1584812705085806 -0.26545178350469845 0 0 0
0.0010309278350515464 0.12516227120634907 -0.2525374195272881 -0.2895632335759338 0 0 0
0.0010309278350515464 0.0252124499084438 0.25617592060333705 0.08250989694056485 0 0 0
0.0010309278350515464 -0.3181567874391806 -0.05480066153873427 0.33388260143527676 0 0 0
0.0010309278350515464 -0.08766610242679819 0.45593598150604564 -0.1714835752808598 0 0 0
0.0010309278350515464 -0.12390273906193644 0.25431944405367096 0.1679710484058745 0 0 0
0.0010309278350515464 -0.10906043834067909 0.01122775771283821 0.47951060663068557 0 0 0
0.0010309278350515464 -0.26771562908899843 0.03872677159931698 -0.4227342191269466 0 0 0
0.0010309278350515464 0.009499581755452624 0.21177824077875382 -0.47878223696358024 0 0 0
0.0010309278350515464 -0.01773670323784097 0.15961482824548223 0.16146203269909115 0 0 0
0.0010309278350515464 -0.03539152514437693 -0.35919609730987895 0.3684891588150666 0 0 0
0.0010309278350515464 -0.07884571143789015 0.5152031972707042 0.24778374833362354 0 0 0
0.0010309278350515464 0.2805472474124012 -0.3590225566302621 0.26371735487220493 0 0 0
0.0010309278350515464 0.05676051552815631 -0.3710040836096736 0.129315583294567 0 0 0
0.0010309278350515464 -0.029643229770019684 -0.5193409455825826 0.3048482634258405 0 0 0
0.0010309278350515464 -0.39693103274024816 0.13871732984691154 -0.14560257127663553 0 0 0
0.0010309278350515464 -0.1986697318020146 0.353957019292687 -0.009995248408961722 0 0 0
0.0010309278350515464 -0.2878774249803243 -0.11329879906233985 0.4129177662125077 0 0 0
0.0010309278350515464 0.32132538006412714 -0.4026282636538063 0.06179627132161455 0 0 0
0.0010309278350515464 -0.05366309195023686 0.05043046354264095 0.3573960457905906 0 0 0
0.0010309278350515464 0.04605875721457103 0.21885350897937367 0.269084659968366 0 0 0
0.0010309278350515464 -0.2659218895840133 -0.2268936326852026 0.3914336893616552 0 0 0
0.0010309278350515464 -0.0214080870426127 0.09078963778594502 0.24701791195870568 0 0 0
0.0010309278350515464 0.2597370939768379 0.22576989123220334 -0.4308301645090442 0 0 0
0.0010309278350515464 -0.43781938293167966 0.1087305032474287 0.10282797533058402 0 0 0
0.0010309278350515464 0.12334890538066585 0.2533953689460871 -0.2710600205588801 0 0 0
0.0010309278350515464 -0.22666819237560443 0.3416881994860897 0.03702111535180936 0 0 0
0.0010309278350515464 -0.030790008485856085 0.36848091807390543 -0.16382292530567225 0 0 0
0.0010309278350515464 -0.2567830992376013 -0.13534633342458988 -0.5437462134379649 0 0 0
0.0010309278350515464 -0.6216597304620556 -0.1181716687865504 -0.19106711252029715 0 0 0
0.0010309278350515464 -0.0953810664176285 -0.6497525481369363 0.1707902357273119 0 0 0
0.0010309278350515464 -0.33726583716866637 -0.09290442230760525 0.2751873849967852 0 0 0
0.0010309278350515464 -0.3583480798332595 -0.1647730015327835 -0.5466583151509593 0 0 0
0.0010309278350515464 -0.13893871748260359 0.2890092764008808 -0.11061755686181696 0 0 0
0.0010309278350515464 -0.4671313419603654 0.17995221184619026 0.3926297278681964 0 0 0
0.0010309278350515464 -0.2355536141704015 0.06618046897508771 -0.11536489117468841 0 0 0
0.0010309278350515464 -0.2729782446582158 0.32555348582015187 0.10082172803084659 0 0 0
0.0010309278350515464 0.45437510447594065 0.47890212926852144 0.1914301379639304 0 0 0
0.0010309278350515464 -0.12159592543479147 0.3639528334802665 -0.48942060948858895 0 0 0
0.0010309278350515464 -0.39155755924714664 -0.20915624170986635 -0.18469730774987267 0 0 0
0.0010309278350515464 -0.3091781007796518 0.07700641427835232 -0.368986207217786 0 0 0
0.0010309278350515464 -0.27400687706529747 0.0900398596798217 -0.46054167743668545 0 0 0
0.0010309278350515464 0.2043750646163746 -0.3065729312483286 -0.08217457884562354 0 0 0
0.0010309278350515464 0.06818358772030578 -0.09464440580569147 -0.4338528190021812 0 0 0
0.0010309278350515464 -0.3899532728903639 -0.08150632831355985 0.37934944532665477 0 0 0
0.0010309278350515464 0.03289209452374305 0.5167172429751834 0.12064778432435645 0 0 0
0.0010309278350515464 -0.029044329039641752 0.49320840154278767 -0.11103325657682024 0 0 0
0.0010309278350515464 -0.5733017667263388 -0.18791170382262212 0.06209340888894901 0 0 0
0.0010309278350515464 -0.10692710626643478 -0.25585882689008843 0.1482209310475265 0 0 0
0.0010309278350515464 -0.2200154689890988 -0.2206959169723185 -0.6169888126503217 0 0 0
0.0010309278350515464 0.30730664291561594 0.07865035605323516 0.4568034489901202 0 0 0
0.0010309278350515464 -0.3273177499656971 0.23615736103898916 -0.25205568321924093 0 0 0
0.0010309278350515464 0.1208857183082312 -0.05191864706200115 -0.5775474411821743 0 0 0
0.0010309278350515464 0.19170803089224991 -0.008474111832027936 0.3722737837040986 0 0 0
0.0010309278350515464 -0.20714889976948436 -0.059854934321246535 -0.05344129967791132 0 0 0
0.0010309278350515464 -0.4637964454962966 -0.373679710100595 -0.1769757555538313 0 0 0
0.0010309278350515464 0.12528153138961517 -0.18409584547493285 0.3472927524781816 0 0 0
0.0010309278350515464 -0.09436676355580155 0.21185955146029303 -0.14599076270611658 0 0 0
0.0010309278350515464 0.14632272705854354 -0.46557393881985965 0.2389775388025882 0 0 0
0.0010309278350515464 -0.4985905074131238 -0.05225552998876024 0.2865285349876586 0 0 0
0.0010309278350515464 -0.01760317638762299 0.6739076244173023 0.15225146632988718 0 0 0
0.0010309278350515464 -0.16903940413821592 -0.276405318751645 -0.486005973997784 0 0 0
0.0010309278350515464 0.4616300504247591 -0.2122706553162423 -0.3120705377636377 0 0 0
0.0010309278350515464 0.46693063307174254 0.146818074671939 0.3934176153772718 0 0 0
0.0010309278350515464 0.2427567307472623 -0.022820629001244035 -0.5469018778359562 0 0 0
0.0010309278350515464 -0.256212837261741 -0.2967700165597197 0.11447859525035814 0 0 0
0.0010309278350515464 0.6587116487190424 -0.07545973691149456 0.010864035390578992 0 0 0
0.0010309278350515464 -0.36167427065317315 -0.38689464388380607 -0.08311547243840332 0 0 0
0.0010309278350515464 -0.5327059867495875 -0.3383018192321805 -0.23301777530228326 0 0 0
0.0010309278350515464 0.08085517143205263 -0.49492574503254266 0.29895846841619633 0 0 0
0.0010309278350515464 -0.1609769072025777 -0.14061700221645576 0.14062469957307502 0 0 0
0.0010309278350515464 0.2079521619227958 -0.09653008673036663 -0.5191490125144888 0 0 0
0.0010309278350515464 0.045662098990962095 -0.06130804197824852 -0.6723481790620031 0 0 0
0.0010309278350515464 -0.43599786916179245 0.12451933740537482 -0.4611160664880496 0 0 0
0.0010309278350515464 0.5846860778895988 0.1964556046446752 0.032902763906656134 0 0 0
0.0010309278350515464 0.36795794860673114 0.2609867521924759 0.24153009488780075 0 0 0
0.0010309278350515464 0.6362482187809508 -0.007089949531213929 0.15930244253108247 0 0 0
0.0010309278350515464 -0.08054301259179303 0.3345405383260892 -0.5778431722741244 0 0 0
0.0010309278350515464 -0.30674687692743297 0.27162468803138345 -0.11429164650133096 0 0 0
0.0010309278350515464 -0.013049304375239377 0.5981099035769384 -0.3380574350130963 0 0 0
0.0010309278350515464 -0.18758365201429072 0.20533097194684688 -0.55232286175495 0 0 0
0.0010309278350515464 -0.19935633019991256 0.48862722358908434 0.15851255441305306 0 0 0
0.0010309278350515464 -0.6171830310343 0.1324529148180802 0.18863775350007037 0 0 0
0.0010309278350515464 0.03375585482036205 0.22655827599075895 -0.2810209767112258 0 0 0
0.0010309278350515464 0.4060322483603142 0.048915015872566615 0.11125265199350262 0 0 0
0.0010309278350515464 -0.16341262041886498 0.1278056314400388 0.011598346782136473 0 0 0
0.0010309278350515464 -0.2221096488792817 0.12044034681159764 -0.12656828562243733 0 0 0
0.0010309278350515464 0.4246212187226357 -0.19549063751137485 0.04361755718858862 0 0 0
0.0010309278350515464 0.2622115375802577 0.45221605542790766 -0.25144751130374476 0 0 0
0.0010309278350515464 -0.6202091445388012 -0.08018673719373971 -0.24319201180452302 0 0 0
0.0010309278350515464 -0.537981438182604 -0.01204088523381384 -0.4328821473326858 0 0 0
0.0010309278350515464 -0.42802303295998884 -0.25351361038232406 -0.0014914649214258524 0 0 0
0.0010309278350515464 -0.18632736149559073 -0.4330421138665933 0.3710057653374274 0 0 0
0.0010309278350515464 0.5711628667669972 -0.12825966965637195 -0.09298104558863172 0 0 0
0.0010309278350515464 0.052456494580853316 -0.44527317041612596 0.5038008837831257 0 0 0
0.0010309278350515464 0.4764594229573785 0.028423776486497382 -0.2028031709070421 0 0 0
0.0010309278350515464 -0.3396464809006256 -0.42767835291893186 0.1718921349642788 0 0 0
0.0010309278350515464 0.22014550811055195 0.03979829934082825 0.6438782181698544 0 0 0
0.0010309278350515464 -0.3348567228529641 -0.5058517843555123 -0.019847988875211206 0 0 0
0.0010309278350515464 0.23047818571309625 -0.1976366133626841 -0.23286545668307604 0 0 0
0.0010309278350515464 -0.20383659773080293 0.4074506271092135 0.33955237369854796 0 0 0
0.0010309278350515464 0.1156174618167151 0.24320250421620548 0.07553746442254163 0 0 0
0.0010309278350515464 -0.2324200427273582 0.2648337335521401 0.07257305586127663 0 0 0
0.0010309278350515464 -0.3090766220566038 0.5113352520263993 -0.25883916997957884 0 0 0
0.0010309278350515464 0.25605885072569684 0.11199890567589711 -0.5567877471309817 0 0 0
0.0010309278350515464 -0.47541605084548505 -0.1065963106978654 -0.3238595461769462 0 0 0
0.0010309278350515464 0.1624170057878063 -0.25745957097432254 -0.25005179871553657 0 0 0
0.0010309278350515464 -0.2819936623695336 0.4436359781189556 0.3294506265580261 0 0 0
0.0010309278350515464 0.18491140567185882 0.008151352190684852 -0.358341611041663 0 0 0
0.0010309278350515464 -0.1827543224868914 -0.15706174345883733 -0.43270724263026744 0 0 0
0.0010309278350515464 -0.02712451248233772 0.03449892739116883 -0.05244870695183798 0 0 0
0.0010309278350515464 -0.079531279039645 0.4749026055249019 0.1190606385608427 0 0 0
0.0010309278350515464 -0.3274108985876294 0.36547398548848004 0.40992725843784067 0 0 0
0.0010309278350515464 -0.09774603724029146 -0.0019955426428358877 0.3651170857104015 0 0 0
0.0010309278350515464 0.13797416075204172 -0.02500201912693738 0.3660534969853833 0 0 0
0.0010309278350515464 -0.3511315615873136 0.04738925726236214 0.17206352828075208 0 0 0
0.0010309278350515464 0.2250921478922032 -0.4179619966821516 0.3079971481654479 0 0 0
0.0010309278350515464 0.2640736343501603 -0.090976118477088 -0.6030646360408973 0 0 0
0.0010309278350515464 -0.1110858289686706 -0.38292225311191175 0.46165315278031394 0 0 0
0.0010309278350515464 0.29383161200535424 0.23146512624815407 -0.21915048916846833 0 0 0
0.0010309278350515464 0.41264841439668615 -0.18830722383978343 -0.07535004979852883 0 0 0
0.0010309278350515464 0.06175383982834563 0.52767069535287 -0.2495740949516095 0 0 0
0.0010309278350515464 0.3560793861925885 0.4636538804421375 -0.3437218646801144 0 0 0
0.0010309278350515464 0.0866940001650986 -0.29149901431015485 -0.40516155429022804 0 0 0
0.0010309278350515464 -0.19217715735323687 -0.3016240281882699 -0.3076867406729916 0 0 0
0.0010309278350515464 -0.15321246583261441 0.3123312618879309 0.5869975231075346 0 0 0
0.0010309278350515464 -0.2566060761779834 -0.21675763139485005 -0.0604370966693009 0 0 0
0.0010309278350515464 -0.3928181839079424 -0.24330090952440592 -0.21863954527290635 0 0 0
0.0010309278350515464 -0.19325754850419902 -0.5747863812782126 -0.3082949802543289 0 0 0
0.0010309278350515464 -0.26870041394748795 -0.11113071971109247 -0.6094232740480429 0 0 0
0.0010309278350515464 0.3042651263955473 0.24337393883815314 0.348881292605676 0 0 0
0.0010309278350515464 0.4229736575058601 0.4368024253924692 0.24271282250856066 0 0 0
0.0010309278350515464 0.11784917550743267 -0.3693622660992364 0.2636191499618096 0 0 0
0.0010309278350515464 -0.592510857479386 -0.04752120326996286 -0.28443740872444623 0 0 0
0.0010309278350515464 -0.17752373807944946 -0.04652685530753419 -0.590605110991284 0 0 0
0.0010309278350515464 0.3134681618494181 -0.06601606270886062 0.37805833372745257 0 0 0
0.0010309278350515464 -0.4982851789552829 -0.09505219005800056 0.3043339794232464 0 0 0
0.0010309278350515464 -0.30550704294158065 0.4772547113589097 0.21488344718341082 0 0 0
0.0010309278350515464 -0.22462346269835629 -0.29179695296588415 -0.24216884218022633 0 0 0
0.0010309278350515464 0.279756953436501 -0.24004789261112058 0.3060665157531099 0 0 0
0.0010309278350515464 -0.04762418635809197 -0.3506202213699434 -0.3101494693145573 0 0 0
0.0010309278350515464 -0.2070500478777544 -0.4970134492006479 0.18858697434489172 0 0 0
0.0010309278350515464 0.02784830224337851 0.22973393809551695 0.5508436568827695 0 0 0
0.0010309278350515464 -0.1164415294633079 -0.2635951255910038 -0.1932823094303871 0 0 0
0.0010309278350515464 -0.15258865865096394 -0.5680633301561977 -0.03722910852263932 0 0 0
0.0010309278350515464 -0.19901350746900265 0.46069269877320956 0.1285562107855049 0 0 0
0.0010309278350515464 -0.1965406337429099 -0.5708620226011758 -0.3164365292133136 0 0 0
0.0010309278350515464 -0.37714412702845784 -0.3077107156192361 0.24552102588162558 0 0 0
0.0010309278350515464 0.3376976795332234 0.10917630180958537 0.2244472757695653 0 0 0
0.0010309278350515464 0.019241635205860204 -0.45387516440201786 0.18882806888437048 0 0 0
0.0010309278350515464 -0.3418458959865754 -0.19127229554824596 0.4006554385596414 0 0 0
0.0010309278350515464 0.27161455704967286 0.13282897538298666 -0.3778551778140783 0 0 0
0.0010309278350515464 0.19496744321849957 0.05615232420128474 0.5164669444500998 0 0 0
0.0010309278350515464 0.2194796027472584 -0.23985230666201257 -0.271717086542719 0 0 0
0.0010309278350515464 -0.0020765558347748576 0.18449530719356197 -0.05333085289401585 0 0 0
0.0010309278350515464 -0.2706325975972916 -0.3087530830386738 -0.5366490636839593 0 0 0
0.0010309278350515464 -0.6256782282706072 -0.15911827930706127 0.22758873966244555 0 0 0
0.0010309278350515464 -0.04889422390375926 -0.08331465138449763 0.6251042990695961 0 0 0
0.0010309278350515464 -0.1294847231984933 -0.3594465618214804 0.5374605525087839 0 0 0
0.0010309278350515464 0.02927741923704054 0.32865140149215333 -0.5531324467580008 0 0 0
0.0010309278350515464 -0.15935641688923266 0.3757882512482716 0.4166345402902063 0 0 0
0.0010309278350515464 -0.013350731440942946 0.38043629054332895 -0.5752476797277403 0 0 0
0.0010309278350515464 -0.2735924883103245 0.0279597638055028 -0.5642649701734751 0 0 0
0.0010309278350515464 -0.35827508241688294 0.23674409497105783 -0.4085124306962734 0 0 0
0.0010309278350515464 0.044404789289131275 0.15952065663736684 -0.49191037978992724 0 0 0
0.0010309278350515464 -0.24467983998430215 -0.5336075600743991 0.04260053219964645 0 0 0
0.0010309278350515464 0.3342616996228312 0.012697179972711498 0.11942517388728913 0 0 0
0.0010309278350515464 -0.3510158617281475 0.10103397002949889 -0.47452975214423054 0 0 0
0.0010309278350515464 -0.42270180566942467 0.38959559931342125 -0.06634491836834519 0 0 0
0.0010309278350515464 -0.39566152562865015 0.37133527193281923 -0.30124633450611066 0 0 0
0.0010309278350515464 0.6348244125887257 -0.009016687331337241 -0.0054842928021841455 0 0 0
0.0010309278350515464 0.32984875443898093 0.24657703606604517 -0.25030006717004744 0 0 0
0.0010309278350515464 0.34545641222774687 0.3486575921765638 -0.07236301684067786 0 0 0
0.0010309278350515464 -0.5237461364261743 0.17814892170799998 0.18884639428244782 0 0 0
0.0010309278350515464 0.27548116715715604 -0.5327703385415262 0.3053809139207317 0 0 0
0.0010309278350515464 0.2393158093560679 -0.27421696426711 -0.5519573427793681 0 0 0
0.0010309278350515464 -0.040632309946419684 -0.5106481583985437 -0.09266586276067386 0 0 0
0.0010309278350515464 -0.3274459714050226 0.154942409934045 -0.5383359314980114 0 0 0
0.0010309278350515464 -0.07221362270469459 -0.4301523908730774 -0.3187526102506767 0 0 0
0.0010309278350515464 0.15024559672685073 0.07817916977351641 -0.07447783355632709 0 0 0
0.0010309278350515464 -0.5941526598970742 -0.03695670847401515 -0.15235677472469775 0 0 0
0.0010309278350515464 0.10533358213109603 0.46486252803646766 -0.4922065267146318 0 0 0
0.0010309278350515464 0.5836114609251765 -0.07165937018648434 0.24006730520578481 0 0 0
0.0010309278350515464 -0.1489975786339811 0.6393954075326893 -0.19756816836433996 0 0 0
0.0010309278350515464 0.5349475398849649 0.23127825462313162 -0.35747685237259685 0 0 0
0.0010309278350515464 -0.10072790727236175 -0.11219834539564646 0.019426602601971002 0 0 0
0.0010309278350515464 0.11682637253112262 -0.21393082793092721 0.20190179569035513 0 0 0
0.0010309278350515464 0.5600859306891044 -0.16983075549336502 -0.33119347089127765 0 0 0
0.0010309278350515464 -0.34416845707945726 -0.08818914510909213 -0.3734537574762955 0 0 0
0.0010309278350515464 0.1630540001219111 -0.26975806888012993 0.31999029762981834 0 0 0
0.0010309278350515464 -0.49672562443688273 0.4702964433587089 0.11241226813128001 0 0 0
0.0010309278350515464 -0.15531384943769877 -0.3533737384499776 0.006669247834289453 0 0 0
0.0010309278350515464 -0.34022208715098984 -0.32770235141554943 -0.19338085404824074 0 0 0
0.0010309278350515464 0.09761551777862966 -0.10059833790063998 -0.656014516847092 0 0 0
0.0010309278350515464 -0.13644269192874367 -0.0014371853684810134 0.18407902102999743 0 0 0
0.0010309278350515464 0.09819632718856622 -0.3278744438718775 0.35834158964332613 0 0 0
0.0010309278350515464 0.46136975344366277 0.16082127212416697 0.13653467700758384 0 0 0
0.0010309278350515464 -0.1615989209305227 -0.2399585671656507 0.27841737294932184 0 0 0
0.0010309278350515464 0.07696493970503347 -0.48032104328610525 -0.27074552900760895 0 0 0
0.0010309278350515464 0.22214746176124256 -0.09501668115907536 0.43261804693730543 0 0 0
0.0010309278350515464 0.16096451420701766 0.1861969163853955 -0.281392244793733 0 0 0
0.0010309278350515464 0.46385151905325284 0.4378783030570413 0.14062327546738373 0 0 0
0.0010309278350515464 0.3639899670283665 0.394011825181493 0.09980169562895595 0 0 0
0.0010309278350515464 0.2742009881334156 -0.18324567097989977 -0.3486776748962737 0 0 0
0.0010309278350515464 -0.39947784045885626 0.10041728049915932 0.48043009995207175 0 0 0
0.0010309278350515464 0.5526419439846111 0.298138358793921 0.05217737965730546 0 0 0
0.0010309278350515464 -0.6532543363808583 0.121977931914726 -0.0018768356815292173 0 0 0
0.0010309278350515464 0.2585157013389034 -0.08154620450015561 0.1463305825356034 0 0 0
0.0010309278350515464 0.06191170515909552 0.04706501582323643 -0.5304318825221803 0 0 0
0.0010309278350515464 -0.12970459767597012 0.32716051387214723 0.26618377921418335 0 0 0
0.0010309278350515464 -0.29377831442710384 -0.10051983503413861 0.06899735838969288 0 0 0
0.0010309278350515464 -0.264702745052649 0.021148138317761727 0.5151217802330709 0 0 0
0.0010309278350515464 -0.19325545423683552 -0.2725946915311511 0.6043453650498852 0 0 0
0.0010309278350515464 0.43676457601293983 -0.2350215222392283 -0.406344794483549 0 0 0
0.0010309278350515464 -0.08123561406099057 -0.19624655459099746 0.6197042674847166 0 0 0
0.0010309278350515464 -0.1484621046005492 -0.4741790398247539 0.14469605224284424 0 0 0
0.0010309278350515464 -0.18531828785831006 -0.034486647671100455 0.17021251807848034 0 0 0
0.0010309278350515464 -0.15557063984772718 -0.05820807287231144 -0.5035520760489672 0 0 0
0.0010309278350515464 0.684636034026038 -0.09373916242508601 0.023483949658171483 0 0 0
0.0010309278350515464 0.2647923273663042 0.014719880146254586 -0.04075826714802373 0 0 0
0.0010309278350515464 -0.32680710421020315 -0.012753911962605216 0.1597829208454787 0 0 0
0.0010309278350515464 0.433710153113007 -0.18373351654439332 -0.024214760881082438 0 0 0
0.0010309278350515464 0.6146181400020599 0.02725214080083078 -0.001727264652709651 0 0 0
0.0010309278350515464 0.5784771382155057 0.10306929421862608 -0.3573726612391953 0 0 0
0.0010309278350515464 -0.4508092125087363 0.4316941799393135 -0.28507922105950395 0 0 0
0.0010309278350515464 -0.11105476121697416 -0.12192920177908656 0.37440653105046223 0 0 0
0.0010309278350515464 0.5258248293850907 -0.08948142711240328 -0.22048626783374506 0 0 0
0.0010309278350515464 0.0737029939248803 0.24771515133506508 -0.1820497422091182 0 0 0
0.0010309278350515464 -0.5148088101640951 0.07721429845115137 -0.44603772177638173 0 0 0
0.0010309278350515464 0.298427139652889 0.5417201408107082 -0.20336464099597715 0 0 0
0.0010309278350515464 0.07052922785958711 -0.10089157143064968 0.05035922704452649 0 0 0
0.0010309278350515464 -0.02256201704925913 -0.1371022330150948 -0.4829314194962653 0 0 0
0.0010309278350515464 0.4028461529960911 -0.03326478505082336 0.035040552245843556 0 0 0
0.0010309278350515464 -0.3078002929775322 -0.02981816987409597 0.2845450822438363 0 0 0
0.0010309278350515464 0.41123461547118545 -0.4494169011851063 0.19720380141815208 0 0 0
0.0010309278350515464 -0.25615455976165785 -0.08977495401047325 -0.2345767766271429 0 0 0
0.0010309278350515464 -0.4129270810025824 0.4157516570215984 0.140445836135567 0 0 0
0.0010309278350515464 -0.3386759841142609 -0.21741565138154795 -0.12948070722953597 0 0 0
0.0010309278350515464 0.15326608602822966 0.15226054070062206 -0.22452233448019351 0 0 0
0.0010309278350515464 -0.4863220647664013 -0.17542070909197113 0.2791795669007693 0 0 0
0.0010309278350515464 0.237631675430787 -0.5244373424010839 0.17086118118261878 0 0 0
0.0010309278350515464 -0.4944188348866775 -0.24063101865833905 0.049027991528001205 0 0 0
0.0010309278350515464 0.2504749737044368 0.18575284744880602 -0.0013217099885634537 0 0 0
0.0010309278350515464 -0.516075989448914 -0.1166950030925767 0.05492204843654245 0 0 0
0.0010309278350515464 -0.6152753567297662 0.2276762775075567 0.2103768577172089 0 0 0
0.0010309278350515464 0.364109391855911 0.426051264739755 0.08960170156848084 0 0 0
0.0010309278350515464 -0.17521491889972832 -0.0410854497543654 -0.40800441763281514 0 0 0
0.0010309278350515464 0.07240119797240627 0.20597008482476492 0.35267180638574236 0 0 0
0.0010309278350515464 -0.18142978425236844 0.502927662153138 0.02572224526061439 0 0 0
0.0010309278350515464 0.2962862142563591 -0.6160419512763688 -0.05088028981143411 0 0 0
0.0010309278350515464 0.36447413173673027 -0.14893438463904468 -0.08703821910620793 0 0 0
0.0010309278350515464 0.581533938084445 -0.09254523266453141 0.353884207997251 0 0 0
0.0010309278350515464 0.5399666038818175 -0.23076297922443392 0.25115904344690776 0 0 0
0.0010309278350515464 -0.09898253047927925 0.08743731860581795 -0.05054759795398915 0 0 0
0.0010309278350515464 0.12049886534542936 -0.0681263891140899 -0.012543027797609636 0 0 0
0.0010309278350515464 0.6462946234523095 -0.13492809040642856 0.005541332981427459 0 0 0
0.0010309278350515464 -0.004241425105438731 0.06888713516615604 -0.6194626206983063 0 0 0
0.0010309278350515464 -0.610427545644536 -0.10718101357086877 -0.1946512574886289 0 0 0
0.0010309278350515464 0.16307260352485045 -0.5117056957754318 0.3323905437951491 0 0 0
0.0010309278350515464 -0.15930391538111816 -0.3312491979394357 -0.2845229885249966 0 0 0
0.0010309278350515464 0.3550800671461904 0.43494060412354657 -0.3202563351413376 0 0 0
0.0010309278350515464 0.12286170167421412 0.28050389348853727 0.36798017605545524 0 0 0
0.0010309278350515464 0.13422403659691587 0.18007828290291425 -0.02785434792916872 0 0 0
0.0010309278350515464 -0.49432659970715465 -0.08402634686214806 0.3955093394452193 0 0 0
0.0010309278350515464 0.010504257196089854 -0.48124421543897267 -0.4483115416642356 0 0 0
0.0010309278350515464 -0.4351763537520817 0.029660950061586446 0.3120870923264878 0 0 0
0.0010309278350515464 -0.3248930333789184 -0.36048579236193656 0.3210313947363932 0 0 0
0.0010309278350515464 0.5630657216914228 -0.11582087153373272 -0.01650588772454533 0 0 0
0.0010309278350515464 -0.07447469481068081 -0.6316183639505544 -0.2707138359220264 0 0 0
0.0010309278350515464 0.04298875010708144 -0.20779075199302655 0.09207713080527027 0 0 0
0.0010309278350515464 0.32704530029174134 0.35165576155985956 -0.15327288069137307 0 0 0
0.0010309278350515464 0.42129532913524 0.0097897289013885 -0.47334161946541414 0 0 0
0.0010309278350515464 -0.3587126915167469 -0.27216978137627273 0.2661238778254766 0 0 0
0.0010309278350515464 -0.08788679960705026 -0.44135518352686703 -0.09422965729804557 0 0 0
0.0010309278350515464 -0.2623886732528605 -0.28367078960865394 0.3718268903740787 0 0 0
0.0010309278350515464 -0.3729507485306895 0.4166704978588481 -0.2752441096002769 0 0 0
0.0010309278350515464 -0.037564125247676605 0.08446999933917479 0.17665015671642406 0 0 0
0.0010309278350515464 -0.3543376742506548 -0.12241404432728313 0.0478480418390977 0 0 0
0.0010309278350515464 0.25091413963836995 0.3051245036204371 0.014611253733903196 0 0 0
0.0010309278350515464 0.5165195312846211 0.21231121127029465 -0.31980346215714095 0 0 0
0.0010309278350515464 0.36298413753229475 0.33756085271347475 0.023334229194390266 0 0 0
0.0010309278350515464 -0.3231019534643663 -0.13263892770351196 -0.483120924155734 0 0 0
0.0010309278350515464 0.16002855133092186 -0.21377835678060572 -0.4610378219227534 0 0 0
0.0010309278350515464 0.4715091267290766 -0.07741432959407651 0.15232646597008775 0 0 0
0.0010309278350515464 -0.024905419852566762 0.25253987120579185 -0.5783279309611563 0 0 0
0.0010309278350515464 0.5261626232638223 0.01922359118198057 0.07657550182579781 0 0 0
0.0010309278350515464 -0.6459923412478239 0.08343483409765291 -0.01734860296474216 0 0 0
0.0010309278350515464 -0.33420350691523065 0.47686438215634963 -0.3652701611964228 0 0 0
0.0010309278350515464 0.3595226711636797 -0.4024675064645354 0.18727399494178415 0 0 0
0.0010309278350515464 -0.13211925837994906 0.1680089753225505 0.40766701785282156 0 0 0
0.0010309278350515464 -0.10412273141736494 0.20518597120299648 0.3906434271920354 0 0 0
0.0010309278350515464 0.15482176184306268 0.014784078110209813 -0.3256114774776278 0 0 0
0.0010309278350515464 0.4667092850062631 0.02082254760973238 -0.017178999443076916 0 0 0
0.0010309278350515464 -0.10854120593012902 -0.10109601866165586 -0.4089640403648825 0 0 0
0.0010309278350515464 0.258025295493535 -0.44297184724089683 -0.36519035676697964 0 0 0
0.0010309278350515464 0.192053659052802 -0.1810823770394406 -0.40475599614203306 0 0 0
0.0010309278350515464 -0.6688252024488739 0.040931957038755996 0.13626356678906235 0 0 0
0.0010309278350515464 -0.057142492154994 -0.09962480102532056 0.27278719494627585 0 0 0
0.0010309278350515464 -0.02934679906414154 0.17443795713394317 0.017806945703948227 0 0 0
0.0010309278350515464 -0.2661756160505906 0.4675000292668779 0.013534365655738567 0 0 0
0.0010309278350515464 -0.26941325800276966 0.14598648595927038 -0.04156844809679243 0 0 0
0.0010309278350515464 -0.0585493394228501 0.5429715526996001 -0.11254492258776252 0 0 0
0.0010309278350515464 0.03725860537949935 -0.11655605934869995 0.018353298432973345 0 0 0
0.0010309278350515464 0.2377789800138509 0.3420703065630465 0.31031631972598683 0 0 0
0.0010309278350515464 0.06973013392114132 -0.625823171892253 -0.140717243329398 0 0 0
0.0010309278350515464 0.19473971143493657 0.5966150633094951 0.24497608092634457 0 0 0
0.0010309278350515464 0.024704051869025176 -0.16520654015459718 -0.3329963370956392 0 0 0
0.0010309278350515464 0.3373587495392771 -0.26702577285760765 0.0031750164091122403 0 0 0
0.0010309278350515464 -0.4106147110346487 -0.15301798052380317 0.0504508696567153 0 0 0
0.0010309278350515464 0.1645302051309962 0.030811084354523226 0.35624018358278176 0 0 0
0.0010309278350515464 -0.3439668402173112 0.01347719496696223 -0.3697756256700062 0 0 0
0.0010309278350515464 0.3219347229282702 0.23974711965582113 -0.3694464154719009 0 0 0
0.0010309278350515464 0.24880424311286642 -0.43092554620953927 0.2114175292458351 0 0 0
0.0010309278350515464 -0.2194823718717511 0.46870686208307744 0.24099769104370183 0 0 0
0.0010309278350515464 0.30335151964368606 -0.024556433429369813 -0.24662123746629847 0 0 0
0.0010309278350515464 0.09195746695335373 0.5754924194768677 0.13596810374577672 0 0 0
0.0010309278350515464 0.036696626166976165 -0.43991311791558096 0.20544114354627865 0 0 0
0.0010309278350515464 0.03080891656201721 -0.19542998900771885 -0.05507295949663411 0 0 0
0.0010309278350515464 0.5696784461980375 -0.048379747719786204 -0.1413287294682654 0 0 0
0.0010309278350515464 -0.2832781884108987 -0.02150316534361357 0.00045217330509550663 0 0 0
0.0010309278350515464 0.5951105225881679 -0.28023992735534264 0.20439748140584327 0 0 0
0.0010309278350515464 -0.12120229000453299 -0.3072179548780841 0.25244850960367915 0 0 0
0.0010309278350515464 -0.17031578902502464 -0.046068912321071874 -0.35390817907451827 0 0 0
0.0010309278350515464 -0.20022796721200437 0.6105842650899695 0.18397798265183674 0 0 0
0.0010309278350515464 -0.10118856842142158 -0.046086297187632706 -0.11203370926677472 0 0 0
0.0010309278350515464 -0.5117046306468463 0.20495454632182628 -0.4120477862717128 0 0 0
0.0010309278350515464 0.011988944655246893 -0.11876682865469358 0.14930548954289877 0 0 0
0.0010309278350515464 -0.10430928490307861 0.5130409882583237 -0.16588720894768563 0 0 0
0.0010309278350515464 -0.12209641366279107 -0.4905903427330758 -0.19001305965586643 0 0 0
0.0010309278350515464 -0.2721566546947188 -0.08184099554104551 0.06409538106611941 0 0 0
0.0010309278350515464 0.2843507552771153 0.38749545977967786 -0.225796483307586 0 0 0
0.0010309278350515464 0.41751583469628833 0.3326331475128043 -0.33648340076071576 0 0 0
0.0010309278350515464 -0.31977224556159395 -0.5494079446967038 -0.09931602529566753 0 0 0
0.0010309278350515464 0.042432517267773764 0.41448324348929383 0.3475783633478507 0 0 0
0.0010309278350515464 0.14817147139320117 -0.4617520410965176 -0.2490155529867663 0 0 0
0.0010309278350515464 0.20751471861434304 -0.257877108522744 0.5017884090942217 0 0 0
0.0010309278350515464 -0.2473685179535785 0.374470032690419 0.012171365649214777 0 0 0
0.0010309278350515464 -0.005335805018009652 0.4556233799324545 0.26063912711163 0 0 0
0.0010309278350515464 -0.3645544587501404 0.3999770478426042 -0.2872227157621596 0 0 0
0.0010309278350515464 0.44446871065736365 -0.21901762083232512 -0.42232678570766413 0 0 0
0.0010309278350515464 0.14586101124452425 0.44725110762393355 -0.1397683058904612 0 0 0
0.0010309278350515464 0.14947467988631322 -0.35589603834440786 0.4772806324460711 0 0 0
0.0010309278350515464 0.6284499471476092 0.09805667134128551 0.06113175764197624 0 0 0
0.0010309278350515464 0.2912825725627558 -0.08994123697200791 -0.5643822088241767 0 0 0
0.0010309278350515464 -0.21002737870306373 0.3254244311424102 0.5473935283522262 0 0 0
0.0010309278350515464 -0.026672847346568454 0.5506941892099765 0.24379777367621766 0 0 0
0.0010309278350515464 -0.09462108617040117 0.143913669382045 0.6084234264971476 0 0 0
0.0010309278350515464 -0.6115667401708197 0.058839215802497104 0.15779503916906243 0 0 0
0.0010309278350515464 -0.09997400195880794 -0.44566297118149634 0.18716893243933047 0 0 0
0.0010309278350515464 -0.1383696839873303 0.3884383946964791 -0.053335145714111735 0 0 0
0.0010309278350515464 -0.2121290421820915 -0.36203880341081873 0.2061795581356228 0 0 0
0.0010309278350515464 -0.41049510099735176 0.05550306479742198 -0.3413757754708383 0 0 0
0.0010309278350515464 -0.1027437094186328 0.1677681408273719 -0.1224085248557043 0 0 0
0.0010309278350515464 0.35534442892648477 0.36991686729539625 -0.3002433768101334 0 0 0
0.0010309278350515464 -0.3073697370850036 0.21657270231309847 0.229374946705959 0 0 0
0.0010309278350515464 -0.26703931073415993 -0.4676039612490926 -0.040894705155203326 0 0 0
0.0010309278350515464 0.038224507622553465 0.6342194609090162 -0.14630746423238278 0 0 0
0.0010309278350515464 0.050203965517915665 -0.015695494290331662 -0.422475789214965 0 0 0
0.0010309278350515464 0.6021504731334536 0.19740032755024275 0.2612233914199143 0 0 0
0.0010309278350515464 0.1896914385249072 -0.502066365418746 0.29334327039506725 0 0 0
0.0010309278350515464 -0.023559926649600993 -0.21329264690359667 0.03008111075561077 0 0 0
0.0010309278350515464 0.15563716083461224 0.2947787139445104 0.3115808644150903 0 0 0
0.0010309278350515464 -0.1356718954756501 -0.3355372641166564 0.15971242628238594 0 0 0
0.0010309278350515464 0.1381064286558629 0.6075320959330859 -0.229267217728101 0 0 0
0.0010309278350515464 -0.49853479979942633 0.3744055245546891 -0.10800984215744173 0 0 0
0.0010309278350515464 0.41528871072942536 -0.3088252547562871 0.11298598821427819 0 0 0
0.0010309278350515464 0.5057465050039335 0.21706318834532592 0.4162631041099488 0 0 0
0.0010309278350515464 -0.43468337546065244 -0.40181379207732487 0.08900156221953807 0 0 0
0.0010309278350515464 -0.014319099431854465 0.24022293172928288 0.05999140135959759 0 0 0
0.0010309278350515464 -0.36041611089747533 0.42790156546304103 -0.009401056432350959 0 0 0
0.0010309278350515464 -0.3320708724879518 -0.2869107924369465 0.3366121092793693 0 0 0
0.0010309278350515464 -0.5817252097706381 -0.336189058501224 0.15670400155875985 0 0 0
0.0010309278350515464 -0.014076168403753576 0.6015331984193152 -0.25395653332838947 0 0 0
0.0010309278350515464 0.2455499910618854 0.15360904105709375 -0.47096631295012265 0 0 0
0.0010309278350515464 0.2529689785195927 -0.554430666997174 -0.04943883813064976 0 0 0
0.0010309278350515464 0.1811298349486613 0.3352933435130508 0.04362570170782203 0 0 0
0.0010309278350515464 -0.5971358309458966 0.007271171349666808 0.2963936819766872 0 0 0
0.0010309278350515464 0.20883405186380663 0.10083038726353118 0.4528729849074783 0 0 0
0.0010309278350515464 0.05191289231178566 0.5051532811918972 -0.03122868856648341 0 0 0
0.0010309278350515464 -0.24994170739610813 0.16014934057684732 0.25492724683462975 0 0 0
0.0010309278350515464 0.03830670823719732 0.41668573444981727 0.3744814314432073 0 0 0
0.0010309278350515464 -0.17319740250350615 -0.36996323230660716 -0.24736472562477485 0 0 0
0.0010309278350515464 0.5333395717204582 0.32642960295284573 -0.24811853046722346 0 0 0
0.0010309278350515464 0.26890330823515485 0.3190353086673742 0.20254798433808063 0 0 0
0.0010309278350515464 0.28173176405110695 0.5871500054720543 0.1414185032181323 0 0 0
0.0010309278350515464 -0.4228868726376404 0.060820880821957385 0.13836489048278733 0 0 0
0.0010309278350515464 0.05100557918517328 0.3880674136392953 -0.45393670260040775 0 0 0
0.0010309278350515464 0.4350660845521837 0.520227863879698 0.091512616769208 0 0 0
0.0010309278350515464 -0.2977520412919985 0.47061273652006647 -0.21475973986648794 0 0 0
0.0010309278350515464 0.41426735574294826 0.19241210884657034 -0.23598949993366064 0 0 0
0.0010309278350515464 0.5163563953351968 0.26025922750424096 -0.206277126972479 0 0 0
0.0010309278350515464 -0.42173228192508644 0.47200052551220084 0.09553239935859047 0 0 0
0.0010309278350515464 0.15105692190527684 0.014345582039051235 -0.17919327595725712 0 0 0
0.0010309278350515464 -0.5292629950547 0.35055834194325364 0.12199427751533663 0 0 0
0.0010309278350515464 -0.27624199224637935 0.2729068504480048 0.06941516390331443 0 0 0
0.0010309278350515464 0.3481088705370879 -0.014378596072932614 -0.3148467696838351 0 0 0
0.0010309278350515464 -0.19276345777443055 0.36874420258950374 -0.21283435724837185 0 0 0
0.0010309278350515464 0.4813091468489019 -0.3237879209982644 0.07372079267592062 0 0 0
0.0010309278350515464 0.02659155609683928 -0.3153316520974333 0.22266359364200816 0 0 0
0.0010309278350515464 -0.2357577289503531 -0.324962341037806 0.0637450811333686 0 0 0
0.0010309278350515464 -0.15654352401096092 0.0009016107000342697 -0.11028762982834042 0 0 0
0.0010309278350515464 0.12855054339653263 -0.3965340992501712 0.1498006828196379 0 0 0
0.0010309278350515464 -0.12355976831724265 -0.4162068119782485 0.0532509440579256 0 0 0
0.0010309278350515464 -0.30333370434668966 -0.08220634807798126 0.5851932433320471 0 0 0
0.0010309278350515464 -0.15759547171164068 0.4670719065059473 -0.1206422698820166 0 0 0
0.0010309278350515464 -0.11066092988279486 -0.0347155090954863 0.09050099414932945 0 0 0
0.0010309278350515464 -0.3183069829934346 0.16248243411822172 -0.08118723928271554 0 0 0
0.0010309278350515464 -0.3694272899623309 -0.1659310148015043 0.48018749403958927 0 0 0
0.0010309278350515464 0.640540176653757 0.007058781741468397 -0.13694578535907417 0 0 0
0.0010309278350515464 0.49614177022054634 0.2219809715716819 0.17492618554574638 0 0 0
0.0010309278350515464 -0.26722284221606285 0.3224137075326966 0.25501681931544756 0 0 0
0.0010309278350515464 0.24060695933662618 0.4894149378036442 -0.3447664877279084 0 0 0
0.0010309278350515464 0.3008338899256346 0.32517326484982156 -0.1469095659509229 0 0 0
0.0010309278350515464 -0.2876370039542062 0.43062704250455075 0.4426137606568243 0 0 0
0.0010309278350515464 -0.13541060079160916 0.476120267093715 -0.1695131774341145 0 0 0
0.0010309278350515464 0.4373192955730845 -0.2976771231526888 0.08550112695087038 0 0 0
0.0010309278350515464 0.10590875346594274 -0.5368039683393581 0.08008457238043161 0 0 0
0.0010309278350515464 0.27556914349778733 0.3379919048749136 0.46128648696073155 0 0 0
0.0010309278350515464 -0.32649948466227924 0.16637106518725026 0.48538506172370127 0 0 0
0.0010309278350515464 0.3975540592740867 0.36641527131035473 0.3231079589790085 0 0 0
0.0010309278350515464 0.31074581169754384 -0.45683082359247384 -0.35074541225668354 0 0 0
0.0010309278350515464 0.5162134199234628 -0.0392052403672866 -0.3478735138349487 0 0 0
0.0010309278350515464 0.15456595183313432 0.21161605172330591 0.4364001287620041 0 0 0
0.0010309278350515464 -0.13197562273833796 0.354518376542434 0.138755890032739 0 0 0
0.0010309278350515464 -0.339888469727657 -0.2083419724016944 0.5145352987675418 0 0 0
0.0010309278350515464 0.12312495448301446 0.36303342169198666 -0.2631189909476933 0 0 0
0.0010309278350515464 -0.25654073756294205 0.11419138212743572 -0.5186246649730105 0 0 0
0.0010309278350515464 0.5094052364314458 0.09303440999590097 0.20033206279770774 0 0 0
0.0010309278350515464 -0.0012797528909521648 0.335966896333149 -0.5925945308347585 0 0 0
0.0010309278350515464 0.05671457040617206 0.6351186277059301 -0.08397645080555731 0 0 0
0.0010309278350515464 0.19015844888458164 -0.033164006177326844 0.10257528329973174 0 0 0
0.0010309278350515464 -0.13211369459662847 -0.56921726126154 0.1830117374553024 0 0 0
0.0010309278350515464 -0.4660722002049948 -0.03167070617557135 0.43795050447776734 0 0 0
0.0010309278350515464 -0.36302464103437043 0.09045251833961819 0.3265315686345852 0 0 0
0.0010309278350515464 -0.5480701657976087 -0.2594809979783786 -0.2846327956510561 0 0 0
0.0010309278350515464 0.037420662450031235 -0.2634941979966531 0.3211512390294873 0 0 0
0.0010309278350515464 -0.2789739953087969 -0.4167356883047035 -0.472019914012073 0 0 0
0.0010309278350515464 0.2237883092754559 0.1885869037575055 -0.17022020242565916 0 0 0
0.0010309278350515464 0.588528964145771 -0.01386119313926269 0.0272175783712287 0 0 0
0.0010309278350515464 -0.16181471239684017 0.4687337259564253 0.1402873203008115 0 0 0
0.0010309278350515464 0.33099771734475947 0.14771396065700498 -0.29567894951573886 0 0 0
0.0010309278350515464 -0.40692186760152166 -0.4453516357662649 0.06413557322800338 0 0 0
0.0010309278350515464 -0.3989330363016005 0.31343715118999294 -0.3914692639777586 0 0 0
0.0010309278350515464 -0.5416460288112886 -0.13423604107781795 -0.2060412526205922 0 0 0
0.0010309278350515464 0.5788803434033928 0.3639961977790396 0.04902807175819073 0 0 0
0.0010309278350515464 0.18919554366928246 0.15236785611156428 -0.642129985616698 0 0 0
0.0010309278350515464 -0.2480962739553463 -0.39468804004096386 0.27372889138671497 0 0 0
0.0010309278350515464 0.0644582379767329 0.05483659874491835 -0.028433992204586256 0 0 0
0.0010309278350515464 0.21841085537902286 0.2609682838749374 -0.058946006814291595 0 0 0
0.0010309278350515464 0.5746332338697061 0.016044204631500383 -0.08358364764552427 0 0 0
0.0010309278350515464 -0.6144071882221094 0.07245467334028166 -0.2730035600764978 0 0 0
0.0010309278350515464 -0.2914924713047059 0.06657564726679696 -0.043593294539721966 0 0 0
0.0010309278350515464 -0.1325928069613974 -0.13935354002432412 -0.38353895349052924 0 0 0
0.0010309278350515464 -0.3166066977363696 -0.5704580218667185 -0.23124378320556996 0 0 0
0.0010309278350515464 -0.364986936057335 -0.23640983151381384 -0.4972394595496302 0 0 0
0.0010309278350515464 0.6046064494713492 0.18634380999290767 0.1748729011466643 0 0 0
0.0010309278350515464 -0.22971678572279747 0.4131504974194646 0.333906534833824 0 0 0
0.0010309278350515464 0.38286097376819805 0.3364926840038054 -0.13315905490122823 0 0 0
0.0010309278350515464 0.2973551339537983 -0.2645563807194483 0.1659093405914595 0 0 0
0.0010309278350515464 0.5938066289488567 -0.13764859545265054 -0.14943970131313827 0 0 0
0.0010309278350515464 0.019022054257424 -0.2921007573259659 0.10510742293959843 0 0 0
0.0010309278350515464 0.19574888543565508 0.398408618932482 0.465043081293891 0 0 0
0.0010309278350515464 -0.23544092133687874 -0.1326005496954303 -0.10669112313103576 0 0 0
0.0010309278350515464 -0.22879268623109725 0.10845188618113205 0.36803234578970406 0 0 0
0.0010309278350515464 -0.19800726938121355 0.2993064145916584 -0.5239161368783624 0 0 0
0.0010309278350515464 -0.03506794037290816 0.4653873012051227 -0.2736458530721991 0 0 0
0.0010309278350515464 -0.5633331763370232 -0.402204937033696 0.029861085880268888 0 0 0
0.0010309278350515464 -0.16879429450127872 0.33313701325678313 0.556947127035149 0 0 0
0.0010309278350515464 -0.009137681267796823 0.21042590968327746 0.10417574748996357 0 0 0
0.0010309278350515464 0.296673355808393 0.20491066402794492 -0.24104387378860623 0 0 0
0.0010309278350515464 0.3005158189918367 -0.08634499128767889 -0.17067418697860576 0 0 0
0.0010309278350515464 -0.2539272380841346 -0.3751530698191574 0.40998935343508086 0 0 0
0.0010309278350515464 -0.10843395756019786 0.6146104893476481 0.10436387002181041 0 0 0
0.0010309278350515464 -0.3862125908671088 0.39520634100247914 -0.22447110520724126 0 0 0
0.0010309278350515464 -0.032769809271591115 0.2653486851243106 -0.0989569409562929 0 0 0
0.0010309278350515464 -0.06726105551197681 0.3533736082287949 0.30813602556825986 0 0 0
0.0010309278350515464 -0.18594291883661979 -0.5116286828202354 0.1874956703554329 0 0 0
0.0010309278350515464 0.30990166390514934 -0.08628592250768459 -0.565538664862016 0 0 0
0.0010309278350515464 0.2403165641184542 -0.4124049433833084 -0.17212072453005092 0 0 0
0.0010309278350515464 -0.49278431525539046 0.1453516184212993 -0.37492020393386605 0 0 0
0.0010309278350515464 -0.6082029838334001 -0.30351522447466167 -0.09186663880998848 0 0 0
0.0010309278350515464 0.1653783571712865 0.42745004127499775 -0.16682094939285214 0 0 0
0.0010309278350515464 0.4571976243830887 0.11434027900570122 -0.37377685518234055 0 0 0
0.0010309278350515464 -0.1398184600525179 0.5528891615811776 -0.29736147518514755 0 0 0
0.0010309278350515464 0.31374216126850984 -0.07343569910536324 0.15869911236140996 0 0 0
0.0010309278350515464 -0.037187484632579086 0.05748389793197074 0.0775739661607408 0 0 0
0.0010309278350515464 -0.10713469715654683 -0.5007982916401399 -0.026231663392806654 0 0 0
0.0010309278350515464 -0.22279684034778613 0.31275586264542793 -0.17248310147916612 0 0 0
0.0010309278350515464 -0.21376190500021253 -0.3214848767219159 -0.042485461899868786 0 0 0
0.0010309278350515464 0.17544301908167872 -0.5495605922231468 -0.18294902785824096 0 0 0
0.0010309278350515464 0.34799787778929386 -0.26793411437057857 0.011923767491885425 0 0 0
0.0010309278350515464 0.6545970400334815 0.049028519826744284 -0.02030648646999433 0 0 0
0.0010309278350515464 0.042636330618810524 0.04146981241852933 -0.08394746025289948 0 0 0
0.0010309278350515464 0.13726859879718487 -0.31249440558365016 -0.4496820592726113 0 0 0
0.0010309278350515464 0.2855739304868216 -0.054055522098097504 -0.6199496031007455 0 0 0
0.0010309278350515464 0.13618966920927758 -0.5351589456133062 0.3762686592541359 0 0 0
0.0010309278350515464 0.4643438227047045 0.1562382592839652 -0.2778073743247981 0 0 0
0.0010309278350515464 0.215859268961094 -0.10454865183152058 -0.09338990474364171 0 0 0
0.0010309278350515464 -0.21416359202333124 -0.12860621368972217 0.0011177514188130322 0 0 0
0.0010309278350515464 -0.009958454499586806 -0.3413724032963546 0.4569550894828738 0 0 0
0.0010309278350515464 0.26591721094770665 0.044363736133224974 0.07159120691152807 0 0 0
0.0010309278350515464 0.16675722559185654 -0.02987516865337873 0.17988643980066604 0 0 0
0.0010309278350515464 -0.15511337577504494 -0.1475425414566816 -0.18966839208932315 0 0 0
0.0010309278350515464 -0.04981501139077982 0.4552411066393933 -0.21271779902175583 0 0 0
0.0010309278350515464 -0.06779514756817016 -0.44827586067688213 0.2553638867618819 0 0 0
0.0010309278350515464 0.46659087628333773 0.2073289421858733 -0.3273797983128879 0 0 0
0.0010309278350515464 -0.614753244400066 0.17159893431030845 -0.04786218161341842 0 0 0
0.0010309278350515464 -0.0663356022547834 0.16791557694936052 -0.18220065613395114 0 0 0
0.0010309278350515464 0.21137025747300112 -0.257730254208735 0.21035238971682416 0 0 0
0.0010309278350515464 -0.22913623270380704 0.07308947907521908 0.21477178950494466 0 0 0
0.0010309278350515464 0.459388488819626 -0.5073940568965252 -0.006258678865725613 0 0 0
0.0010309278350515464 -0.3017452968872885 0.21361116257419266 -0.4972695915586903 0 0 0
0.0010309278350515464 -0.42948567546110133 0.37423549621969765 0.2678120359383725 0 0 0
0.0010309278350515464 0.49204376608019823 0.06932735044240909 -0.15346447333723365 0 0 0
0.0010309278350515464 -0.5459166388176443 -0.15117913664675436 -0.3421901747138909 0 0 0
0.0010309278350515464 0.527943402162935 0.23049749263019598 -0.14538978960051907 0 0 0
0.0010309278350515464 0.1646634207395862 -0.36160513863398525 0.23741045548831544 0 0 0
0.0010309278350515464 -0.14729770578368293 0.5524798115149842 -0.09569855927506904 0 0 0
0.0010309278350515464 0.5601528066723238 0.0774447878280438 -0.0025002058156175107 0 0 0
0.0010309278350515464 -0.22605290675958634 0.48638868583932415 0.040313617079944054 0 0 0
0.0010309278350515464 -0.12090831264102493 -0.44878736812762926 0.3604198799481154 0 0 0
0.0010309278350515464 0.14495611312042886 -0.40489513155337264 0.4293600867375699 0 0 0
0.0010309278350515464 0.6102942827589205 0.2018700865571282 0.17244336285855838 0 0 0
0.0010309278350515464 -0.021180836270816714 -0.07750569461461622 0.42674488863008275 0 0 0
0.0010309278350515464 -0.041333005978855974 -0.1070764148364082 -0.6180060124812131 0 0 0
0.0010309278350515464 0.034816265861405085 -0.5490157566892694 0.10136613468929305 0 0 0
0.0010309278350515464 -0.172069163350543 -0.45703458116215484 -0.10058108355309413 0 0 0
0.0010309278350515464 -0.20065611606998998 -0.49080459335353466 0.2715835135316855 0 0 0
0.0010309278350515464 0.6382538290773428 -0.07209473155422004 0.05905548145705232 0 0 0
0.0010309278350515464 0.142214764539905 0.4062666155828552 -0.2512633465133009 0 0 0
0.0010309278350515464 0.20225620114128565 0.04684151277178629 0.174455416273238 0 0 0
0.0010309278350515464 -0.160669686499193 -0.2425563210240416 -0.09890969410023044 0 0 0
0.0010309278350515464 0.060189321420023784 0.11417907569302031 -0.6645653107594318 0 0 0
0.0010309278350515464 -0.47475472875160585 -0.027078628924694686 -0.23472780081846153 0 0 0
0.0010309278350515464 -0.21205401977714336 -0.3459735219272614 -0.21900557701618803 0 0 0
0.0010309278350515464 -0.0978075045689535 -0.6263653894556427 0.1713733296570776 0 0 0
0.0010309278350515464 -0.27281894661041106 -0.4861559806238034 -0.19822635646182407 0 0 0
0.0010309278350515464 0.3680764073792428 0.4009354250861172 -0.048937754886613366 0 0 0
0.0010309278350515464 -0.2367507724341424 0.1506719189041973 -0.4090504575457816 0 0 0
0.0010309278350515464 0.4099714487619752 0.05806737188991831 -0.3658832043368984 0 0 0
0.0010309278350515464 0.3095407760434618 -0.2704897413479347 -0.5283190983391609 0 0 0
0.0010309278350515464 0.061383358132366596 -0.06404907791243317 0.44668263881983655 0 0 0
0.0010309278350515464 0.5772362689117114 0.09142851659218562 0.12682992296800782 0 0 0
0.0010309278350515464 -0.5410775202992798 0.23159672170523135 -0.36549088996372314 0 0 0
0.0010309278350515464 -0.33430517647797037 -0.4474416155934311 -0.36410491430094394 0 0 0
0.0010309278350515464 0.5785405909132545 -0.34151393079232406 -0.10248897874291381 0 0 0
0.0010309278350515464 -0.3881112162164393 -0.23129096629926185 -0.08460309147676742 0 0 0
0.0010309278350515464 0.23604887143953504 0.06341378945530726 0.3801581695546982 0 0 0
0.0010309278350515464 -0.21956813725336052 0.2949001588761915 -0.48300469978378846 0 0 0
0.0010309278350515464 -0.4904724365577927 -0.14972864004086625 0.14780204049982212 0 0 0
0.0010309278350515464 0.1722279971049292 -0.1681979261561006 -0.08397815308425947 0 0 0
0.0010309278350515464 0.14321278640880186 0.33716064960237874 -0.2902981529172423 0 0 0
0.0010309278350515464 0.29570534418654704 -0.012213297565372839 0.4639917824893431 0 0 0
0.0010309278350515464 0.17919898012945198 -0.1392231962398267 -0.19141969732704792 0 0 0
0.0010309278350515464 0.005155577392294232 -0.4106467745382042 -0.22527982115849607 0 0 0
0.0010309278350515464 0.029215761180161424 -0.310108428142856 -0.38355721470514526 0 0 0
0.0010309278350515464 0.4255659978218038 -0.13043190404597463 -0.28587807487224404 0 0 0
0.0010309278350515464 -0.06046124952440519 0.0986002044263107 -0.42593821206351434 0 0 0
0.0010309278350515464 -0.12536869829160205 -0.47326828064892945 -0.1701604468993051 0 0 0
0.0010309278350515464 0.3121589137855661 -0.308729666964245 0.21463308870298414 0 0 0
0.0010309278350515464 -0.04531528197072563 0.20198189368315592 0.5299574554172175 0 0 0
0.0010309278350515464 0.2519051421704733 0.5155886830297566 -0.040579152209074175 0 0 0
0.0010309278350515464 0.08073552600137666 -0.07489602171487354 -0.6473993926523821 0 0 0
0.0010309278350515464 0.512425648263897 0.06491720939911376 0.21376008882152173 0 0 0
0.0010309278350515464 -0.39687839678116 -0.3549881176086898 -0.17565763238506252 0 0 0
0.0010309278350515464 -0.21195036521714258 0.3771610958713391 -0.15038644599214293 0 0 0
0.0010309278350515464 -0.2287376117504749 0.17005207598857622 0.14978462035279794 0 0 0
0.0010309278350515464 -0.2947007233112457 0.24469812966979645 0.5131580535178079 0 0 0
0.0010309278350515464 0.33465391742187856 0.16741695520203806 -0.5702378259119567 0 0 0
0.0010309278350515464 -0.3587465492206961 0.5111809799363541 -0.042084223228693936 0 0 0
0.0010309278350515464 0.02654403567027609 0.5468375257327491 0.37974288667020983 0 0 0
0.0010309278350515464 -0.3650637250129198 -0.1751278873564032 0.07262317669410924 0 0 0
0.0010309278350515464 0.10805024122577185 -0.37601427276974464 -0.277861230361549 0 0 0
0.0010309278350515464 -0.5676895313318857 0.29568988466195234 0.0070917041368397625 0 0 0
0.0010309278350515464 0.33217245320541816 -0.1342713582190317 -0.08734515877767741 0 0 0
0.0010309278350515464 -0.24040572927520845 0.014914603567633637 -0.17603270712671826 0 0 0
0.0010309278350515464 0.04852831037340291 -0.13374836546374474 -0.22384443826244121 0 0 0
0.0010309278350515464 0.5280938584043569 0.3333879152554599 0.08276276720308448 0 0 0
0.0010309278350515464 -0.19685955810864847 0.15860633057065454 -0.3146309979969525 0 0 0
0.0010309278350515464 -0.07110922521859886 0.2741179612889252 0.07453078555127185 0 0 0
0.0010309278350515464 0.14972773457146635 0.49099355475520096 -0.0509740081357124 0 0 0
0.0010309278350515464 -0.2486874830421194 -0.14546638268188172 -0.16467839337543327 0 0 0
0.0010309278350515464 0.008266674265772095 0.5478709375786692 -0.2866971939855265 0 0 0
0.0010309278350515464 -0.21628874394208106 0.6156810689986668 -0.132213591106196 0 0 0
0.0010309278350515464 0.4869357932314566 0.3139801996196256 0.15248687295780827 0 0 0
0.0010309278350515464 -0.47350405629075915 0.39751100819915747 0.2966322773393997 0 0 0
0.0010309278350515464 0.4225387612251225 0.00022857684814532988 0.32736715147248674 0 0 0
0.0010309278350515464 -0.20512317403663624 0.15851043531611536 0.0500101907968411 0 0 0
0.0010309278350515464 0.0712046433673602 0.5089114163032649 -0.42989674372989833 0 0 0
0.0010309278350515464 0.1725427127150277 0.3791872623169479 -0.34283842531897757 0 0 0
0.0010309278350515464 -0.16210785539105732 0.403924451610642 0.1864675795008734 0 0 0
0.0010309278350515464 0.24082924484308124 -0.01740825129034308 0.011863408316758315 0 0 0
0.0010309278350515464 0.5636382678742594 -0.054268247992861916 -0.3915683357123233 0 0 0
0.0010309278350515464 -0.04338598230770444 -0.45118850651568415 -0.2258203592827195 0 0 0
0.0010309278350515464 -0.05829384519063723 -0.6474762093131494 0.16336411969195536 0 0 0
0.0010309278350515464 0.4150240913630806 0.32857203449179245 -0.16914681158891348 0 0 0
0.0010309278350515464 -0.5054090409224943 0.07981660809808647 -0.2409784611818073 0 0 0
0.0010309278350515464 0.38857831489158334 0.3971960021314977 0.2441748721638361 0 0 0
0.0010309278350515464 0.014304948938414589 0.5650754491424763 0.12697329506715388 0 0 0
0.0010309278350515464 -0.1881143917175808 0.003797085496036388 0.3395046287078622 0 0 0
0.0010309278350515464 0.012074959609026074 -0.449512143262098 0.05074484518360213 0 0 0
0.0010309278350515464 0.443581751732219 -0.04768541863072046 0.055493447964242694 0 0 0
0.0010309278350515464 -0.14199980372953008 0.49741022828701653 0.4274050607993885 0 0 0
0.0010309278350515464 -0.4026842656768382 -0.35024813864491056 -0.41175279627931627 0 0 0
0.0010309278350515464 -0.014683051470573269 0.2803352930519213 0.12576976131012635 0 0 0
0.0010309278350515464 0.2495601977095822 0.19091125258126365 0.37179340262331917 0 0 0
0.0010309278350515464 0.17035902591283167 0.26143367061005734 0.08732657016146333 0 0 0
0.0010309278350515464 0.3419501206158626 0.33918820719898846 -0.16793585351598725 0 0 0
0.0010309278350515464 -0.42924140836893254 -0.20858817337688945 0.03921747574054158 0 0 0
0.0010309278350515464 -0.2747763668612076 0.2715240475537495 -0.2227010422041821 0 0 0
0.0010309278350515464 0.1991229974901312 0.297782290033551 -0.2762560903679115 0 0 0
0.0010309278350515464 -0.4372593665663257 0.4423283238880239 0.07682370880350305 0 0 0
0.0010309278350515464 -0.020449916866314217 -0.07683047201663747 -0.6202627267787203 0 0 0
0.0010309278350515464 -0.2877569389737781 -0.22093893629745057 0.4804853950694312 0 0 0
0.0010309278350515464 0.5642896094668517 0.012615197915872076 -0.15904457526454588 0 0 0
0.0010309278350515464 -0.07216626593827023 -0.5385830145321443 -0.1855192322020898 0 0 0
0.0010309278350515464 -0.33710616021416406 0.23015487130104073 0.15336512338268862 0 0 0
0.0010309278350515464 -0.11930892231958488 -0.07897648298292334 0.5520037811355554 0 0 0
0.0010309278350515464 0.5262477073071157 -0.14711026925557827 -0.05414654683918023 0 0 0
0.0010309278350515464 0.23328869234784858 -0.05790068977573122 -0.6291362669740105 0 0 0
0.0010309278350515464 -0.4912364174243039 0.22757789190834976 -0.20484070958545644 0 0 0
0.0010309278350515464 0.17443613293333604 -0.2031762827303328 0.45900103474310144 0 0 0
0.0010309278350515464 -0.04411205673962129 0.26715562337433524 -0.2604243300595906 0 0 0
0.0010309278350515464 0.6326379393722693 -0.13351436223152469 0.0875228800639076 0 0 0
0.0010309278350515464 -0.1295330154913784 -0.5094665013877965 -0.2561663192671702 0 0 0
0.0010309278350515464 0.3000295025212811 -0.0008787686497209049 0.28401455850408125 0 0 0
0.0010309278350515464 -0.5875522113155088 -0.3263514002157335 0.016474651302555588 0 0 0
0.0010309278350515464 -0.1138143543527433 0.08406959215917534 -0.5719246153223803 0 0 0
0.0010309278350515464 -0.13848434919575633 -0.2999676258362575 -0.014297987584507219 0 0 0
0.0010309278350515464 0.018599017837279495 0.12773653129798598 0.5498233638628106 0 0 0
0.0010309278350515464 -0.2798012487773829 -0.21370388449393493 -0.3619513206090208 0 0 0
0.0010309278350515464 -0.005391657991242927 0.40052791887084704 -0.49679393350731543 0 0 0
0.0010309278350515464 0.16089026378320798 -0.34062077665522816 -0.357048631033594 0 0 0
0.0010309278350515464 0.5289660855682005 0.4075838349775211 0.09406621489984325 0 0 0
0.0010309278350515464 -0.39649011413081137 -0.38977025100468277 -0.01614524831586951 0 0 0
0.0010309278350515464 -0.2424413601555689 -0.6103545285954095 0.12271134477100738 0 0 0
0.0010309278350515464 0.17437754279966472 -0.5245606976663797 -0.31126623171602436 0 0 0
0.0010309278350515464 0.23451038259730295 -0.20654748168280104 -0.36457952408468997 0 0 0
0.0010309278350515464 0.2985752756924499 -0.2670597909153337 0.41203489874501237 0 0 0
0.0010309278350515464 0.5198914520306622 -0.033086169538096136 -0.09655386410348953 0 0 0
0.0010309278350515464 0.03299375760763725 -0.20529929292732446 -0.6612477094920645 0 0 0
0.0010309278350515464 0.2933428362518537 -0.14535645749129275 0.09761698262727506 0 0 0
0.0010309278350515464 -0.07071021395288868 0.09214895245091269 -0.2619487634078319 0 0 0
0.0010309278350515464 0.16905194144983524 0.5424616512112342 0.2126151865125871 0 0 0
0.0010309278350515464 -0.04055546164955434 -0.1368289761661614 0.5533711671490006 0 0 0
0.0010309278350515464 0.48199653936388975 0.12141122577167972 -0.1371606219614779 0 0 0
0.0010309278350515464 0.22578027698799732 -0.3689302981536668 0.3672594036203725 0 0 0
0.0010309278350515464 0.39781248117526685 0.23485006565302283 0.013671116949340749 0 0 0
0.0010309278350515464 -0.10200475989413621 -0.5668467162848788 0.19258284349925256 0 0 0
0.0010309278350515464 0.3711630048790327 -0.35714657914859793 -0.220937677515461 0 0 0
0.0010309278350515464 -0.18210045598455055 -0.13029170018777544 -0.5165869997581758 0 0 0
0.0010309278350515464 -0.1468765186698697 0.4647499080265624 0.4510804555995413 0 0 0
0.0010309278350515464 0.2951945581800637 -0.5347095675909723 0.047055242909385134 0 0 0
0.0010309278350515464 -0.061524665806508845 0.043255014113563216 0.485551902286338 0 0 0
0.0010309278350515464 -0.28607585481241216 0.21634795244593752 -0.2860670346920844 0 0 0
0.0010309278350515464 0.2053176247653261 -0.07186640287609533 0.06179442149424999 0 0 0
0.0010309278350515464 -0.272154132094249 -0.5988973809978312 -0.0882359538517001 0 0 0
0.0010309278350515464 0.17089962270340273 -0.11108032879013671 -0.6380934131611001 0 0 0
0.0010309278350515464 0.09466685236803254 0.24379038645764078 -0.2933846141196463 0 0 0
0.0010309278350515464 -0.0898494837751728 -0.48148146722186264 -0.3229224059189055 0 0 0
0.0010309278350515464 -0.12210481796359479 0.16414619525220858 0.06322493686928944 0 0 0
0.0010309278350515464 0.1761601918563398 -0.4711012983020029 -0.2713903952805374 0 0 0
0.0010309278350515464 -0.49437327196316583 -0.10522527470499145 -0.19909015621685114 0 0 0
0.0010309278350515464 0.30453003916890115 -0.4771634916053318 0.36360834860211405 0 0 0
0.0010309278350515464 -0.05017407397452631 0.07921078567498611 -0.6230027420038171 0 0 0
0.0010309278350515464 -0.4338948315322917 0.1317736062009154 0.45651619219751877 0 0 0
0.0010309278350515464 -0.16904733621717133 0.1572634187282962 -0.39776549352805946 0 0 0
0.0010309278350515464 -0.20239607996230155 -0.015986104390248508 -0.4565282913974179 0 0 0
0.0010309278350515464 -0.3009343163394388 -0.16486630162710325 -0.5548078431567169 0 0 0
0.0010309278350515464 0.13748367551912405 -0.3718205825147884 0.29394044069174546 0 0 0
0.0010309278350515464 0.19455206854152207 -0.4951720447125722 0.13581576026423373 0 0 0
0.0010309278350515464 -0.5111587125962708 -0.07306642722051271 -0.3104858590259809 0 0 0
0.0010309278350515464 0.1954847877850262 -0.14258940230296357 0.3118499703193189 0 0 0
0.0010309278350515464 -0.15442591451677692 -0.26189232627221515 0.4683064682769951 0 0 0
0.0010309278350515464 0.5448936534156108 -0.15527015286508405 -0.15352466410289628 0 0 0
0.0010309278350515464 -0.019182467115924244 -0.46591181323680914 0.046121538316182584 0 0 0
0.0010309278350515464 0.2533346116495399 -0.2612272396694714 -0.4922947725220313 0 0 0
0.0010309278350515464 -0.5311024284809666 0.28006084221407174 -0.24524757907801792 0 0 0
0.0010309278350515464 0.5988722659155996 -0.15207136238785632 0.15013538845682636 0 0 0
0.0010309278350515464 -0.1923146136069541 -0.208309428716382 -0.4655413892009777 0 0 0
