510
0
0.00196078431372549 0.16719000379171578 0.5751545421764146 -0.3457814286323491 0 0 0
0.00196078431372549 -0.41935600366632764 -0.05149319237402732 -0.48947371729279415 0 0 0
0.00196078431372549 0.3541614741750763 -0.5693574201634091 0.032221425792474286 0 0 0
0.00196078431372549 -0.37416484298792 -0.332887399830701 0.00012771998401641784 0 0 0
0.00196078431372549 -0.3436538731762489 0.1417870105172619 -0.14843494666063733 0 0 0
0.00196078431372549 -0.2737213074537082 0.5479605780027943 -0.31842458040539867 0 0 0
0.00196078431372549 -0.28779557336075895 -0.1542443416332596 0.187735771531987 0 0 0
0.00196078431372549 -0.03250682678794906 0.31266138574811236 -0.5632839067920747 0 0 0
0.00196078431372549 0.23069430611828665 0.4218164522954778 0.21128169856471476 0 0 0
0.00196078431372549 0.30258224944242273 0.008732709291081163 -0.31915531013269927 0 0 0
0.00196078431372549 0.13493231837684938 -0.14095175086420317 -0.500397477394952 0 0 0
0.00196078431372549 0.14740704225686033 -0.6486633800226972 0.07543864017094477 0 0 0
0.00196078431372549 -0.32232702211790903 -0.2693558139717554 0.5030429035078603 0 0 0
0.00196078431372549 0.3482201064904162 -0.2426350333661018 -0.44046196968927936 0 0 0
0.00196078431372549 0.02825193657821475 -0.1048002219561402 -0.46803110575728163 0 0 0
0.00196078431372549 0.12703555501154207 0.3683721335750835 0.2874564665779865 0 0 0
0.00196078431372549 -0.564139069208498 0.20659933136748468 -0.3007885107355854 0 0 0
0.00196078431372549 0.24452002553940744 -0.327599148421969 0.03996414422828251 0 0 0
0.00196078431372549 0.21123447738249934 0.6172204685515273 0.2199104236328284 0 0 0
0.00196078431372549 0.1076326433114482 -0.14036151119620574 -0.3001723389992556 0 0 0
0.00196078431372549 -0.4615115746463043 -0.09984293189554178 0.3213937610142967 0 0 0
0.00196078431372549 0.5149763461693522 -0.1840922791409952 0.1938955717136941 0 0 0
0.00196078431372549 -0.3438420514063012 0.014850898812534524 0.27341179411917116 0 0 0
0.00196078431372549 0.3566969934839762 0.021538892216882353 -0.19806777412296944 0 0 0
0.00196078431372549 0.32502197893572327 0.2663609933806416 -0.197421071149068 0 0 0
0.00196078431372549 0.6197458403477937 -0.19258524600578908 0.1700552564674474 0 0 0
0.00196078431372549 0.3536384766588604 -0.2418337749457136 0.3084363511287777 0 0 0
0.00196078431372549 0.01787747425852005 -0.46385987999297956 -0.21141517196052123 0 0 0
0.00196078431372549 -0.4718081918748665 0.20901318691386225 -0.334943645685461 0 0 0
0.00196078431372549 0.33853228536275115 0.33102104525768045 -0.3141647033512653 0 0 0
0.00196078431372549 -0.3806540034307386 0.22331217887440072 0.01144324461101848 0 0 0
0.00196078431372549 0.08238736538204229 -0.2588691642298058 -0.6237329027157232 0 0 0
0.00196078431372549 -0.5401571253379138 -0.35683548490909045 0.1459870145410862 0 0 0
0.00196078431372549 -0.01107285214565968 -0.07161051871366328 -0.2164783568587855 0 0 0
0.00196078431372549 0.15872825984872857 0.07079324814437941 -0.05826364435455962 0 0 0
0.00196078431372549 -0.35433223257566676 -0.08492933776466385 -0.262889008016766 0 0 0
0.00196078431372549 0.3739850327084327 0.08171024484416216 -0.3833476595487348 0 0 0
0.00196078431372549 0.3596659107978495 -0.48141758855554934 -0.11514897286611989 0 0 0
0.00196078431372549 -0.1415429880194615 -0.3209663781473917 -0.11226065440336667 0 0 0
0.00196078431372549 0.20328408521003136 0.20861576075994254 0.44669009161602324 0 0 0
0.00196078431372549 0.5304135837306065 -0.22077934813933217 -0.32756757815920245 0 0 0
0.00196078431372549 -0.47304443211592145 0.38840392447457567 -0.15860982294391676 0 0 0
0.00196078431372549 -0.18653527224615288 -0.07936084060021202 -0.5108732664214853 0 0 0
0.00196078431372549 -0.1742988597929303 0.3704781070670051 0.5397175719676668 0 0 0
0.00196078431372549 -0.21174232879249336 0.3996542112279945 0.06561031951129458 0 0 0
0.00196078431372549 -0.21121556153419185 0.044524635453042374 0.42395293052446853 0 0 0
0.00196078431372549 0.35525284696702536 -0.5136673328782546 -0.0757273067959297 0 0 0
0.00196078431372549 -0.301974027302676 0.21283972964860068 -0.3093665602309489 0 0 0
0.00196078431372549 0.4800188951956788 0.03987509311651078 -0.03171893496737654 0 0 0
0.00196078431372549 -0.44329822105562566 -0.18022437278218859 -0.28304310439828045 0 0 0
0.00196078431372549 -0.011592350712057976 0.45652478964464177 -0.31315353934175516 0 0 0
0.00196078431372549 -0.040229693789601347 0.5707773961312421 -0.30918978381856593 0 0 0
0.00196078431372549 0.30358682627065486 -0.0441173350269959 0.17777745468334588 0 0 0
0.00196078431372549 0.18608270785656517 0.05812299021237867 0.5593978335076135 0 0 0
0.00196078431372549 -0.3000680834584302 0.1699672623118088 0.27185573064837376 0 0 0
0.00196078431372549 -0.17600239143212182 0.368492816576613 -0.053241797630638375 0 0 0
0.00196078431372549 0.3286935748425853 -0.20111619805693665 -0.1613563549419972 0 0 0
0.00196078431372549 -0.458564440786359 0.3544598940999397 0.12284752955239397 0 0 0
0.00196078431372549 0.02380753681210155 0.1862400083208502 0.07142332784128612 0 0 0
0.00196078431372549 -0.16787536366847458 0.3383499120804043 0.4918605399896853 0 0 0
0.00196078431372549 -0.43283024172126866 -0.3998236011301329 -0.05183098718818484 0 0 0
0.00196078431372549 0.5978776168997656 -0.15528025382363572 0.06831131985555368 0 0 0
0.00196078431372549 -0.1131250318237632 0.028110889823628103 -0.48874040300343674 0 0 0
0.00196078431372549 0.09300863216491136 0.20471261878562622 0.10961647209968145 0 0 0
0.00196078431372549 -0.06020456011089581 0.4201133364388146 0.2060334727117016 0 0 0
0.00196078431372549 -0.030961575265405494 0.4055730408042839 -0.17973348445078835 0 0 0
0.00196078431372549 0.4314665103033125 0.1634976055909485 -0.1660319156446884 0 0 0
0.00196078431372549 -0.29830886001061446 -0.4503147530076292 -0.23934617183644744 0 0 0
0.00196078431372549 -0.5357444720624042 -0.08887931262976634 0.40245490606531115 0 0 0
0.00196078431372549 0.19035907890619036 0.1956744938020792 -0.40151727145540356 0 0 0
0.00196078431372549 -0.25158531244962656 0.1916563973278212 -0.5449659474009443 0 0 0
0.00196078431372549 0.5482727894755558 0.3546587960499369 -0.1772486418770799 0 0 0
0.00196078431372549 0.36226438471990263 0.2939748871630726 0.015503051184139444 0 0 0
0.00196078431372549 -0.4399957002215156 -0.020454647517270427 -0.033817266687000434 0 0 0
0.00196078431372549 -0.06625378620183224 0.615942158853953 -0.07092494110536111 0 0 0
0.00196078431372549 0.01770025980679242 -0.2344357859220769 -0.24003496832613733 0 0 0
0.00196078431372549 -0.08041830425894718 -0.024101921678187713 -0.39251462272595244 0 0 0
0.00196078431372549 0.5655532550895654 -0.34470874302494275 -0.08331140080509435 0 0 0
0.00196078431372549 0.05355441147092627 -0.17527886584928762 0.2513284724882013 0 0 0
0.00196078431372549 0.19210006583824432 -0.1857574236403514 -0.4813008701548727 0 0 0
0.00196078431372549 -0.12428964044719847 -0.17875605468736158 -0.28130231284543733 0 0 0
0.00196078431372549 -0.05948902873351217 0.5100672353174374 0.12828132212331972 0 0 0
0.00196078431372549 -0.1640069843091361 0.19348688501738184 0.3387387246312472 0 0 0
0.00196078431372549 -0.477871997274953 0.14684891809289247 -0.47682771558856896 0 0 0
0.00196078431372549 0.6024834123631926 -0.030558364296728275 0.06387233071402953 0 0 0
0.00196078431372549 0.08946549600691443 -0.4932499934930212 0.10311108609829095 0 0 0
0.00196078431372549 -0.01480182603949404 -0.24820562324542672 0.3497348863749476 0 0 0
0.00196078431372549 -0.15180289128704286 -0.5310861372741674 0.17845001999439117 0 0 0
0.00196078431372549 0.13148637739457913 0.35911763156543197 0.21606908026876312 0 0 0
0.00196078431372549 -0.05831715690723753 -0.18244956056236927 0.32683230018434745 0 0 0
0.00196078431372549 0.4729211932445387 -0.48197326710849403 -0.14231687706057072 0 0 0
0.00196078431372549 -0.42563120256712217 -0.20425162829480145 -0.14378103891320354 0 0 0
0.00196078431372549 0.13071056898741504 0.5546538483347934 -0.1785020184562015 0 0 0
0.00196078431372549 -0.01320073910103603 0.45991635808873543 0.09086048295798234 0 0 0
0.00196078431372549 0.06482047515993741 -0.384252790326762 0.46838826268746836 0 0 0
0.00196078431372549 0.14774263544860045 0.2902026224694662 -0.43170571760684606 0 0 0
0.00196078431372549 -0.2132652401275753 -0.09273278998971944 0.47763233843159336 0 0 0
0.00196078431372549 0.3789260488385147 0.37640340988303733 0.34823647199562074 0 0 0
0.00196078431372549 0.15505453015824472 -0.13985340828326195 -0.3794510411499034 0 0 0
0.00196078431372549 0.36728332365864574 -0.09011668527481735 -0.05675210630732564 0 0 0
0.00196078431372549 0.06286475585166203 0.25759484801972077 0.4634692929021597 0 0 0
0.00196078431372549 -0.42420220903290096 0.3075100562286004 0.28953687678983797 0 0 0
0.00196078431372549 -0.27214727804585837 -0.1919095539860376 -0.07024180375464271 0 0 0
0.00196078431372549 0.30602368146092607 -0.3301581860072686 -0.1452300647492959 0 0 0
0.00196078431372549 -0.4330132982027265 0.1074788157397283 -0.1459033002886003 0 0 0
0.00196078431372549 -0.30788791792023634 0.40775161683946454 -0.3250563311575689 0 0 0
0.00196078431372549 -0.10082585814996617 0.09017091211872817 -0.3888760020258138 0 0 0
0.00196078431372549 -0.20412084247762258 -0.35382986942714484 -0.48978824204677057 0 0 0
0.00196078431372549 0.14286053119000944 0.1413779846007503 -0.5652691411264479 0 0 0
0.00196078431372549 0.31348808898798736 -0.392727625654428 -0.46895390301884504 0 0 0
0.00196078431372549 -0.18740944840151313 0.17056608107484503 -0.38283413550705847 0 0 0
0.00196078431372549 0.21126107560519938 -0.22649357937994374 -0.39085923089086766 0 0 0
0.00196078431372549 -0.5592218410450825 0.2454839289403412 0.08902634532501066 0 0 0
0.00196078431372549 -0.4834990895744583 -0.20456685458127627 -0.2618554482402244 0 0 0
0.00196078431372549 0.08769317881116814 -0.6271084054875454 -0.03778592178811462 0 0 0
0.00196078431372549 -0.08578170213711823 0.4707562719109899 -0.4496087361724509 0 0 0
0.00196078431372549 -0.13271984457270658 0.48816415668323815 -0.2541355896740209 0 0 0
0.00196078431372549 0.3342079221040339 0.1535431034383574 -0.47483517044507484 0 0 0
0.00196078431372549 -0.09609165941683397 -0.47251823525532655 0.09857455103719155 0 0 0
0.00196078431372549 -0.12518404904206532 0.2612047026871612 -0.3343854592945189 0 0 0
0.00196078431372549 -0.2572984792823365 0.14552827709176633 0.39934684410690524 0 0 0
0.00196078431372549 -0.07053414005003175 0.13989087278098392 -0.16966395107528576 0 0 0
0.00196078431372549 0.03986562398782839 -0.1665106790411754 0.33806898762884047 0 0 0
0.00196078431372549 0.5005187403950341 -0.4429194459776235 -0.020409222029054742 0 0 0
0.00196078431372549 -0.5711794137698013 -0.3059556942415088 0.2265871681959621 0 0 0
0.00196078431372549 -0.6244945247498573 -0.22272009497491274 0.1565787634541182 0 0 0
0.00196078431372549 0.2750662746722437 0.12200862378273401 0.4633568364060788 0 0 0
0.00196078431372549 -0.4201368819522791 -0.05624661831259658 -0.02400523272595107 0 0 0
0.00196078431372549 -0.42733917943675187 -0.10505184539820273 -0.49344304132161765 0 0 0
0.00196078431372549 -0.03329763656331349 0.6465108358327636 0.023107862810844808 0 0 0
0.00196078431372549 0.5810606658657538 0.1620852327294932 -0.2970014647138965 0 0 0
0.00196078431372549 -0.08721822136401337 -0.26076703351213076 0.4941476656595703 0 0 0
0.00196078431372549 0.2750978664776433 0.04633305113126388 -0.5023372132152248 0 0 0
0.00196078431372549 0.4744619363640297 0.1074841551198859 -0.47224036877731 0 0 0
0.00196078431372549 -0.20604904135380775 0.4001871419953321 0.5017508929321444 0 0 0
0.00196078431372549 0.30841427853404874 0.11184922643977668 -0.18797444992914283 0 0 0
0.00196078431372549 -0.10708016441768722 -0.35339584486956227 0.3044093475703234 0 0 0
0.00196078431372549 -0.2191601408724537 -0.37000893973261567 0.4292307583278285 0 0 0
0.00196078431372549 0.3148744300444672 0.45477126905344495 0.41632237711409525 0 0 0
0.00196078431372549 0.16392940395749203 0.03720666887757998 0.5455478605753259 0 0 0
0.00196078431372549 0.07037905141332475 0.6060878989505198 0.20799838413987454 0 0 0
0.00196078431372549 0.09161592318259656 -0.2832624085829717 0.4222512102851683 0 0 0
0.00196078431372549 0.08897731851285137 0.2933757640053014 0.49427341020972354 0 0 0
0.00196078431372549 -0.026105482156503542 0.30663123450904006 -0.2662731220141353 0 0 0
0.00196078431372549 -0.060272040451085654 -0.4643113623700167 0.365842101710325 0 0 0
0.00196078431372549 -0.22999862325249593 -0.006296835102826523 -0.020892178069715505 0 0 0
0.00196078431372549 -0.11011063327735345 -0.3419604136623379 0.5429261358746377 0 0 0
0.00196078431372549 0.19881220575806224 -0.6519252015516799 -0.005508750900475638 0 0 0
0.00196078431372549 0.12415867713539297 0.464698890872301 -0.4564481767572585 0 0 0
0.00196078431372549 0.4957276837195126 0.27568279243385574 -0.053507940466699766 0 0 0
0.00196078431372549 0.26561908307330107 0.1896763349344335 -0.26478759283673053 0 0 0
0.00196078431372549 -0.1727149674879284 0.18279322596250236 0.4068506592622802 0 0 0
0.00196078431372549 0.16469084722300906 -0.1226839455125933 -0.347759434214153 0 0 0
0.00196078431372549 -0.3178825623408325 0.517496847247176 0.22108194590577424 0 0 0
0.00196078431372549 0.38662650556119726 0.4839246124410309 -0.022309784358874672 0 0 0
0.00196078431372549 -0.3011023641786417 -0.4321874853239851 0.3557874299929957 0 0 0
0.00196078431372549 0.4556714420740796 0.3057958451182622 0.37132679828385745 0 0 0
0.00196078431372549 -0.16429196817863823 -0.08060138588586858 0.5795811774629894 0 0 0
0.00196078431372549 -0.3844362704256826 -0.06360857886496803 0.40823911269818414 0 0 0
0.00196078431372549 -0.2638719426200222 -0.030337744868990893 -0.5506017680654537 0 0 0
0.00196078431372549 0.38755403220426005 0.09160993262724515 0.1465168657105554 0 0 0
0.00196078431372549 0.08103647840310156 -0.4612484099257819 0.1653763168712886 0 0 0
0.00196078431372549 -0.13994364355212796 -0.3599738228998471 0.3085503772383879 0 0 0
0.00196078431372549 -0.3803039838118005 -0.42313480632540873 0.001233801843725 0 0 0
0.00196078431372549 0.37396829710600504 -0.28240066529880653 0.4165184067806296 0 0 0
0.00196078431372549 -0.08046731452637584 -0.2218407748049352 0.2987071305743258 0 0 0
0.00196078431372549 -0.25872049017600446 -0.48436013240364373 0.12103019371839062 0 0 0
0.00196078431372549 0.4524513806140654 0.35421678734003115 -0.28465596363991724 0 0 0
0.00196078431372549 0.15636817514165077 0.3506741700727377 0.4559181127760026 0 0 0
0.00196078431372549 0.06225800913713054 -0.11721605450953654 0.6248176619145318 0 0 0
0.00196078431372549 -0.08830138294289357 0.02297539233729703 -0.6536915060591012 0 0 0
0.00196078431372549 0.13576581184635964 0.16386998168342168 0.6577549799214643 0 0 0
0.00196078431372549 0.3549814196277454 -0.10786053219233549 -0.5839995566813866 0 0 0
0.00196078431372549 -0.17194838736109902 0.021781102105019358 -0.27110044159387725 0 0 0
0.00196078431372549 0.2191773754455155 0.009617158812679792 0.46418410103120755 0 0 0
0.00196078431372549 -0.18241316045652525 0.36701602943793116 0.12950269475690718 0 0 0
0.00196078431372549 -0.05986200503658639 0.30635127792120154 0.1370606038885115 0 0 0
0.00196078431372549 -0.0688145813586493 -0.44225200014673 0.13609646869390052 0 0 0
0.00196078431372549 0.0481367725861787 0.13796226207111686 -0.3002750050546072 0 0 0
0.00196078431372549 -0.023510116125291483 -0.3346937347096497 0.010608144050202098 0 0 0
0.00196078431372549 -0.5496942796289568 0.348824779129476 -0.05021574774257235 0 0 0
0.00196078431372549 -0.2731380139504177 0.2193751855801763 -0.4019714966420561 0 0 0
0.00196078431372549 0.26636415200086844 0.11699266241546931 -0.11633972873982859 0 0 0
0.00196078431372549 -0.4306194464210589 0.24809497115491508 -0.15476088199034255 0 0 0
0.00196078431372549 0.1013691365749557 -0.025771429065635156 -0.13879644208111713 0 0 0
0.00196078431372549 0.5927970668431847 0.27802843261812143 -0.1400555198635898 0 0 0
0.00196078431372549 -0.2445214110152898 -0.19758455421311683 0.33515676748066964 0 0 0
0.00196078431372549 0.23047636507216993 -0.009598333559276346 -0.5213347600027937 0 0 0
0.00196078431372549 -0.09803553000287547 0.03010268781565386 -0.21871007066930068 0 0 0
0.00196078431372549 -0.005448762464122259 -0.12361191538401614 0.6092313849845399 0 0 0
0.00196078431372549 0.29427430006461314 -0.2404255307178511 -0.5688306123980559 0 0 0
0.00196078431372549 -0.06050422884797445 -0.0636755135593378 0.49867844466289907 0 0 0
0.00196078431372549 0.20983723280215621 0.12657767396771272 -0.49855234339247495 0 0 0
0.00196078431372549 -0.3409727940234142 -0.1316250205520003 0.4828697887539879 0 0 0
0.00196078431372549 0.1594623130462288 0.31319026843107706 0.029843286364850445 0 0 0
0.00196078431372549 0.47573540005524756 -0.1805484108806731 0.36554261504650265 0 0 0
0.00196078431372549 -0.03742990164314242 0.04363538778929166 0.2029513788665896 0 0 0
0.00196078431372549 -0.146105564442136 0.27850666277414265 -0.39072474022059334 0 0 0
0.00196078431372549 0.018500106174013882 0.029199953969546305 -0.6123626929130884 0 0 0
0.00196078431372549 -0.19456150885501253 -0.05558975394852167 -0.08672577834582623 0 0 0
0.00196078431372549 -0.4406048065865127 0.4352705955837843 0.22087022337230433 0 0 0
0.00196078431372549 -0.14735384575044305 0.35043222016779735 0.5220356027248361 0 0 0
0.00196078431372549 -0.30080970589659145 -0.011740844097713735 0.5396694094140497 0 0 0
0.00196078431372549 0.19658711242084198 0.5569599117039954 0.31050975631420324 0 0 0
0.00196078431372549 0.06430541331128613 0.6268000021213416 -0.1790511511442126 0 0 0
0.00196078431372549 -0.32189579036901417 0.4699110702030043 0.2711925479674594 0 0 0
0.00196078431372549 0.38032026587319456 0.26435893803081145 -0.49821003572435135 0 0 0
0.00196078431372549 -0.18145848392413583 0.20030625679504252 0.203088726250253 0 0 0
0.00196078431372549 -0.3675107748122844 -0.09110064570878047 0.29652659053128355 0 0 0
0.00196078431372549 0.05629948793699384 0.1480710630062531 -0.5041793134617298 0 0 0
0.00196078431372549 -0.02819285264218317 0.11553594888500363 -0.22444795110173169 0 0 0
0.00196078431372549 0.29982156417537886 -0.42464887639939497 0.3366327757401484 0 0 0
0.00196078431372549 0.13584768317719773 -0.5773289025154492 -0.0022994525236833484 0 0 0
0.00196078431372549 0.24750443356404594 -0.02226614418522996 0.34379625926726115 0 0 0
0.00196078431372549 -0.36325403905911874 0.26549674470765583 -0.08331586107486891 0 0 0
0.00196078431372549 -0.5019160545728535 0.3029477215769263 -0.10361332406553789 0 0 0
0.00196078431372549 0.22295630938577068 -0.2367037084259477 0.32947271849086984 0 0 0
0.00196078431372549 0.07771861654054148 0.1432157235699345 -0.6191587927099524 0 0 0
0.00196078431372549 0.32898209002526463 0.2607495314232532 0.2661040512794076 0 0 0
0.00196078431372549 -0.07598482353506514 -0.5943044585408349 0.19242561201148523 0 0 0
0.00196078431372549 -0.07729650261538715 0.3494775807602599 -0.039341130187281186 0 0 0
0.00196078431372549 0.20866797130870396 -0.31346203802159045 -0.38559263081481215 0 0 0
0.00196078431372549 -0.3069316838636807 0.4735108706681816 0.23683240287381888 0 0 0
0.00196078431372549 0.016118983337288426 0.02792507165725713 0.30456891946814424 0 0 0
0.00196078431372549 0.01283570243020575 -0.25741704667421444 -0.6087089698123003 0 0 0
0.00196078431372549 -0.3409618766611293 0.2429843595602558 -0.33418928293048583 0 0 0
0.00196078431372549 0.13368037284253814 0.6053067055436672 -0.14038267501916332 0 0 0
0.00196078431372549 0.41366015452847804 -0.05483603561476836 -0.43212814634612956 0 0 0
0.00196078431372549 -0.40091210950498013 -0.15754449797854217 -0.1434654522996479 0 0 0
0.00196078431372549 0.11364067370615161 -0.4455931963083668 0.03686007233282088 0 0 0
0.00196078431372549 -0.207739673418698 0.5672172656817173 0.30383157800768834 0 0 0
0.00196078431372549 -0.07693151239014734 0.1580912864648881 -0.5229243879110769 0 0 0
0.00196078431372549 -0.10167292848839846 -0.4840130548240174 -0.12919610567384304 0 0 0
0.00196078431372549 0.31252842802058795 -0.12155591123004535 -0.12690399458717755 0 0 0
0.00196078431372549 0.3683882451936399 -0.5563450457221313 -0.14637856632726043 0 0 0
0.00196078431372549 0.24229289882725258 0.0837756671180966 0.07552914338144086 0 0 0
0.00196078431372549 -0.28150049681299627 0.5882074783446662 0.0479363640800228 0 0 0
0.00196078431372549 -0.4742302664460921 0.4132976927271661 -0.1492344776763445 0 0 0
0.00196078431372549 0.48075599993975293 -0.461190599254629 -0.11919015576986078 0 0 0
0.00196078431372549 -0.056617334977700266 -0.6123502067146734 -0.1488712947905395 0 0 0
0.00196078431372549 0.036619771344151196 0.05218139302304111 0.19568149442200256 0 0 0
0.00196078431372549 0.4447684934726738 0.00421754737452103 0.2714318777228881 0 0 0
0.00196078431372549 0.13465002996328126 0.6491440874093864 0.149144540044292 0 0 0
0.00196078431372549 -0.1570985048503915 0.21228735142311897 0.5731668497684312 0 0 0
0.00196078431372549 -0.3919675070560429 -0.08777844223069413 -0.08901083108890592 0 0 0
0.00196078431372549 0.6853782432415102 0.0551839329335923 -0.05347306141739736 0 0 0
0.00196078431372549 0.36908238364334706 -0.08336785641611957 0.4159973146061318 0 0 0
0.00196078431372549 0.23336132278187724 0.20596017781226467 -0.5180295809259835 0 0 0
0.00196078431372549 -0.1284007933603389 -0.21582213387206967 -0.3370972734195341 0 0 0
0.00196078431372549 -0.2002197824929891 -0.4941915640290078 0.3103359398307843 0 0 0
0.00196078431372549 0.03264797312691074 -0.13386403463953866 0.33806657540209845 0 0 0
0.00196078431372549 0.019027830141327567 -0.01162163725845169 -0.2295129914210606 0 0 0
0.00196078431372549 0.004233468259815451 0.24833922977117306 -0.6126715579063824 0 0 0
0.00196078431372549 0.14056316209048703 -0.2851243622515711 0.5799858726577058 0 0 0
0.00196078431372549 -0.12036474364095387 -0.6492837630175283 0.15949010167405517 0 0 0
0.00196078431372549 -0.31143859381762534 -0.44696472728847336 -0.2837877572197506 0 0 0
0.00196078431372549 0.22234845922441296 -0.2898966968601182 -0.4386263254709168 0 0 0
0.00196078431372549 0.18972669789708438 0.29920198019371225 -0.45233655704509435 0 0 0
0.00196078431372549 0.06456685510790286 0.11676375212305706 -0.5973358784909354 0 0 0
0.00196078431372549 -0.28192847188461373 -0.22117108338632221 -0.42635223896552243 0 0 0
0.00196078431372549 -0.30864926469469633 -0.004895581753273537 -0.33449142808255505 0 0 0
0.00196078431372549 0.011227563549494933 -0.41107925836008385 0.44238733773823874 0 0 0
0.00196078431372549 0.06627802251295196 0.54729262322633 0.15655828429444474 0 0 0
0.00196078431372549 -0.20140409102767057 0.549973769961378 0.25639225974995217 0 0 0
0.00196078431372549 0.251565332195367 -0.021287364291274743 -0.01876963647663484 0 0 0
0.00196078431372549 -0.20796236025628034 -0.11919422453761727 0.5291300292532526 0 0 0
0.00196078431372549 0.014304176532276879 0.14822238533352908 0.5544013691982633 0 0 0
0.00196078431372549 -0.40283650297348816 -0.11470788123650001 -0.13215889516915666 0 0 0
0.00196078431372549 -0.3557707209270634 0.13162291590603567 0.34679932933923 0 0 0
0.00196078431372549 -0.4670357009280631 0.10411632851421623 0.20116057147561864 0 0 0
0.00196078431372549 0.04573498541413989 0.3962038406045193 0.16628239316525162 0 0 0
0.00196078431372549 0.07587245605103268 -0.6303210720516587 -0.07279023726901465 0 0 0
0.00196078431372549 0.4576241952636726 -0.15760088832879068 0.06493046662430256 0 0 0
0.00196078431372549 -0.563481805231667 0.36560421908806046 0.07175000149589603 0 0 0
0.00196078431372549 -0.21721691036455149 0.2560266331910503 0.11458239473857892 0 0 0
0.00196078431372549 -0.503653508299584 -0.2152330727480742 0.4013930418063799 0 0 0
0.00196078431372549 0.1477526189852064 -0.39342276459624514 0.006655387831645377 0 0 0
0.00196078431372549 0.07801237921470161 0.47698105247589423 -0.35912722146473297 0 0 0
0.00196078431372549 -0.15202129642335055 0.5275129226532376 -0.044125659131526336 0 0 0
0.00196078431372549 -0.36101203207742916 0.48539004455550605 -0.27617339040843225 0 0 0
0.00196078431372549 0.27786831706834086 -0.1311028718528248 0.05430829009021143 0 0 0
0.00196078431372549 -0.06292605991185113 0.3855323517739687 0.1992606083365794 0 0 0
0.00196078431372549 0.43398657191681583 -0.36649957811106465 -0.15596779771978617 0 0 0
0.00196078431372549 -0.3777552878500967 -0.3802430080117041 0.04011274656603617 0 0 0
0.00196078431372549 -0.49185408043394113 -0.0897555443609416 -0.2566853050308596 0 0 0
0.00196078431372549 -0.34902677873215654 0.40429263539842625 0.07070433398601017 0 0 0
0.00196078431372549 0.09676265346863638 0.35616346422164474 -0.28409518653112764 0 0 0
0.00196078431372549 -0.3503780314329557 -0.08918586104311375 -0.23656464627085672 0 0 0
0.00196078431372549 0.12539722440894108 -0.03920574844444516 -0.6612860021384817 0 0 0
0.00196078431372549 -0.060192956390901865 0.09981210199527797 0.5586790058903491 0 0 0
0.00196078431372549 0.3103726481432513 0.1346299374311227 0.5891385559726262 0 0 0
0.00196078431372549 0.37937758153102524 0.5068076192054239 -0.2785611069008049 0 0 0
0.00196078431372549 0.5827024468797506 -0.31233995506237233 -0.07746262626838607 0 0 0
0.00196078431372549 0.02456377400256705 0.40805766190547366 -0.17303544499547607 0 0 0
0.00196078431372549 0.3202153493830125 0.3211340290081514 -0.41951363363729 0 0 0
0.00196078431372549 -0.5713889858223099 0.21192871129880986 -0.2815422719611166 0 0 0
0.00196078431372549 -0.542728674500617 0.0752626407773746 0.3035817361099788 0 0 0
0.00196078431372549 0.5448148087710735 0.07627001067938352 0.23306995019329324 0 0 0
0.00196078431372549 -0.12088378527905838 0.4707469593160879 0.4167532371770734 0 0 0
0.00196078431372549 0.2008126846206414 -0.07663872041626106 0.5753669831821453 0 0 0
0.00196078431372549 -0.0422478078450729 0.32065923984491607 0.24939624262506221 0 0 0
0.00196078431372549 -0.1633228320304297 -0.217691076275074 -0.25135504031386496 0 0 0
0.00196078431372549 0.08972124735604918 -0.5699292391282444 -0.3513884666860929 0 0 0
0.00196078431372549 -0.011300993028568077 0.18693266011059478 0.481425577020711 0 0 0
0.00196078431372549 -0.10378055567656952 0.15841491154589468 0.40570483126859797 0 0 0
0.00196078431372549 0.5876649818527434 -0.24702671440452806 -0.24236777365949044 0 0 0
0.00196078431372549 -0.363139640612316 -0.3839867666411544 0.21030221870729107 0 0 0
0.00196078431372549 0.4465141873059456 0.28860214689034003 -0.26576444293362783 0 0 0
0.00196078431372549 -0.35623546425745795 -0.1437243687851768 0.45333197530561403 0 0 0
0.00196078431372549 0.44865885166103625 -0.3442442394144414 0.06561800546185786 0 0 0
0.00196078431372549 -0.20989818746076014 0.5760495082218924 0.08062792309410477 0 0 0
0.00196078431372549 -0.5052569265253811 -0.05190656833856187 -0.008782672583379636 0 0 0
0.00196078431372549 -0.054192398589059596 -0.17413931735534183 -0.38992075140085786 0 0 0
0.00196078431372549 0.42702139781356335 0.03600066807511902 -0.22835973969308557 0 0 0
0.00196078431372549 0.24820129393887796 -0.27456962363801807 -0.13479551114508215 0 0 0
0.00196078431372549 -0.19961868144843858 -0.26727910528092425 -0.1025837811381474 0 0 0
0.00196078431372549 0.5306303986527265 0.2120525219344604 0.28789408666495825 0 0 0
0.00196078431372549 0.5284124857805477 -0.09939879612967996 0.13496309967050696 0 0 0
0.00196078431372549 0.06032602740170319 0.2200660045383792 -0.2241435162595961 0 0 0
0.00196078431372549 -0.07055143699811298 -0.5124762761643624 0.2376891839782798 0 0 0
0.00196078431372549 0.1857263481586199 -0.42688050937247984 -0.2844420371876225 0 0 0
0.00196078431372549 0.07658124314321511 -0.43641421977945694 -0.006135462511550602 0 0 0
0.00196078431372549 0.33720271650918626 -0.058247816305731864 0.38710406434070627 0 0 0
0.00196078431372549 -0.5922565726284738 0.05187595990044965 0.26646771072752734 0 0 0
0.00196078431372549 -0.19836210905611265 0.20960642362165455 -0.1387027650392723 0 0 0
0.00196078431372549 -0.450998117061898 0.49343908104320755 -0.0823024559391838 0 0 0
0.00196078431372549 -0.4654601736338299 -0.3305710841299359 0.2612339262532262 0 0 0
0.00196078431372549 0.42312805486304755 0.27510310653570985 -0.16445916092591958 0 0 0
0.00196078431372549 -0.41138343894365886 0.401532798206821 -0.0286708678857601 0 0 0
0.00196078431372549 0.23102656125635246 -0.5034499247344879 -0.20948897855477328 0 0 0
0.00196078431372549 0.06818183934435444 0.229627255734129 0.5378679549581509 0 0 0
0.00196078431372549 -0.2278513403320399 -0.5256041918540669 0.29113995410774085 0 0 0
0.00196078431372549 -0.125490157311275 -0.43848633717988544 0.32135874684467697 0 0 0
0.00196078431372549 -0.624936724121432 0.02357231073349879 0.20510001260448815 0 0 0
0.00196078431372549 -0.023344731980645874 0.03402345898709701 0.6891528555363673 0 0 0
0.00196078431372549 0.04087187828204568 0.6153136546643732 0.17430227667424605 0 0 0
0.00196078431372549 0.3660448491541022 0.12915471105445847 -0.08387664107103736 0 0 0
0.00196078431372549 0.09991282729321029 -0.11631150048429104 -0.08350028081310917 0 0 0
0.00196078431372549 0.35884112602058255 -0.23708993434348016 -0.4018605114658118 0 0 0
0.00196078431372549 -0.4328357535765122 0.1934282366873833 -0.2478294320029928 0 0 0
0.00196078431372549 -0.12829048749146932 0.1544692902373822 0.22229863708984732 0 0 0
0.00196078431372549 -0.26878105261174634 -0.4108093833233787 -0.2543674106341924 0 0 0
0.00196078431372549 0.5995077668148971 -0.21144755416027625 0.26377401475129764 0 0 0
0.00196078431372549 0.4354168469695352 -0.4609233663825817 0.05345448133678663 0 0 0
0.00196078431372549 -0.0986666614917142 0.061626174610870686 0.5406448765927331 0 0 0
0.00196078431372549 0.39754140401059046 0.529328314905253 -0.06883847474692646 0 0 0
0.00196078431372549 0.07791813581888973 -0.1555051634265621 -0.20040446797606462 0 0 0
0.00196078431372549 0.038018016634473906 0.0865726698301842 0.37138585483749986 0 0 0
0.00196078431372549 0.5297561971847882 -0.12347300913623988 0.039487548155965606 0 0 0
0.00196078431372549 -0.09600196786745752 0.3968598306689946 -0.2760853502894537 0 0 0
0.00196078431372549 -0.20101256126562816 0.5235928594997632 0.34841844833476715 0 0 0
0.00196078431372549 0.09509239054478212 0.002717775508729346 0.21735741774980494 0 0 0
0.00196078431372549 0.56793218827801 0.32672110189860265 -0.03130617909724549 0 0 0
0.00196078431372549 -0.14890193067775698 -0.21338508434681694 0.28860602771563204 0 0 0
0.00196078431372549 0.3203768549412504 0.04046365411963726 -0.4665555807524481 0 0 0
0.00196078431372549 -0.3255016635881995 -0.05622909453066137 0.0036842927257249927 0 0 0
0.00196078431372549 0.43363010186622136 0.026333879879649715 0.06691608384237284 0 0 0
0.00196078431372549 0.2540309785628607 -0.28219006221982484 0.10345397704974887 0 0 0
0.00196078431372549 -0.2694221275878507 0.32527437752087135 0.4293838085793377 0 0 0
0.00196078431372549 -0.3846596008759294 -0.4402051718133384 0.055828653873638376 0 0 0
0.00196078431372549 -0.3591649590963646 0.26709579330591715 -0.420879460665676 0 0 0
0.00196078431372549 -0.13684946988744115 -0.5958284323018144 -0.20180967784475531 0 0 0
0.00196078431372549 0.1807259304002705 -0.09107552890175662 0.5325498040675737 0 0 0
0.00196078431372549 0.19755408848562298 0.4756204238910241 0.2691299770293313 0 0 0
0.00196078431372549 0.07633370124920032 -0.20497390707154586 0.0052373403421623705 0 0 0
0.00196078431372549 -0.5377213432493825 0.10579753716694246 -0.09174028489326418 0 0 0
0.00196078431372549 -0.08327938637935335 0.2451724557685482 0.017395643220032925 0 0 0
0.00196078431372549 0.3036429128027746 0.09363858119609089 0.04336546587197045 0 0 0
0.00196078431372549 0.5574429834758521 0.3059123912321718 -0.05130522655719017 0 0 0
0.00196078431372549 -0.3611016157071309 0.35991576605944875 0.11919064257350061 0 0 0
0.00196078431372549 -0.22073441178886888 0.21623620982860006 -0.036621264568034204 0 0 0
0.00196078431372549 0.38712908864802736 -0.17250284837401433 -0.2748525720715573 0 0 0
0.00196078431372549 0.44764768075113925 0.0568783699261325 0.14504738295318298 0 0 0
0.00196078431372549 -0.17595163640300004 -0.24239726517742666 -0.5930908854954273 0 0 0
0.00196078431372549 0.31905406876602316 0.3195382921794617 0.5032706215094142 0 0 0
0.00196078431372549 0.40906058733388034 -0.21787139672570469 0.3677781495654001 0 0 0
0.00196078431372549 0.270678728191409 -0.3184332573717362 0.1482190179554243 0 0 0
0.00196078431372549 -0.4323115289709237 -0.18194970620930373 0.28392520988933984 0 0 0
0.00196078431372549 0.46886720265398224 0.06692678860896034 -0.005889173324829293 0 0 0
0.00196078431372549 0.2443678050948926 0.48140974274756515 -0.22134773369985644 0 0 0
0.00196078431372549 -0.4142904492747954 -0.15379902323780134 -0.008598368810862922 0 0 0
0.00196078431372549 -0.08090484238354563 -0.16095606283686575 -0.0033866398618258645 0 0 0
0.00196078431372549 -0.05200444866292471 -0.009015567866963073 0.14064210304298475 0 0 0
0.00196078431372549 -0.12372700323913875 -0.16696997739491937 -0.5742742844356646 0 0 0
0.00196078431372549 0.16874095485846866 0.10440155872273826 -0.2830399436426904 0 0 0
0.00196078431372549 -0.23055297607066855 0.2855116043258701 -0.25659338146939753 0 0 0
0.00196078431372549 -0.27336115113284015 -0.4082287675289348 0.04092460605432097 0 0 0
0.00196078431372549 0.45086615128142254 0.05591180182779575 0.27540293647714525 0 0 0
0.00196078431372549 -0.01944545831632146 0.4792254148278565 0.2500735950792789 0 0 0
0.00196078431372549 0.45902670764557113 -0.20772962122164548 0.23990325451443284 0 0 0
0.00196078431372549 -0.21251005213218735 -0.3852704100881534 -0.4249647900841518 0 0 0
0.00196078431372549 0.3364776504529215 -0.20081857021698538 0.48333296176036755 0 0 0
0.00196078431372549 0.15055716757240314 -0.1483939511606381 0.6359688578453992 0 0 0
0.00196078431372549 0.030048300249289128 -0.19828209593382964 0.15669750032217225 0 0 0
0.00196078431372549 -0.010303569737635064 -0.667065955734367 0.09342400810195554 0 0 0
0.00196078431372549 0.03267761272415734 0.652842572628473 -0.04782540608504141 0 0 0
0.00196078431372549 0.3002717040967793 -0.05205970512253295 0.40817653328632475 0 0 0
0.00196078431372549 0.36813282306762807 -0.17758352591382107 -0.4980915102673485 0 0 0
0.00196078431372549 -0.04229638185289573 -0.15468184334412974 0.5158062035086691 0 0 0
0.00196078431372549 -0.10445720135252991 0.22643392296162654 0.22181840897554905 0 0 0
0.00196078431372549 0.281717345302063 -0.46013535268875966 0.15201331679063187 0 0 0
0.00196078431372549 0.044618741593786405 0.37538853333536304 -0.4628046425983321 0 0 0
0.00196078431372549 0.47101043862576897 0.20756404773870968 -0.3257314266123641 0 0 0
0.00196078431372549 0.581541963954046 -0.3192116466182147 -0.09986923622128105 0 0 0
0.00196078431372549 0.42549562166944965 0.22046900016289184 -0.4975898791181173 0 0 0
0.00196078431372549 -0.1038272517865523 0.17358703375977458 0.6150634395329133 0 0 0
0.00196078431372549 0.1349546122403166 -0.01466634679229025 -0.6762570206905307 0 0 0
0.00196078431372549 0.29532988768506013 -0.1468650485145808 -0.019892629732680956 0 0 0
0.00196078431372549 -0.09634361993546493 -0.13945744650529923 0.24221125332325125 0 0 0
0.00196078431372549 -0.1765545238366598 0.6000525129919879 0.16587437354706006 0 0 0
0.00196078431372549 0.0774509643328558 -0.4709694446727184 -0.3098805094327302 0 0 0
0.00196078431372549 -0.10296769841404296 0.5252324380765648 0.1402262754617234 0 0 0
0.00196078431372549 0.06535287909540248 -0.6271760879426692 0.001989344004503188 0 0 0
0.00196078431372549 0.0004302018069022524 0.25445273416734054 -0.2533349339460732 0 0 0
0.00196078431372549 0.4430449606061739 -0.014291498665912202 0.3144594441523994 0 0 0
0.00196078431372549 0.008063161538794439 -0.5630365201994985 -0.3167400372796348 0 0 0
0.00196078431372549 0.42200977432634756 0.10836291349969147 -0.23964028605489615 0 0 0
0.00196078431372549 -0.46694343998827037 -0.12012341740550096 0.14483651574900677 0 0 0
0.00196078431372549 -0.23081509376378306 0.17566774147454092 0.2505793632737873 0 0 0
0.00196078431372549 0.2225233124255437 -0.035724501355944065 0.0032165620687722406 0 0 0
0.00196078431372549 0.41413435426292416 0.20852911225679435 -0.414794301443892 0 0 0
0.00196078431372549 -0.0846368432582605 0.042521241343216123 0.27540088906923005 0 0 0
0.00196078431372549 0.5815156447305272 -0.055997054332067725 0.15762645228585775 0 0 0
0.00196078431372549 -0.3466244584063695 -0.07978609923606898 0.49068511882502946 0 0 0
0.00196078431372549 -0.06976411356012494 -0.0905842495594767 0.06492522464521931 0 0 0
0.00196078431372549 0.11405289910123007 -0.41063314681856233 0.4054325081736224 0 0 0
0.00196078431372549 -0.17170216741135075 -0.19903393576043626 -0.061855022166634833 0 0 0
0.00196078431372549 0.021843967029736396 -0.532191555240947 0.3022557509827763 0 0 0
0.00196078431372549 0.0681060804604269 -0.5012235579343891 0.3877181292503597 0 0 0
0.00196078431372549 0.4285167260269763 -0.2599606604259031 0.010702654917933735 0 0 0
0.00196078431372549 0.26724921188595774 0.09667335640392816 0.14041856469591715 0 0 0
0.00196078431372549 -0.5736930433002866 -0.14533974606321018 -0.21672237780922263 0 0 0
0.00196078431372549 -0.075553226329246 0.23408672340839853 0.6080680201219463 0 0 0
0.00196078431372549 0.28750761138408615 0.05202161796047038 0.07298901811240936 0 0 0
0.00196078431372549 -0.08685132472326687 -0.4243887066548296 -0.49004257224227754 0 0 0
0.00196078431372549 -0.10384019670231198 -0.3585253434929719 0.5096345473622215 0 0 0
0.00196078431372549 0.12258379741325977 -0.6736677726555476 0.03837611241276212 0 0 0
0.00196078431372549 -0.004931882269119936 -0.05313963567491387 0.21294119728298463 0 0 0
0.00196078431372549 0.16592742529327775 0.6360776879126122 0.04243109323771771 0 0 0
0.00196078431372549 0.5155415777503872 -0.1130031006289868 -0.07030794702935049 0 0 0
0.00196078431372549 -0.3714023521767605 -0.16398012123538508 -0.2905320413823533 0 0 0
0.00196078431372549 -0.3247177078300067 -0.12520940115222562 -0.15572222152111528 0 0 0
0.00196078431372549 0.14111305484541897 -0.2340698722225097 3.5160510508706166e-05 0 0 0
0.00196078431372549 -0.37325597762862917 -0.10251373365488307 -0.514815814604938 0 0 0
0.00196078431372549 0.11514720134623571 -0.1767184573549703 -0.5072365845348489 0 0 0
0.00196078431372549 0.2274927201339637 -0.043136313247486485 -0.5000189333979622 0 0 0
0.00196078431372549 -0.17875381618725592 0.4962644762726138 -0.19409254657154368 0 0 0
0.00196078431372549 0.06577949793621213 -0.3694833069365438 0.5171596705934163 0 0 0
0.00196078431372549 0.024523225223847405 0.1795805780178708 0.22408976360218982 0 0 0
0.00196078431372549 0.6762095291667809 0.11800724393846312 0.03941945190709937 0 0 0
0.00196078431372549 0.05212477341513539 -0.09802598417493953 0.5058682702031719 0 0 0
0.00196078431372549 -0.5907771365578964 -0.19469265396066993 0.05822220071930543 0 0 0
0.00196078431372549 0.014981819907778396 -0.22409839134436055 0.04147630376744895 0 0 0
0.00196078431372549 -0.25321603450285574 0.14010920600578505 -0.4763204874347148 0 0 0
0.00196078431372549 -0.14955220801383395 0.15939309677617733 0.4786715939052165 0 0 0
0.00196078431372549 0.30155514117105625 0.40081861489211273 -0.433888995279753 0 0 0
0.00196078431372549 0.1092937755818364 -0.5422891908022069 0.028826386903897414 0 0 0
0.00196078431372549 -0.025852715570175214 0.007437259532993939 0.4796398705104654 0 0 0
0.00196078431372549 -0.12041573527503645 -0.6269086297392156 -0.20471111553753019 0 0 0
0.00196078431372549 -0.1122543863332127 -0.020230070863962706 -0.5888753561541574 0 0 0
0.00196078431372549 -0.14305438109356255 -0.2351336165871318 0.18323449288878502 0 0 0
0.00196078431372549 0.3804150588870137 0.44387950436833523 0.31908184903836656 0 0 0
0.00196078431372549 -0.22281660388650537 -0.1498529591814713 -0.06013877168927073 0 0 0
0.00196078431372549 -0.10972482773722482 -0.05429438964777894 -0.2588133317488296 0 0 0
0.00196078431372549 0.6344006202859388 0.018111023212610582 0.23715815074805008 0 0 0
0.00196078431372549 -0.2879822422694973 -0.2642953274196832 0.5616941316452707 0 0 0
0.00196078431372549 -0.27347297786953784 0.40067854340967707 0.21616208442337526 0 0 0
0.00196078431372549 -0.18281367671833762 -0.11450409976317748 -0.6363292688340173 0 0 0
0.00196078431372549 0.39197341964413807 0.4268740316216811 0.30894449849386973 0 0 0
0.00196078431372549 -0.3658897554539444 0.058592900938251036 0.18471502773044288 0 0 0
0.00196078431372549 0.27777162104955444 -0.6108835190756386 -0.06014917964134692 0 0 0
0.00196078431372549 -0.1625110372705371 0.153789706431089 -0.3050886105054944 0 0 0
0.00196078431372549 0.004766286166068128 -0.26816204601477667 0.06383042765297461 0 0 0
0.00196078431372549 -0.3506983264817053 -0.13061594580112 -0.05342266000759515 0 0 0
0.00196078431372549 0.2634621255924425 -0.05262901771093484 -0.020712704175367438 0 0 0
0.00196078431372549 0.03544737708167243 -0.4652260053137536 0.3518372956185101 0 0 0
0.00196078431372549 0.1539762407447972 0.27848857551084805 -0.5638575876927625 0 0 0
0.00196078431372549 0.14795951726248255 0.007712688328627564 -0.09221887916178356 0 0 0
0.00196078431372549 -0.07585805126353248 -0.14553759682893844 -0.5373180121810448 0 0 0
0.00196078431372549 -0.3034128362122762 -0.4403338162108437 -0.2923849985527365 0 0 0
0.00196078431372549 0.003499477432456438 -0.5743187173536104 0.15488137394020862 0 0 0
0.00196078431372549 0.1975508500055766 -0.2799978582707068 0.4203392646314457 0 0 0
0.00196078431372549 -0.23345688960023117 0.47455140449534694 0.29561029002424954 0 0 0
0.00196078431372549 0.13017873416868944 0.53334903935597 -0.4064455404153962 0 0 0
0.00196078431372549 0.061098861508202124 -0.13749277582700267 -0.06287503128990124 0 0 0
0.00196078431372549 0.297698036126208 -0.3317785236828179 -0.30888483592022287 0 0 0
0.00196078431372549 0.24568901977455465 0.4817751825889134 -0.32823747977306067 0 0 0
0.00196078431372549 -0.2519113445141064 -0.0542124662251304 0.04721844532458346 0 0 0
0.00196078431372549 -0.16937337536520294 0.2522978470306193 -0.35906609900309194 0 0 0
0.00196078431372549 0.23861126101483132 -0.34195646340792146 -0.5317162744343333 0 0 0
0.00196078431372549 0.3028398233865499 0.13008941944725835 -0.5075746667592689 0 0 0
0.00196078431372549 -0.30475026376802744 -0.2304967122701176 0.2152041875531145 0 0 0
0.00196078431372549 0.301321794050675 0.5055254703516594 -0.15230909697166792 0 0 0
0.00196078431372549 0.4903907936546207 0.005008894593291787 -0.21325595460793648 0 0 0
0.00196078431372549 -0.21289335816575677 -0.1176904707182631 -0.34589264401108194 0 0 0
0.00196078431372549 -0.15805942835811304 -0.485121115778995 -0.15746292569964443 0 0 0
0.00196078431372549 0.05049740337616543 -0.43748217145218915 0.08796348352678325 0 0 0
0.00196078431372549 0.5779032661039598 -0.16658971515085752 -0.307082063009574 0 0 0
0.00196078431372549 -0.23618470871258965 0.07236895019702601 -0.12450885131711728 0 0 0
0.00196078431372549 -0.007128624455120095 0.532553521674723 -0.3127116611264981 0 0 0
0.00196078431372549 0.13525629034921285 -0.3911410297879009 0.4440841153810452 0 0 0
0.00196078431372549 0.17548829245504166 0.23186252455213824 0.1189487803057114 0 0 0
0.00196078431372549 -0.08922951054755159 0.5380964074798796 0.42181428091276246 0 0 0
0.00196078431372549 -0.16536684630618034 -0.03628524712529235 -0.1190825665086382 0 0 0
0.00196078431372549 0.41929734498289856 0.17907395704474616 -0.33166461758901716 0 0 0
0.00196078431372549 0.35200312708819054 -0.24678482096787352 -0.4268682696716424 0 0 0
0.00196078431372549 0.0930374914007985 -0.019340310359789326 -0.11646217726952167 0 0 0
0.00196078431372549 -0.36937993138390496 -0.22361239345389952 0.45173277227916914 0 0 0
0.00196078431372549 -0.02598016099910323 0.20691287702150737 0.24878567917356428 0 0 0
0.00196078431372549 -0.0979294400178451 0.35553448145736105 0.15277436226270436 0 0 0
