180
0
0.005555555555555556 0.3321091502789033 0.07838405263121843 -0.04338650815232111 0 0 0
0.005555555555555556 -0.12977584568409045 0.06606820278915174 0.1618038892708888 0 0 0
0.005555555555555556 -0.3116272613840127 -0.0035623074197382934 0.029409225285741605 0 0 0
0.005555555555555556 -0.05475672445838775 0.019195837658742144 0.39275228634546705 0 0 0
0.005555555555555556 0.0589990826928481 0.13129107200563092 -0.6063761490119318 0 0 0
0.005555555555555556 0.05156771803111764 -0.2033086141799353 0.41881914234119755 0 0 0
0.005555555555555556 -0.0461294262691629 0.2836140786813124 -0.39026677268279186 0 0 0
0.005555555555555556 0.10531116579577655 0.4060997438475087 -0.02756442059744051 0 0 0
0.005555555555555556 -0.5198351069672351 -0.18089169694052182 -0.17316013062412086 0 0 0
0.005555555555555556 0.06145616383450634 0.5134681967227354 0.0994866353441368 0 0 0
0.005555555555555556 0.225864016112841 0.19126256649703546 0.5772747687858412 0 0 0
0.005555555555555556 0.17808600700849178 0.5254180117273902 -0.29611179795618187 0 0 0
0.005555555555555556 -0.30563312735483206 -0.14239140346425314 -0.3073985998667071 0 0 0
0.005555555555555556 -0.003418120261209495 -0.16757212164867955 -0.11997634304621026 0 0 0
0.005555555555555556 -0.31520072725463616 -0.15567404958476294 0.038358143244472905 0 0 0
0.005555555555555556 -0.1796510227431504 0.4218557400917301 -0.17268160217883902 0 0 0
0.005555555555555556 0.2885590692539004 -0.36960284336871857 -0.2196320637128664 0 0 0
0.005555555555555556 0.46794235771601456 0.14628784877270484 -0.43065945014926804 0 0 0
0.005555555555555556 -0.16457025875902387 -0.171430134086197 0.07990510752466354 0 0 0
0.005555555555555556 0.2012469603366008 0.3448734721807434 0.1585272073631853 0 0 0
0.005555555555555556 -0.013412498619519533 -0.6149341841648632 -0.2601672408253542 0 0 0
0.005555555555555556 -0.04087193214452814 0.23691822335180313 0.4234014241410778 0 0 0
0.005555555555555556 -0.5292097713275307 -0.2314749527885523 0.247159733912499 0 0 0
0.005555555555555556 0.2958558084587851 0.10970795243980608 -0.20979820267302116 0 0 0
0.005555555555555556 0.6379025413745792 0.04801153543856918 -0.20798140665832116 0 0 0
0.005555555555555556 -0.3070893559633325 0.11473979844241484 0.19925735989175125 0 0 0
0.005555555555555556 0.011159607499575484 0.4682290915930805 -0.4199326372052152 0 0 0
0.005555555555555556 0.21794536240350426 -0.45939566470754906 -0.00840591685350094 0 0 0
0.005555555555555556 -0.49441811689418425 0.016446984060799804 -0.18629598438907047 0 0 0
0.005555555555555556 0.03886247571314615 -0.07956557012360337 0.34541455876312127 0 0 0
0.005555555555555556 0.28836023608279443 0.5470581612098241 0.27716545981824464 0 0 0
0.005555555555555556 -0.24037490764408187 -0.2437663492189842 0.11917208312197297 0 0 0
0.005555555555555556 -0.6535291721122242 -0.0075964362364580795 0.1447783016743618 0 0 0
0.005555555555555556 -0.5656649601674943 0.1042090395129833 0.06392616087244418 0 0 0
0.005555555555555556 -0.32201632587640666 0.48564221411731884 -0.08774494428607557 0 0 0
0.005555555555555556 -0.43163551379987825 0.17983100793327317 -0.2577206634549272 0 0 0
0.005555555555555556 -0.08398913940629694 0.3468925874036381 0.21809014883000355 0 0 0
0.005555555555555556 0.40669631087623254 0.35623533885516706 -0.1685839339735749 0 0 0
0.005555555555555556 0.154523776716666 0.14876434660806787 -0.1281869477206083 0 0 0
0.005555555555555556 -0.469912652681159 -0.36270708036269433 0.3368625265094513 0 0 0
0.005555555555555556 -0.5139696792867126 -0.152863795945606 0.24061230749956247 0 0 0
0.005555555555555556 -0.05691035090693805 0.48132289023994274 0.09055254720258364 0 0 0
0.005555555555555556 -0.1698806673077443 -0.545453842401571 0.0933647430754985 0 0 0
0.005555555555555556 0.2446592691448697 -0.38988109121737874 -0.2322603977370315 0 0 0
0.005555555555555556 0.38220630310132886 -0.13808879583773823 0.23693884147274064 0 0 0
0.005555555555555556 0.42439015338370495 0.11547734208827155 -0.47483501053397587 0 0 0
0.005555555555555556 -0.06584285704125094 -0.33164103611155865 -0.09957512212086483 0 0 0
0.005555555555555556 -0.3668188192205268 0.11891917873529469 0.18844113068533933 0 0 0
0.005555555555555556 -0.6622270352767827 0.14635735885185813 -0.12717510481726765 0 0 0
0.005555555555555556 0.21855935459945205 -0.4030402075322874 0.42078807462234863 0 0 0
0.005555555555555556 0.351321278206707 -0.0841948007004861 -0.3564819104845264 0 0 0
0.005555555555555556 0.03301726955796059 -0.02055958203942202 -0.20146580517552737 0 0 0
0.005555555555555556 0.5046086925565612 0.32625510370621513 0.19189147690615818 0 0 0
0.005555555555555556 -0.35165156303698075 -0.05620477023731508 -0.1668321395991911 0 0 0
0.005555555555555556 0.1047058186216889 0.5713232604555665 -0.01948794002932651 0 0 0
0.005555555555555556 -0.2880968836120092 0.30978042306220566 0.04526123088738537 0 0 0
0.005555555555555556 0.4799533476464609 0.4267577766414948 -0.12762058109690508 0 0 0
0.005555555555555556 0.5302688801973245 0.0016825721403641994 -0.18841425157187994 0 0 0
0.005555555555555556 0.23065050293404696 -0.32388356467492974 -0.4784167473062444 0 0 0
0.005555555555555556 -0.05234046063487178 -0.5824345840590529 0.21724662408801013 0 0 0
0.005555555555555556 0.39732054840326464 0.12984602364023104 0.18990684897702864 0 0 0
0.005555555555555556 -0.2588114536225996 -0.08184901234082426 0.6262972575722137 0 0 0
0.005555555555555556 0.23703931475514073 0.13671580499703515 -0.5901365583018321 0 0 0
0.005555555555555556 0.5970840504147518 -0.32215640477769303 0.07683026093440351 0 0 0
0.005555555555555556 -0.2089435977244165 -0.6139392427188679 0.06693226889699554 0 0 0
0.005555555555555556 -0.18904855410145585 0.3918116673634255 0.20992955729908083 0 0 0
0.005555555555555556 -0.008814746883037268 -0.22171834480247887 0.5313684747620562 0 0 0
0.005555555555555556 0.19309887782599494 0.47884447149692405 -0.00486379761180662 0 0 0
0.005555555555555556 -0.5449225251133205 0.0007251564447363493 0.1993203902858177 0 0 0
0.005555555555555556 -0.5119002264039056 0.26178770802717233 0.3371904118760894 0 0 0
0.005555555555555556 0.2913356693505477 0.476656675347933 0.34964434175877396 0 0 0
0.005555555555555556 0.2950750726242959 0.1474038266366328 -0.32343921793390584 0 0 0
0.005555555555555556 0.23450680116943812 0.46616202166078335 0.17825000849773476 0 0 0
0.005555555555555556 0.009144433817115074 -0.15456243539328401 -0.3779459298585607 0 0 0
0.005555555555555556 0.01373669966087783 0.17789082621510316 0.1553692744721827 0 0 0
0.005555555555555556 -0.43811798683043274 0.029753221871933917 0.15280082324347663 0 0 0
0.005555555555555556 -0.06969045132774904 -0.19492470463436187 0.6350361052427447 0 0 0
0.005555555555555556 -0.25513885804209535 0.2880176150005995 -0.4033242014862775 0 0 0
0.005555555555555556 -0.42378968499758574 0.18202754970743934 0.12539964568428003 0 0 0
0.005555555555555556 0.0765781264570035 -0.19584538566399026 0.18753603233281474 0 0 0
0.005555555555555556 0.3144406502051815 0.2590216167149877 -0.14134573775705453 0 0 0
0.005555555555555556 0.11695796104606254 0.0067694885207858985 -0.10026375442642975 0 0 0
0.005555555555555556 -0.6046975795109006 -0.1570215300642151 -0.25588490187580637 0 0 0
0.005555555555555556 0.37112356202394603 0.28328524858081855 -0.34303717058869565 0 0 0
0.005555555555555556 -0.12265771713833434 0.02330298544537178 0.4784758910141728 0 0 0
0.005555555555555556 0.38566427356805794 0.24689315299534098 -0.2547768002766951 0 0 0
0.005555555555555556 -0.14571348893403127 0.5936817297445475 0.30826965146543667 0 0 0
0.005555555555555556 -0.043388461246535476 0.5671212074033319 -0.1763075673993313 0 0 0
0.005555555555555556 0.3592428230234513 0.27255295586871114 0.31691507670017816 0 0 0
0.005555555555555556 -0.20327443625680608 -0.28633975582679844 -0.4295773867390506 0 0 0
0.005555555555555556 -0.3990638876761592 -0.10847911249095295 -0.180083319182722 0 0 0
0.005555555555555556 -0.4351585020837477 -0.0593965706665253 0.12047674811881108 0 0 0
0.005555555555555556 -0.4320876553498636 -0.28910412372197575 0.0733479138407607 0 0 0
0.005555555555555556 -0.5184390556416473 -0.24371792772811596 -0.06348901328084984 0 0 0
0.005555555555555556 -0.1406063809793074 0.04339304632348091 0.5068306080237697 0 0 0
0.005555555555555556 -0.32089741353036444 0.5003950518659979 0.0854663171568047 0 0 0
0.005555555555555556 -0.13287478331947372 -0.5072633429927337 0.21795587119016321 0 0 0
0.005555555555555556 0.39222965562289613 0.12030307409990496 -0.2020852575265336 0 0 0
0.005555555555555556 0.07850673038880607 -0.2028362120553066 0.1702396533864598 0 0 0
0.005555555555555556 0.48194615492211357 0.008700240600781665 0.3911781134065265 0 0 0
0.005555555555555556 -0.16233662001322907 -0.186426210545075 0.20869540678985074 0 0 0
0.005555555555555556 -0.18550314115123204 -0.5388509462372728 0.04631107936689702 0 0 0
0.005555555555555556 -0.404493310912626 0.2220143481242156 -0.2920559240656796 0 0 0
0.005555555555555556 -0.37601916246648626 -0.5681515314414685 0.0014038846899301768 0 0 0
0.005555555555555556 0.6139456604124197 0.024490265178598716 0.1960278645670609 0 0 0
0.005555555555555556 -0.2256618736288156 -0.4979374820595341 -0.40015981420263247 0 0 0
0.005555555555555556 -0.2943007481618001 0.4720473469884884 0.2423312050369086 0 0 0
0.005555555555555556 -0.03797166013540193 0.3606882550420227 -0.5674633999050834 0 0 0
0.005555555555555556 0.16348745639564713 0.005600335261902025 0.3802813354313319 0 0 0
0.005555555555555556 -0.3609767858639037 0.3854698744963042 0.21622489166973305 0 0 0
0.005555555555555556 0.23832668800357992 0.5526864951092327 0.3431194587982437 0 0 0
0.005555555555555556 0.2802108384187888 -0.017905454243251087 0.48625216985137965 0 0 0
0.005555555555555556 0.378989019203954 0.23414077203728553 -0.4963988123744231 0 0 0
0.005555555555555556 -0.15480853742462844 -0.5437165762902211 -0.05349827859546665 0 0 0
0.005555555555555556 0.025576544957098234 0.09866313969834169 0.018550088077265964 0 0 0
0.005555555555555556 -0.21723941641391722 0.13275506178864635 0.39113800867302506 0 0 0
0.005555555555555556 0.46464857609828486 -0.24224798281014 -0.06036629685400639 0 0 0
0.005555555555555556 -0.24425598737486953 -0.2751581949541637 0.28924427055003676 0 0 0
0.005555555555555556 0.16485639297294763 0.14262448708998668 0.6145385185591704 0 0 0
0.005555555555555556 0.2599184044601979 -0.1036145408543176 -0.2208898447819592 0 0 0
0.005555555555555556 0.3411876567169476 -0.3803581836557934 0.03973153429875209 0 0 0
0.005555555555555556 -0.28105809061384407 0.5850515548762752 -0.09215540767744815 0 0 0
0.005555555555555556 0.2732499857221278 0.05412327251399327 -0.42280647220056805 0 0 0
0.005555555555555556 0.42076201125196266 -0.1835054980311181 -0.050862845075381684 0 0 0
0.005555555555555556 0.41481482171031286 -0.05202004814735199 -0.1890766439595787 0 0 0
0.005555555555555556 -0.360162563035602 -0.26111114313118494 -0.42987716943822535 0 0 0
0.005555555555555556 0.2007251462008625 0.4895171415104277 0.44106586806751813 0 0 0
0.005555555555555556 -0.15582012885128177 0.0893661745580953 -0.3447737282631721 0 0 0
0.005555555555555556 -0.0613829484315781 -0.352188887080866 -0.5397430943626313 0 0 0
0.005555555555555556 -0.38592169252512915 -0.4698449899382425 0.15722780516114707 0 0 0
0.005555555555555556 0.13787845817084282 0.16594264940608783 0.28496175414672925 0 0 0
0.005555555555555556 0.06218339139477055 0.061394913043456734 0.5749260689348348 0 0 0
0.005555555555555556 0.06470966241357831 -0.19712388286432472 -0.4405597204920371 0 0 0
0.005555555555555556 0.5230946428711613 -0.23661965265845084 -0.18480509919265295 0 0 0
0.005555555555555556 0.09623472480379916 0.4410041184830901 -0.09883152264963505 0 0 0
0.005555555555555556 0.527469451230251 0.3571549573967099 0.04957155649235521 0 0 0
0.005555555555555556 0.35621428680284617 -0.22795835413495402 0.192334329933882 0 0 0
0.005555555555555556 -0.3997981746298431 -0.22897547088149886 -0.018936035772950326 0 0 0
0.005555555555555556 0.028936817691300114 0.26623761576980165 0.3778679100713627 0 0 0
0.005555555555555556 -0.27857819947859086 0.17239346018982166 -0.03955905044467504 0 0 0
0.005555555555555556 0.06768008182677288 -0.5385316782111395 -0.06548528836353594 0 0 0
0.005555555555555556 -0.12549166258000133 -0.2858673044566819 -0.04568913564325855 0 0 0
0.005555555555555556 0.025052471006742568 0.31706263826445724 0.4861249725294612 0 0 0
0.005555555555555556 0.47938133637720226 -0.1915194859169102 -0.17020787025640627 0 0 0
0.005555555555555556 0.05290614201563959 0.6491564920105427 0.2036551249168418 0 0 0
0.005555555555555556 -0.3537352678385344 -0.0009043221008582437 -0.30632450163397623 0 0 0
0.005555555555555556 -0.4034272967332452 -0.13993526980735263 -0.276832047835116 0 0 0
0.005555555555555556 -0.2458521675774734 0.20504855417920745 0.027624454042614356 0 0 0
0.005555555555555556 -0.20445800510514567 -0.3873417617552049 -0.3419817781453803 0 0 0
0.005555555555555556 -0.39340129172867755 -0.3804707837878552 -0.06813876563573805 0 0 0
0.005555555555555556 -0.5201175772482535 0.407804651006032 -0.11599385850844719 0 0 0
0.005555555555555556 0.4754930029506091 -0.0285146991172587 -0.36658311991703674 0 0 0
0.005555555555555556 -0.34452573399119407 -0.3877345827798717 -0.4515048950484671 0 0 0
0.005555555555555556 0.5583369945181075 0.10096748672639486 0.1211301201899375 0 0 0
0.005555555555555556 -0.1384709140308858 -0.13488739964453936 -0.27690655494381006 0 0 0
0.005555555555555556 0.43248036391233724 0.4595438182340555 0.11880116078478788 0 0 0
0.005555555555555556 0.23933270542069687 -0.4920509588936924 0.05195073329131623 0 0 0
0.005555555555555556 -0.25587642488083934 -0.11062904228837261 -0.25168679589890464 0 0 0
0.005555555555555556 0.1490026710903461 0.2878657712027352 0.48935534354008803 0 0 0
0.005555555555555556 -0.16857403715068306 0.6144975908751723 0.12205259190343294 0 0 0
0.005555555555555556 0.24685363487797987 -0.1892153598361446 0.6036262396921147 0 0 0
0.005555555555555556 0.0686529266155982 0.0845276492520343 0.4149565495432088 0 0 0
0.005555555555555556 -0.27672383253168853 -0.09656978781624151 0.623587399016211 0 0 0
0.005555555555555556 0.37560687235173884 0.2761783618700757 0.40284696612645754 0 0 0
0.005555555555555556 -0.4203363418311896 0.5012914609357455 0.13826969262045288 0 0 0
0.005555555555555556 0.31460109181421586 -0.5655427439934878 -0.022039978652041832 0 0 0
0.005555555555555556 0.2608614650945674 -0.632345438457628 -0.0649108745110712 0 0 0
0.005555555555555556 -0.2434978773545624 -0.3513434041615047 0.1999651124325858 0 0 0
0.005555555555555556 -0.19247859873414436 0.2224565733569568 0.5169555063519636 0 0 0
0.005555555555555556 0.28053491136640063 -0.30125000534434043 -0.20127718345343806 0 0 0
0.005555555555555556 0.20754116035417441 -0.03978881413914361 0.02822099351237085 0 0 0
0.005555555555555556 -0.14142781395151768 -0.456262935921235 -0.4964940036486438 0 0 0
0.005555555555555556 -0.16306381607836837 0.39477272292876003 0.3765973993653836 0 0 0
0.005555555555555556 0.30459340624701414 -0.5175359362010311 -0.31396379577505823 0 0 0
0.005555555555555556 -0.31519726269881504 -0.04046587763345963 0.04392187667930408 0 0 0
0.005555555555555556 -0.44213495213256926 0.39395430540803844 0.3403524090474332 0 0 0
0.005555555555555556 -0.07341275950700996 0.42336985934265553 -0.22501366177069518 0 0 0
0.005555555555555556 0.0865379027440689 -0.25666889816614186 0.4680007396961561 0 0 0
0.005555555555555556 -0.22603306083860694 -0.17922899510500473 -0.5428960940865715 0 0 0
0.005555555555555556 0.05567953276782536 -0.04706063182914376 0.43088223929224767 0 0 0
