600
0
0.0016666666666666668 0.21452066422430255 -0.3956570813508214 -0.04651168620047152 0 0 0
0.0016666666666666668 -0.209722027637154 -0.4109540334635118 0.12977699727339156 0 0 0
0.0016666666666666668 0.4006717097407093 0.15633387831799248 0.000618872777881065 0 0 0
0.0016666666666666668 0.3753428125775927 0.02890117623263861 0.5530908148651484 0 0 0
0.0016666666666666668 -0.5301717330642272 0.31885272096465217 0.16360635342970722 0 0 0
0.0016666666666666668 0.052775701463642286 -0.25714360018219773 0.37754587194606337 0 0 0
0.0016666666666666668 0.31897751852405065 0.1363245819283369 -0.13712338164536572 0 0 0
0.0016666666666666668 0.15866984992022581 -0.36610307005878384 -0.507271756080038 0 0 0
0.0016666666666666668 0.5034121984008536 -0.4012176961277471 -0.04802620615075205 0 0 0
0.0016666666666666668 -0.14169701284839223 -0.5245629537565357 -0.15968222083731798 0 0 0
0.0016666666666666668 -0.18975503610111236 -0.46513880744373454 0.24488780808510402 0 0 0
0.0016666666666666668 -0.2192238036971389 0.05380231857410289 -0.3065689739046066 0 0 0
0.0016666666666666668 -0.47413753884329796 -0.4246675950515432 0.025977238664971924 0 0 0
0.0016666666666666668 -0.2890134566347177 -0.30485481031936207 -0.2854882927559887 0 0 0
0.0016666666666666668 -0.018991512637307695 -0.5337599298030192 -0.2726984538326618 0 0 0
0.0016666666666666668 -0.31827247059467684 -0.21406779995070813 0.1992462156782763 0 0 0
0.0016666666666666668 -0.23060283220318717 0.49511062765513847 -0.2075612531833924 0 0 0
0.0016666666666666668 -0.5100189199252753 0.14009093388779517 0.08456728223763282 0 0 0
0.0016666666666666668 -0.6167083226216196 -0.29162716836197755 0.10070493510445572 0 0 0
0.0016666666666666668 -0.39378571717036875 -0.3832146114939101 -0.08621607229383794 0 0 0
0.0016666666666666668 0.15327060883381377 0.2128805403235585 -0.6223442719331517 0 0 0
0.0016666666666666668 0.25894596222689853 -0.5469129153366624 0.1547301258997517 0 0 0
0.0016666666666666668 -0.19832613764788548 -0.41153230587097345 -0.3718488886146563 0 0 0
0.0016666666666666668 -0.33513862377602954 0.39499427004783233 -0.18317648749245266 0 0 0
0.0016666666666666668 -0.3512053761145384 -0.11272316759132857 -0.04651569910462511 0 0 0
0.0016666666666666668 0.1131454982316788 0.2475301061913607 -0.4861920096095656 0 0 0
0.0016666666666666668 -0.4765424981672065 0.303525845999276 0.3750856366019437 0 0 0
0.0016666666666666668 0.23842222750431258 -0.5422996195296194 -0.12644954240955622 0 0 0
0.0016666666666666668 -0.1012847227010894 -0.25168793606672024 0.5844872686890502 0 0 0
0.0016666666666666668 -0.26502514266645694 0.19381010607543606 -0.0480829548069127 0 0 0
0.0016666666666666668 -0.017230839797104956 -0.24724340468385866 -0.5427880635711829 0 0 0
0.0016666666666666668 -0.023996642761279018 0.3697584511989204 -0.3926151356733525 0 0 0
0.0016666666666666668 -0.26743003767178997 -0.31396999358479133 -0.44698042971883784 0 0 0
0.0016666666666666668 0.18309111052256666 -0.2937822357087461 -0.20213292147632458 0 0 0
0.0016666666666666668 -0.171251831892686 -0.09834108102447503 0.15883335280808084 0 0 0
0.0016666666666666668 0.1691725863109727 0.2956599802682648 -0.299996683873143 0 0 0
0.0016666666666666668 0.18524473330751026 -0.18502469367462238 -0.38243935050554556 0 0 0
0.0016666666666666668 0.06890164149429227 0.2779638124160676 0.11985947019409114 0 0 0
0.0016666666666666668 -0.014740626076940882 0.2952235310440601 -0.3463702087039612 0 0 0
0.0016666666666666668 -0.1444111550732223 -0.0866546923458366 -0.2695619012112689 0 0 0
0.0016666666666666668 -0.21392027039374797 -0.4994920591684403 -0.12680755568911298 0 0 0
0.0016666666666666668 0.43761350355525364 -0.3917921558807824 -0.11052563095809212 0 0 0
0.0016666666666666668 -0.028803208214355357 -0.40584590279250277 -0.14454547363181347 0 0 0
0.0016666666666666668 -0.006409461024847273 -0.42834512670233676 -0.42136039975315714 0 0 0
0.0016666666666666668 0.4149442962732842 -0.3798352879787778 0.35720623114631667 0 0 0
0.0016666666666666668 0.45141015157406444 -0.06619599530007428 0.16016364297529515 0 0 0
0.0016666666666666668 0.15180045850142132 -0.14781256648827765 0.20465005828387386 0 0 0
0.0016666666666666668 -0.07770512466975846 -0.31942411386477687 -0.0406086192398667 0 0 0
0.0016666666666666668 -0.13717100387704043 0.3260231100627765 0.359365252024443 0 0 0
0.0016666666666666668 -0.4979717021599729 -0.11489867304140511 0.16910836480918767 0 0 0
0.0016666666666666668 0.3618673787163396 0.2130469333513699 0.0570997173895579 0 0 0
0.0016666666666666668 0.34148311389113994 -0.441853185417107 -0.03453114069909769 0 0 0
0.0016666666666666668 0.38674425331905693 -0.3602145946702682 -0.024136158374633367 0 0 0
0.0016666666666666668 0.06202746091821939 0.40730874443285225 0.12300496589269742 0 0 0
0.0016666666666666668 0.4807809417441283 -0.056377947569249166 -0.40418715482341216 0 0 0
0.0016666666666666668 -0.002440239426431671 0.4656390251181299 -0.19140352536610244 0 0 0
0.0016666666666666668 -0.18963135558772823 0.17534558869546893 -0.5136226948503814 0 0 0
0.0016666666666666668 0.11758204350672725 0.1602877028470573 0.09814962387610801 0 0 0
0.0016666666666666668 0.386375646913574 0.3712900025801646 -0.3969509619874606 0 0 0
0.0016666666666666668 -0.19287637995526788 0.6095332710717791 -0.2675683994334192 0 0 0
0.0016666666666666668 -0.19617307477326404 -0.26769879840187066 -0.13943145015933855 0 0 0
0.0016666666666666668 -0.12276984310392312 0.39305509159486496 0.3240598365873351 0 0 0
0.0016666666666666668 0.5737495166625325 0.0006361299542921848 0.3203407634556411 0 0 0
0.0016666666666666668 0.10689304273631076 -0.04216903207484667 -0.11726148904851827 0 0 0
0.0016666666666666668 -0.3245212644313374 0.04851117661772991 -0.476334943830562 0 0 0
0.0016666666666666668 0.21913079493404944 -0.12293756013512427 -0.1574780026400898 0 0 0
0.0016666666666666668 0.19263198800041845 -0.6251498551661404 -0.08400073003881599 0 0 0
0.0016666666666666668 -0.26920417452611306 0.332964992776717 0.049741994270333476 0 0 0
0.0016666666666666668 0.26987762617427613 0.14319978151493912 -0.3395153017712976 0 0 0
0.0016666666666666668 0.08430910960110645 -0.3631610076162119 0.2844337509556609 0 0 0
0.0016666666666666668 -0.26542965497486454 -0.4407820180612042 0.1743332146963906 0 0 0
0.0016666666666666668 0.11444926809255078 0.5417116715325996 0.3188392256262041 0 0 0
0.0016666666666666668 0.05109517725216657 -0.05998558733954771 0.07982217904331532 0 0 0
0.0016666666666666668 0.31982224768414924 0.5526638441411812 -0.1294050141980262 0 0 0
0.0016666666666666668 -0.16472272132711546 -0.007134267462166997 0.6407264092112993 0 0 0
0.0016666666666666668 0.12257527280486212 0.31134282890883636 -0.08645850196946059 0 0 0
0.0016666666666666668 -0.04558604709385712 0.4360964720145676 -0.2615894254142268 0 0 0
0.0016666666666666668 0.6256332649066709 0.010831726812929618 0.06629657178690566 0 0 0
0.0016666666666666668 0.05149988714933337 -0.29423010347258904 -0.41654121026787383 0 0 0
0.0016666666666666668 -0.44049034440852997 -0.0814788217395005 -0.10243655758781654 0 0 0
0.0016666666666666668 0.5231576328015736 0.24076886048496973 -0.1094686341579209 0 0 0
0.0016666666666666668 0.4083231765234857 0.1580251541108234 -0.3502130284577267 0 0 0
0.0016666666666666668 -0.3262929112226255 -0.12501650928948208 -0.5890824126162966 0 0 0
0.0016666666666666668 -0.4087702501127773 -0.34856485587515296 0.17094637664142898 0 0 0
0.0016666666666666668 0.4869100895570665 0.3985472602752768 -0.1714182274167442 0 0 0
0.0016666666666666668 -0.03298753852560757 -0.26085841343290683 0.4200251665040819 0 0 0
0.0016666666666666668 -0.2023979040686672 0.4551346816966792 0.4001731622699309 0 0 0
0.0016666666666666668 0.08301041901456488 -0.443702838224411 -0.34419702989192597 0 0 0
0.0016666666666666668 0.19362243138720106 0.38140832417272974 -0.3988496692202792 0 0 0
0.0016666666666666668 0.04955181220587678 0.38108312377030085 -0.5753629788390368 0 0 0
0.0016666666666666668 0.12748717905010543 0.08236995604078981 -0.05827969059073098 0 0 0
0.0016666666666666668 0.08853259672604816 0.18008830184680605 0.13452601458093444 0 0 0
0.0016666666666666668 -0.3085234481214553 -0.057039661263139876 0.17086732634885704 0 0 0
0.0016666666666666668 -0.5175238216682734 0.04832963809537312 0.23462917574788594 0 0 0
0.0016666666666666668 -0.21241583620066493 0.0016711845666840728 0.18451641980599626 0 0 0
0.0016666666666666668 -0.2901184282119499 -0.4234933097050418 -0.025718143173420003 0 0 0
0.0016666666666666668 -0.010648738917900353 0.21899037840829091 0.5829102398041199 0 0 0
0.0016666666666666668 -0.10185130029890055 -0.3044368551432101 0.1711481555008995 0 0 0
0.0016666666666666668 0.3159243019444067 0.37115361370716066 0.3270895536007177 0 0 0
0.0016666666666666668 -0.19237172307739142 -0.3018662629419589 0.5490942684976058 0 0 0
0.0016666666666666668 -0.20455119953680903 0.3938019077699705 -0.12600618686697215 0 0 0
0.0016666666666666668 0.1432458239156672 -0.5010539237135836 0.21037527912602338 0 0 0
0.0016666666666666668 -0.24996986208785005 0.318179416730173 -0.2966037385715515 0 0 0
0.0016666666666666668 -0.01948240339619532 -0.02458086161635845 -0.021641113688606675 0 0 0
0.0016666666666666668 -0.4053437570229505 0.36680857228840225 0.34365654226743225 0 0 0
0.0016666666666666668 -0.4162842284696528 0.43841036114546744 0.18426714642139724 0 0 0
0.0016666666666666668 0.2718897477856178 -0.38816512457182867 -0.1859576042199752 0 0 0
0.0016666666666666668 0.23338471805538885 -0.4572526342052613 -0.1425508054357294 0 0 0
0.0016666666666666668 0.32177846078490385 0.48770934476883493 -0.05022367037123087 0 0 0
0.0016666666666666668 -0.09432840411000154 -0.12391037780191527 0.3097371865730571 0 0 0
0.0016666666666666668 -0.027038329131962482 -0.4963467502389482 0.3195100265973406 0 0 0
0.0016666666666666668 -0.12265108167792978 0.33724903731316375 0.39717405955459884 0 0 0
0.0016666666666666668 0.10047690071760093 0.22147044078605121 0.24706854969834263 0 0 0
0.0016666666666666668 -0.2139549006121156 0.14279737985357605 0.29950112413289726 0 0 0
0.0016666666666666668 -0.4207087491375793 -0.049661184004912214 -0.09888636044743414 0 0 0
0.0016666666666666668 0.10320597951051241 0.44086022635390804 0.23090641145865556 0 0 0
0.0016666666666666668 0.41903705075982417 -0.341816100347826 -0.27134768170065826 0 0 0
0.0016666666666666668 0.1521201525849819 -0.39035434944962183 -0.4882116165038912 0 0 0
0.0016666666666666668 -0.05226787439123858 -0.5174218065697715 -0.29996599798545376 0 0 0
0.0016666666666666668 -0.3382144739130122 -0.31315537634526913 -0.5175430083438584 0 0 0
0.0016666666666666668 0.22180438324171187 -0.3163836154372163 -0.49096850225615235 0 0 0
0.0016666666666666668 0.18326303438808828 -0.23875011176068234 -0.3112766465600231 0 0 0
0.0016666666666666668 0.41335156032005616 -0.354036023594593 -0.31043642682040606 0 0 0
0.0016666666666666668 -0.06266440530518012 0.2707015779277923 0.6269196637515895 0 0 0
0.0016666666666666668 0.5795458378861565 -0.2155792316557036 -0.21701534354953936 0 0 0
0.0016666666666666668 -0.6098165955413244 -0.06983423262375642 0.1876775393574296 0 0 0
0.0016666666666666668 0.018764401050005416 0.013239372164349235 0.06505957979301566 0 0 0
0.0016666666666666668 0.28902158655734 -0.3489473261629678 0.44624853948090404 0 0 0
0.0016666666666666668 0.21854823033610404 0.21876549840664763 -0.1015572785216917 0 0 0
0.0016666666666666668 -0.10861192219487777 -0.20720795217308982 -0.4110013108479844 0 0 0
0.0016666666666666668 -0.17307878800980078 -0.6062034546965832 0.03821799405549341 0 0 0
0.0016666666666666668 -0.4668812198149891 0.2616862479491914 0.12673063894059125 0 0 0
0.0016666666666666668 0.20680278875261657 -0.17494339443576365 0.6203782206259114 0 0 0
0.0016666666666666668 -0.18611945952170283 -0.4003724866259425 0.14943901511429641 0 0 0
0.0016666666666666668 0.3665368488046366 0.06784492907361776 -0.421220828903766 0 0 0
0.0016666666666666668 -0.0652132932552232 0.4157785674702854 -0.23098186724860592 0 0 0
0.0016666666666666668 0.231181089216968 -0.15852322594771595 -0.2002112677909514 0 0 0
0.0016666666666666668 0.5881040026579809 -0.2451648126901839 -0.0012976491018482194 0 0 0
0.0016666666666666668 0.02374626716262322 0.019953024224447623 -0.25679605818453605 0 0 0
0.0016666666666666668 -0.13949681842590653 -0.20786917031537563 0.46410381116347843 0 0 0
0.0016666666666666668 0.2786981514472209 0.2215598533615354 -0.4702066975344412 0 0 0
0.0016666666666666668 0.371114032745822 -0.5135976973453269 -0.0007628181021211527 0 0 0
0.0016666666666666668 -0.29097047329058656 0.3869738186432267 0.15559915559891843 0 0 0
0.0016666666666666668 -0.250921585028763 -0.182800842207887 0.37356429649146083 0 0 0
0.0016666666666666668 -0.2172890400428659 -0.483921265126616 0.30447657500339637 0 0 0
0.0016666666666666668 0.11035739021731386 -0.1751021605410891 -0.35193647294218117 0 0 0
0.0016666666666666668 0.011093273044916417 -0.23478727408583494 -0.31517586456483415 0 0 0
0.0016666666666666668 -0.4022677239275374 0.009089215450880535 -0.39175780943129357 0 0 0
0.0016666666666666668 -0.36482896208888554 -0.09413387670945039 0.044098063322741875 0 0 0
0.0016666666666666668 -0.3475312619588237 0.06447398580835441 -0.4094828763424275 0 0 0
0.0016666666666666668 -0.5822553916710921 -0.155753607234138 0.25311237371066686 0 0 0
0.0016666666666666668 -0.08666211954093457 0.10745313797238719 0.4281594942405265 0 0 0
0.0016666666666666668 -0.21528395558421198 0.03257024300126116 -0.04141827543761353 0 0 0
0.0016666666666666668 0.06048590247830837 -0.29409210976019245 -0.14648479120795962 0 0 0
0.0016666666666666668 -0.2791978591073153 -0.17496949115719174 0.24487225461494067 0 0 0
0.0016666666666666668 -0.10518420661820539 0.2524986412825053 -0.5786325266691729 0 0 0
0.0016666666666666668 -0.36383559070009275 -0.2888892550035528 -0.06024567285514563 0 0 0
0.0016666666666666668 0.518637884396215 -0.26049057351626026 0.1480297976626422 0 0 0
0.0016666666666666668 0.3497185926997286 0.4130004956227072 0.30936524475634636 0 0 0
0.0016666666666666668 -0.42055801412216676 -0.22059768454958964 -0.057851737782884785 0 0 0
0.0016666666666666668 -0.31621041976168496 0.4242347711407053 0.005986838450944083 0 0 0
0.0016666666666666668 -0.38052170192751306 -0.15531520140505453 -0.41201338136581167 0 0 0
0.0016666666666666668 -0.4582072123413197 -0.0852798121641738 -0.2505272970724841 0 0 0
0.0016666666666666668 -0.009356690779387795 -0.4224171418016794 -0.49468918655569244 0 0 0
0.0016666666666666668 0.41320409516002965 0.5250441635316738 -0.07309337268940409 0 0 0
0.0016666666666666668 0.3444001941961684 0.11408109554016999 0.28309102837742245 0 0 0
0.0016666666666666668 -0.11571136208292554 0.3886738032587558 0.007140446126080035 0 0 0
0.0016666666666666668 0.2501934736041433 -0.22049694632748154 -0.42164279071078026 0 0 0
0.0016666666666666668 0.46478046727316585 0.3225089344676232 0.118994465903814 0 0 0
0.0016666666666666668 0.028105900526660278 -0.42681436248608995 0.21784479070711538 0 0 0
0.0016666666666666668 0.10487880007067973 0.5765606149663643 0.11658648638445829 0 0 0
0.0016666666666666668 -0.3834906990730936 -0.46636269588690304 0.06682709634200512 0 0 0
0.0016666666666666668 -0.6210009001619393 0.13734734162078727 -0.04341399528913816 0 0 0
0.0016666666666666668 -0.1324966527213813 -0.5773451937411866 0.04667423427940502 0 0 0
0.0016666666666666668 0.2516451167861856 -0.5086696074217738 0.0678103665535806 0 0 0
0.0016666666666666668 -0.2109114392949343 0.3777937423513344 0.4819671583318218 0 0 0
0.0016666666666666668 0.4092050816790117 -0.290953258878969 0.20052473197890877 0 0 0
0.0016666666666666668 0.1889863575482268 -0.3559046356959492 -0.5305801713718477 0 0 0
0.0016666666666666668 -0.041219570679217235 -0.1336385497251542 0.1416532159586671 0 0 0
0.0016666666666666668 0.020587066469656634 -0.3582770862882659 0.3102941874402173 0 0 0
0.0016666666666666668 -0.3792598537013364 -0.29089537773087426 0.3457246636090412 0 0 0
0.0016666666666666668 0.05190391362185478 -0.5464900031037198 0.09600371533139808 0 0 0
0.0016666666666666668 -0.3818055031298645 -0.004682831088111138 -0.04327640976932866 0 0 0
0.0016666666666666668 -0.2500761057161225 -0.008769511785339112 0.6449587945159551 0 0 0
0.0016666666666666668 -0.0043331007499724196 -0.5281802518231609 0.43119978990523483 0 0 0
0.0016666666666666668 -0.17555940386779095 0.3368625428655235 0.4986237052410115 0 0 0
0.0016666666666666668 -0.14929008376152997 -0.08952507297668882 -0.5924496697798398 0 0 0
0.0016666666666666668 0.24924171403394554 0.12299438370475202 -0.44527395731944314 0 0 0
0.0016666666666666668 -0.28081268463681225 0.0006786228602451488 -0.11604247038064458 0 0 0
0.0016666666666666668 0.30846627789668746 -0.4315715109136438 -0.3556308019522221 0 0 0
0.0016666666666666668 -0.2949361980576426 0.1600768154042936 0.22197486100905456 0 0 0
0.0016666666666666668 0.611695968312583 0.06761708198497944 0.051099517012530744 0 0 0
0.0016666666666666668 -0.040852559737028525 0.5295739212482016 -0.27284225524478023 0 0 0
0.0016666666666666668 -0.4683779684270097 0.3527855864444985 -0.18496303258427382 0 0 0
0.0016666666666666668 0.1514920347763704 0.5335108314481896 0.165018101008743 0 0 0
0.0016666666666666668 0.05771109269324507 -0.16392598772046355 -0.30228121196843466 0 0 0
0.0016666666666666668 0.3446848293939448 0.35800347609009264 -0.3825235745634421 0 0 0
0.0016666666666666668 0.5975583956756356 0.015664835581708315 -0.10113526548097919 0 0 0
0.0016666666666666668 0.25912064852918565 -0.07378913176307467 -0.25775430508086616 0 0 0
0.0016666666666666668 0.552004079291496 -0.041159603229472985 -0.07024407091598477 0 0 0
0.0016666666666666668 -0.20401056229612025 -0.02569510019688846 0.43599903673776685 0 0 0
0.0016666666666666668 -0.29002477029537965 0.23785403919883474 0.10735914609223653 0 0 0
0.0016666666666666668 -0.313559443209634 -0.06869427942031159 0.02670492308818589 0 0 0
0.0016666666666666668 -0.19237681632946269 -0.4422399931308392 0.37935444148513137 0 0 0
0.0016666666666666668 0.131000082476742 0.42829035231685825 0.17014957425814767 0 0 0
0.0016666666666666668 0.480115237791082 -0.06693600535956272 0.12113246715650837 0 0 0
0.0016666666666666668 -0.09566657398484055 0.4167319691094952 -0.4144994436600496 0 0 0
0.0016666666666666668 0.28034341863888207 -0.19127211186705625 -0.31873078723533727 0 0 0
0.0016666666666666668 -0.12121367822825989 -0.3888447149019211 -0.5522730583337686 0 0 0
0.0016666666666666668 -0.5760491754085922 0.17933017641654997 -0.2827785664585382 0 0 0
0.0016666666666666668 0.3322082938409436 -0.5461326581859393 -0.22516609051217765 0 0 0
0.0016666666666666668 0.05316608416122798 0.2713717639951729 -0.12421013523655464 0 0 0
0.0016666666666666668 0.2026093170528529 0.1559612628991831 -0.5981243122863029 0 0 0
0.0016666666666666668 -0.33829066561050386 -0.16709173436791197 -0.5682332493758857 0 0 0
0.0016666666666666668 -0.4601260457322654 0.013657991055579171 -0.25582556785918886 0 0 0
0.0016666666666666668 0.4989089508155754 0.3244873732818137 0.11167944410458956 0 0 0
0.0016666666666666668 0.46099658042577774 0.1738145056895279 0.4125205032652135 0 0 0
0.0016666666666666668 0.3732013933708006 -0.09579380363972531 -0.39885379341223504 0 0 0
0.0016666666666666668 0.12382331213561436 -0.5033855726085169 0.20566755145548105 0 0 0
0.0016666666666666668 0.3757515190573978 0.3412554553977593 0.3584280638638073 0 0 0
0.0016666666666666668 0.08562451142882128 -0.1924516718479359 0.3733773823046156 0 0 0
0.0016666666666666668 0.5491775832639881 0.06789150781356783 -0.21583932170953768 0 0 0
0.0016666666666666668 0.00893082003316603 0.17076590186138674 -0.20211650328356726 0 0 0
0.0016666666666666668 -0.16763747610628135 -0.449257771158459 0.21213124205648634 0 0 0
0.0016666666666666668 0.4983929988851801 -0.07366238961120421 0.29850711994747353 0 0 0
0.0016666666666666668 -0.4316649545083833 0.34511818039441283 -0.01026121019585481 0 0 0
0.0016666666666666668 0.028175841010078133 -0.24917270906809702 -0.49536810113570956 0 0 0
0.0016666666666666668 -0.1692008317761405 -0.21350499815908053 -0.20730820413534598 0 0 0
0.0016666666666666668 -0.0933812779868029 0.4160658382296392 -0.3145490555299915 0 0 0
0.0016666666666666668 -0.27394699788114885 -0.6153500223075732 0.03352147004635388 0 0 0
0.0016666666666666668 -0.3653974342596488 0.18298071537772942 -0.1256974827162283 0 0 0
0.0016666666666666668 -0.3687271659462605 -0.2551727865462349 -0.21780471521501749 0 0 0
0.0016666666666666668 0.09935427556761026 -0.1303239465126207 0.4304430753019611 0 0 0
0.0016666666666666668 0.14424041013666353 -0.5118070723774026 -0.28899885002042275 0 0 0
0.0016666666666666668 0.08590959145502361 -0.147803031833531 0.11690588584320735 0 0 0
0.0016666666666666668 -0.16362370975933055 -0.364712319992335 0.29731788204977827 0 0 0
0.0016666666666666668 0.33405998676633625 -0.3396996437978583 0.4489198821007043 0 0 0
0.0016666666666666668 -0.2410908024190643 -0.5479613025616296 0.012646195683774217 0 0 0
0.0016666666666666668 0.2801279508365264 -0.12362440644686523 -0.3752733664615231 0 0 0
0.0016666666666666668 0.4668765086328211 0.2648502814663955 -0.3504665154204108 0 0 0
0.0016666666666666668 0.37197885347891146 -0.30920758350960703 0.3286935281035314 0 0 0
0.0016666666666666668 0.5842871537027391 -0.1675597213786436 0.020344030756617733 0 0 0
0.0016666666666666668 0.05174202673575394 -0.206357575790124 0.3260562016508295 0 0 0
0.0016666666666666668 -0.13029844169872562 0.134437440724785 -0.43813828418332545 0 0 0
0.0016666666666666668 0.2784550878298866 0.045155708337973 -0.22830081748338474 0 0 0
0.0016666666666666668 -0.09251974180907227 0.017927627307297595 -0.6399803917801938 0 0 0
0.0016666666666666668 -0.3612766872437847 -0.29975840873026893 -0.4030320875829783 0 0 0
0.0016666666666666668 -0.22936225407136568 -0.04304011231215494 -0.07219351757362183 0 0 0
0.0016666666666666668 -0.021899395334276494 -0.05351612151234933 -0.47933909312598705 0 0 0
0.0016666666666666668 -0.2907895976775697 0.09056107151080739 0.12406040918995813 0 0 0
0.0016666666666666668 0.3515388676013319 0.2449782075886483 -0.47640401620283646 0 0 0
0.0016666666666666668 -0.2811834415647305 -0.34387156307462935 -0.40070504582398336 0 0 0
0.0016666666666666668 0.19402309978251034 0.15803957205731017 0.37011880181161844 0 0 0
0.0016666666666666668 -0.5707348642503504 0.26367677556001506 0.07574458007287817 0 0 0
0.0016666666666666668 0.15762949909157523 0.4861929436583935 -0.05514025241291279 0 0 0
0.0016666666666666668 -0.46863536313287246 0.07276652521305746 -0.21427201664007867 0 0 0
0.0016666666666666668 -0.019630645173786127 -0.60228548561235 -0.29224322011453296 0 0 0
0.0016666666666666668 0.6266010176811524 0.23203969606794256 -0.11745461385438467 0 0 0
0.0016666666666666668 0.08708416801950107 -0.28626610974583006 0.34898287916491094 0 0 0
0.0016666666666666668 0.15095039554195078 -0.19583377526413318 -0.12392623089985975 0 0 0
0.0016666666666666668 -0.24395169595981242 -0.5367080757542155 0.1349164130646786 0 0 0
0.0016666666666666668 0.02972334905490354 -0.09327703203994725 -0.45661845500359843 0 0 0
0.0016666666666666668 0.011976832632688098 -0.2035524963277233 -0.13116130092340464 0 0 0
0.0016666666666666668 0.23668912728085306 -0.40044926417708987 -0.09116666252215534 0 0 0
0.0016666666666666668 -0.6609662977018875 0.19101522234156987 -0.0334480935977262 0 0 0
0.0016666666666666668 -0.27890738036615204 0.25528141797523485 -0.48888953312524935 0 0 0
0.0016666666666666668 -0.03538226247582538 -0.46768497865461656 -0.48411115927438225 0 0 0
0.0016666666666666668 0.013582648134788593 0.23655167096719953 -0.5579656886423391 0 0 0
0.0016666666666666668 0.24103361993685732 -0.017322374394712396 -0.011909920700300895 0 0 0
0.0016666666666666668 -0.12900044081144818 -0.5950417169138574 -0.11167659910339994 0 0 0
0.0016666666666666668 0.3592469239244744 -0.4202645470121012 -0.3852626848283028 0 0 0
0.0016666666666666668 0.17242213832330813 -0.5415349632611971 -0.041773739213773475 0 0 0
0.0016666666666666668 -0.5322059146437571 -0.18296096672990547 0.3890881961872201 0 0 0
0.0016666666666666668 -0.43990349697662395 -0.33610930842917025 -0.012233855346778255 0 0 0
0.0016666666666666668 0.13963233474998044 0.062038180401388116 0.5385262914965306 0 0 0
0.0016666666666666668 -0.29734585396388563 -0.24295968069524584 0.3975726943531151 0 0 0
0.0016666666666666668 -0.3330204838784157 0.21656430077253822 -0.39152349197821745 0 0 0
0.0016666666666666668 -0.16396740517730599 -0.26063458276068047 -0.414575694171608 0 0 0
0.0016666666666666668 0.07285961183023863 -0.47853783693927643 -0.2790458177928526 0 0 0
0.0016666666666666668 0.21731317699527844 0.4477369659516552 -0.341838384897979 0 0 0
0.0016666666666666668 0.3655543009381298 -0.25186357616441535 -0.031975371071304846 0 0 0
0.0016666666666666668 -0.25585477522543215 0.13218903973069474 0.0442349227735873 0 0 0
0.0016666666666666668 -0.3732184496312758 -0.08738009493683858 -0.5429449436169149 0 0 0
0.0016666666666666668 -0.3777152971575981 0.3117260354996008 -0.4855558798267107 0 0 0
0.0016666666666666668 0.2872412387013814 -0.27138250493107763 0.48293556583006914 0 0 0
0.0016666666666666668 -0.3229479847131455 0.4956414232083717 -0.034902461423361446 0 0 0
0.0016666666666666668 -0.2753790189213527 -0.601101189022783 0.053667664925031465 0 0 0
0.0016666666666666668 0.506032916423383 -0.3011166209941815 -0.2250621480044755 0 0 0
0.0016666666666666668 0.5956098331676466 0.22619881139632372 0.12532732909558209 0 0 0
0.0016666666666666668 -0.45908985673457114 0.4030464295652561 0.2656332686914162 0 0 0
0.0016666666666666668 0.013458077062815295 0.6031855737544111 0.26293462084451735 0 0 0
0.0016666666666666668 0.15505096998712645 0.10907253635985477 0.4101869390022131 0 0 0
0.0016666666666666668 -0.19716952639376153 0.10532570053564838 0.3979662604772263 0 0 0
0.0016666666666666668 0.5563517576946968 0.02848025934016788 -0.19368433396295723 0 0 0
0.0016666666666666668 -0.3524419190249417 0.05603463447312952 -0.3831636218554989 0 0 0
0.0016666666666666668 -0.34026846013521855 -0.3704316248679027 0.3542118784473177 0 0 0
0.0016666666666666668 -0.2652687527851655 0.3889734123585339 -0.1637929217846244 0 0 0
0.0016666666666666668 -0.4471252757948264 0.1760325147092309 -0.17980857295957065 0 0 0
0.0016666666666666668 0.2967532508490437 -0.30568268269600773 -0.19244558875258572 0 0 0
0.0016666666666666668 -0.22048096168501863 -0.24199488196283533 0.2592419252996496 0 0 0
0.0016666666666666668 -0.25131336912628555 -0.020300929761419114 0.39782243142556645 0 0 0
0.0016666666666666668 0.2587657649844043 -0.5440811611723805 0.1266788879092243 0 0 0
0.0016666666666666668 -0.07798783222817514 -0.23036897805198273 0.4258086292805979 0 0 0
0.0016666666666666668 0.376068996148679 0.41476979319824053 0.17714896435357447 0 0 0
0.0016666666666666668 0.05674336046427539 -0.3904768373922323 -0.47131032250500376 0 0 0
0.0016666666666666668 0.4871918041020771 0.1565523304985637 0.37526841875738043 0 0 0
0.0016666666666666668 0.11962536755132627 0.2083887712947162 -0.05103669778083768 0 0 0
0.0016666666666666668 -0.6213210035842033 -0.0012696546765550707 0.30574200373130916 0 0 0
0.0016666666666666668 0.5432797715746549 0.25274132312704667 0.25218549503255444 0 0 0
0.0016666666666666668 0.10556336426045596 -0.2521206507935447 -0.421381317907207 0 0 0
0.0016666666666666668 -0.00750620277389559 -0.11926488079100687 0.28613698874617394 0 0 0
0.0016666666666666668 0.22624130125149888 0.12081914366110535 0.6389752563862715 0 0 0
0.0016666666666666668 -0.5380147098802796 -0.0002898075263328539 -0.06521461704055985 0 0 0
0.0016666666666666668 0.42352636641005337 -0.36287362772697723 0.07669079266835031 0 0 0
0.0016666666666666668 0.2820886281908932 -0.43645513996771995 0.1300247752859882 0 0 0
0.0016666666666666668 0.30573143864632063 -0.053246041178438716 -0.5445476628495046 0 0 0
0.0016666666666666668 -0.5970282370133922 -0.09915157703662421 0.28416640345035865 0 0 0
0.0016666666666666668 -0.2969887699979851 -0.35467673686802115 0.20117107746706128 0 0 0
0.0016666666666666668 -0.10015447607378537 0.27730307706438423 0.5376802056634488 0 0 0
0.0016666666666666668 -0.6250808968710617 0.03077958575483682 -0.08900667630802092 0 0 0
0.0016666666666666668 -0.26906138768981824 0.21021040437586438 0.4689814049074038 0 0 0
0.0016666666666666668 0.5187716208642629 -0.013191113579635374 0.23039295259314516 0 0 0
0.0016666666666666668 0.42067197037994375 -0.014960475940959754 0.3076032078751741 0 0 0
0.0016666666666666668 0.006307509715929178 -0.04171465527029175 -0.10414766838299058 0 0 0
0.0016666666666666668 -0.30203147766858807 0.409882931717959 0.22420749361878464 0 0 0
0.0016666666666666668 0.12277282408643914 -0.5172837952191031 -0.25552163096023806 0 0 0
0.0016666666666666668 -0.2881882090376111 0.4624132064914468 0.3998670303111653 0 0 0
0.0016666666666666668 0.31213322259770515 0.3379698726198521 0.2499020863007678 0 0 0
0.0016666666666666668 0.2399272279949505 0.0998156486908328 0.4355869628754032 0 0 0
0.0016666666666666668 0.1920866012604727 0.09341302523647754 -0.20300308940252088 0 0 0
0.0016666666666666668 0.18011233658246428 0.6071184771596103 0.17642129745333865 0 0 0
0.0016666666666666668 -0.4345654014171844 0.05018982164057876 0.31485350771461623 0 0 0
0.0016666666666666668 -0.3405694868324649 0.19122580544458145 0.3602679250092719 0 0 0
0.0016666666666666668 0.08288170778696144 0.5868273347556853 -0.03962875136702525 0 0 0
0.0016666666666666668 0.3029175827306035 -0.23550482542175058 -0.5382305678900232 0 0 0
0.0016666666666666668 0.14113709293798396 0.3045712763568139 -0.22207847278243895 0 0 0
0.0016666666666666668 0.3714328638961398 0.296569741146995 -0.4729670466055134 0 0 0
0.0016666666666666668 -0.0060371613245596215 -0.2155604331660051 -0.5034077970902427 0 0 0
0.0016666666666666668 -0.5871021964247543 0.33221864688170283 -0.07371317564510355 0 0 0
0.0016666666666666668 0.11086156482477229 -0.22754622479163558 0.2171657730275877 0 0 0
0.0016666666666666668 -0.06454442903232291 -0.08517488131936246 0.2626060463592304 0 0 0
0.0016666666666666668 -0.08671819143120595 -0.21703355220374415 0.21196697151738375 0 0 0
0.0016666666666666668 -0.12249832044091025 0.5119928667094048 0.3571200525211423 0 0 0
0.0016666666666666668 0.4246962666282929 0.04536166967557084 0.37712805585290127 0 0 0
0.0016666666666666668 0.32876596305046374 -0.42639987219877123 0.3098728102817208 0 0 0
0.0016666666666666668 0.5660595266231002 0.28784008322795535 0.15447043466232185 0 0 0
0.0016666666666666668 -0.4754107238810062 -0.2109950537191864 0.03859096015214506 0 0 0
0.0016666666666666668 -0.4251326924336493 -0.35170112645002066 -0.16390552435719372 0 0 0
0.0016666666666666668 0.040051873581568885 0.011325967404339218 0.11858595844761236 0 0 0
0.0016666666666666668 0.12912314240273842 -0.5510656210655265 -0.08954686746938031 0 0 0
0.0016666666666666668 0.5135465289124715 0.16800041354882295 -0.07817384224379616 0 0 0
0.0016666666666666668 0.507627356560368 0.2993010954738896 0.21546101196791417 0 0 0
0.0016666666666666668 -0.3969463059434613 -0.5400852390389198 -0.10432307862721375 0 0 0
0.0016666666666666668 -0.031110365951816724 0.19798357107395761 0.5431925752491238 0 0 0
0.0016666666666666668 -0.43655994086364047 -0.4482938414085489 -0.007096371992890462 0 0 0
0.0016666666666666668 0.48749021458821923 0.14633253443292416 -0.3762749870926854 0 0 0
0.0016666666666666668 0.340076950100235 -0.3099090301423664 0.21828140103308044 0 0 0
0.0016666666666666668 -0.33392593160458667 0.3142146434394028 -0.3995892221828014 0 0 0
0.0016666666666666668 -0.07623167707519694 0.44024366693289835 -0.03862315157646026 0 0 0
0.0016666666666666668 0.2901488345830525 0.13943347504995443 0.07257315113437338 0 0 0
0.0016666666666666668 -0.3411043924596096 -0.09535072101368952 0.37209071869921595 0 0 0
0.0016666666666666668 -0.2658778133331869 -0.6058659405929838 -0.20093674184695137 0 0 0
0.0016666666666666668 -0.5072676120485117 0.33526742206132965 -0.10300780397410762 0 0 0
0.0016666666666666668 -0.1738993278528722 0.544239560730695 0.11622912225422323 0 0 0
0.0016666666666666668 0.35467506666164966 -0.39928910752939945 0.3500063226832366 0 0 0
0.0016666666666666668 0.41969701895477174 0.31746357035975903 -0.12381552241653485 0 0 0
0.0016666666666666668 -0.2646182847796382 -0.15708708389072992 -0.04935297895886003 0 0 0
0.0016666666666666668 0.008419960613902135 -0.2929427989135159 0.2430317850473795 0 0 0
0.0016666666666666668 0.2990576522500702 -0.3679367828793016 -0.17288800814881847 0 0 0
0.0016666666666666668 -0.540338006342413 -0.2657800898346331 0.06938114206946475 0 0 0
0.0016666666666666668 -0.08434704781233789 0.36176640358980006 -0.053353407282843074 0 0 0
0.0016666666666666668 -0.33051929760494464 -0.5685593388159732 -0.17199766532059516 0 0 0
0.0016666666666666668 0.07081315739195283 0.373807910017166 -0.49528592687613865 0 0 0
0.0016666666666666668 0.26604506816216233 0.4554253850062559 -0.43331528229476374 0 0 0
0.0016666666666666668 -0.5489602048884781 -0.049465223070836714 0.4064361473149892 0 0 0
0.0016666666666666668 0.09128314038730895 0.48351239124597045 -0.2817106008587093 0 0 0
0.0016666666666666668 0.5927507968843305 -0.11866272483965766 0.10240899966687993 0 0 0
0.0016666666666666668 0.2888377188934933 -0.196116638121312 -0.49412567426797543 0 0 0
0.0016666666666666668 -0.4760472047973197 -0.021762439802912825 0.4963423562253244 0 0 0
0.0016666666666666668 0.15267319434621068 0.4853158527864012 0.34705173857296706 0 0 0
0.0016666666666666668 0.34213588098764747 0.0027285995371743536 -0.02209767158828491 0 0 0
0.0016666666666666668 -0.21898488571212557 -0.14818446082128758 -0.061213595617854256 0 0 0
0.0016666666666666668 -0.1507753015682631 0.488671006189361 0.11273199716641016 0 0 0
0.0016666666666666668 -0.2975434175863789 -0.07570136220464661 0.387358297507058 0 0 0
0.0016666666666666668 -0.24519577685004124 0.13236125110353342 -0.22018495170729535 0 0 0
0.0016666666666666668 0.3886462780158492 -0.05247675604568689 -0.1571677365182562 0 0 0
0.0016666666666666668 0.3984494020384579 0.036512375864846396 -0.4690375448473219 0 0 0
0.0016666666666666668 0.015643511792547377 -0.12137784978729596 -0.3591808076114176 0 0 0
0.0016666666666666668 0.31971458571453265 -0.39928008900188594 -0.012892733369179184 0 0 0
0.0016666666666666668 -0.06981060703694993 0.6301372810486681 0.04257027604596816 0 0 0
0.0016666666666666668 0.1274628190156571 0.572625427618889 -0.22234327960659558 0 0 0
0.0016666666666666668 -0.3218522410027436 0.4489027051500528 -0.05851874474104604 0 0 0
0.0016666666666666668 0.21009785828778288 0.06006117632419832 0.1044238910482648 0 0 0
0.0016666666666666668 0.007371592621674097 -0.1634458296368344 0.5402025511421251 0 0 0
0.0016666666666666668 -0.20207503114521122 0.4975281320985703 0.13700063829130243 0 0 0
0.0016666666666666668 -0.1234719353491686 0.5118518197516909 -0.18857297968826991 0 0 0
0.0016666666666666668 -0.07256529508697801 0.3600095837296262 -0.5602171789524782 0 0 0
0.0016666666666666668 0.6238428031088535 -0.1471658016010424 -0.031819743193971184 0 0 0
0.0016666666666666668 -0.3096550278636793 -0.12374023917840536 -0.02305140624239534 0 0 0
0.0016666666666666668 0.045080563138496094 0.3135898937659434 0.40386958539452145 0 0 0
0.0016666666666666668 -0.3956547200933955 0.10320529867268867 0.423826397929591 0 0 0
0.0016666666666666668 -0.21203041313501897 0.0620600501900087 -0.42241379758981945 0 0 0
0.0016666666666666668 0.23514714640765916 0.6097579270669146 -0.20092121206981914 0 0 0
0.0016666666666666668 0.048515883743520914 -0.3369497348295709 -0.352744694121521 0 0 0
0.0016666666666666668 -0.10365419312174351 -0.20876149566628482 -0.38815649439861105 0 0 0
0.0016666666666666668 -0.6213392233342176 -0.11891944772695733 -0.05521995776173497 0 0 0
0.0016666666666666668 -0.35327849653363264 -0.1122339589323478 -0.5697329146204227 0 0 0
0.0016666666666666668 -0.45974377363014063 0.3920508563525529 -0.13913959367090079 0 0 0
0.0016666666666666668 -0.37991087348307206 -0.4497811409134999 -0.03675588167702377 0 0 0
0.0016666666666666668 -0.2627971220064622 -0.1995038562234358 0.064586671160593 0 0 0
0.0016666666666666668 0.5863937292083111 0.1451235637533291 0.0945055958509503 0 0 0
0.0016666666666666668 -0.15973969724884746 -0.13288278063987627 0.6471624877149792 0 0 0
0.0016666666666666668 -0.567857655644072 0.0773773743527818 -0.34118045639364675 0 0 0
0.0016666666666666668 0.4393577921742305 -0.22260396014783054 0.27240071556236717 0 0 0
0.0016666666666666668 -0.04372192199349413 0.0246632999115544 -0.3553385154552637 0 0 0
0.0016666666666666668 0.2000746763704259 -0.0718502833075375 0.47954162720923077 0 0 0
0.0016666666666666668 -0.06817209282183938 0.18452779004958314 -0.2734395940375214 0 0 0
0.0016666666666666668 -0.2043264119967306 -0.13455024857662995 0.5820411256242116 0 0 0
0.0016666666666666668 0.4619692727820123 -0.40074634145438603 -0.012716937924781997 0 0 0
0.0016666666666666668 -0.2265017878609574 -0.14709755151169338 0.5453392320356253 0 0 0
0.0016666666666666668 0.36872293141237933 -0.1388722097779374 -0.3635766778413508 0 0 0
0.0016666666666666668 0.3123823855857813 0.1187138089187687 -0.33408281484492963 0 0 0
0.0016666666666666668 -0.0766296593782436 -0.0008796580843896047 0.30467884367566733 0 0 0
0.0016666666666666668 -0.4756305292073478 0.17704105168789558 -0.4247099784118024 0 0 0
0.0016666666666666668 -0.38047417496178687 0.06770818663204475 -0.23117954043780048 0 0 0
0.0016666666666666668 -0.15006929031993355 0.6267726733971168 0.05833354186942419 0 0 0
0.0016666666666666668 -0.11100949590843438 0.1074614108472393 -0.2567163902106771 0 0 0
0.0016666666666666668 0.5336515780250785 0.2628053763800075 -0.0961491801512919 0 0 0
0.0016666666666666668 0.1374577566672041 -0.3088245770175862 -0.059152391021596154 0 0 0
0.0016666666666666668 0.0681693559779703 0.05796632277505603 0.1279285793004699 0 0 0
0.0016666666666666668 0.4768108445892356 -0.15480407320854628 0.40264875630149155 0 0 0
0.0016666666666666668 0.2823222048754483 -0.25266233645442226 -0.44180249217194784 0 0 0
0.0016666666666666668 -0.26384883901547923 0.20461659677520877 0.3163721525228992 0 0 0
0.0016666666666666668 -0.2930757647301367 -0.08637432945293 0.5477984570758343 0 0 0
0.0016666666666666668 0.3269425388269246 -0.1028574051642542 -0.134502010536031 0 0 0
0.0016666666666666668 0.20799849193196596 0.38681346830011903 0.37785662960488703 0 0 0
0.0016666666666666668 0.03809839311064241 -0.503195483441593 -0.051204312906089365 0 0 0
0.0016666666666666668 -0.02522833339076499 0.1912554193767105 -0.5699089841204802 0 0 0
0.0016666666666666668 0.42936426238834313 0.43202433294605563 0.08723482109786634 0 0 0
0.0016666666666666668 -0.23348085334977203 -0.09917028296727179 -0.2684432382062136 0 0 0
0.0016666666666666668 -0.2591544537362706 0.1391258549183525 0.13672599282455966 0 0 0
0.0016666666666666668 -0.08957187294749498 -0.27098831398683 0.5950916380713178 0 0 0
0.0016666666666666668 -0.31724446977818654 -0.34540015606809976 0.4460317060740668 0 0 0
0.0016666666666666668 0.3161484662238734 -0.36020034705323295 -0.2117372404192026 0 0 0
0.0016666666666666668 0.3299255099370079 -0.32326921060311453 -0.12250693897771713 0 0 0
0.0016666666666666668 0.506451001763863 0.36318216944587844 -0.032349217323095605 0 0 0
0.0016666666666666668 -0.18315301339045953 -0.5823075027360434 -0.29945963594079755 0 0 0
0.0016666666666666668 0.10871023856582948 0.07235687132485916 -0.30475141703561903 0 0 0
0.0016666666666666668 -0.022435312411457492 -0.38643217732844937 -0.47489413101147604 0 0 0
0.0016666666666666668 0.3567142341086235 0.28239991709598417 -0.36962414490583034 0 0 0
0.0016666666666666668 0.2261015368887746 -0.10149607185494477 0.6203310157287264 0 0 0
0.0016666666666666668 0.40554532364543083 0.26907077163594273 -0.26383687531653166 0 0 0
0.0016666666666666668 -0.14304903642009986 -0.2537923194041025 -0.2744254298750432 0 0 0
0.0016666666666666668 -0.28019083256435423 0.319371529480022 -0.3425172314174446 0 0 0
0.0016666666666666668 0.1586253243451903 -0.6360784944780906 0.12289044525597316 0 0 0
0.0016666666666666668 0.5176600034399471 -0.1134532117403952 -0.23249627657154892 0 0 0
0.0016666666666666668 -0.17163272820510858 0.2767903062420609 -0.3410901184197851 0 0 0
0.0016666666666666668 0.5562425200583768 0.26679745944728966 -0.10947606179985696 0 0 0
0.0016666666666666668 0.18330225042344103 -0.05850235124634566 0.0822310013539914 0 0 0
0.0016666666666666668 0.5872676791265847 0.013840784170921668 0.17877724521536148 0 0 0
0.0016666666666666668 0.014194728261389273 0.2630032246361781 -0.10338436705723075 0 0 0
0.0016666666666666668 0.14164155270824294 -0.4055297595155095 -0.09669967228467813 0 0 0
0.0016666666666666668 -0.35564908959818514 -0.1517559537019292 0.5359779801887666 0 0 0
0.0016666666666666668 -0.09200725521297927 0.14867198779754762 -0.12167369496311707 0 0 0
0.0016666666666666668 -0.44125526255429354 -0.045134633589313265 -0.3317986321232195 0 0 0
0.0016666666666666668 0.10616567415522014 -0.3644364047386614 0.5011525090641458 0 0 0
0.0016666666666666668 -0.35736536474630215 -0.2793084703906905 0.12460953513128496 0 0 0
0.0016666666666666668 -0.0979423187914061 0.07930297783771044 0.6334666758679351 0 0 0
0.0016666666666666668 -0.14567045880495835 0.3163796847404165 -0.2720112198042233 0 0 0
0.0016666666666666668 -0.16112360545610435 0.5835946150382415 -0.30538509666435015 0 0 0
0.0016666666666666668 -0.42297484724183665 0.13324075224124476 -0.06831030144948606 0 0 0
0.0016666666666666668 -0.3502314698203213 -0.1978688402534349 0.1299262833373748 0 0 0
0.0016666666666666668 0.05550433062455593 0.03544421103504121 -0.22322706271870002 0 0 0
0.0016666666666666668 -0.07613229517409827 0.2068574199461685 0.4629996755510114 0 0 0
0.0016666666666666668 0.5348693731665518 -0.16820779302761235 -0.12754152499646945 0 0 0
0.0016666666666666668 -0.05855835933699669 -0.5089202069695136 0.07305016649174673 0 0 0
0.0016666666666666668 0.09864492128789051 -0.3108885718931082 -0.5398151551902983 0 0 0
0.0016666666666666668 -0.42175061269153613 -0.2676749675771235 0.21777261375834195 0 0 0
0.0016666666666666668 0.22469721116425911 0.4983523262481965 0.27514509319448305 0 0 0
0.0016666666666666668 -0.32338236915048096 -0.40937363230745377 0.15435540004242057 0 0 0
0.0016666666666666668 0.22428405529788895 -0.3509148086641741 -0.07443011839779727 0 0 0
0.0016666666666666668 -0.3671966136004341 0.26955825016756324 -0.5113469663009728 0 0 0
0.0016666666666666668 0.5165801564308663 -0.1205586395749493 0.4223454476357134 0 0 0
0.0016666666666666668 0.008217446940332303 -0.41839576694901603 -0.1602103775332271 0 0 0
0.0016666666666666668 0.39381644726919374 -0.14339717623481477 0.24461738391943724 0 0 0
0.0016666666666666668 0.04024991936179555 0.20393227908847048 -0.07194483428139142 0 0 0
0.0016666666666666668 -0.02941881285626856 0.5406087182238065 0.202542121054826 0 0 0
0.0016666666666666668 -0.4569934500241024 -0.01705451270731343 0.41588621209053067 0 0 0
0.0016666666666666668 -0.1375299463147533 0.2901483807267742 0.4253932114748499 0 0 0
0.0016666666666666668 -0.46031264340357947 0.22202404972349718 0.1782510027604785 0 0 0
0.0016666666666666668 0.4284328359018358 -0.41920631350376186 0.026589067311705378 0 0 0
0.0016666666666666668 -0.35049964954521934 0.3372081818562324 -0.4684714902588721 0 0 0
0.0016666666666666668 0.16217717420263458 0.18094801267818492 -0.4629539778465765 0 0 0
0.0016666666666666668 -0.15727699690363628 -0.4308874624258478 -0.07813135142946159 0 0 0
0.0016666666666666668 0.33759656153741646 -0.09611021709366395 -0.1777094379035798 0 0 0
0.0016666666666666668 -0.3536248356730871 0.15014636671042123 0.30499497428250577 0 0 0
0.0016666666666666668 -0.042239202931749056 0.3992370013174058 -0.1838823925465341 0 0 0
0.0016666666666666668 -0.12088303856498456 -0.147510919521616 0.012728875266844615 0 0 0
0.0016666666666666668 -0.16609413178837246 0.090902929597737 -0.3972389514164944 0 0 0
0.0016666666666666668 -0.6465596559199803 0.029554266576690556 0.22948532602991042 0 0 0
0.0016666666666666668 0.25183215610880316 -0.4048539910929506 0.5027147893868856 0 0 0
0.0016666666666666668 -0.48343431197550407 0.15740038488340896 0.27092358686660173 0 0 0
0.0016666666666666668 0.1407766551730456 -0.10325377643933925 -0.4836936257593084 0 0 0
0.0016666666666666668 0.42433963439451705 -0.11521181310032372 0.21469562219656987 0 0 0
0.0016666666666666668 0.0538006609381518 0.33795113946097105 0.2475852079156273 0 0 0
0.0016666666666666668 0.49747833717507906 0.07213580008968912 0.004509175898763979 0 0 0
0.0016666666666666668 0.4949582448598796 -0.10219298036669044 -0.05546076441608699 0 0 0
0.0016666666666666668 -0.09183512767013627 0.03140477960195406 0.5425777250964986 0 0 0
0.0016666666666666668 -0.15159986758886057 0.13853091317461064 0.541385284083062 0 0 0
0.0016666666666666668 0.18067966771757313 -0.24267074989770748 0.1435702773719291 0 0 0
0.0016666666666666668 0.07817939581008886 -0.3914428407262601 0.43247297448675137 0 0 0
0.0016666666666666668 0.27817034479162256 -0.16246183685271373 -0.4210801809397188 0 0 0
0.0016666666666666668 -0.3757883561637563 0.43320235511745603 0.2313439250835177 0 0 0
0.0016666666666666668 -0.06341342059232867 -0.458999526599242 0.4288242368071537 0 0 0
0.0016666666666666668 -0.5011361575387091 -0.0752032815432013 0.41165551729423977 0 0 0
0.0016666666666666668 0.3923336631262719 -0.11449808192084246 -0.14840160600071223 0 0 0
0.0016666666666666668 0.4099440431816764 0.10499106966788645 -0.23970202075994107 0 0 0
0.0016666666666666668 0.1600279435769751 -0.07866554497123855 0.31072780912662673 0 0 0
0.0016666666666666668 -0.017354449943517248 0.11235385616855342 0.5158864177278545 0 0 0
0.0016666666666666668 0.03787425302504139 0.2607644089647513 0.5392155488147461 0 0 0
0.0016666666666666668 0.5350398288804601 0.3781663344032977 0.18807403304602127 0 0 0
0.0016666666666666668 -0.2400723646750939 0.5008224934082972 0.004834699921063131 0 0 0
0.0016666666666666668 -0.42939178482337614 -0.33325230987177895 -0.3777387600513558 0 0 0
0.0016666666666666668 -0.2569169358539541 -0.4795249885013294 -0.1957803234886639 0 0 0
0.0016666666666666668 0.32981132429444354 -0.5356878583747177 0.0887532281444131 0 0 0
0.0016666666666666668 0.36577493871912553 0.29813065106233017 -0.44779357329797037 0 0 0
0.0016666666666666668 0.6680902278225852 -0.09938144806036586 -0.04558893649196827 0 0 0
0.0016666666666666668 -0.1860664297285353 -0.2210673486631206 -0.6146025401696408 0 0 0
0.0016666666666666668 -0.0824471060552998 -0.5664503070630265 -0.012255787400236366 0 0 0
0.0016666666666666668 -0.20703101291355128 -0.2155658315752609 -0.016966722729796838 0 0 0
0.0016666666666666668 0.0006516248062061319 -0.03653754712256791 0.27530078859463136 0 0 0
0.0016666666666666668 -0.34685382595523967 0.3403273459917288 -0.24936610118768665 0 0 0
0.0016666666666666668 -0.10101058583752397 0.21594502515771175 0.04428969964260787 0 0 0
0.0016666666666666668 0.08158921702814284 0.03377272109255764 0.1088522263529109 0 0 0
0.0016666666666666668 -0.18188301958331426 0.08900087716980902 -0.11353986979719112 0 0 0
0.0016666666666666668 0.2349841587198616 -0.22434300254958078 0.5790897999705613 0 0 0
0.0016666666666666668 0.019878504333294498 -0.43328887797739485 -0.2991639912431156 0 0 0
0.0016666666666666668 -0.14200798746271812 0.13796733402220915 0.49878682283169473 0 0 0
0.0016666666666666668 -0.000278374832304333 0.3527115322809758 -0.271958053474141 0 0 0
0.0016666666666666668 -0.424795547261755 -0.44510820140026924 0.11097349524196896 0 0 0
0.0016666666666666668 0.11656193037771682 -0.0959803520482675 -0.5502414191010173 0 0 0
0.0016666666666666668 0.233423065880693 0.39761165812967114 -0.1860392203516682 0 0 0
0.0016666666666666668 -0.27650638181613924 0.5094843826992127 0.15706925438486688 0 0 0
0.0016666666666666668 0.47959748515028944 -0.1000261409059765 -0.17843858799211063 0 0 0
0.0016666666666666668 -0.3878108477309524 -0.2799319591895171 -0.32492579911011055 0 0 0
0.0016666666666666668 -0.19086821672964843 0.36186540016579116 -0.48835850181479784 0 0 0
0.0016666666666666668 -0.5104023766253298 -0.10160776789945428 0.4028380003926225 0 0 0
0.0016666666666666668 -0.11102910658853887 -0.24359378468138299 -0.3145398717603697 0 0 0
0.0016666666666666668 0.1387391278592208 0.020675617914350634 -0.19700429236117045 0 0 0
0.0016666666666666668 -0.11106309809052027 0.12776054171025225 0.32861844861355277 0 0 0
0.0016666666666666668 0.05898264562541216 -0.6167183658721681 -0.1301287213468344 0 0 0
0.0016666666666666668 -0.15360747333917235 0.6152312189392487 -0.08166575742175941 0 0 0
0.0016666666666666668 0.3113579435416989 -0.5074102255390631 -0.04967713700601369 0 0 0
0.0016666666666666668 0.1275470291008592 0.12795516208411276 0.28149925241588114 0 0 0
0.0016666666666666668 -0.5245230654273199 -0.19111884659873596 -0.16895622970693844 0 0 0
0.0016666666666666668 -0.18777270790269796 0.15481043477618564 -0.6166816277579977 0 0 0
0.0016666666666666668 -0.27713321389758394 -0.49380773300034136 -0.33623563698952164 0 0 0
0.0016666666666666668 0.172570883251358 -0.09866766917797165 0.24783664629566066 0 0 0
0.0016666666666666668 -0.515277497644641 -0.24453030119525598 0.2880540570958838 0 0 0
0.0016666666666666668 0.186507519853442 0.165001538172521 -0.5117242008304342 0 0 0
0.0016666666666666668 -0.09791442236097933 0.3360594986147623 -0.34871227445107245 0 0 0
0.0016666666666666668 0.26112168509345535 -0.1572903284732335 0.01924592635445568 0 0 0
0.0016666666666666668 -0.33621548168876797 -0.08456143542380695 -0.09703895920256939 0 0 0
0.0016666666666666668 -0.012543808024961897 -0.32442321715511263 -0.3898938332768366 0 0 0
0.0016666666666666668 0.0903874444418786 0.15542964100503404 -0.425209697667339 0 0 0
0.0016666666666666668 -0.04202774783050203 0.417288581481603 0.3067474649895291 0 0 0
0.0016666666666666668 -0.6076274465906557 -0.1439463455672265 -0.2762035169180795 0 0 0
0.0016666666666666668 -0.49569750069375884 0.07767223898011322 0.11069682692682556 0 0 0
0.0016666666666666668 0.13922162959548562 -0.3948793974472285 0.3203168018082176 0 0 0
0.0016666666666666668 -0.5609789755943129 0.2589480703856454 0.26038642513104826 0 0 0
0.0016666666666666668 0.16092542063693202 -0.04500252009642474 -0.4160052157121403 0 0 0
0.0016666666666666668 0.239192190885259 0.2326989049824721 0.1201285603937793 0 0 0
0.0016666666666666668 0.15653436357496156 -0.5176116527596447 -0.35251536334829114 0 0 0
0.0016666666666666668 -0.5628728622067932 0.2418358549081675 0.23801079936953434 0 0 0
0.0016666666666666668 0.04176286010349097 0.4379928605396326 0.13804159030252824 0 0 0
0.0016666666666666668 0.12063462722660535 -0.416857710350151 0.2932716556073591 0 0 0
0.0016666666666666668 0.22261883818265343 0.503720422968847 0.029309049150668082 0 0 0
0.0016666666666666668 0.18765372694359342 -0.6151904537436361 -0.16268624567405066 0 0 0
0.0016666666666666668 -0.25668989807505116 -0.1283322334747531 -0.4352654675681575 0 0 0
0.0016666666666666668 0.19459196158164385 0.15838057255888022 0.47444243139609993 0 0 0
0.0016666666666666668 -0.01367607201658208 -0.4475712641807553 -0.06467571535295177 0 0 0
0.0016666666666666668 0.16363035013401367 -0.22819345182369738 0.5605726542630096 0 0 0
0.0016666666666666668 0.2933507772428542 0.47581604048503623 0.09765124965633962 0 0 0
0.0016666666666666668 0.3377047219932045 -0.22670629142458482 0.4026225735532588 0 0 0
0.0016666666666666668 -0.06833262320762588 0.3986186234474686 0.26889655207509655 0 0 0
0.0016666666666666668 -0.5043720508100814 0.34730033573576974 -0.3240914490611573 0 0 0
0.0016666666666666668 -0.18701808776234677 0.014753085085153295 -0.4827431023775959 0 0 0
0.0016666666666666668 0.2505003581190428 0.13170517362355774 0.6272112918227453 0 0 0
0.0016666666666666668 0.4479931315836148 -0.21730853204690567 0.19230332915623502 0 0 0
0.0016666666666666668 -0.04693308562760256 0.6697274906465336 -0.115597557357226 0 0 0
0.0016666666666666668 0.6635408158899441 0.11828967643550661 0.05199219218175987 0 0 0
0.0016666666666666668 0.22250767342391828 -0.391362209288868 0.17144052327063725 0 0 0
0.0016666666666666668 -0.20457072365617174 -0.2338647899958945 -0.4413980956381031 0 0 0
0.0016666666666666668 -0.1196811946598908 0.05665012132090265 0.20626931104412194 0 0 0
0.0016666666666666668 0.18233510314702558 0.24753884373693352 0.21727299799980176 0 0 0
0.0016666666666666668 0.3758124950507011 -0.4459171688485632 0.19144546754537858 0 0 0
0.0016666666666666668 -0.025358605747486777 -0.3158475787501598 -0.5302816610693375 0 0 0
0.0016666666666666668 0.22529661893480157 -0.41155599617503186 0.030321108687844853 0 0 0
0.0016666666666666668 -0.4411877568048544 0.34608408693871673 -0.2598392229059779 0 0 0
0.0016666666666666668 -0.1552552236840542 -0.4455148578728359 0.48625079699639784 0 0 0
