520
0
0.0019230769230769232 -0.3430694407555599 0.1798957372013242 0.541730393570885 0 0 0
0.0019230769230769232 -0.4137681627849812 0.3385434381068149 -0.17011927159360085 0 0 0
0.0019230769230769232 -0.3674443895441989 -0.5119609239108044 0.13201616586809586 0 0 0
0.0019230769230769232 0.30282714151918866 0.511178936944717 -0.11311986392217574 0 0 0
0.0019230769230769232 -0.39606571600999446 -0.4749380198830532 0.2562861193692793 0 0 0
0.0019230769230769232 -0.20324014582938663 0.22052122235769422 0.30957886003602275 0 0 0
0.0019230769230769232 -0.49917623517459964 -0.004533311682023399 0.47348424413561346 0 0 0
0.0019230769230769232 0.1679758520597757 -0.2818171684202597 -0.12288046258469908 0 0 0
0.0019230769230769232 0.08161588843652269 -0.5526304492357862 0.39759077449121377 0 0 0
0.0019230769230769232 -0.3232496641574327 -0.1745784467632233 -0.059508431803124776 0 0 0
0.0019230769230769232 -0.2887902861914539 -0.5755925403855789 0.22128807976071552 0 0 0
0.0019230769230769232 -0.2849990120337675 0.12153714227698798 0.5792554122350266 0 0 0
0.0019230769230769232 0.310854246320623 0.3022416154387055 0.11999926167128866 0 0 0
0.0019230769230769232 -0.43506280431784183 0.22714334780494524 0.179789298506454 0 0 0
0.0019230769230769232 0.4005370373505603 -0.3161922193139634 0.04744182701783437 0 0 0
0.0019230769230769232 -0.13418143719420503 -0.6462795504886955 0.1443692969313934 0 0 0
0.0019230769230769232 -0.033574401393159814 -0.5361810060593091 0.2631814240114434 0 0 0
0.0019230769230769232 0.0083266068961769 0.32018040463503705 -0.42091610030573967 0 0 0
0.0019230769230769232 0.2986630548071011 0.4665349229677772 -0.25112053300395953 0 0 0
0.0019230769230769232 0.08163953964596436 -0.4363861966547158 -0.23153772150074312 0 0 0
0.0019230769230769232 0.15033883378943955 0.2373237622486772 0.38366274434641684 0 0 0
0.0019230769230769232 0.39313143857815774 -0.26239247966337054 -0.42634625031141976 0 0 0
0.0019230769230769232 -0.06883113196341754 0.43766256919479984 -0.29312429090068154 0 0 0
0.0019230769230769232 0.5449166972589464 0.37565411232306645 0.12330115344277488 0 0 0
0.0019230769230769232 -0.2609493488113043 0.21057508307305664 0.3594300438995619 0 0 0
0.0019230769230769232 0.2607901307348182 0.023373209628270795 0.2360711902202527 0 0 0
0.0019230769230769232 -0.6717002030138719 -0.1366381677010529 -0.09356875129763506 0 0 0
0.0019230769230769232 -0.33207850205546136 0.27829454491316064 0.05547768491860518 0 0 0
0.0019230769230769232 0.29161500699089044 -0.15063309127190747 -0.5630631375631608 0 0 0
0.0019230769230769232 0.17867366887587388 0.078472882834728 -0.5650732057541802 0 0 0
0.0019230769230769232 -0.4559786794663548 0.08020849370175936 0.47010314505949063 0 0 0
0.0019230769230769232 -0.4783910312295439 -0.29806396008985403 0.3584031102679764 0 0 0
0.0019230769230769232 0.2119307268121225 0.110631674604525 -0.36606283749469415 0 0 0
0.0019230769230769232 -0.38514828874171303 -0.5374281256828162 -0.06823840033909159 0 0 0
0.0019230769230769232 0.47424968312395904 -0.09557835062097285 -0.2607726910609068 0 0 0
0.0019230769230769232 0.17246865598309416 0.5286696824586691 0.07771918000027862 0 0 0
0.0019230769230769232 -0.013816575893529028 -0.12139307482307636 -0.5442155801284762 0 0 0
0.0019230769230769232 -0.25950435669589333 0.20564494142295567 -0.5250867322035663 0 0 0
0.0019230769230769232 0.40198848250669983 -0.2119889618987621 -0.04460145336149543 0 0 0
0.0019230769230769232 -0.3073992926116041 -0.27392878909212814 -0.1351010420636747 0 0 0
0.0019230769230769232 -0.25373194072392763 -0.08996839313532137 -0.48263579273823193 0 0 0
0.0019230769230769232 -0.359592145412124 -0.027968621384376866 0.05110144464832535 0 0 0
0.0019230769230769232 -0.24339212674349367 0.03427753488510302 0.2713935664183198 0 0 0
0.0019230769230769232 0.15096541685452902 -0.259597774494521 -0.01269112384644543 0 0 0
0.0019230769230769232 -0.11230330933609603 0.5202143129728138 -0.17960193045957637 0 0 0
0.0019230769230769232 -0.1882852842091909 0.4666064341097905 0.3235408073542479 0 0 0
0.0019230769230769232 0.5293291293914163 0.20229801985529317 -0.38629180793680945 0 0 0
0.0019230769230769232 -0.05056347809247522 0.07328895256153327 0.03421237473857065 0 0 0
0.0019230769230769232 0.4744827802596224 0.30381619203229415 -0.27918309147769044 0 0 0
0.0019230769230769232 0.0738936455562862 0.17984646910633215 0.43425840573298385 0 0 0
0.0019230769230769232 -0.009415667316403519 0.20987248253615592 -0.5231457080646869 0 0 0
0.0019230769230769232 0.5247361180786326 -0.1545352903133543 -0.15674500657165175 0 0 0
0.0019230769230769232 0.2378256076840868 -0.44387824691967026 0.389930540098931 0 0 0
0.0019230769230769232 0.3951396786392882 -0.40464384974210665 -0.020623802218171 0 0 0
0.0019230769230769232 -0.06830667851070497 0.342604227346097 -0.16633368891026235 0 0 0
0.0019230769230769232 0.06427801959034579 0.20269650615240412 0.5462313438132873 0 0 0
0.0019230769230769232 0.20200145490539065 -0.21292839160965732 0.3374084139006591 0 0 0
0.0019230769230769232 -0.27569235341750653 -0.47751359465032006 -0.20849624541709366 0 0 0
0.0019230769230769232 0.14957705028121396 0.14939729486446662 -0.3273101711013084 0 0 0
0.0019230769230769232 -0.009771874548653442 -0.09753667339875784 0.5257273434825414 0 0 0
0.0019230769230769232 0.032647106135880385 0.3855122729316417 0.4247575963618813 0 0 0
0.0019230769230769232 0.19811047643113733 0.5039602877733376 -0.36795325715634286 0 0 0
0.0019230769230769232 -0.5090945763080079 0.43929030444752365 -0.15862764546139047 0 0 0
0.0019230769230769232 0.16591530819104217 0.02537231371832376 -0.30675219226142814 0 0 0
0.0019230769230769232 -0.4225003837813608 -0.017522628786798222 0.025420384434009756 0 0 0
0.0019230769230769232 -0.626941595313259 -0.17639552341192602 -0.2357980622908716 0 0 0
0.0019230769230769232 -0.24284919484058162 -0.33330835544608944 0.4809023892756015 0 0 0
0.0019230769230769232 -0.2058860034863434 0.5493108182526407 0.3190969915563282 0 0 0
0.0019230769230769232 -0.2704488470223403 -0.2902576444172371 0.1964988028635743 0 0 0
0.0019230769230769232 0.4173736840269513 0.507306491911608 0.07159528380827762 0 0 0
0.0019230769230769232 0.05197531478280855 -0.5878316768885439 0.226066872496161 0 0 0
0.0019230769230769232 0.160253365625034 0.30615578460990617 -0.08693367617424523 0 0 0
0.0019230769230769232 0.11812964278403791 0.21718181856774482 0.023757152075170075 0 0 0
0.0019230769230769232 -0.46838835350551916 -0.23774415371565968 0.3915928826231965 0 0 0
0.0019230769230769232 0.5523619330829693 -0.24047113055088434 -0.27869532068913466 0 0 0
0.0019230769230769232 0.6301103245777936 0.19594715180944158 0.04822628338915452 0 0 0
0.0019230769230769232 -0.00798513989579272 0.20580016293496137 -0.4591141940224367 0 0 0
0.0019230769230769232 -0.09521839581852176 0.4017057650963433 -0.5477566777721635 0 0 0
0.0019230769230769232 -0.010255516656403873 -0.28685351049040686 -0.37311690218861865 0 0 0
0.0019230769230769232 -0.5660376410486181 -0.09930449996514437 0.011009462513030997 0 0 0
0.0019230769230769232 0.15219115994690355 -0.43459738549784704 -0.38928745308509605 0 0 0
0.0019230769230769232 0.332044157252344 -0.1972670693573714 -0.31051177528668295 0 0 0
0.0019230769230769232 0.226890660312741 -0.37767092929370444 0.29802097925219795 0 0 0
0.0019230769230769232 -0.15697416270561895 -0.26243833201816524 -0.22906418347450927 0 0 0
0.0019230769230769232 -0.3546154153416667 -0.44577372443376423 0.17762415555461133 0 0 0
0.0019230769230769232 -0.5694105314972026 0.367901052036116 0.005963320915363642 0 0 0
0.0019230769230769232 -0.2022009456210279 -0.2835674249122177 0.20319080618739646 0 0 0
0.0019230769230769232 -0.2596350836344726 -0.5450848930807795 0.19823682915721239 0 0 0
0.0019230769230769232 -0.5025038674905065 -0.3034436005537121 0.09870006351915919 0 0 0
0.0019230769230769232 0.10513196403232596 -0.018702884015646456 -0.41478007263512595 0 0 0
0.0019230769230769232 -0.013231985540600278 0.03329382740329035 -0.306124513375291 0 0 0
0.0019230769230769232 -0.31184284739431845 -0.007456633341302023 0.4423811262265165 0 0 0
0.0019230769230769232 0.6550570838711102 -0.006974588325254441 -0.17367243532093435 0 0 0
0.0019230769230769232 -0.3285311656549433 -0.08379372100139072 0.043804258316923 0 0 0
0.0019230769230769232 -0.3170100448444731 -0.31616155793289835 0.5087589174728707 0 0 0
0.0019230769230769232 -0.5255892788029571 0.2940175516017463 -0.1986037002495825 0 0 0
0.0019230769230769232 -0.11262152689088503 -0.3900449857493052 -0.042625760079481684 0 0 0
0.0019230769230769232 0.34577868188483196 -0.25041178308644524 0.4318839248985369 0 0 0
0.0019230769230769232 0.573255236036756 0.24502255430061382 -0.13723192962893443 0 0 0
0.0019230769230769232 0.2831443478710768 0.17953095861522173 0.21037437444343948 0 0 0
0.0019230769230769232 0.33610898031359776 -0.5193666381922667 0.26392565038753923 0 0 0
0.0019230769230769232 0.24122004641273898 0.14787608118338694 -0.5648970991927994 0 0 0
0.0019230769230769232 -0.024301604614118944 0.3348369182270889 0.5643090063544814 0 0 0
0.0019230769230769232 0.463461183276289 -0.46727415808702333 0.17224143690135782 0 0 0
0.0019230769230769232 -0.20278166315455956 -0.36321888322770096 0.4578518270113937 0 0 0
0.0019230769230769232 0.3675151692286671 0.23927194643918398 0.17284746562878567 0 0 0
0.0019230769230769232 -0.31371004276629705 0.4072534016453403 -0.21793075446131063 0 0 0
0.0019230769230769232 0.22445237562998518 0.5264575187355957 -0.07945767461084628 0 0 0
0.0019230769230769232 0.27147633087313966 0.015031215071172778 0.013056343302763578 0 0 0
0.0019230769230769232 0.23194890855669123 -0.4602678650240631 0.2833974178801091 0 0 0
0.0019230769230769232 0.10973631933374652 -0.19718216861355947 0.6222970867581838 0 0 0
0.0019230769230769232 0.29393599309856194 0.15819653211577567 -0.35802139548227224 0 0 0
0.0019230769230769232 -0.3414053331530823 -0.5282827474596572 0.022413363992525904 0 0 0
0.0019230769230769232 -0.31046352791628423 -0.29625269871837756 -0.2693354967321123 0 0 0
0.0019230769230769232 0.49984470446862256 0.05668086328718877 0.12036755555953357 0 0 0
0.0019230769230769232 0.5065968747503174 0.38751547639512407 0.250425155678732 0 0 0
0.0019230769230769232 0.13939220902024407 -0.2492742188430251 0.26272066061123217 0 0 0
0.0019230769230769232 0.14406600930774924 0.2741859312208676 -0.4833810920912234 0 0 0
0.0019230769230769232 0.30388717190778025 0.23829466068737665 -0.34624940562273404 0 0 0
0.0019230769230769232 0.4118021552672797 0.07698163744501423 0.08924970046896476 0 0 0
0.0019230769230769232 -0.14550315699347377 -0.23193066837803913 0.602261787132932 0 0 0
0.0019230769230769232 0.43749329089187217 -0.13901712132920688 0.38234024273324113 0 0 0
0.0019230769230769232 -0.5235744086875225 0.05494762596691248 0.14685509623659365 0 0 0
0.0019230769230769232 -0.04378875489186357 0.10087466649808795 0.405168695788974 0 0 0
0.0019230769230769232 -0.21753417885157914 0.48927923990105915 -0.28261530431906107 0 0 0
0.0019230769230769232 0.5333865929053185 0.1881831755653253 0.12701940499459544 0 0 0
0.0019230769230769232 -0.027747430519756453 -0.3768948751942822 0.5073146162738909 0 0 0
0.0019230769230769232 -0.47261084947495513 -0.3531520426279812 0.16067517294535175 0 0 0
0.0019230769230769232 -0.33430523675498186 0.26857976163984304 0.03173451700102239 0 0 0
0.0019230769230769232 -0.21519483346338317 -0.22156170463934963 -0.27059881167089406 0 0 0
0.0019230769230769232 -0.050159755016527634 -0.6731518101538926 -0.12587175241291823 0 0 0
0.0019230769230769232 0.5655335623396532 0.17327522870621045 -0.21025269114347794 0 0 0
0.0019230769230769232 -0.25054571360501876 0.059478852423893835 -0.3849497318190011 0 0 0
0.0019230769230769232 0.35193154654480774 -0.10182700664343372 0.030989266307542097 0 0 0
0.0019230769230769232 -0.33403135570453124 0.5662400658572351 -0.2099839880185067 0 0 0
0.0019230769230769232 -0.04720400580593517 0.2651291301441513 -0.4584333448170383 0 0 0
0.0019230769230769232 0.6187499230247576 -0.04205206350017309 0.2793695434650578 0 0 0
0.0019230769230769232 -0.1995808675902688 -0.2235793548388069 -0.5628993836520716 0 0 0
0.0019230769230769232 -0.1023482912633892 0.3186566936014288 -0.5598807854496919 0 0 0
0.0019230769230769232 -0.024389596727621397 0.6036507912032666 -0.07638051196348726 0 0 0
0.0019230769230769232 -0.06914546202611817 -0.5617785367523742 -0.2040363395512489 0 0 0
0.0019230769230769232 0.10003294447654577 0.0239696414952907 -0.5120503438259193 0 0 0
0.0019230769230769232 -0.11008998545633188 0.34607992837368096 0.1260337812574181 0 0 0
0.0019230769230769232 -0.013106015081015833 0.027327279173764266 0.020099087370835537 0 0 0
0.0019230769230769232 -0.03496604176782624 -0.23498924463130288 -0.3797516349144151 0 0 0
0.0019230769230769232 -0.026523398821615397 0.3033926753219433 0.25782488466994335 0 0 0
0.0019230769230769232 0.21612033354203208 -0.004175009022303417 -0.5655924699562344 0 0 0
0.0019230769230769232 0.19399069107357197 0.45954974143515154 -0.036198025379181445 0 0 0
0.0019230769230769232 0.25332426342948433 -0.2854819472864689 -0.15545395643298388 0 0 0
0.0019230769230769232 -0.4029365627044174 -0.18680002133615234 -0.5122602836463508 0 0 0
0.0019230769230769232 0.15743445103545664 -0.0687324555717033 -0.30395712979246386 0 0 0
0.0019230769230769232 -0.12647655954894133 -0.37598938250678243 0.4931895327963668 0 0 0
0.0019230769230769232 0.279377436349225 -0.47755964491223096 -0.08426328927706489 0 0 0
0.0019230769230769232 -0.10361752750647976 -0.4887924775281733 -0.3852319109018495 0 0 0
0.0019230769230769232 0.13093408548103352 -0.15289502596477852 -0.16890201280794898 0 0 0
0.0019230769230769232 0.07161837191299292 0.5105207658085766 0.14727015640987323 0 0 0
0.0019230769230769232 -0.591342055516479 0.2072037822718498 -0.20035997253898635 0 0 0
0.0019230769230769232 0.5623388893116137 -0.05930049386612352 -0.3308326018974121 0 0 0
0.0019230769230769232 -0.052111346290164416 -0.574229426324172 0.0822356963847985 0 0 0
0.0019230769230769232 0.16228796449856778 0.39019930306586476 0.15282080588305083 0 0 0
0.0019230769230769232 0.10396399192126032 0.11359500415332192 -0.2854671290202175 0 0 0
0.0019230769230769232 0.3854759689675541 0.28821648782047166 -0.46698186582006485 0 0 0
0.0019230769230769232 0.04990212552068793 0.28195300570243165 -0.4215301028824221 0 0 0
0.0019230769230769232 0.4433011710949174 -0.449751531005688 -0.10898683040470773 0 0 0
0.0019230769230769232 -0.4915436700019968 -0.030413141583481143 -0.06962112782667686 0 0 0
0.0019230769230769232 -0.3129152627650339 -0.11976038622481171 0.6009835375881227 0 0 0
0.0019230769230769232 -0.23419740894177424 0.09764857850441072 -0.009662935638588757 0 0 0
0.0019230769230769232 0.18865639534677353 -0.5737265888775255 0.2594752596768683 0 0 0
0.0019230769230769232 -0.17717977342956456 -0.004139951201414395 0.3455007353145425 0 0 0
0.0019230769230769232 0.39247708233130724 -0.3520743757456802 0.2764164990040632 0 0 0
0.0019230769230769232 -0.14964249484367687 0.26702549613374366 -0.4285079280453896 0 0 0
0.0019230769230769232 -0.23015979553051968 0.17455802767582565 0.6078831167095727 0 0 0
0.0019230769230769232 -0.11510207100619335 -0.1746744580122671 0.3121719014035921 0 0 0
0.0019230769230769232 0.2348731570685941 0.4612402800234012 0.3650704213578523 0 0 0
0.0019230769230769232 0.370024630870839 0.026083822432553683 -0.4335923295455355 0 0 0
0.0019230769230769232 -0.29983378765183755 -0.2505318822244678 0.4742419262839762 0 0 0
0.0019230769230769232 -0.17661936781948093 0.3969573339991084 0.09655124896916568 0 0 0
0.0019230769230769232 -0.5076016171031951 -0.3215112943936943 0.3241536698347399 0 0 0
0.0019230769230769232 0.11453077246336568 -0.40320743154229727 -0.18740676774978973 0 0 0
0.0019230769230769232 -0.11015096307446123 0.44508170989735785 0.19090272134329667 0 0 0
0.0019230769230769232 0.36902804490502844 0.32384737512212214 -0.04119350136578865 0 0 0
0.0019230769230769232 -0.19299694908209894 0.5208784686689152 0.11855080079860025 0 0 0
0.0019230769230769232 0.41077307112538536 -0.09902318629183027 0.3061317893168806 0 0 0
0.0019230769230769232 -0.15978232664336392 0.44461583255813514 -0.4510728632771581 0 0 0
0.0019230769230769232 -0.6581791941329923 -0.04530724688128818 -0.1620655098898304 0 0 0
0.0019230769230769232 0.13532739776001956 -0.31681880139291196 -0.016134818488292117 0 0 0
0.0019230769230769232 0.6285717883726561 -0.15785822697126115 -0.09967317913322936 0 0 0
0.0019230769230769232 0.40412491364646735 0.21062294856108804 -0.37025239727137577 0 0 0
0.0019230769230769232 0.044304738587893855 0.2510831933603377 0.1740818793305967 0 0 0
0.0019230769230769232 0.0873231323500115 0.15438166899036648 0.2911526515331756 0 0 0
0.0019230769230769232 -0.2323038561308252 0.00875122266185948 0.48956008038145177 0 0 0
0.0019230769230769232 0.2792020379418778 0.1474267009934678 -0.6117236698315038 0 0 0
0.0019230769230769232 -0.35073414609646086 -0.028122570883253917 -0.48878522643273825 0 0 0
0.0019230769230769232 -0.040820163314351926 0.1587187949984612 -0.009325141988276693 0 0 0
0.0019230769230769232 -0.3308725585038763 -0.07575931150446621 0.34502715181084653 0 0 0
0.0019230769230769232 -0.5363603551924375 -0.12719567942778928 0.21186407973275448 0 0 0
0.0019230769230769232 0.4023550902228103 0.38536100439403503 -0.09492582065118613 0 0 0
0.0019230769230769232 -0.19631020391340245 0.057988346334915765 0.271600290946271 0 0 0
0.0019230769230769232 -0.46623882962373464 -0.07695838080943153 0.36621350544931336 0 0 0
0.0019230769230769232 0.3912620256883531 -0.22814597542243908 0.4379676647218674 0 0 0
0.0019230769230769232 0.19441440805472324 0.059050134918697726 0.42179180856968806 0 0 0
0.0019230769230769232 0.06316827992681508 -0.31795528271407736 -0.2489873155984116 0 0 0
0.0019230769230769232 0.049642934684566785 0.19114618228588637 0.17144622221114203 0 0 0
0.0019230769230769232 -0.33651142679181506 -0.1961042295109891 -0.2466904920502402 0 0 0
0.0019230769230769232 -0.1060967343713993 0.2052464428230834 0.6048389983032907 0 0 0
0.0019230769230769232 0.23034547699886965 -0.018569394440140313 0.5363896204002224 0 0 0
0.0019230769230769232 0.2843330015586981 -0.42538130832870324 0.08890748980339241 0 0 0
0.0019230769230769232 -0.38001486850400507 0.5153749493027102 -0.06028822336618082 0 0 0
0.0019230769230769232 -0.2203884187887898 0.15577554389973366 0.0939079232735371 0 0 0
0.0019230769230769232 -0.39808834452110453 0.19072366665703464 0.18768328998574757 0 0 0
0.0019230769230769232 -0.47716725528543 0.15710327797436577 -0.008601614889449204 0 0 0
0.0019230769230769232 0.10294923527430079 0.33038225682526073 -0.29501624746516236 0 0 0
0.0019230769230769232 0.27899220841013284 0.16198250346911092 -0.6060574165205923 0 0 0
0.0019230769230769232 -0.5550920298046235 0.1473707447338526 -0.35088021142575604 0 0 0
0.0019230769230769232 -0.5054656157968836 0.1210307123908761 -0.29393235931004813 0 0 0
0.0019230769230769232 -0.08739161345071156 -0.27439879416315477 -0.3249523745709547 0 0 0
0.0019230769230769232 -0.3591676688138885 0.12607095899924534 0.055073554946826274 0 0 0
0.0019230769230769232 -0.16637702617305178 0.043913517920281836 -0.39269089356904946 0 0 0
0.0019230769230769232 -0.21444761594109246 0.2519203514571793 -0.12720094174462715 0 0 0
0.0019230769230769232 -0.10071061722413323 -0.22071011940449103 -0.364267610077072 0 0 0
0.0019230769230769232 0.4073674358209875 0.02770614219552575 0.21010740379851034 0 0 0
0.0019230769230769232 0.31446181427240716 0.1085909298347263 0.520610422744916 0 0 0
0.0019230769230769232 -0.2741907985663285 -0.030636689230863726 0.20487051140773013 0 0 0
0.0019230769230769232 0.07791623869173225 0.26995573842589576 0.04512709993786238 0 0 0
0.0019230769230769232 -0.13884506921435305 0.6551858130423597 -0.045942805459862616 0 0 0
0.0019230769230769232 -0.1710223843505283 -0.35573375484886904 0.3153346814546289 0 0 0
0.0019230769230769232 -0.41899059627591856 -0.17256627483687878 -0.34492869149619493 0 0 0
0.0019230769230769232 -0.3408250344727801 -0.38726619435238135 -0.29421138506854955 0 0 0
0.0019230769230769232 -0.408819177391039 0.08184357275971994 0.17265395822293694 0 0 0
0.0019230769230769232 -0.3590142416696624 0.2694675649447191 -0.2697552479605774 0 0 0
0.0019230769230769232 -0.32941058538853435 -0.4835799134475506 0.04179473785609107 0 0 0
0.0019230769230769232 -0.022570179147146662 0.016140795182954595 0.47907234639035606 0 0 0
0.0019230769230769232 0.03119708203131972 0.5268947431335884 -0.0698400171896037 0 0 0
0.0019230769230769232 -0.5133220205247084 -0.06270336696625772 0.3967568674164819 0 0 0
0.0019230769230769232 0.31443027267952117 0.15196848380489955 -0.2427812402016484 0 0 0
0.0019230769230769232 0.4231801921266959 0.32779631643407503 0.4008828013577655 0 0 0
0.0019230769230769232 -0.43786249611449246 0.15705348224420823 -0.33343430834242654 0 0 0
0.0019230769230769232 -0.3737725736033904 -0.12797583535429016 -0.05405415082751245 0 0 0
0.0019230769230769232 -0.2540593578386712 0.5830161048466437 0.19945986298538226 0 0 0
0.0019230769230769232 -0.1359810847729213 -0.01706817119243368 -0.2500373586410807 0 0 0
0.0019230769230769232 0.21987102181062007 -0.2492520179216596 0.42381996303985453 0 0 0
0.0019230769230769232 0.2525105717531539 0.2500424477226598 0.12168365359537733 0 0 0
0.0019230769230769232 -0.4636568262707917 -0.25746071480826177 0.44315645434036044 0 0 0
0.0019230769230769232 -0.4336278354406347 0.11622197263619366 -0.42574478642847774 0 0 0
0.0019230769230769232 -0.0824713168429814 -0.48480680368143314 -0.017841178810728102 0 0 0
0.0019230769230769232 0.4037627451340971 0.3259464965470549 0.05906833656207828 0 0 0
0.0019230769230769232 -0.11613563236140519 -0.20255548021019368 -0.2158789984514971 0 0 0
0.0019230769230769232 -0.4640928428055468 -0.26242421960062134 0.37940555772889845 0 0 0
0.0019230769230769232 -0.0950038414075512 0.012159009803414866 0.06642830710800932 0 0 0
0.0019230769230769232 -0.13333734316349988 -0.042988150461071795 0.6132555425748984 0 0 0
0.0019230769230769232 -0.5179600090580219 -0.07055967296549501 -0.4489457274370233 0 0 0
0.0019230769230769232 -0.2059865750066321 -0.4786191647781883 -0.03481225836272157 0 0 0
0.0019230769230769232 0.39836356553266755 -0.07388625265421764 -0.15926654119888445 0 0 0
0.0019230769230769232 -0.07099480269772276 -0.0765343618269838 0.12981229673090075 0 0 0
0.0019230769230769232 0.26304567252144767 -0.20168859386330296 0.07800239139699426 0 0 0
0.0019230769230769232 -0.029569398962140826 -0.48122845451532065 -0.3337008309170212 0 0 0
0.0019230769230769232 0.5237242962195298 -0.4063614220574779 -0.09560634017794266 0 0 0
0.0019230769230769232 -0.23271030928037154 -0.27583966057200193 -0.3215516092564547 0 0 0
0.0019230769230769232 -0.28897785880221066 0.022851108820562637 -0.0036573112862481973 0 0 0
0.0019230769230769232 0.08303555178839928 0.24674425581424203 -0.17620186816321629 0 0 0
0.0019230769230769232 -0.036878381750115645 0.19700671391719415 -0.654457428935108 0 0 0
0.0019230769230769232 0.04575455262373081 0.2691378604524003 -0.23650312804953166 0 0 0
0.0019230769230769232 0.2884062071464874 0.14988589098240057 0.3926343846936174 0 0 0
0.0019230769230769232 0.3711260272355805 0.3720328908554485 0.08790452678347459 0 0 0
0.0019230769230769232 0.5872446518964949 -0.08101316993680364 -0.2985748077876174 0 0 0
0.0019230769230769232 0.04866710337197941 -0.2528053160554454 -0.26357811314100227 0 0 0
0.0019230769230769232 0.2115614287024771 -0.08981508651199827 -0.41310693874209575 0 0 0
0.0019230769230769232 -0.20656066948601834 -0.3100582725564974 0.4526624687030707 0 0 0
0.0019230769230769232 -0.3056678372653666 -0.23186103700631888 -0.08390814572750598 0 0 0
0.0019230769230769232 0.14787606831135985 -0.46072944315853004 -0.3090667205612941 0 0 0
0.0019230769230769232 -0.14490972698385637 -0.4123107973632068 0.11278746001955682 0 0 0
0.0019230769230769232 0.2236202058087539 0.1435110189731419 0.3726253550541876 0 0 0
0.0019230769230769232 -0.011090458906476088 0.2882220800483106 -0.4419810180167389 0 0 0
0.0019230769230769232 -0.33583588325839353 0.026529693750382895 0.3919724154804592 0 0 0
0.0019230769230769232 -0.4903688079552272 0.12282669784553979 -0.1831919823340997 0 0 0
0.0019230769230769232 0.10999296337707047 0.13119514505391716 0.08928020976086173 0 0 0
0.0019230769230769232 -0.5552664755089697 -0.07798585712804004 -0.06633954585892464 0 0 0
0.0019230769230769232 -0.45591361799038993 0.21126380115263535 -0.05913328615491299 0 0 0
0.0019230769230769232 -0.16503048341215398 -0.35460949825968424 -0.1300631108150438 0 0 0
0.0019230769230769232 -0.3044453312813921 0.1991344106858501 0.28666242613275983 0 0 0
0.0019230769230769232 -0.2718214329779034 -0.13665656807000012 -0.6184810674883517 0 0 0
0.0019230769230769232 -0.2831417622904321 -0.21627340945826348 -0.15760906269023656 0 0 0
0.0019230769230769232 -0.38351155177985713 -0.29984435854364094 0.09066846702700307 0 0 0
0.0019230769230769232 -0.12237246589117234 0.3768857466271714 0.35056310012753683 0 0 0
0.0019230769230769232 -0.3090320320058239 -0.12791984297916048 -0.47150470114757986 0 0 0
0.0019230769230769232 -0.19570468017526393 -0.5737250164859936 -0.2074329786397657 0 0 0
0.0019230769230769232 0.07333465548407128 0.43442521809390183 0.4642063669434319 0 0 0
0.0019230769230769232 -0.4687911222585245 -0.24249389591124132 -0.4363193133057456 0 0 0
0.0019230769230769232 -0.549361353309744 0.3566887613569202 0.032651398857522364 0 0 0
0.0019230769230769232 -0.5313870179622706 -0.23702875136360765 0.30967304395301687 0 0 0
0.0019230769230769232 0.5980254627792485 0.10954341785664741 0.16157795011458 0 0 0
0.0019230769230769232 0.38871576379738987 0.2664439856817604 -0.2506384784547563 0 0 0
0.0019230769230769232 0.35573571705800466 -0.13016700776735246 0.1808273386465128 0 0 0
0.0019230769230769232 0.26529826219798425 -0.19334384934635454 0.13385958173083415 0 0 0
0.0019230769230769232 0.5711404160396634 0.20115587459759376 -0.12725130054988837 0 0 0
0.0019230769230769232 0.03405429507015206 -0.17345325909617557 -0.07841992238241198 0 0 0
0.0019230769230769232 0.0027604827758083914 0.03247935551178428 0.32761894487803683 0 0 0
0.0019230769230769232 0.12385761278447925 -0.3314580808300165 -0.024963247895942894 0 0 0
0.0019230769230769232 0.33108384600042745 0.012483296387333132 0.1469680833781452 0 0 0
0.0019230769230769232 -0.41975312909366774 -0.01992085151783214 -0.3058087591185383 0 0 0
0.0019230769230769232 -0.4956371661886706 0.33311341972393455 -0.01851893753073908 0 0 0
0.0019230769230769232 0.3344171663364987 -0.020718828405731343 0.38232031669280103 0 0 0
0.0019230769230769232 -0.1960272099294822 -0.39517490361884344 0.32019630864865184 0 0 0
0.0019230769230769232 -0.183885127367076 0.1806368768468082 0.5787489986274295 0 0 0
0.0019230769230769232 0.14757712855607966 -0.504288378305655 0.12887713960841946 0 0 0
0.0019230769230769232 0.17479359781034526 0.029289142471531655 0.13358233892281385 0 0 0
0.0019230769230769232 -0.3326650892416557 0.5327650942036801 -0.15817910450696943 0 0 0
0.0019230769230769232 -0.5177281817809373 -0.02095642634315078 0.07152699075274395 0 0 0
0.0019230769230769232 0.5127753271050777 -0.08684708557377056 0.4113030987892886 0 0 0
0.0019230769230769232 -0.6070348260271946 -0.20970995362175607 0.2049599621591088 0 0 0
0.0019230769230769232 -0.09972494382293062 -0.57669097264675 0.1962634194396579 0 0 0
0.0019230769230769232 -0.3722675788788821 -0.014785684302131471 0.19986774950587413 0 0 0
0.0019230769230769232 0.20967749902188954 -0.37135798530328096 -0.1832595712360666 0 0 0
0.0019230769230769232 -0.09615101429341194 -0.23255199016869005 -0.36122824676098203 0 0 0
0.0019230769230769232 -0.5101291316311468 0.1992125085261077 -0.342086043872852 0 0 0
0.0019230769230769232 0.29148740047832233 -0.33904186052356444 0.23641628874356915 0 0 0
0.0019230769230769232 0.06781904028204419 -0.06597435368168843 -0.12516957435716244 0 0 0
0.0019230769230769232 0.2881276312799284 -0.43954713577911375 0.3848299750053836 0 0 0
0.0019230769230769232 -0.09990084101757925 -0.07230494072361564 0.5190170665817495 0 0 0
0.0019230769230769232 0.29901516990187177 0.5319827020452715 0.24481546903706483 0 0 0
0.0019230769230769232 -0.10330468537924149 -0.32660292141869024 -0.44122142674454806 0 0 0
0.0019230769230769232 -0.3941101486586298 0.25927995234771295 0.02926281971234151 0 0 0
0.0019230769230769232 -0.21443285957918792 0.4847595413759284 -0.34750646363419363 0 0 0
0.0019230769230769232 -0.49210746793197735 -0.46834489120215644 -0.10228245632974547 0 0 0
0.0019230769230769232 -0.25146034645320003 -0.43791389042915935 0.3242611968877123 0 0 0
0.0019230769230769232 0.5804670365488662 -0.1504045912263409 0.3324186353577975 0 0 0
0.0019230769230769232 -0.11558733054150248 0.4218571964341391 0.4593236241098277 0 0 0
0.0019230769230769232 0.1822228799443175 -0.19074322374561706 -0.1684520732492079 0 0 0
0.0019230769230769232 0.19630576723568197 0.1621446197831301 -0.2904628186218435 0 0 0
0.0019230769230769232 0.32335161347232555 -0.43806603912432995 0.38302141931748096 0 0 0
0.0019230769230769232 -0.0033595057693709203 -0.5873249270910218 -0.25343658165539384 0 0 0
0.0019230769230769232 0.017958289914253803 0.3767565917127233 0.3001400665229476 0 0 0
0.0019230769230769232 0.19857817833399788 -0.0339872022622854 -0.5342457453758273 0 0 0
0.0019230769230769232 -0.027086869548133583 -0.34385940343184757 -0.42335361111987635 0 0 0
0.0019230769230769232 -0.19782028442243266 0.03987651033049865 -0.1912247039679792 0 0 0
0.0019230769230769232 -0.5749575472340239 0.13969387920148826 0.1114416535048538 0 0 0
0.0019230769230769232 0.12334195287836744 -0.12287684468522683 0.6405771044132321 0 0 0
0.0019230769230769232 -0.18595074159166902 -0.07580310170618351 0.10180112407390787 0 0 0
0.0019230769230769232 0.3962981184868604 0.14534205534200387 -0.38887711411874165 0 0 0
0.0019230769230769232 -0.042162986638239745 0.4550895209753786 -0.27176205586871666 0 0 0
0.0019230769230769232 -0.4566199579071687 -0.15120301163889918 -0.1906313330660488 0 0 0
0.0019230769230769232 -0.013524039537104066 -0.5634305166896071 0.08916364691682742 0 0 0
0.0019230769230769232 -0.10437416759465129 -0.08046035709511437 0.16335987282744807 0 0 0
0.0019230769230769232 -0.33353468741908654 -0.031977297282723915 0.49926150090977994 0 0 0
0.0019230769230769232 -0.27348065858939963 0.10295428437621612 -0.5276871720703498 0 0 0
0.0019230769230769232 -0.014730461598802935 -0.44539214110496395 0.39311013248718474 0 0 0
0.0019230769230769232 0.10275416930853122 0.04338119818941063 0.37502772502894305 0 0 0
0.0019230769230769232 -0.26849418899906874 0.12068662416141443 -0.5517031527112093 0 0 0
0.0019230769230769232 -0.36310990880228505 -0.3392464595287757 -0.17033395441175084 0 0 0
0.0019230769230769232 0.4067790362124779 0.2800447694437406 -0.4748454098706629 0 0 0
0.0019230769230769232 -0.18753817063931993 -0.4460163356516661 0.09457514236872436 0 0 0
0.0019230769230769232 0.4609256681711045 -0.07850431201376727 -0.49438696760898176 0 0 0
0.0019230769230769232 -0.21495900885032845 -0.29562633861743853 0.10719763288229417 0 0 0
0.0019230769230769232 -0.5704634666686861 0.38405661441523653 -0.02531335744432162 0 0 0
0.0019230769230769232 -0.11274428465523743 -0.09201114834187028 -0.426160225864368 0 0 0
0.0019230769230769232 0.21941486554606243 0.15901641002152275 0.05354032003178389 0 0 0
0.0019230769230769232 0.43597025090643005 -0.19806313377446025 -0.08351385957389254 0 0 0
0.0019230769230769232 0.15608731216410532 -0.04330748310662669 0.21647635551056185 0 0 0
0.0019230769230769232 -0.20216672437281608 -0.030657776873170138 -0.5249470798630841 0 0 0
0.0019230769230769232 -0.0910927488263685 -0.5228538994880714 -0.13241513403186506 0 0 0
0.0019230769230769232 0.5737892307497596 -0.2876039533896895 -0.16025730729764923 0 0 0
0.0019230769230769232 0.24934687604401737 -0.010543677157672684 -0.41091186210210007 0 0 0
0.0019230769230769232 -0.5419495261625389 -0.09259821376264488 -0.08366351699526843 0 0 0
0.0019230769230769232 -0.39618900805645874 0.19627422187285723 0.03357531650106761 0 0 0
0.0019230769230769232 0.11265519013943494 0.19604812947914915 0.40476056712462444 0 0 0
0.0019230769230769232 0.2482209049674955 0.35942557908916445 0.2731977511691318 0 0 0
0.0019230769230769232 -0.6220384625260175 -0.12154243693385147 -0.14899965250993072 0 0 0
0.0019230769230769232 0.13082598173341148 0.4861391221306471 -0.17640301970636266 0 0 0
0.0019230769230769232 -0.22222580574316225 -0.18344008437870607 0.48471571298953176 0 0 0
0.0019230769230769232 0.10624988926072894 0.4443346626655553 -0.18885693086236838 0 0 0
0.0019230769230769232 -0.4918398283783646 0.10959148681544736 -0.031564771123248105 0 0 0
0.0019230769230769232 0.32158411201888976 -0.3688337751283103 -0.3501720803697597 0 0 0
0.0019230769230769232 -0.31734025744408334 -0.3687280198790079 -0.2827621665330598 0 0 0
0.0019230769230769232 0.11015360711468167 0.002310767947218475 -0.5667084399712962 0 0 0
0.0019230769230769232 -0.06592368363993151 0.5558976119375084 0.11284016484854616 0 0 0
0.0019230769230769232 -0.5222735357785172 0.25274677768651127 -0.12730574311460388 0 0 0
0.0019230769230769232 -0.18417604436986457 -0.4699111350971236 -0.009421420088304168 0 0 0
0.0019230769230769232 -0.04183701244012409 0.38232079733920366 0.2167349216753318 0 0 0
0.0019230769230769232 0.19262808691662642 0.2380067221256258 -0.3415764843817861 0 0 0
0.0019230769230769232 -0.16198286813910806 -0.06676954592491238 0.40843177547918263 0 0 0
0.0019230769230769232 -0.22293531343597223 -0.44708422694107575 -0.40753748673847534 0 0 0
0.0019230769230769232 -0.31941540343209734 0.2212891310438124 -0.46196186888094704 0 0 0
0.0019230769230769232 0.24806230269170937 0.32749532816126575 0.2219324121581704 0 0 0
0.0019230769230769232 0.3152079754278493 -0.5947772837912264 -0.08471392185110807 0 0 0
0.0019230769230769232 -0.41516824791183643 0.21029826336453247 -0.11186649902713666 0 0 0
0.0019230769230769232 -0.5143617038465383 -0.0663898929171232 0.10397796741548507 0 0 0
0.0019230769230769232 -0.43233455312101965 0.1747541976218976 -0.34582289536789645 0 0 0
0.0019230769230769232 0.3816290805339459 0.37313429700302014 -0.0586754562215332 0 0 0
0.0019230769230769232 -0.44228706432147974 -0.20266586246307786 -0.21682407516346489 0 0 0
0.0019230769230769232 -0.2148761837359792 0.16252345852136785 -0.39138347906541054 0 0 0
0.0019230769230769232 -0.11067830769312798 0.39141166529026206 0.37584555407574166 0 0 0
0.0019230769230769232 0.37905033481473144 0.10148588247301547 -0.5161183990730002 0 0 0
0.0019230769230769232 -0.38487299478657755 -0.045989078240648504 -0.19976598948523586 0 0 0
0.0019230769230769232 0.6025250801989833 -0.07955808820250639 -0.03512522433251685 0 0 0
0.0019230769230769232 0.3158936572904931 0.031755405393102724 -0.31851917601162894 0 0 0
0.0019230769230769232 0.22438946961877934 0.3917501999737023 0.011838010366333753 0 0 0
0.0019230769230769232 -0.5087610073937359 -0.037281752575279256 0.3145832781641776 0 0 0
0.0019230769230769232 0.5983939216471528 -0.04095042222411322 -0.08354308502202251 0 0 0
0.0019230769230769232 0.39094664433104853 -0.1884967173403575 0.20191652685675762 0 0 0
0.0019230769230769232 -0.40397101045172945 0.3196245851738734 -0.020687227321491 0 0 0
0.0019230769230769232 0.028707621036716355 -0.030683326134513196 0.4161559689154944 0 0 0
0.0019230769230769232 0.0029387651535340113 -0.3454469791804829 0.3582833093548549 0 0 0
0.0019230769230769232 -0.3031760164483451 0.2517901873441483 0.06872036860321037 0 0 0
0.0019230769230769232 -0.10686126953044646 -0.4929581380622531 0.41473722394642776 0 0 0
0.0019230769230769232 -0.04471919470135292 0.6595034070719429 0.18357943979222463 0 0 0
0.0019230769230769232 -0.11494307348411388 0.21490373825365303 -0.42183972212234067 0 0 0
0.0019230769230769232 0.2958475603374178 0.20885393948714706 -0.07908835992615558 0 0 0
0.0019230769230769232 0.3120125899251627 0.5674173178946277 -0.20275043089579675 0 0 0
0.0019230769230769232 0.2547263338919518 0.4221720255933891 -0.10876040730018359 0 0 0
0.0019230769230769232 0.3614823117058772 0.2316998043987585 -0.21001577466961807 0 0 0
0.0019230769230769232 -0.513658509814777 0.06345560701543244 -0.4300186155111385 0 0 0
0.0019230769230769232 0.3790481722283603 -0.09546143819575244 0.3292207134484285 0 0 0
0.0019230769230769232 0.11571138920677695 0.2860821037284734 0.06517071811325657 0 0 0
0.0019230769230769232 0.1513086032477839 -0.5506880573743964 -0.17518757823202175 0 0 0
0.0019230769230769232 -0.1288860139388943 -0.4281257990269791 -0.4830808858682258 0 0 0
0.0019230769230769232 -0.1573612990297692 0.10040424076889524 -0.15314503154107 0 0 0
0.0019230769230769232 -0.04515503065061637 -0.40481572158256995 -0.315197270455439 0 0 0
0.0019230769230769232 -0.21530165015514605 0.4583758603209519 -0.4559743591483961 0 0 0
0.0019230769230769232 -0.4399218321549123 0.06831819660808015 -0.4509154919413161 0 0 0
0.0019230769230769232 -0.25266087368605344 0.3493297480145063 0.15315370817463286 0 0 0
0.0019230769230769232 -0.04080387795081384 0.08040168815832004 0.20906414993309166 0 0 0
0.0019230769230769232 -0.4866343129162317 0.15822984834076811 -0.46384803185961826 0 0 0
0.0019230769230769232 0.3425900580393404 0.01932144873671709 0.027959042453204408 0 0 0
0.0019230769230769232 -0.29105313425460455 -0.31668562812834233 0.4472109399993056 0 0 0
0.0019230769230769232 0.4741232758255127 -0.46279662706407637 0.04281570615733289 0 0 0
0.0019230769230769232 0.08659703438202573 -0.36159672555662115 0.10399158915676848 0 0 0
0.0019230769230769232 -0.41635654779116177 0.41961438623462416 0.016039079204293323 0 0 0
0.0019230769230769232 -0.20713889893060733 0.22083443171650033 0.2800976215946546 0 0 0
0.0019230769230769232 -0.14588381456516733 0.26534328475441554 -0.09060236068092072 0 0 0
0.0019230769230769232 0.04358593269094551 0.5476533308898017 0.1754127007825143 0 0 0
0.0019230769230769232 0.6111441728017335 -0.1819927747490534 -0.007820088155545461 0 0 0
0.0019230769230769232 -0.3987955012075066 0.22807659430841593 -0.1039138758074968 0 0 0
0.0019230769230769232 -0.16696364635725716 0.11185832066548379 0.38095816751929035 0 0 0
0.0019230769230769232 0.5042762669940806 -0.31953805847489425 -0.2646947006292998 0 0 0
0.0019230769230769232 0.16741148806512773 0.15428787189683402 -0.41176122599422155 0 0 0
0.0019230769230769232 0.015432655652823951 -0.5857898453453757 0.278130186728287 0 0 0
0.0019230769230769232 -0.1051816195710518 0.13761478434924895 -0.0009037150603553771 0 0 0
0.0019230769230769232 0.30405188326665683 0.4497346806842069 0.07534185039216176 0 0 0
0.0019230769230769232 0.43930839132224064 -0.21490364790819835 -0.45050959140185215 0 0 0
0.0019230769230769232 -0.45774442536601295 0.17817440182188152 -0.20422107342765203 0 0 0
0.0019230769230769232 0.6176937288932512 0.21241994555134258 -0.13961092171752107 0 0 0
0.0019230769230769232 0.33303055219987204 0.13414454095301306 0.5909575623842631 0 0 0
0.0019230769230769232 -0.18871889568919775 -0.1768032994231955 -0.3357417545830512 0 0 0
0.0019230769230769232 0.3188194326999983 0.1103805950637938 0.03196350674731548 0 0 0
0.0019230769230769232 0.6131123791131359 -0.003764420418630548 -0.19510103818491678 0 0 0
0.0019230769230769232 0.17702188115596226 -0.12138794477738885 0.018333701516401932 0 0 0
0.0019230769230769232 0.44989451109167966 0.12607437077488867 0.18077828796429704 0 0 0
0.0019230769230769232 -0.07773109352986013 -0.5067364323585174 -0.10927878413813362 0 0 0
0.0019230769230769232 -0.5107724088955535 0.09553640214605523 -0.04707143825812321 0 0 0
0.0019230769230769232 0.47339635243136413 0.17761370534519683 0.26117832823897624 0 0 0
0.0019230769230769232 0.07437776899142186 -0.10017054738557336 0.23211886641980828 0 0 0
0.0019230769230769232 -0.0863324744713854 0.6203009484529773 0.11825798030414875 0 0 0
0.0019230769230769232 0.16829283343138962 -0.04766823413133429 0.5368774373653395 0 0 0
0.0019230769230769232 0.22279406522109907 -0.3560281780063412 -0.24484724736786395 0 0 0
0.0019230769230769232 -0.08847326355309541 -0.41687556568904066 0.12789668761823045 0 0 0
0.0019230769230769232 0.5324225509297602 -0.38585960974296635 0.0013051447363181278 0 0 0
0.0019230769230769232 0.10491222349100411 -0.5928804884120374 -0.06805346642392562 0 0 0
0.0019230769230769232 -0.2636403683908876 0.0031626950541117343 0.5196204564139966 0 0 0
0.0019230769230769232 -0.40669258261785557 0.2649902535216927 -0.13143778958387392 0 0 0
0.0019230769230769232 -0.4461219005616656 -0.2149517493788326 0.26340137796343016 0 0 0
0.0019230769230769232 0.5533809764483101 0.28471523164434265 -0.18829142518705022 0 0 0
0.0019230769230769232 0.04218517129438451 -0.06391115052431164 -0.08720963909883961 0 0 0
0.0019230769230769232 0.4031958561221051 0.28168803978003665 -0.29649356671425325 0 0 0
0.0019230769230769232 -0.016249215192087017 -0.23189540601013617 0.24095267697403347 0 0 0
0.0019230769230769232 0.13442362271124872 -0.35799277768324955 -0.05182191248444818 0 0 0
0.0019230769230769232 -0.3069637259388686 0.24918075395806796 0.045465110887791545 0 0 0
0.0019230769230769232 -0.22924762289468137 0.11114384051789897 0.033513142770020994 0 0 0
0.0019230769230769232 0.054786224351452875 0.07938306800100041 0.13114947778063457 0 0 0
0.0019230769230769232 -0.4294971004984639 0.13733373245561112 -0.2849041906126186 0 0 0
0.0019230769230769232 0.07935895397598133 -0.2516225051712554 -0.14650752609345996 0 0 0
0.0019230769230769232 0.04267387137337373 0.44251438133750143 -0.2908190007276668 0 0 0
0.0019230769230769232 0.05233370971017102 0.4513664050575635 -0.42840016188465274 0 0 0
0.0019230769230769232 0.03774568677125716 0.5524046839290541 -0.36175651619681426 0 0 0
0.0019230769230769232 0.31228702253692275 -0.13714656710990447 -0.14974444904991854 0 0 0
0.0019230769230769232 0.4193714774200752 -0.22346975046402068 -0.03350040385463804 0 0 0
0.0019230769230769232 0.14284003960422806 -0.21449344425690553 -0.1675606510796785 0 0 0
0.0019230769230769232 -0.17346675986917393 -0.37022141392882896 0.43995577418050424 0 0 0
0.0019230769230769232 -0.18187215155700215 0.11185559128090299 -0.5996504798358563 0 0 0
0.0019230769230769232 0.5514468456730421 -0.19675884858942433 0.2478704810847492 0 0 0
0.0019230769230769232 -0.00488834338034104 0.08387063948416028 0.6450662761466782 0 0 0
0.0019230769230769232 -0.3165836739067727 -0.32309177556187096 -0.28114246801117543 0 0 0
0.0019230769230769232 -0.49003159183427525 0.27315345561698867 0.010584613433041271 0 0 0
0.0019230769230769232 0.30633276833659673 -0.5937609010569275 0.1615610146117925 0 0 0
0.0019230769230769232 0.30862782003275196 0.013796824011212934 0.4149888473113899 0 0 0
0.0019230769230769232 -0.10253137562621693 0.6131836727569878 0.24865201928437042 0 0 0
0.0019230769230769232 -0.034809775677783227 0.6348977528558668 0.17163399601896337 0 0 0
0.0019230769230769232 0.26848912799748 -0.07945323891739743 0.4181933652234604 0 0 0
0.0019230769230769232 -0.5217509775413434 0.13895075704477783 -0.00556403839985701 0 0 0
0.0019230769230769232 0.035441342072041845 -0.14814390890529894 0.4097115396087278 0 0 0
0.0019230769230769232 0.2284030207507312 -0.5721132169609633 0.30489787539144986 0 0 0
0.0019230769230769232 -0.14366001307314202 0.3536554772924419 0.3522175775227755 0 0 0
0.0019230769230769232 0.15709807799411116 -0.3365408344831191 -0.20197248473065446 0 0 0
0.0019230769230769232 -0.1132966903437037 0.4260617488908586 -0.028713800721969454 0 0 0
0.0019230769230769232 0.295685959573045 -0.5277859277606366 0.06038418045051828 0 0 0
0.0019230769230769232 -0.3934488673065733 -0.28177590614970965 -0.2053033912553789 0 0 0
0.0019230769230769232 -0.37333022429152624 -0.11220417401792757 -0.369380016499723 0 0 0
0.0019230769230769232 0.186673384651032 0.2833694322611938 0.5403688334397746 0 0 0
0.0019230769230769232 0.3526879856801923 0.03894843086813664 -0.0021277354944517785 0 0 0
0.0019230769230769232 0.17663902048029964 -0.0373503617289659 0.059074388122668214 0 0 0
0.0019230769230769232 0.2822007273554313 0.4417635732440502 0.15868281402946058 0 0 0
0.0019230769230769232 -0.08664977690780033 -0.5618949373906689 0.368653258745817 0 0 0
0.0019230769230769232 -0.24621424863493008 -0.025917954762568553 0.642038828221847 0 0 0
0.0019230769230769232 -0.40582901102805563 0.10699579574300214 -0.503100751019981 0 0 0
0.0019230769230769232 -0.26878916599394814 0.049393800839360145 0.06061894336527327 0 0 0
0.0019230769230769232 0.43601659850756525 -0.2937742798660788 -0.08178361410950546 0 0 0
0.0019230769230769232 -0.486188012675894 0.04848831671470062 -0.1752343250723188 0 0 0
0.0019230769230769232 0.30008692705464035 0.3997234551654773 0.007327075979796325 0 0 0
0.0019230769230769232 -0.6555936001679668 0.054174531897768406 0.20088310066538043 0 0 0
0.0019230769230769232 -0.23586647409880748 -0.1962621603209745 -0.08129454205227375 0 0 0
0.0019230769230769232 -0.455551139055086 -0.3796747331167662 -0.040645207541411064 0 0 0
0.0019230769230769232 -0.36057727252340727 0.009275619222199495 0.1577458676885264 0 0 0
0.0019230769230769232 0.48756352592022517 0.028696397950729348 -0.04966668234233722 0 0 0
0.0019230769230769232 -0.09804030720091479 -0.5848142376866654 0.1401394261813986 0 0 0
0.0019230769230769232 -0.44592875333689685 0.24843705628273624 -0.18630237852987164 0 0 0
0.0019230769230769232 0.167083024664542 -0.5130863483927588 -0.36747280535347493 0 0 0
0.0019230769230769232 0.6673000845478533 0.04314019932688887 -0.052491123791271556 0 0 0
0.0019230769230769232 0.2694132762849405 0.34400188988027214 0.5288203242487403 0 0 0
0.0019230769230769232 0.42134527088953366 0.1723712296141734 -0.19115293783592388 0 0 0
0.0019230769230769232 0.23702221249005337 0.4804571953739361 -0.09739977210409191 0 0 0
0.0019230769230769232 -0.23068345158689751 -0.09316962279898582 0.5142882894649932 0 0 0
