120
0
0.008333333333333333 0.47396476086705036 -0.20321120384031646 -0.10973449320201706 0 0 0
0.008333333333333333 -0.28811510186278577 -0.5025736575455463 -0.056969680696526 0 0 0
0.008333333333333333 0.1938923951547015 -0.5566335466223726 0.14095273589219678 0 0 0
0.008333333333333333 0.10310627476276624 0.22937025326539381 0.29031237926218556 0 0 0
0.008333333333333333 -0.39125208345410073 -0.05996055294471789 -0.14434096493745532 0 0 0
0.008333333333333333 0.25086812159846034 0.05450694459805574 -0.23090507449647812 0 0 0
0.008333333333333333 0.017296188714806725 -0.2543654300855679 0.440096482541411 0 0 0
0.008333333333333333 -0.25847614989662965 0.25824217609757927 0.5150603589668705 0 0 0
0.008333333333333333 -0.3994985104372579 0.14066304476666444 -0.2704765097524878 0 0 0
0.008333333333333333 -0.0356247130759657 -0.26713549908146716 -0.4568594213901063 0 0 0
0.008333333333333333 -0.4518025615445417 -0.029036030799991997 0.19671157787213805 0 0 0
0.008333333333333333 -0.03425384712696828 -0.05485989037168429 -0.39718014632839116 0 0 0
0.008333333333333333 0.23836435866240022 -0.6155068469818304 0.18580392432784504 0 0 0
0.008333333333333333 -0.3088200461146415 0.1473456532217245 -0.5389642174503524 0 0 0
0.008333333333333333 -0.037748429939113225 -0.023409527223318603 0.29286388290028414 0 0 0
0.008333333333333333 0.5449073258577879 -0.007004939317558809 0.07242479951640034 0 0 0
0.008333333333333333 -0.24896177532648026 0.46331970697586766 0.32607277534524715 0 0 0
0.008333333333333333 0.31306167242556376 -0.44013342863760646 0.20122395869267362 0 0 0
0.008333333333333333 0.37066143053375084 0.510274047098419 -0.17024123401867447 0 0 0
0.008333333333333333 -0.4131811414005121 0.08777219082004883 -0.49346173883644245 0 0 0
0.008333333333333333 -0.12078452164265664 0.42128270487986624 0.029767583584235365 0 0 0
0.008333333333333333 0.2456720503788958 -0.08529291078653849 0.25257877852814004 0 0 0
0.008333333333333333 -0.19065433263568288 0.41992675467830737 0.1685494478044591 0 0 0
0.008333333333333333 -0.10405407457734239 1.4215736444930702e-05 0.36625707014393283 0 0 0
0.008333333333333333 0.3697623872467335 -0.33801976353588586 -0.3746837931005769 0 0 0
0.008333333333333333 -0.3479039115059545 -0.5727461405087884 -0.09734367816440745 0 0 0
0.008333333333333333 -0.1493931848072843 0.3676243557546082 -0.3039537585475848 0 0 0
0.008333333333333333 0.28248814836848946 -0.12009754542047316 -0.27086507735841303 0 0 0
0.008333333333333333 -0.299823863229988 -0.5383099280591 0.019574014004007684 0 0 0
0.008333333333333333 0.18222135038868695 0.1703644814624961 -0.5913516043097581 0 0 0
0.008333333333333333 -0.305488633371151 0.5874484974605853 0.12163141816807772 0 0 0
0.008333333333333333 0.2537241984377083 0.13989967243990334 0.6275958915865456 0 0 0
0.008333333333333333 0.37569496832988303 0.5171089167669147 -0.01564584931600322 0 0 0
0.008333333333333333 0.48645132827574256 0.06604327703861697 -0.1704232583751842 0 0 0
0.008333333333333333 0.5988920476919712 -0.03492250230356223 0.1774055579604529 0 0 0
0.008333333333333333 -0.21288677621225224 0.003612787406038488 0.4311395286405015 0 0 0
0.008333333333333333 0.05484646135651217 -0.4830804938717524 -0.328712143397024 0 0 0
0.008333333333333333 0.25417601645593285 0.5290745633067466 0.0432161864417189 0 0 0
0.008333333333333333 0.4267688589374133 0.060991332668194086 0.34897707622233787 0 0 0
0.008333333333333333 0.2934730644092037 0.19745068414463102 -0.031460508888230695 0 0 0
0.008333333333333333 -0.2816311274300077 -0.05975897735601899 -0.5670131131911118 0 0 0
0.008333333333333333 0.17579824642359648 0.221769900779124 0.4539792305681307 0 0 0
0.008333333333333333 0.43883708024450196 -0.22854089907073605 0.006129042987704937 0 0 0
0.008333333333333333 -0.15262354548598941 -0.4819627601162747 0.014615170141677658 0 0 0
0.008333333333333333 -0.3738481571809781 -0.1935099420919388 -0.46615149240680775 0 0 0
0.008333333333333333 -0.6290282478349115 0.1868770166618725 -0.08919742089054142 0 0 0
0.008333333333333333 -0.4345096696625403 -0.0983313373540852 0.2428358796246393 0 0 0
0.008333333333333333 0.03763930282033372 0.05903795430593717 0.03300112097309302 0 0 0
0.008333333333333333 0.6316721297847602 0.16675667353018372 -0.14756190184877524 0 0 0
0.008333333333333333 0.3633478308528421 0.2225952686626667 -0.5333013426222479 0 0 0
0.008333333333333333 -0.1598327735777792 -0.3286331500760739 -0.19324825824281153 0 0 0
0.008333333333333333 0.47101282368704694 0.3816762838001875 0.09982760546428747 0 0 0
0.008333333333333333 0.25203835532247076 -0.3943222431107018 0.14986884806746392 0 0 0
0.008333333333333333 0.5468527832311181 -0.09491916714435211 0.16649968181052585 0 0 0
0.008333333333333333 0.35547654302205495 -0.09337913575281082 0.1558588055980206 0 0 0
0.008333333333333333 0.4455917066175576 0.37050844353551615 -0.11375867807291605 0 0 0
0.008333333333333333 0.4362295706243933 0.16223035097134392 0.2861814577484669 0 0 0
0.008333333333333333 0.23486087958128404 0.23653953738689948 -0.6007555244253389 0 0 0
0.008333333333333333 -0.34441305345349493 0.29648690882241635 -0.14423612286783075 0 0 0
0.008333333333333333 -0.22527718900016944 0.42465347664901043 0.437318268001565 0 0 0
0.008333333333333333 0.33848261008261865 0.01331016775869097 0.19166141036337872 0 0 0
0.008333333333333333 -0.18182217361018857 0.07505417288819206 0.3751914417153455 0 0 0
0.008333333333333333 0.04332958662039898 -0.474029088928202 0.1037926511485997 0 0 0
0.008333333333333333 -0.5427447238824857 0.08016147720863502 0.16721935633278642 0 0 0
0.008333333333333333 -0.13025151689964345 0.3849382074220784 0.11528558885365667 0 0 0
0.008333333333333333 -0.3277567916077856 -0.0654945200045553 -0.3270597917365052 0 0 0
0.008333333333333333 -0.3201790459557363 0.3541156163228078 0.07021603535667553 0 0 0
0.008333333333333333 -0.26382962734240006 -0.5065674168160927 -0.21122795954855506 0 0 0
0.008333333333333333 0.27035689246550776 0.030952004825683648 0.3303617033164722 0 0 0
0.008333333333333333 -0.17420589905352968 0.5487646093727614 -0.013193902973556798 0 0 0
0.008333333333333333 -0.22824043590141263 0.12322372383984337 -0.4506864669451614 0 0 0
0.008333333333333333 0.3917908104307061 -0.2165846015083645 -0.4505332678445826 0 0 0
0.008333333333333333 -0.19293760499926388 -0.14504708699997346 -0.4433757088990702 0 0 0
0.008333333333333333 0.02058003390726864 0.10117475450309317 -0.5332791750010872 0 0 0
0.008333333333333333 0.2874808248698577 -0.1959072774819715 -0.5884502014153322 0 0 0
0.008333333333333333 0.04945813707662718 -0.464448908446467 0.05853652482934015 0 0 0
0.008333333333333333 -0.5072225221956241 0.4186184084849818 -0.19251634264778805 0 0 0
0.008333333333333333 0.057003485112978786 0.13272110296008752 0.44357250255560426 0 0 0
0.008333333333333333 0.12026805213338237 0.27531568248806837 0.02511209189000597 0 0 0
0.008333333333333333 -0.3663462895116968 0.4312333833768072 -0.06586743336786416 0 0 0
0.008333333333333333 -0.6185401528324275 0.020203459896705713 -0.15620562530397852 0 0 0
0.008333333333333333 -0.1331148293206465 0.6178664077174965 -0.113931241155815 0 0 0
0.008333333333333333 -0.12279455715561087 0.23322944353853184 0.17003398160572128 0 0 0
0.008333333333333333 -0.4500504700793101 0.004922222897169137 0.2519711618357952 0 0 0
0.008333333333333333 0.002958903459775224 -0.000491610380244654 0.042378992258415245 0 0 0
0.008333333333333333 -0.011672895735902364 -0.21286652181700633 0.4857768754688553 0 0 0
0.008333333333333333 -0.4322146381599533 0.11254909918872115 0.13133744222639723 0 0 0
0.008333333333333333 -0.007541312440741111 0.6312654132427508 -0.15268465462027722 0 0 0
0.008333333333333333 0.0033940143148943683 -0.36379465428617913 0.040047230268829295 0 0 0
0.008333333333333333 -0.23087224117631436 -0.4624750316366147 -0.39259073638944975 0 0 0
0.008333333333333333 -0.4392698026232607 -0.28039545001286553 0.13711780108678412 0 0 0
0.008333333333333333 0.38397874069501353 0.4647494116452838 -0.19671551532877066 0 0 0
0.008333333333333333 -0.6497620907100639 0.03381057730536406 0.007298599555939246 0 0 0
0.008333333333333333 0.11798628851449222 -0.2798872108284738 0.08844359503624666 0 0 0
0.008333333333333333 0.4533249436836864 0.2767248908317096 0.31234883223402554 0 0 0
0.008333333333333333 0.1962667210730154 -0.05100332969854813 0.5104626823761285 0 0 0
0.008333333333333333 -0.06938737109592248 -0.13048260632431005 0.13909913905713273 0 0 0
0.008333333333333333 0.4077313034445 -0.18279787761735766 -0.258631185192576 0 0 0
0.008333333333333333 0.4590791408243243 0.21781746388863119 0.18044315732706084 0 0 0
0.008333333333333333 -0.5284335207333095 0.18129947198022947 0.0015697227121079188 0 0 0
0.008333333333333333 -0.2906454988047739 -0.2512341632680705 0.32430009121139775 0 0 0
0.008333333333333333 0.308815563755905 -0.26054216035512284 -0.31144665669769306 0 0 0
0.008333333333333333 -0.430060630607464 0.23539406786197092 -0.23950394191058194 0 0 0
0.008333333333333333 -0.20182848678390278 0.23772495691540937 0.3217317429081057 0 0 0
0.008333333333333333 -0.4393525911660606 -0.3612663348423746 -0.27461314672262677 0 0 0
0.008333333333333333 0.14247325454151932 -0.20237166944145413 -0.6162273533054903 0 0 0
0.008333333333333333 -0.33977370495134723 0.5418017866564829 0.03918692776925985 0 0 0
0.008333333333333333 0.121053740761401 -0.4672209824328856 -0.3540966883500614 0 0 0
0.008333333333333333 0.018588495329198273 -0.09490121964000854 0.2138227846768152 0 0 0
0.008333333333333333 0.11146244782710396 -0.0342163589843879 -0.5136376268090906 0 0 0
0.008333333333333333 0.47572602007120013 0.40525393219260913 -0.15859076294387875 0 0 0
0.008333333333333333 -0.10949825752745772 0.1375062314784363 -0.25625279392376066 0 0 0
0.008333333333333333 -0.43239956238724536 0.3940458008739146 0.18886999139439734 0 0 0
0.008333333333333333 -0.3468744508430148 -0.19440636596265282 -0.015705173427971123 0 0 0
0.008333333333333333 0.040247042998091585 -0.6664848721433131 0.062345506280325556 0 0 0
0.008333333333333333 -0.35303185830147643 0.32802867154716586 -0.22768822702578354 0 0 0
0.008333333333333333 -0.014882969712460448 -0.20293543441144613 -0.4021140657455201 0 0 0
0.008333333333333333 -0.46761148636946676 -0.4638285714427184 -0.13967860570369428 0 0 0
0.008333333333333333 0.2508628779218211 0.5110656900480284 0.017974406518372017 0 0 0
0.008333333333333333 -0.12491003617466093 0.5577827556119969 -0.2197472084651137 0 0 0
