870
0
0.0011494252873563218 -0.07928238176158514 -0.1713716445645282 0.16315489167729774 0 0 0
0.0011494252873563218 0.3391375264430717 -0.1529157270143986 -0.4536008633776053 0 0 0
0.0011494252873563218 -0.0075562093209501115 -0.3747410414317524 -0.5229851732474727 0 0 0
0.0011494252873563218 -0.079850997991174 0.12935018883798188 0.15439067479068125 0 0 0
0.0011494252873563218 -0.309419158581145 0.2192261915536554 -0.00047049137287267644 0 0 0
0.0011494252873563218 -0.5515263897540756 -0.14589145703796044 0.12943407055116948 0 0 0
0.0011494252873563218 0.09721780826537091 0.14929421292406833 0.09429657797050438 0 0 0
0.0011494252873563218 -0.35289780050051434 -0.2739212332190334 -0.2680173025834027 0 0 0
0.0011494252873563218 0.3003815527887172 0.22618646038644355 -0.20358304844163222 0 0 0
0.0011494252873563218 0.20387691709601688 0.3293850471268866 0.23131600359497567 0 0 0
0.0011494252873563218 0.14025920652877658 0.2309068108748773 0.22779351929793895 0 0 0
0.0011494252873563218 -0.18358412232923127 0.29278716855945763 0.4499025753634547 0 0 0
0.0011494252873563218 -0.3017511608047695 0.49881824861171703 -0.1793883708365192 0 0 0
0.0011494252873563218 -0.2180870942835188 -0.3852240473236382 0.05609879716672967 0 0 0
0.0011494252873563218 -0.11505702150659783 0.23272608703113065 -0.31156432100861037 0 0 0
0.0011494252873563218 -0.537468123942883 -0.08184775968897744 -0.21970387645652817 0 0 0
0.0011494252873563218 0.08598253946419569 0.2264946911303542 -0.3084237364416057 0 0 0
0.0011494252873563218 0.1589118357577637 -0.03796318588339723 0.23485736787418027 0 0 0
0.0011494252873563218 -0.2018864861394612 -0.1614618414472146 -0.6141469395499077 0 0 0
0.0011494252873563218 0.3198972948974744 0.34269898068533267 0.1006935526820152 0 0 0
0.0011494252873563218 -0.3198364363100523 -0.02993744068900545 0.03710451435512172 0 0 0
0.0011494252873563218 0.032518725484441964 0.18034095124832683 0.044611896724142217 0 0 0
0.0011494252873563218 0.1379279400080687 -0.30588287991701896 -0.27639805545505125 0 0 0
0.0011494252873563218 -0.3516706221150188 -0.21901066076186546 0.0004988642911467114 0 0 0
0.0011494252873563218 -0.03210485141136349 -0.47763998008395536 0.4401660040381676 0 0 0
0.0011494252873563218 -0.26818591044436946 0.06429304922132986 -0.2310152491753186 0 0 0
0.0011494252873563218 -0.46478188713585744 0.05408724231513628 0.30018863802769563 0 0 0
0.0011494252873563218 0.11772226675716561 0.5348423058522971 0.1394673527161436 0 0 0
0.0011494252873563218 -0.5489008580648412 -0.0010802809256532828 0.020824205475648967 0 0 0
0.0011494252873563218 -0.060166487605389285 0.4858577952051767 -0.16279516550131912 0 0 0
0.0011494252873563218 0.16055755087788265 0.12600258646816484 0.5077794019870039 0 0 0
0.0011494252873563218 -0.14228588919487878 0.030719373303661552 -0.4135975328642293 0 0 0
0.0011494252873563218 0.5435580509493793 -0.2937318230373432 0.10838651256257548 0 0 0
0.0011494252873563218 0.014198263550158368 0.4851745183909186 -0.38473493057275465 0 0 0
0.0011494252873563218 -0.1188948305023201 -0.6715558106997365 -0.11243567115527646 0 0 0
0.0011494252873563218 -0.03832623564553192 -0.3536448085709033 -0.07524785168490247 0 0 0
0.0011494252873563218 -0.4993603022163577 -0.2029424045617967 -0.4172408297852824 0 0 0
0.0011494252873563218 0.45248791179605885 -0.2528810998140992 0.2245429898350283 0 0 0
0.0011494252873563218 -0.21718986250424632 0.02561846171595517 0.1910633378085631 0 0 0
0.0011494252873563218 0.13488172232676676 0.22623492896207073 0.3439279728256071 0 0 0
0.0011494252873563218 -0.12864497253067206 0.2560663816080979 -0.07927816392616181 0 0 0
0.0011494252873563218 0.1282705598373849 -0.22419283567210302 0.22659081761991803 0 0 0
0.0011494252873563218 -0.4211676764534198 0.15237832353912514 -0.4619951156827391 0 0 0
0.0011494252873563218 -0.35473053282104305 0.06660391807311379 -0.5187339320523023 0 0 0
0.0011494252873563218 0.038850897470101786 -0.5428167822023087 0.1881711245671044 0 0 0
0.0011494252873563218 0.06843817566158197 0.07825094624304539 -0.3266726315836263 0 0 0
0.0011494252873563218 0.5522657499798617 0.21719502560387727 -0.20153938697083554 0 0 0
0.0011494252873563218 -0.43459429998399945 -0.010663124341541784 -0.46744215927231214 0 0 0
0.0011494252873563218 0.027684572262224066 -0.3988352849030899 -0.23757173313996224 0 0 0
0.0011494252873563218 -0.4483032665284053 -0.05115056253268852 -0.27286846774347095 0 0 0
0.0011494252873563218 -0.6561617150056108 -0.01632684887505479 -0.0809803181526761 0 0 0
0.0011494252873563218 -0.6166437862349539 0.22430885213739288 -0.15161223740616603 0 0 0
0.0011494252873563218 0.4498615817879008 0.002859658065550303 -0.16431770797456466 0 0 0
0.0011494252873563218 0.4813262505958595 -0.028705951113759003 -0.1619001464900845 0 0 0
0.0011494252873563218 0.3990405831311084 -0.42694347398491106 -0.29599327630798006 0 0 0
0.0011494252873563218 -0.14671907797312814 0.30317101657613216 -0.17129022384578382 0 0 0
0.0011494252873563218 -0.46831844798126243 -0.05870776728191638 0.3171393520835131 0 0 0
0.0011494252873563218 -0.3040411176297612 -0.1344858148699754 0.3694479662466763 0 0 0
0.0011494252873563218 0.3992551872790039 -0.14871127781654359 -0.3397121911257556 0 0 0
0.0011494252873563218 -0.031755653593490356 -0.08490198402145449 -0.5809428403592923 0 0 0
0.0011494252873563218 -0.5227169253836217 0.12054705473462607 -0.21707236509580535 0 0 0
0.0011494252873563218 -0.04588475880401031 -0.5668084145682546 0.2751110754506591 0 0 0
0.0011494252873563218 -0.27554166159981475 0.4318201288968067 -0.34558462637587045 0 0 0
0.0011494252873563218 0.20671519406511832 0.08753647615353627 0.32992937065659406 0 0 0
0.0011494252873563218 -0.07943214077478619 0.6267727248310224 -0.09699359554380577 0 0 0
0.0011494252873563218 0.15736234304145466 0.055858632754420504 0.3589555669261035 0 0 0
0.0011494252873563218 -0.4958746575753976 -0.12776344175001378 0.36164486758549697 0 0 0
0.0011494252873563218 -0.36370368415908816 0.21494590066830113 0.24865848755660094 0 0 0
0.0011494252873563218 0.1716754508185425 -0.4312081559979133 0.502950490894556 0 0 0
0.0011494252873563218 -0.3416322263872178 0.10642332968891842 0.5079053657501564 0 0 0
0.0011494252873563218 0.3092041869790588 0.10695030262039851 0.2881564151080807 0 0 0
0.0011494252873563218 0.39228406903856583 -0.06202785542288527 0.3166241076442163 0 0 0
0.0011494252873563218 0.3055309528825344 0.2866676063065173 -0.014579094280856455 0 0 0
0.0011494252873563218 -0.22836166054859935 -0.2905959911479418 -0.5252014356674676 0 0 0
0.0011494252873563218 0.1676842612271786 0.3597561622717012 0.5436948655007798 0 0 0
0.0011494252873563218 -0.20243672237385704 0.21450805203601606 -0.3094099211690287 0 0 0
0.0011494252873563218 -0.010088565490644847 0.039696490651480267 0.08509057209492207 0 0 0
0.0011494252873563218 0.08100860477916537 0.41278711183758016 0.5045908135186882 0 0 0
0.0011494252873563218 -0.161071121334848 -0.5504486140218436 -0.3108035756305344 0 0 0
0.0011494252873563218 -0.17726591369738184 -0.09818173822009536 0.5091542884141306 0 0 0
0.0011494252873563218 0.50306999788959 -0.19152464090659066 0.23634544332856572 0 0 0
0.0011494252873563218 -0.4198146555522574 0.27983325702886347 0.007235445051234375 0 0 0
0.0011494252873563218 0.17905090384518044 -0.6019450093013186 0.22278371603575908 0 0 0
0.0011494252873563218 -0.033033099959337425 0.10740103557178342 -0.11564649740078745 0 0 0
0.0011494252873563218 0.26246779820238497 -0.1767309708254018 -0.15740970635739027 0 0 0
0.0011494252873563218 0.5276130958306955 0.36822093747732254 0.026783381686803005 0 0 0
0.0011494252873563218 -0.12659094636518334 0.051424075916045676 0.6579827529747543 0 0 0
0.0011494252873563218 -0.13497207473585676 0.5881328567983567 0.03311522852791112 0 0 0
0.0011494252873563218 0.15613957726301603 0.3909811020522209 0.10266009373413923 0 0 0
0.0011494252873563218 0.40333485608014125 -0.019022900666011974 -0.15176827360071168 0 0 0
0.0011494252873563218 -0.4304271835256151 0.15024615570105518 -0.49672258329167507 0 0 0
0.0011494252873563218 0.28887639193404563 -0.009306864512238076 0.5303059443725748 0 0 0
0.0011494252873563218 0.29237677573621057 -0.38550491368895645 0.4025500390886034 0 0 0
0.0011494252873563218 0.01031989440229562 0.4252961384554692 -0.17170732775537403 0 0 0
0.0011494252873563218 0.513357791254082 -0.10225261207320359 -0.15521629369597376 0 0 0
0.0011494252873563218 0.6154158428212637 0.15894487986610484 0.2509140053466788 0 0 0
0.0011494252873563218 -0.5010620010556228 -0.060064241812640855 0.1922656236505047 0 0 0
0.0011494252873563218 -0.19707247648293869 -0.36145121920043943 0.12991797579830783 0 0 0
0.0011494252873563218 -0.09406502340044309 -0.5863168417941215 0.2708676277260442 0 0 0
0.0011494252873563218 -0.42832423806227304 -0.2907237952800219 -0.07789988807044321 0 0 0
0.0011494252873563218 0.12963811224219704 0.3167533684717334 0.3565053814362561 0 0 0
0.0011494252873563218 0.37012804396987337 -0.2764747106860845 0.01290991707898399 0 0 0
0.0011494252873563218 -0.19116129299784196 0.31609223409621184 0.027750576515076154 0 0 0
0.0011494252873563218 -0.6151282408601315 -0.2110974938110078 -0.08395560346915451 0 0 0
0.0011494252873563218 -0.1240803429375644 -0.1916862643620077 0.4146538756419209 0 0 0
0.0011494252873563218 0.334922352671138 -0.11308403323900129 -0.2489820503381407 0 0 0
0.0011494252873563218 0.19709120573978373 0.08587477665807307 0.5518374611373965 0 0 0
0.0011494252873563218 0.42802943826257334 0.2371388820939043 -0.06542338388670468 0 0 0
0.0011494252873563218 -0.045462484600157775 0.09336415979053132 0.11556080963787213 0 0 0
0.0011494252873563218 -0.11766695332675255 0.055239022922293005 0.22730126238440485 0 0 0
0.0011494252873563218 0.044726568793519654 0.3123073626320919 -0.3530197968762072 0 0 0
0.0011494252873563218 -0.17316996673756158 0.06286021287364704 -0.29710778470862703 0 0 0
0.0011494252873563218 -0.09650624981391946 -0.0548843529148982 0.5748845928860306 0 0 0
0.0011494252873563218 0.07912656270617607 0.31214277336804924 -0.49019971809863105 0 0 0
0.0011494252873563218 0.16189517490164004 0.09010277948645347 -0.24298117640785752 0 0 0
0.0011494252873563218 0.5539001336496088 0.2371325025277755 -0.008483147641258019 0 0 0
0.0011494252873563218 -0.39269892243643073 -0.030841395617000354 0.4270815180180038 0 0 0
0.0011494252873563218 0.30889880833251926 0.2346242440850249 -0.35501983959324324 0 0 0
0.0011494252873563218 -0.46570687795901666 0.09307007308195676 0.03838539041251859 0 0 0
0.0011494252873563218 0.6495800285961315 0.2022363846005463 -0.06351937281077882 0 0 0
0.0011494252873563218 -0.11242264422193006 0.02052231006671439 -0.0224180435819802 0 0 0
0.0011494252873563218 -0.202540397272323 0.4406539293215952 0.22837335217336344 0 0 0
0.0011494252873563218 -0.1938372921039123 -0.09823675443321465 0.5817998486684065 0 0 0
0.0011494252873563218 -0.2139351456713461 0.10014870046378976 0.20900477035644982 0 0 0
0.0011494252873563218 0.24142423819463543 0.1283497048963486 0.21430909584291746 0 0 0
0.0011494252873563218 -0.6057084590398805 -0.07122992866505545 0.14200467305243666 0 0 0
0.0011494252873563218 -0.40493517762984405 -0.14384829765740254 0.38656530066729927 0 0 0
0.0011494252873563218 -0.01281571974106986 0.5778423393765691 0.336002910582857 0 0 0
0.0011494252873563218 -0.06371101276586136 0.47993108742716656 -0.008330058983841662 0 0 0
0.0011494252873563218 -0.025658587655672447 0.1971661225216547 0.6073296557849263 0 0 0
0.0011494252873563218 -0.2493143396528557 -0.6362153652621662 -0.03703725088151409 0 0 0
0.0011494252873563218 -0.3276117753983714 -0.2714852512439321 -0.14051447427273192 0 0 0
0.0011494252873563218 -0.2468645635562607 -0.5588206438625329 0.24875708083054596 0 0 0
0.0011494252873563218 -0.09759812463564789 -0.20790116837848457 0.15926284302654192 0 0 0
0.0011494252873563218 0.5925713846811732 0.09543595074817449 0.29376140612527396 0 0 0
0.0011494252873563218 0.18601012826250976 0.006560063168657505 -0.5018068843992839 0 0 0
0.0011494252873563218 0.1857324875886128 -0.42271401140399417 -0.2327196911664447 0 0 0
0.0011494252873563218 0.46855094994278146 0.19604238822573214 -0.45575603601442893 0 0 0
0.0011494252873563218 0.22979869694345278 0.5041636666480305 -0.17000068694653528 0 0 0
0.0011494252873563218 0.10920301007403407 -0.07490872406299592 0.042749788016143916 0 0 0
0.0011494252873563218 0.1134561412044337 -0.4672798261976426 0.3846126012111563 0 0 0
0.0011494252873563218 -0.21299999070741302 -0.2208606994194105 0.6097299064724662 0 0 0
0.0011494252873563218 -0.08672704686971001 0.23506195371037383 -0.18709386271166648 0 0 0
0.0011494252873563218 0.014453128138576854 -0.6380681384870495 -0.04273216455848614 0 0 0
0.0011494252873563218 -0.1380667722219981 -0.2633255347946545 -0.308467225562452 0 0 0
0.0011494252873563218 0.0695209154258043 0.41052053866434657 -0.1637714203383543 0 0 0
0.0011494252873563218 0.4003125639176494 -0.1092763277326233 0.0038748785139503 0 0 0
0.0011494252873563218 0.3675629692585894 -0.3103299251067756 0.0560229605637535 0 0 0
0.0011494252873563218 -0.24821454400052953 -0.22570233565100017 -0.33931028808695013 0 0 0
0.0011494252873563218 0.583263945531874 -0.03011795681639177 -0.33765246535377796 0 0 0
0.0011494252873563218 -0.510776787981462 0.45175792041242735 0.1091049392348 0 0 0
0.0011494252873563218 0.2153435135414226 -0.3583347528790015 0.5169830553155587 0 0 0
0.0011494252873563218 0.22121286221861639 -0.040769562449418345 0.65217924025808 0 0 0
0.0011494252873563218 0.10600090088694963 0.5937660322559075 0.32566978630893006 0 0 0
0.0011494252873563218 -0.3778345940957586 0.06716350016998515 -0.5666625097214646 0 0 0
0.0011494252873563218 0.03643846013600526 -0.09749555824471719 -0.2855963813881135 0 0 0
0.0011494252873563218 -0.029664228289360148 0.017982678163290678 0.6804709154356856 0 0 0
0.0011494252873563218 -0.3778384602539975 -0.48304020119030316 0.2035792656037439 0 0 0
0.0011494252873563218 -0.18552187777170484 0.3954522082306731 0.27390187613402656 0 0 0
0.0011494252873563218 -0.1435454164440226 0.622818848339214 0.22511176198666055 0 0 0
0.0011494252873563218 0.09044125507597059 0.19421838933880073 0.21653701823414268 0 0 0
0.0011494252873563218 -0.012115216076708298 -0.12352797341169114 0.3845388406251281 0 0 0
0.0011494252873563218 0.4097991424314599 0.39753012211605077 0.19963431674657273 0 0 0
0.0011494252873563218 0.3595607810535464 -0.3089235485891925 0.0885118111383051 0 0 0
0.0011494252873563218 0.2579494084732684 -0.26518610511504453 -0.4506147099530326 0 0 0
0.0011494252873563218 0.33908140277961385 0.352810228432605 0.04960134192316138 0 0 0
0.0011494252873563218 0.16143669433621 -0.0032343987556793545 -0.24257092550036177 0 0 0
0.0011494252873563218 0.16081327980075352 0.28280983140388044 0.21634288469825944 0 0 0
0.0011494252873563218 -0.29079994689832445 0.07652505902930873 0.13132224907943343 0 0 0
0.0011494252873563218 -0.08387885590436295 -0.4039245007145351 0.17238710359839374 0 0 0
0.0011494252873563218 -0.21173261731040363 -0.1521195571480363 -0.15244057083804485 0 0 0
0.0011494252873563218 -0.3408105090359314 -0.2756823041574428 0.5200812333316978 0 0 0
0.0011494252873563218 -0.3052679705472531 -0.020714509732539042 -0.22689109242760797 0 0 0
0.0011494252873563218 0.21603890309811472 -0.30321463875616794 -0.25116041535891387 0 0 0
0.0011494252873563218 0.07069495939660277 -0.3055700795039375 -0.25637117889704136 0 0 0
0.0011494252873563218 -0.4044547313838654 -0.11731358263657793 0.20855993742321438 0 0 0
0.0011494252873563218 0.08489874264522683 -0.1841507276766508 0.6541093010465041 0 0 0
0.0011494252873563218 0.3158294885251112 -0.2738430696074494 0.4604375491846474 0 0 0
0.0011494252873563218 -0.050452929653176326 -0.6377623978336198 0.2346850381644952 0 0 0
0.0011494252873563218 -0.05906462998132843 0.2597332517345798 -0.2512475573376427 0 0 0
0.0011494252873563218 -0.16613652731246312 -0.3429370751520774 0.34074964995502116 0 0 0
0.0011494252873563218 -0.4758044155480461 -0.3377969436985295 -0.04942396699697827 0 0 0
0.0011494252873563218 -0.5959455434250838 0.20534891345208936 0.28438568439751655 0 0 0
0.0011494252873563218 -0.16479080141307786 0.4318232911199497 0.1761447414745767 0 0 0
0.0011494252873563218 0.1823049378771077 -0.2777365799886632 0.4401662358315421 0 0 0
0.0011494252873563218 0.37212628796383096 -0.2806866170148103 0.484085976300108 0 0 0
0.0011494252873563218 0.14067806186943735 0.25420638499127873 -0.36620901613791984 0 0 0
0.0011494252873563218 -0.16578600808785468 -0.5297139763931535 0.07300798910280477 0 0 0
0.0011494252873563218 -0.4853883043361647 -0.40758095864123434 0.021663119368742056 0 0 0
0.0011494252873563218 0.18644587075902264 -0.2350412195425229 0.11401639243934306 0 0 0
0.0011494252873563218 -0.34677349117049394 0.30067684805048756 -0.11424933553487965 0 0 0
0.0011494252873563218 0.6033252953264826 0.22693637619632137 -0.09712495524655385 0 0 0
0.0011494252873563218 0.13045565413973897 -0.4487917217079464 -0.44446100854090714 0 0 0
0.0011494252873563218 0.14338430532271854 -0.3159221055177966 0.5203428192663837 0 0 0
0.0011494252873563218 -0.05952741954804912 -0.005801070133373769 -0.49024485732205303 0 0 0
0.0011494252873563218 -0.14664569018346643 -0.3364406079236409 0.058769658674640915 0 0 0
0.0011494252873563218 0.4841099086355947 0.1506528190726857 0.057256229183294385 0 0 0
0.0011494252873563218 -0.4460797244278259 0.36478196816869046 -0.11922047360536933 0 0 0
0.0011494252873563218 0.34313970225858753 0.37633209593044487 0.4384101469499071 0 0 0
0.0011494252873563218 0.4251337984939792 0.5235230194755048 0.12644933408677717 0 0 0
0.0011494252873563218 -0.5017172937110621 -0.08240688454227868 -0.039656759445911904 0 0 0
0.0011494252873563218 -0.3884429078000708 -0.07584012742111565 -0.15657298224606178 0 0 0
0.0011494252873563218 -0.3132220265978623 0.41024204774542344 0.12569383726318675 0 0 0
0.0011494252873563218 -0.41311495567384915 -0.07788451853260658 0.1964538251505222 0 0 0
0.0011494252873563218 0.6501490349415069 -0.0020397372887920695 0.06974386358815815 0 0 0
0.0011494252873563218 -0.3952144141735328 0.19135080928687173 -0.45800954531412824 0 0 0
0.0011494252873563218 -0.5588538630768748 0.12326205577130982 -0.33003978090556824 0 0 0
0.0011494252873563218 -0.48764141136595585 -0.21301935274064826 -0.40188314557604193 0 0 0
0.0011494252873563218 0.22896048991035514 -0.022454397186205705 -0.05362082020356964 0 0 0
0.0011494252873563218 -0.2699843416679724 -0.04177883760579305 0.36371383141336966 0 0 0
0.0011494252873563218 0.20969840130722775 -0.44667865411826785 -0.31147090587929604 0 0 0
0.0011494252873563218 -0.3683940517320401 -0.0628382845943914 -0.15703361993040152 0 0 0
0.0011494252873563218 -0.42915478487478903 0.347357203778946 0.10575196576749649 0 0 0
0.0011494252873563218 -0.47672717965599704 0.019088339471564204 -0.4586521126053157 0 0 0
0.0011494252873563218 -0.5645426533347891 -0.12082730412053666 -0.1826920765352263 0 0 0
0.0011494252873563218 0.201787037862388 0.3788169821307912 0.3463717761831046 0 0 0
0.0011494252873563218 0.21239826965788894 0.4136686479625854 0.40293627300066315 0 0 0
0.0011494252873563218 0.35933725338892236 -0.232443333562265 0.2755508820130635 0 0 0
0.0011494252873563218 0.2962080234872494 -0.5066204339665907 -0.09530964943903086 0 0 0
0.0011494252873563218 0.14726815532366533 -0.08386726422694023 0.3780952422405303 0 0 0
0.0011494252873563218 0.05855676850344489 -0.2356773884950751 0.3937952798412301 0 0 0
0.0011494252873563218 0.02796794716106181 -0.13268482924247924 -0.36579616365769224 0 0 0
0.0011494252873563218 -0.2879792425780503 -0.44221661549452 -0.18640495707621196 0 0 0
0.0011494252873563218 -0.2752187885988844 -0.3009241106867813 0.21774773960956031 0 0 0
0.0011494252873563218 0.07953781813437923 0.3537865072377741 0.3025635565992179 0 0 0
0.0011494252873563218 0.3902077602323285 -0.3707387965925354 0.11017060749111107 0 0 0
0.0011494252873563218 0.043843667319078065 -0.2586231797685866 0.2858264666446238 0 0 0
0.0011494252873563218 0.2199479163508165 -0.5452648095655804 -0.35863785687602917 0 0 0
0.0011494252873563218 -0.3564503602027735 -0.005851802174523919 -0.36796087420929013 0 0 0
0.0011494252873563218 0.5363722715736586 -0.12557705761075877 -0.006989000388388761 0 0 0
0.0011494252873563218 -0.35457284040797576 -0.49804060140606987 -0.059025129499869926 0 0 0
0.0011494252873563218 -0.038116022453947726 -0.4962582636919398 -0.14338330478727815 0 0 0
0.0011494252873563218 -0.073741103987197 0.6433471996389024 0.1884996822187829 0 0 0
0.0011494252873563218 -0.4791001539557772 0.021138317972217595 -0.46849162216933743 0 0 0
0.0011494252873563218 -0.116864054422481 0.14192760573810592 0.5822110012066708 0 0 0
0.0011494252873563218 -0.6144325408909842 0.01729720522728877 0.08041932591904877 0 0 0
0.0011494252873563218 -0.11787910389442012 -0.6522115660344722 0.09924553480652804 0 0 0
0.0011494252873563218 -0.0953111068879813 0.01614900213622687 -0.3016685151789855 0 0 0
0.0011494252873563218 0.17617243330826649 -0.3822719917570579 -0.008489823749779772 0 0 0
0.0011494252873563218 -0.5238381783734544 -0.17147105666379697 0.015041188115909893 0 0 0
0.0011494252873563218 0.34039909947164326 0.10015123431970138 -0.3473701151952122 0 0 0
0.0011494252873563218 0.44409533563092074 0.33194261964468363 -0.09720375830611562 0 0 0
0.0011494252873563218 -0.2681129620815516 -0.45233447030953877 0.089996239125099 0 0 0
0.0011494252873563218 0.4820556370912574 0.23662230387701977 0.0559942849837677 0 0 0
0.0011494252873563218 0.16318191186761757 -0.49944350785759867 -0.2027060230026053 0 0 0
0.0011494252873563218 0.1789927646539672 -0.3073237382624265 0.2104841850976603 0 0 0
0.0011494252873563218 0.027814315228266117 -0.10707295442738479 0.3816528640812447 0 0 0
0.0011494252873563218 0.04981366512981256 -0.3838583516833188 0.5714977832068749 0 0 0
0.0011494252873563218 0.5571044132319106 -0.13424154895932758 0.05812555408225654 0 0 0
0.0011494252873563218 -0.041064397939154014 -0.28325278697231365 -0.21330972205992446 0 0 0
0.0011494252873563218 0.14325841287468372 -0.2521851514548561 0.45443439164394667 0 0 0
0.0011494252873563218 -0.24626073005831406 0.31136494926565517 0.3583634903006443 0 0 0
0.0011494252873563218 0.2403829053479798 -0.39019970516162383 -0.06380131786780502 0 0 0
0.0011494252873563218 -0.08057409120670057 -0.07683841885412505 -0.5134399507715405 0 0 0
0.0011494252873563218 -0.6208603001523764 0.15637451553415477 -0.07953795825282887 0 0 0
0.0011494252873563218 0.24905538384613765 0.24782212292288086 0.2812243589021135 0 0 0
0.0011494252873563218 0.4732631834334436 -0.018795538627366232 0.44927258758075256 0 0 0
0.0011494252873563218 -0.10651879401955966 0.25700450510226025 0.4788910990282581 0 0 0
0.0011494252873563218 0.023475341832723963 0.43141793726750366 0.14674849473967427 0 0 0
0.0011494252873563218 0.00727773912988538 0.4872071322807518 -0.3719288623132347 0 0 0
0.0011494252873563218 0.04073235483638883 0.22242453182501068 0.5494860264478794 0 0 0
0.0011494252873563218 0.5244339082322663 0.19088747458605887 -0.2668334592930925 0 0 0
0.0011494252873563218 0.22748752771447694 -0.5114035935767367 -0.007181481408897779 0 0 0
0.0011494252873563218 0.4393303709956528 -0.4590362838299622 -0.04546897088667641 0 0 0
0.0011494252873563218 -0.0033724934261011212 -0.6616888391310917 0.018979090125941678 0 0 0
0.0011494252873563218 -0.04803845974114552 -0.035205581672132336 -0.6179637188278696 0 0 0
0.0011494252873563218 -0.020100549097468803 -0.3410812259545899 0.5453712989621988 0 0 0
0.0011494252873563218 0.4399195883385767 0.2556662747597067 -0.06260058299137167 0 0 0
0.0011494252873563218 0.5317922229168071 -0.24135938315193295 0.16467043711067794 0 0 0
0.0011494252873563218 0.3098589913694382 0.3462766810179447 -0.13250300788740582 0 0 0
0.0011494252873563218 -0.5556249126717118 0.013453977656698344 -0.1586757044446069 0 0 0
0.0011494252873563218 0.37844098336791593 0.5454070897037476 0.1234168675900701 0 0 0
0.0011494252873563218 0.33501555138212274 0.5401398842616261 0.20396625979927213 0 0 0
0.0011494252873563218 0.010460414243149854 0.6220597471143086 -0.2584487539348052 0 0 0
0.0011494252873563218 -0.08029376571792124 -0.15137076318253392 0.6615989030817471 0 0 0
0.0011494252873563218 0.2737218181231749 -0.21425961443709807 0.2645645049945701 0 0 0
0.0011494252873563218 0.07601626568257236 0.2841243894501295 0.5788145444932052 0 0 0
0.0011494252873563218 0.28610324045422125 0.12616636207876775 -0.3120372483086786 0 0 0
0.0011494252873563218 0.5491610484277997 -0.2325294792916614 -0.26289140896617486 0 0 0
0.0011494252873563218 -0.11062093240785861 0.0808650977286513 0.5207361815611574 0 0 0
0.0011494252873563218 -0.09445286808340363 -0.357713204002264 -0.06800383933826606 0 0 0
0.0011494252873563218 0.23958745439824436 0.43401339483946655 0.13368920410085516 0 0 0
0.0011494252873563218 0.41906248610843183 -0.10206476708490593 0.1166708499567204 0 0 0
0.0011494252873563218 -0.2600111684651632 0.3338488160055228 0.5487476357136802 0 0 0
0.0011494252873563218 -0.4195349997242187 -0.2797859852576239 -0.08509135490061806 0 0 0
0.0011494252873563218 -0.21518875543858354 -0.16865370336551838 0.1525442829978193 0 0 0
0.0011494252873563218 -0.4510845983832554 -0.2696459354338551 0.2568263446809511 0 0 0
0.0011494252873563218 0.3351362301764569 -0.20462956053704315 -0.5629462144027462 0 0 0
0.0011494252873563218 0.4643262135322839 0.25338367434785647 -0.0002650875665511425 0 0 0
0.0011494252873563218 0.24167620494524228 0.29694318948095816 0.11446547231170762 0 0 0
0.0011494252873563218 0.12234657412136074 0.1873199439526809 0.0549579170096246 0 0 0
0.0011494252873563218 -0.012925012979349311 -0.3972403672116741 -0.2374394000624483 0 0 0
0.0011494252873563218 -0.6171086804206896 0.2428068177376848 0.1626491049063785 0 0 0
0.0011494252873563218 -0.46906192143533554 0.006558938340679808 -0.4108472408758223 0 0 0
0.0011494252873563218 -0.2583518735450928 -0.15678095683173915 0.44180292300739776 0 0 0
0.0011494252873563218 0.36961250906816223 0.5549704834338726 -0.06831693953887866 0 0 0
0.0011494252873563218 -0.1492913141375131 0.4118605909462628 0.2820306986572138 0 0 0
0.0011494252873563218 0.055227894344303134 0.5691062033655134 0.20914186297167764 0 0 0
0.0011494252873563218 -0.517595955563171 0.25959798641771287 0.07282625597168524 0 0 0
0.0011494252873563218 0.4959882611798666 -0.3609558132799407 -0.08222111633997653 0 0 0
0.0011494252873563218 0.026016086509843436 0.5018504591275157 0.22084328612988988 0 0 0
0.0011494252873563218 -0.38824098922220707 0.4906386405237434 -0.09563579485768171 0 0 0
0.0011494252873563218 0.008179577056368586 0.5166746971139132 0.41116392669936314 0 0 0
0.0011494252873563218 -0.47313673322121674 -0.44325892077184603 -0.1775034380533769 0 0 0
0.0011494252873563218 0.13624229292506634 -0.5375626442328187 -0.3464047363137956 0 0 0
0.0011494252873563218 0.3451373764711648 -0.4437906805045849 -0.020464732594154204 0 0 0
0.0011494252873563218 -0.24342014689205868 0.1629803203412857 0.028076179947790256 0 0 0
0.0011494252873563218 -0.10863856390030709 -0.17457506414275584 0.05411534264973342 0 0 0
0.0011494252873563218 0.6925511946614001 -0.0081253163303276 0.0010244352623674656 0 0 0
0.0011494252873563218 -0.0628972511965206 -0.19173358062404622 -0.4606052065849154 0 0 0
0.0011494252873563218 -0.23753540058279698 -0.18024781444687069 0.4041336863077783 0 0 0
0.0011494252873563218 0.3064374977995117 -0.5618687448369796 -0.25853218434311787 0 0 0
0.0011494252873563218 -0.4633747675218242 -0.12069945602162252 0.09374080553889326 0 0 0
0.0011494252873563218 0.32529627924091875 0.14827061305467776 -0.17187466664974096 0 0 0
0.0011494252873563218 0.17588675948985125 -0.5919826182543171 0.09582272379199094 0 0 0
0.0011494252873563218 -0.28677147520987484 -0.2817508075101818 0.05358438586953221 0 0 0
0.0011494252873563218 -0.3256679155379078 -0.5342342546087464 -0.1439469041884087 0 0 0
0.0011494252873563218 -0.053191136557158535 -0.285840068933108 -0.19254007404300447 0 0 0
0.0011494252873563218 -0.16838492779397637 -0.4455852160109146 -0.36480599666261837 0 0 0
0.0011494252873563218 0.12406956067068202 0.0471885845105281 -0.6275129941223639 0 0 0
0.0011494252873563218 0.36762475958115776 -0.2720759242118311 -0.16243997678049685 0 0 0
0.0011494252873563218 0.28653613975137393 -0.3087802512293664 -0.24968331783622533 0 0 0
0.0011494252873563218 -0.34554382727221317 -0.0927255592290972 0.5729920285799911 0 0 0
0.0011494252873563218 0.3812865911723539 -0.3993616611210625 0.32178671203082837 0 0 0
0.0011494252873563218 0.25386672595861515 -0.30914370965777443 0.01313927038776071 0 0 0
0.0011494252873563218 0.5675608992937766 0.28172731381723765 -0.18743444225939784 0 0 0
0.0011494252873563218 -0.3522223236659316 0.12808878294088893 0.526062735784772 0 0 0
0.0011494252873563218 -0.19372994391594764 0.20618793176490244 0.32228247874980537 0 0 0
0.0011494252873563218 0.632562611687772 -0.24601991128022394 0.02168530317633723 0 0 0
0.0011494252873563218 -0.0001257208849002859 -0.18542889614133803 -0.010413277424012856 0 0 0
0.0011494252873563218 -0.25477984900983375 -0.29270741394737393 0.4483680732575975 0 0 0
0.0011494252873563218 0.016126775279515792 0.3338649016243826 -0.5780354862484971 0 0 0
0.0011494252873563218 -0.3840363294860838 0.17650705695973817 -0.32909290297156313 0 0 0
0.0011494252873563218 0.34503385649605806 -0.31429819731109665 -0.4094856856924766 0 0 0
0.0011494252873563218 -0.34451895298063673 -0.5145999406294708 -0.21619807837824148 0 0 0
0.0011494252873563218 0.2206122045114224 -0.09808856263442284 0.35853670186656955 0 0 0
0.0011494252873563218 -0.17870573015920155 0.0712134144446052 0.5783141432796527 0 0 0
0.0011494252873563218 -0.25724733101996494 0.3453602718913661 0.19522911005572235 0 0 0
0.0011494252873563218 -0.37721259256779033 0.03296769861515468 -0.5391486219318263 0 0 0
0.0011494252873563218 0.12756385790288327 0.03245019855169053 -0.05747342574199274 0 0 0
0.0011494252873563218 0.4596961490829189 0.2082337830782044 -0.11370455682488746 0 0 0
0.0011494252873563218 0.4896214042527554 -0.3923744633820923 0.29451180661967935 0 0 0
0.0011494252873563218 0.4372343970313603 -0.1066576812907746 0.08676659974797164 0 0 0
0.0011494252873563218 0.12764410805224025 0.3010441404318139 0.16233782920844197 0 0 0
0.0011494252873563218 -0.289203233795085 0.14092921271952738 0.5177400905883743 0 0 0
0.0011494252873563218 -0.37009281004698374 -0.3993578601942682 -0.006297403858690892 0 0 0
0.0011494252873563218 0.5577276612999522 0.04813175364448142 0.04001832561416646 0 0 0
0.0011494252873563218 0.2603956156670817 -0.24770910966973292 -0.21849681649628858 0 0 0
0.0011494252873563218 0.06921344344810904 -0.3048582681341643 -0.4171301981249113 0 0 0
0.0011494252873563218 -0.062399562207580334 0.19173975090893827 0.3759186776223791 0 0 0
0.0011494252873563218 0.4373861960065734 -0.18801271041859907 -0.0295874483862728 0 0 0
0.0011494252873563218 -0.1932069001360349 0.4894404741827425 -0.32511439585603297 0 0 0
0.0011494252873563218 -0.606413336349965 0.13792764973295069 0.0276360687923487 0 0 0
0.0011494252873563218 0.05281761417585954 -0.2805547599927045 -0.5140029208582951 0 0 0
0.0011494252873563218 -0.005474721795210491 0.6670591913471999 -0.09147902630451256 0 0 0
0.0011494252873563218 0.12487401123494193 0.2358690123547326 0.3262048292650389 0 0 0
0.0011494252873563218 0.41288760701445554 0.14625553427161184 -0.4398037617320057 0 0 0
0.0011494252873563218 -0.5865905707062458 -0.06404363642289562 0.08283955898728142 0 0 0
0.0011494252873563218 0.22048230387084378 0.555455281867838 -0.2128275966697394 0 0 0
0.0011494252873563218 0.11630319878441386 0.13885037372205583 -0.220328674063211 0 0 0
0.0011494252873563218 -0.05736927189598338 0.22890551966301592 -0.5013140931875247 0 0 0
0.0011494252873563218 0.3666983706847084 0.27006592528244183 0.4515375401160633 0 0 0
0.0011494252873563218 0.057273333795668575 0.5733291118172179 -0.30087077453714905 0 0 0
0.0011494252873563218 -0.6613616275669321 -0.03666793879486893 0.015891737262908844 0 0 0
0.0011494252873563218 -0.13986912595927573 -0.18007412786379287 0.08688326591840469 0 0 0
0.0011494252873563218 0.6376787122849561 0.09480806634177512 -0.056945225978470806 0 0 0
0.0011494252873563218 -0.03642857532113341 -0.3126926612609915 -0.4940933169053996 0 0 0
0.0011494252873563218 0.39073714131588516 0.2769018868866795 -0.1331350013035531 0 0 0
0.0011494252873563218 0.023381340825150525 -0.4780105904824956 0.10732566483457995 0 0 0
0.0011494252873563218 -0.2896084297026051 0.1250095445599991 -0.28988519565115417 0 0 0
0.0011494252873563218 0.29587507302035737 0.4574470860393569 -0.1796323955899223 0 0 0
0.0011494252873563218 -0.07572332387992069 -0.3220476405709375 -0.3589434310655366 0 0 0
0.0011494252873563218 -0.33209085005031597 -0.3636483011635394 0.33685634889496896 0 0 0
0.0011494252873563218 -0.3260559843093969 -0.49606923924885943 0.2605810436954394 0 0 0
0.0011494252873563218 0.4991808099362462 -0.3589180266590747 0.1689266322083453 0 0 0
0.0011494252873563218 -0.06268219923571118 0.45832442160969455 -0.35583352189951295 0 0 0
0.0011494252873563218 -0.2804756327543206 -0.011314386710723804 -0.5454591521392074 0 0 0
0.0011494252873563218 -0.27562659500572567 -0.26783166057688745 -0.5063220408840383 0 0 0
0.0011494252873563218 0.5371410005581334 -0.13188720732291023 -0.23673603499192988 0 0 0
0.0011494252873563218 -0.3591290679215062 0.3475030558153426 0.47990849497314086 0 0 0
0.0011494252873563218 0.6636017540102034 -0.07662436098284356 0.04941884993269632 0 0 0
0.0011494252873563218 0.027471763108261098 0.6187900277829359 -0.1881031399898917 0 0 0
0.0011494252873563218 -0.15312238053947527 0.34853970018358155 -0.4762775471275778 0 0 0
0.0011494252873563218 -0.3837801371235933 -0.11638686064087454 -0.2587714500090501 0 0 0
0.0011494252873563218 -0.14932693926135954 -0.10714003721843783 0.17409419215515706 0 0 0
0.0011494252873563218 -0.535359685097359 0.3358324951692764 -0.023658722098524293 0 0 0
0.0011494252873563218 -0.056581939410725604 0.16756592614643975 -0.2616163685402776 0 0 0
0.0011494252873563218 0.03929787448683999 -0.4655038724458615 -0.2114417045977789 0 0 0
0.0011494252873563218 0.40282288326498344 -0.5004738025162041 0.11998978764072302 0 0 0
0.0011494252873563218 -0.09797083295530735 0.5252391245912401 -0.2566353039608033 0 0 0
0.0011494252873563218 0.020067173062621884 0.44606939381149546 -0.46496524693304114 0 0 0
0.0011494252873563218 -0.20811029827511293 0.40230114505637976 -0.09493214366907958 0 0 0
0.0011494252873563218 0.1062459015612603 0.4006781316699871 0.32106924339853943 0 0 0
0.0011494252873563218 0.023557836074744015 0.06733474418125744 -0.4765016247972736 0 0 0
0.0011494252873563218 0.42699513820956925 0.08368342071417262 -0.22535235719684854 0 0 0
0.0011494252873563218 0.27802393267719394 0.001811418751265155 -0.32462704541443094 0 0 0
0.0011494252873563218 0.250297053393047 -0.12351512144385549 -0.6028472906999469 0 0 0
0.0011494252873563218 -0.07179235643845588 -0.08398924508443698 -0.38617536884750253 0 0 0
0.0011494252873563218 0.05901303006913752 -0.01148876663971565 0.5938392220884681 0 0 0
0.0011494252873563218 0.5998311442879124 0.34277223237913984 -0.0024971707615307464 0 0 0
0.0011494252873563218 -0.5334880011982606 -0.16029335877861015 -0.07732462446455152 0 0 0
0.0011494252873563218 0.5356946916198237 0.30179104381497424 0.11406837723478049 0 0 0
0.0011494252873563218 -0.29519741292038404 -0.4689272549564143 0.36878473104911663 0 0 0
0.0011494252873563218 0.09608349124601898 -0.4578108355151358 0.021895643048315587 0 0 0
0.0011494252873563218 -0.16057328203451937 0.49145809476277197 0.05227362059463402 0 0 0
0.0011494252873563218 0.13294640124266355 0.1888512060751301 0.6408339589624041 0 0 0
0.0011494252873563218 0.054121644238942584 0.35025803099207 0.12584935530396554 0 0 0
0.0011494252873563218 0.07111794351300131 -0.014228529088885949 0.003860866380590726 0 0 0
0.0011494252873563218 -0.31733559220310276 -0.328368363348138 -0.24300804193046352 0 0 0
0.0011494252873563218 -0.06945156557430204 -0.19038450330057485 0.2791141176181671 0 0 0
0.0011494252873563218 0.09750985083355673 -0.40595316636936263 0.03127265192849022 0 0 0
0.0011494252873563218 -0.41979015673202574 -0.1257047109775209 -0.4363130129330332 0 0 0
0.0011494252873563218 -0.12639355099947538 0.4950792987974139 -0.3562517494342978 0 0 0
0.0011494252873563218 0.3138479599024415 -0.30109082249212743 0.4168168032294375 0 0 0
0.0011494252873563218 -0.4825949219318292 -0.33649388866834523 -0.27944002506264254 0 0 0
0.0011494252873563218 0.2857236873419035 0.14809267913192223 -0.4338556823943783 0 0 0
0.0011494252873563218 0.005405446073940132 0.42987132797436234 -0.28074964296649085 0 0 0
0.0011494252873563218 0.4652575502683417 -0.04547657781622777 -0.39758082494916225 0 0 0
0.0011494252873563218 0.047589881716434336 -0.4884851717017096 0.01570558754207416 0 0 0
0.0011494252873563218 0.5806784816210834 0.26048673690068025 -0.02790740213263414 0 0 0
0.0011494252873563218 0.023378785105083746 0.39264609773409764 0.0384393049163772 0 0 0
0.0011494252873563218 0.11888099222523027 -0.4282851077285894 -0.3613238340669344 0 0 0
0.0011494252873563218 0.06581214881934465 0.2143296458388534 0.0739545486339351 0 0 0
0.0011494252873563218 -0.048151812753935076 0.4758118710537981 -0.04450986398747667 0 0 0
0.0011494252873563218 -0.5469498145335093 0.09433869758426985 -0.21588561361103586 0 0 0
0.0011494252873563218 -0.46047810051223936 -0.19795387743984807 0.3256695117415824 0 0 0
0.0011494252873563218 -0.061495652657269945 -0.3592439860291635 0.17948386676648603 0 0 0
0.0011494252873563218 -0.11321039113614208 0.2711026058622343 0.15967646221067522 0 0 0
0.0011494252873563218 0.12394082767271453 -0.22753747034947064 -0.30821666947756754 0 0 0
0.0011494252873563218 -0.40543105223878895 0.008298279959270634 0.19063658113022358 0 0 0
0.0011494252873563218 -0.2299184113582486 -0.03974908277458061 0.11146140261109608 0 0 0
0.0011494252873563218 -0.23277102376912506 -0.19168720716357163 0.5766145648568628 0 0 0
0.0011494252873563218 -0.2324087877270688 0.4802444900301843 0.40184805511565985 0 0 0
0.0011494252873563218 -0.30190873029146525 0.12960218411933166 -0.5017336453324195 0 0 0
0.0011494252873563218 -0.31449504183406884 0.349764090424862 -0.4687390345210514 0 0 0
0.0011494252873563218 -0.11091977936358648 -0.317656108558785 -0.5182232662739262 0 0 0
0.0011494252873563218 -0.11864174271805916 -0.5041779662119531 -0.021573485309674362 0 0 0
0.0011494252873563218 0.10874192947908644 -0.1915392872952387 -0.03236727481256652 0 0 0
0.0011494252873563218 -0.2706797697928412 -0.27107356521972864 0.08430413836585841 0 0 0
0.0011494252873563218 0.15818151981553913 0.578233671658258 0.12526834548053764 0 0 0
0.0011494252873563218 -0.4979780584605704 -0.09493048379228335 0.4445343694354376 0 0 0
0.0011494252873563218 -0.0230770374381242 0.5627047592294091 0.06995554779868407 0 0 0
0.0011494252873563218 -0.24729117550041038 -0.39920894350597086 -0.014939437018711843 0 0 0
0.0011494252873563218 0.35409386424115247 -0.02557407239576131 0.17363947681171532 0 0 0
0.0011494252873563218 0.21925426135645365 -0.1205186287349454 0.5958652890384716 0 0 0
0.0011494252873563218 -0.25542153800121636 0.5445957407156491 -0.1058525310031117 0 0 0
0.0011494252873563218 -0.5584655590492233 -0.3363039720877402 0.12509027834765699 0 0 0
0.0011494252873563218 -0.3588742691340367 0.3716788852250786 0.06734067465753929 0 0 0
0.0011494252873563218 0.30995866150856305 -0.3685251467734433 -0.24688245037322207 0 0 0
0.0011494252873563218 -0.2864230479052773 0.061422321625232444 -0.5994285919903862 0 0 0
0.0011494252873563218 0.00048108352446979744 0.4224255729591365 0.054301759056568026 0 0 0
0.0011494252873563218 -0.5484319596691707 0.2821925756093463 0.1826281369863085 0 0 0
0.0011494252873563218 -0.04135607093165819 0.6322924237023618 0.25682303725638067 0 0 0
0.0011494252873563218 0.1091481279328935 0.36488320116162454 -0.25448692960561536 0 0 0
0.0011494252873563218 -0.1776577992404254 -0.4573083131145676 -0.2709095839477484 0 0 0
0.0011494252873563218 -0.12216889142943162 -0.5559860622932213 -0.3072992430327824 0 0 0
0.0011494252873563218 0.18605943419066528 -0.4688690383795543 0.06384131656660859 0 0 0
0.0011494252873563218 -0.329271960766776 0.14935265290909305 -0.284872320189527 0 0 0
0.0011494252873563218 0.24142105006115303 0.3541501581146705 -0.32199429182544503 0 0 0
0.0011494252873563218 0.07767523050583006 -0.06656066304830217 0.43932447882907505 0 0 0
0.0011494252873563218 0.058964335734707954 -0.057753909222730264 -0.04854508185408593 0 0 0
0.0011494252873563218 0.21728722450136542 0.2207974944731921 0.2574153361267438 0 0 0
0.0011494252873563218 -0.3733582860434648 0.32826303567996273 -0.4698648626504497 0 0 0
0.0011494252873563218 -0.24098378590510253 0.08115218883831694 0.5523212708993094 0 0 0
0.0011494252873563218 0.35230013005594496 0.2525976986464286 -0.0393838063665704 0 0 0
0.0011494252873563218 0.08226437136232631 0.528645524511223 -0.011965048966971894 0 0 0
0.0011494252873563218 -0.17566194995751214 -0.3590903471531792 0.5271876594910021 0 0 0
0.0011494252873563218 0.3108827376946373 0.14558596619481293 -0.08874471900141936 0 0 0
0.0011494252873563218 -0.16454020618084197 -0.4545699106550551 -0.2842647848399999 0 0 0
0.0011494252873563218 -0.11255154440785098 0.3669261092992192 0.5616124124859925 0 0 0
0.0011494252873563218 0.4775889784838668 -0.08890702812385555 0.38353062156185214 0 0 0
0.0011494252873563218 -0.0891420126416786 0.4517810467080298 -0.04589304275254931 0 0 0
0.0011494252873563218 0.4542777797242729 0.0823743442783041 -0.10982044810896663 0 0 0
0.0011494252873563218 -0.10083810442125528 -0.329947310050633 0.11912736932425955 0 0 0
0.0011494252873563218 0.3437663272893695 -0.3511414946421212 0.2626840088675291 0 0 0
0.0011494252873563218 0.08374884672073077 0.5516461066352129 0.3114702395212807 0 0 0
0.0011494252873563218 -0.2062649891481054 -0.46439448526856525 -0.24414643164748145 0 0 0
0.0011494252873563218 0.20986594388706103 0.18297735684681882 0.5458508006732024 0 0 0
0.0011494252873563218 -0.13858883734206887 0.0641295131032753 0.10962943135580483 0 0 0
0.0011494252873563218 -0.17487844035820516 0.32490993784629424 0.31736380108334994 0 0 0
0.0011494252873563218 -0.3813924941939455 -0.4871015144486205 -0.10624638793611108 0 0 0
0.0011494252873563218 -0.33760663416886655 -0.18294026845171676 -0.5239789851352248 0 0 0
0.0011494252873563218 0.38631035153531146 -0.03318654421972501 0.04558268190705143 0 0 0
0.0011494252873563218 -0.12614992239880066 -0.21453023754495978 0.14653483383720345 0 0 0
0.0011494252873563218 -0.6065160629061944 -0.04053207230571612 -0.09048454389593527 0 0 0
0.0011494252873563218 -0.2038892275408229 0.34055204969240693 -0.04091050323500635 0 0 0
0.0011494252873563218 -0.5537315133744943 0.37134214747718053 0.0598614524549075 0 0 0
0.0011494252873563218 0.6239837398906701 0.2072216000838461 -0.08513410702836487 0 0 0
0.0011494252873563218 0.4947798504997078 -0.25980382910846167 -0.1209930395720706 0 0 0
0.0011494252873563218 0.164567263615204 0.5595610655617751 0.32648831344077295 0 0 0
0.0011494252873563218 0.32065818794797857 0.3690158844746792 -0.12278689424706264 0 0 0
0.0011494252873563218 0.16973266201306744 0.3129478123353507 -0.4267739267247592 0 0 0
0.0011494252873563218 -0.364683143374226 0.27762702216889634 0.1015670178604961 0 0 0
0.0011494252873563218 -0.026569500338090666 -0.32668283149042004 0.5901694361377976 0 0 0
0.0011494252873563218 -0.3947897068949505 0.1265036755553275 0.5424361844979378 0 0 0
0.0011494252873563218 0.1789262275901111 -0.0731036097381618 0.21596887468503811 0 0 0
0.0011494252873563218 -0.13210414953143254 -0.253268775449496 -0.37640599741253766 0 0 0
0.0011494252873563218 0.3362359972980274 0.4370883098480828 -0.2890370161497458 0 0 0
0.0011494252873563218 0.4612249772423879 0.006004318848182244 -0.025938530067529535 0 0 0
0.0011494252873563218 0.04514205219344938 0.18774968329606376 -0.3289085174447077 0 0 0
0.0011494252873563218 0.05463505407720144 -0.45515349588730886 0.2353917678009146 0 0 0
0.0011494252873563218 -0.3913781665533345 0.4158904037508972 0.37252779818494236 0 0 0
0.0011494252873563218 0.49117143735325036 0.14037866477943392 -0.3434155321560786 0 0 0
0.0011494252873563218 -0.37813827245844045 0.12693999035293613 0.3300515128718351 0 0 0
0.0011494252873563218 0.36734466141782435 -0.5469675825257504 -0.09800231326093183 0 0 0
0.0011494252873563218 0.1492106024959188 -0.18188397963838654 0.4822564407327846 0 0 0
0.0011494252873563218 -0.5141301876713305 -0.025524222668964605 -0.20767739334632848 0 0 0
0.0011494252873563218 -0.15438436268075945 0.2693502268464255 0.062358887259725396 0 0 0
0.0011494252873563218 -0.43586398387636355 0.0455168273546644 -0.34071662701802347 0 0 0
0.0011494252873563218 -0.41334898447316903 0.11629920029231684 0.22414970934807854 0 0 0
0.0011494252873563218 0.15571114101909553 -0.6680334502013141 -0.045584238592373594 0 0 0
0.0011494252873563218 0.13672949627461503 0.18862760472088508 -0.08599265386632618 0 0 0
0.0011494252873563218 -0.33800275359351284 0.42182804271450974 0.3578142195535653 0 0 0
0.0011494252873563218 -0.13628461825727275 -0.5989669356569061 -0.030450291772315976 0 0 0
0.0011494252873563218 0.38076496936429904 -0.38989251433706057 0.24039122738233723 0 0 0
0.0011494252873563218 0.032462787161800545 -0.08261898988222018 -0.5890093162981647 0 0 0
0.0011494252873563218 -0.502558598757126 0.2756248579390496 -0.27752760504429475 0 0 0
0.0011494252873563218 0.3961165066304624 -0.40995364058806094 0.13365114588687027 0 0 0
0.0011494252873563218 -0.09303657977056166 -0.0726202357213523 0.04207175819950161 0 0 0
0.0011494252873563218 0.6569556110915256 -0.009982494157181684 0.21457422987843006 0 0 0
0.0011494252873563218 0.15429835123860502 -0.1579570802604256 -0.37942528346056176 0 0 0
0.0011494252873563218 -0.19696355459277085 -0.23400130750346304 0.6182985117439469 0 0 0
0.0011494252873563218 -0.006581670315331464 -0.3629942363772573 -0.23161097541519723 0 0 0
0.0011494252873563218 0.1126916060129598 -0.6134139845918689 -0.2200859044569303 0 0 0
0.0011494252873563218 -0.21102293320905946 -0.05378496022144146 0.12518285703431908 0 0 0
0.0011494252873563218 0.05855154917712762 -0.007349615355541389 -0.1874840986209828 0 0 0
0.0011494252873563218 -0.47689017734357664 0.29276813688680936 0.18747438370668648 0 0 0
0.0011494252873563218 0.19552935375101996 -0.053622958585226456 -0.2673060382072361 0 0 0
0.0011494252873563218 -0.30026916073563464 0.35121564580647346 -0.3817369220024319 0 0 0
0.0011494252873563218 -0.10873141032000827 -0.11164530572852664 -0.5013179178066371 0 0 0
0.0011494252873563218 0.2838953804805528 -0.3924730161882496 -0.25826376808278423 0 0 0
0.0011494252873563218 0.46514430012117053 -0.4659789260960615 -0.11676456185488969 0 0 0
0.0011494252873563218 -0.38410219929503897 0.29173791590631193 -0.24880944719288922 0 0 0
0.0011494252873563218 0.31375602371160033 -0.36667538551817713 0.06777724847311996 0 0 0
0.0011494252873563218 -0.05138376102765003 0.4151484210127409 -0.19159191090250438 0 0 0
0.0011494252873563218 -0.04094185387818365 0.36236762929997973 0.29662354896154436 0 0 0
0.0011494252873563218 -0.010523033126974477 -0.07664848881441659 0.33859149022072954 0 0 0
0.0011494252873563218 -0.5597880905666279 -0.19477743892747953 0.3300796802154449 0 0 0
0.0011494252873563218 -0.3301891363435672 -0.06722468735878563 0.06959112662190674 0 0 0
0.0011494252873563218 -0.22220626545938862 0.0194466284949537 -0.032916010980121785 0 0 0
0.0011494252873563218 -0.0637347777118604 0.2145143043737993 0.265754252543682 0 0 0
0.0011494252873563218 -0.056387315796621776 0.12259246918668106 0.39452320984747113 0 0 0
0.0011494252873563218 0.1459274520952171 0.21280963034452763 0.3001038231073152 0 0 0
0.0011494252873563218 -0.10264617822749118 -0.16242854975614357 0.4734634886813525 0 0 0
0.0011494252873563218 -0.14013225574775343 -0.2330260946942497 -0.4549019503819987 0 0 0
0.0011494252873563218 0.022240143936481375 -0.4724246846827783 -0.19879978182039518 0 0 0
0.0011494252873563218 -0.20064689609826597 0.2417478832336562 0.2807079930119595 0 0 0
0.0011494252873563218 -0.09311368194449632 -0.013615702725155636 0.04239221604597846 0 0 0
0.0011494252873563218 0.3426700544574635 -0.20239027194694076 -0.13269295466750072 0 0 0
0.0011494252873563218 0.23520409241412502 -0.1518014733630891 0.43316990512996667 0 0 0
0.0011494252873563218 -0.24156050545375202 0.2321694083839368 0.09453610867704858 0 0 0
0.0011494252873563218 -0.4888701194365738 -0.2252221188447897 -0.3999000197039608 0 0 0
0.0011494252873563218 -0.6198247194145515 0.027084951128958482 -0.2251358069688764 0 0 0
0.0011494252873563218 0.08186225838072816 -0.04304352008679198 -0.07753948781767407 0 0 0
0.0011494252873563218 -0.21526237916482863 0.14575152345809772 0.4010495428425308 0 0 0
0.0011494252873563218 -0.4443248119931666 0.08548680705403779 0.13193004907427142 0 0 0
0.0011494252873563218 0.03252232180713644 -0.5390822925500484 -0.13697330797088417 0 0 0
0.0011494252873563218 0.1629018826550413 0.223554531756796 0.17442568436439593 0 0 0
0.0011494252873563218 -0.4538197708035385 -0.0325069868619268 0.2317496225077483 0 0 0
0.0011494252873563218 0.5398049782729452 -0.13348695052574155 -0.2702272747378054 0 0 0
0.0011494252873563218 -0.17049154453181808 0.3870318488337524 -0.06849681374300132 0 0 0
0.0011494252873563218 0.0038030642010514555 0.08345695291575585 -0.6319740135415659 0 0 0
0.0011494252873563218 0.3661502657226313 -0.39463007589211274 -0.2476950584795149 0 0 0
0.0011494252873563218 0.21331063560934033 0.12283110891152933 0.5589570714157621 0 0 0
0.0011494252873563218 0.1388146056503715 0.22127724291393092 0.5532106275398984 0 0 0
0.0011494252873563218 0.0494611738370101 0.06085495100634729 0.16246640544552723 0 0 0
0.0011494252873563218 -0.011631677800540387 -0.01282141414588441 0.34858928531410754 0 0 0
0.0011494252873563218 -0.08082639293511648 0.599223717700404 0.04187768974497211 0 0 0
0.0011494252873563218 -0.1766886227556924 0.36076240526674064 0.28309255218807816 0 0 0
0.0011494252873563218 0.2246537458691835 0.16841968952635242 -0.19101742406156647 0 0 0
0.0011494252873563218 -0.08784379720715384 -0.5852769344379303 0.1945307243728065 0 0 0
0.0011494252873563218 -0.00590956223120882 0.5967786203601697 -0.04929183411737123 0 0 0
0.0011494252873563218 -0.2443320116661594 -0.4349635501611975 0.3514430953966517 0 0 0
0.0011494252873563218 0.26971202195892563 0.09587915948392618 -0.1250088839684197 0 0 0
0.0011494252873563218 -0.3251871657892854 0.03868511582379261 -0.24619304094914182 0 0 0
0.0011494252873563218 -0.05606381652976807 -0.25289258709318047 0.22075298959052775 0 0 0
0.0011494252873563218 0.19416139420385675 0.1811294876412435 -0.2150407004637826 0 0 0
0.0011494252873563218 0.5359522976148613 -0.1168305602019451 -0.3147332970804863 0 0 0
0.0011494252873563218 0.14328199503600658 -0.2195472351598967 -0.14032241814543162 0 0 0
0.0011494252873563218 -0.31583418315814177 -0.12091115987742979 -0.42644601406110366 0 0 0
0.0011494252873563218 0.12908200315540524 -0.44514138075587556 0.3260442019240627 0 0 0
0.0011494252873563218 -0.27565047261489173 0.038513066379985125 -0.2245379617016568 0 0 0
0.0011494252873563218 0.5324533744718263 0.2737826216616449 -0.32975906985961934 0 0 0
0.0011494252873563218 0.3542527715452847 0.2966393794013987 -0.3412740655295224 0 0 0
0.0011494252873563218 0.05571761207029903 0.20598440367781673 0.4609875667351159 0 0 0
0.0011494252873563218 -0.19227656252057873 -0.5373437672636445 -0.24038767588349952 0 0 0
0.0011494252873563218 0.03031370777269769 0.18448093892834225 0.40319713784231725 0 0 0
0.0011494252873563218 -0.09962920736596168 0.2738279852967953 0.23980623935758075 0 0 0
0.0011494252873563218 0.020376864583576203 -0.21780538091580365 -0.19639474100098975 0 0 0
0.0011494252873563218 0.041788100110978645 0.27451554251748594 -0.09209878995273661 0 0 0
0.0011494252873563218 0.5382423405496576 -0.289486531005649 -0.08768970649807427 0 0 0
0.0011494252873563218 -0.6283565620148137 0.03414583691288862 0.07458864915392081 0 0 0
0.0011494252873563218 0.3657809528309091 0.45190658554339097 0.10919340877114354 0 0 0
0.0011494252873563218 0.3757225705638246 -0.26860608937616337 0.43244320018136057 0 0 0
0.0011494252873563218 0.2831749696310605 -0.08454237861671 -0.5080933711235436 0 0 0
0.0011494252873563218 -0.29603296907195853 0.04877310364204045 -0.33433277100937153 0 0 0
0.0011494252873563218 -0.43752767307869783 -0.011248683445815135 0.39420454125372506 0 0 0
0.0011494252873563218 -0.1931175112234595 0.3611997726128141 -0.20380645691950555 0 0 0
0.0011494252873563218 0.14938739886649907 -0.5367553106203691 -0.08046515539219272 0 0 0
0.0011494252873563218 -0.0629862281471972 0.2127157661015479 0.34843384188696674 0 0 0
0.0011494252873563218 0.0026967668078075333 0.4487789048519597 0.14401969989758878 0 0 0
0.0011494252873563218 0.3955831424624651 0.03474514765724004 0.02208513120189772 0 0 0
0.0011494252873563218 -0.0354390344209631 -0.2752471893357284 0.0634743449623475 0 0 0
0.0011494252873563218 0.21979680785926708 -0.5824580856737179 0.29747442410563735 0 0 0
0.0011494252873563218 -0.38751892077039873 -0.26598541148332305 -0.057483491082002895 0 0 0
0.0011494252873563218 -0.49664743970893266 -0.4708729026860766 0.005460310838530634 0 0 0
0.0011494252873563218 0.07184926857757401 0.09691120200424796 0.31984971554950764 0 0 0
0.0011494252873563218 -0.19126644758702893 -0.30383288931795516 -0.4688212310349207 0 0 0
0.0011494252873563218 0.062470982020615365 0.5282585741499248 -0.42880628163941914 0 0 0
0.0011494252873563218 -0.263258637777135 -0.3300160058787998 -0.4183756187832833 0 0 0
0.0011494252873563218 0.262836065561688 -0.4439918703922907 0.06631316542007598 0 0 0
0.0011494252873563218 -0.2666219565851101 0.3162943263445218 5.514021073010633e-05 0 0 0
0.0011494252873563218 0.07819884461520096 0.38858488948438386 0.14396238446792975 0 0 0
0.0011494252873563218 0.5452579957894602 0.12904563623346585 -0.21641246843674622 0 0 0
0.0011494252873563218 -0.1815617985365998 0.28405623828629645 -0.3625697863849138 0 0 0
0.0011494252873563218 -0.18142701539867853 -0.1404395925653825 0.4154796867737315 0 0 0
0.0011494252873563218 -0.5316018879996675 -0.05235177623010228 -0.048319063108439884 0 0 0
0.0011494252873563218 0.3157251613955371 -0.22145642338576604 -0.3206781469764983 0 0 0
0.0011494252873563218 -0.3468810767618839 -0.031796436039379476 0.20807020822313727 0 0 0
0.0011494252873563218 -0.4155145096205884 0.26822992191258277 -0.47028492735077443 0 0 0
0.0011494252873563218 -0.24504967353226767 -0.10578161330624426 -0.5116101704675161 0 0 0
0.0011494252873563218 0.4083484789025645 0.4043311005797006 -0.16594106357554908 0 0 0
0.0011494252873563218 -0.00608841438015469 0.4596168575170359 -0.1060515145194653 0 0 0
0.0011494252873563218 -0.13919100684441257 -0.28541698731208515 -0.4745826662141045 0 0 0
0.0011494252873563218 0.5097526032626296 0.35279171564315004 0.1742937426417467 0 0 0
0.0011494252873563218 0.2612556327476771 0.19741477499927612 -0.13516890533214143 0 0 0
0.0011494252873563218 -0.644253890694306 0.016097354906128205 -0.14366810711893532 0 0 0
0.0011494252873563218 0.10403421353123986 0.1479578212648329 -0.22332918276705208 0 0 0
0.0011494252873563218 0.5509678902597698 0.11623102364264871 0.26807516959808086 0 0 0
0.0011494252873563218 0.3719680700481468 -0.18514223281890352 0.24501571419198287 0 0 0
0.0011494252873563218 -0.05266885664740009 -0.18350417062246818 -0.05827765275966041 0 0 0
0.0011494252873563218 0.3270015337579745 0.04052214417233304 -0.12007253040719489 0 0 0
0.0011494252873563218 0.156410807265968 -0.13495056776259276 0.3298300496368794 0 0 0
0.0011494252873563218 -0.3356892012331379 0.3035112660812147 -0.17721572275946565 0 0 0
0.0011494252873563218 0.1180618381835427 0.08321177111606162 0.6148798048567147 0 0 0
0.0011494252873563218 0.11921029971340114 0.08510774912449924 -0.5911009164986892 0 0 0
0.0011494252873563218 0.09631020603221445 -0.2547256601805509 -0.5984053843150741 0 0 0
0.0011494252873563218 0.49798517317335705 0.2950461614344648 0.18388382087491267 0 0 0
0.0011494252873563218 -0.33556112594710297 -0.35278336241317426 -0.48196263427319197 0 0 0
0.0011494252873563218 0.6209583002345265 -0.19809564532224588 0.06086661630242979 0 0 0
0.0011494252873563218 -0.48111621603259874 0.07151403655462 0.35517530605851255 0 0 0
0.0011494252873563218 0.13760554299838265 -0.1516376497952925 -0.07259794066298096 0 0 0
0.0011494252873563218 -0.05910706440448938 -0.40398811674498386 -0.42028938373984875 0 0 0
0.0011494252873563218 0.22733608404470568 0.2687792336390741 0.4020478021964233 0 0 0
0.0011494252873563218 -0.015171714609854739 -0.20491846332492789 -0.09261948458591726 0 0 0
0.0011494252873563218 0.15074220577036826 -0.3413325050493585 -0.17505545665527067 0 0 0
0.0011494252873563218 -0.009229905858827938 0.058266399295930096 0.3940649108513182 0 0 0
0.0011494252873563218 0.5721542300508634 0.013786585431097939 0.10993636376097267 0 0 0
0.0011494252873563218 0.022106971332278662 -0.2726991161483085 0.2501574328414581 0 0 0
0.0011494252873563218 -0.013239726956584466 0.37691900770941633 -0.17631272097947717 0 0 0
0.0011494252873563218 0.24863969537147937 -0.24065071827121115 -0.01182696157455671 0 0 0
0.0011494252873563218 -0.3365448151096798 0.36170958224576816 -0.03218370223350043 0 0 0
0.0011494252873563218 -0.23618427368507192 -0.11033912523353988 0.25079151763012814 0 0 0
0.0011494252873563218 -0.19064830665566743 0.2641447240100798 -0.5103527875429222 0 0 0
0.0011494252873563218 -0.4879814483254513 0.37758956220605805 0.07300648210418295 0 0 0
0.0011494252873563218 0.09080254933362313 -0.5596287542209336 -0.08968718189659151 0 0 0
0.0011494252873563218 0.32275550685699966 0.23170811153212323 -0.33976937097813775 0 0 0
0.0011494252873563218 -0.10556592494090163 -0.4111098806852044 -0.43610417659923933 0 0 0
0.0011494252873563218 0.011148401568661996 -0.22937401814894937 -0.05530804154065769 0 0 0
0.0011494252873563218 -0.039784138308387056 0.5685686009798705 0.1314820988949231 0 0 0
0.0011494252873563218 0.6420623465331782 0.11077659850998908 -0.11858221922689957 0 0 0
0.0011494252873563218 -0.3524998268565084 -0.2078291216098068 0.006324555246091594 0 0 0
0.0011494252873563218 -0.1048040958809391 0.3648529228253796 -0.15361559200737632 0 0 0
0.0011494252873563218 -0.04439981513908763 -0.5227983599468282 -0.3483985856353724 0 0 0
0.0011494252873563218 -0.1645525777316435 -0.3767199443459753 0.05194068914505971 0 0 0
0.0011494252873563218 0.27820818536593983 0.3539807649998618 -0.33749425174206255 0 0 0
0.0011494252873563218 -0.2061866967725507 -0.03929421493001697 -0.3191838096125073 0 0 0
0.0011494252873563218 0.2549795050233212 0.45239008751666926 -0.2629296716429744 0 0 0
0.0011494252873563218 -0.43601694014836556 0.05600700366649859 -0.03302861350131846 0 0 0
0.0011494252873563218 0.1566838527182895 -0.4545157064151034 -0.47787334714929114 0 0 0
0.0011494252873563218 0.1473452620624899 -0.40213424442876117 0.11809018860536451 0 0 0
0.0011494252873563218 -0.4667626282024956 0.016596438688930223 -0.01801250787752572 0 0 0
0.0011494252873563218 -0.14790726109534474 -0.19912344644268987 0.4529201339744644 0 0 0
0.0011494252873563218 0.16160847199382092 0.12633203495772416 -0.11087847348303091 0 0 0
0.0011494252873563218 -0.43421429446859783 -0.3789764516389537 0.06562500241713662 0 0 0
0.0011494252873563218 -0.37107773925445714 -0.04285380066913175 -0.051740698411009305 0 0 0
0.0011494252873563218 -0.47061327164965067 -0.14914143836935237 -0.25880609858548054 0 0 0
0.0011494252873563218 0.06588696547959778 0.2451738095942645 0.3044048667849244 0 0 0
0.0011494252873563218 -0.36008698234341524 -0.24014004811522466 0.5218500365535876 0 0 0
0.0011494252873563218 0.49696524089192523 -0.25253353146927127 -0.049460945579935835 0 0 0
0.0011494252873563218 -0.10107780696360771 -0.17315457277982974 -0.01205087622898902 0 0 0
0.0011494252873563218 -0.024243915443586384 -0.034136759567598075 0.42032614251276 0 0 0
0.0011494252873563218 -0.5463126832629448 0.2210788196352497 0.12514786161056757 0 0 0
0.0011494252873563218 0.08314540681245546 0.2749561628248575 -0.08807547606472094 0 0 0
0.0011494252873563218 -0.05390684239467004 -0.43665230083799056 -0.3580345508148606 0 0 0
0.0011494252873563218 -0.18492725156023762 0.2535812849654576 0.5567009713851478 0 0 0
0.0011494252873563218 -0.24368715466378765 0.0746082293917897 -0.6368996651783544 0 0 0
0.0011494252873563218 -0.34214750832959556 -0.2011873681315981 -0.24602974148975612 0 0 0
0.0011494252873563218 -0.08704242916788513 0.34274991276209255 -0.268860232201655 0 0 0
0.0011494252873563218 0.28081223385850446 -0.3852828882679908 -0.46423748963326006 0 0 0
0.0011494252873563218 -0.20132446819660885 0.04943483414493136 0.363217193689963 0 0 0
0.0011494252873563218 0.4471213408782974 -0.1904272421840396 0.01607265532632362 0 0 0
0.0011494252873563218 0.5106779411053384 -0.37916433482052797 0.09916756360368471 0 0 0
0.0011494252873563218 0.08815768852018802 0.10240120498683802 0.30895246441311214 0 0 0
0.0011494252873563218 -0.279900002340304 0.5824898899057431 -0.11583742457680715 0 0 0
0.0011494252873563218 0.24815080938563475 0.2237775130531877 0.4530163921500501 0 0 0
0.0011494252873563218 0.008309409160282371 -0.24604053954928912 0.6422760476956435 0 0 0
0.0011494252873563218 -0.27233246274575784 0.5751033312668147 0.07106742409466006 0 0 0
0.0011494252873563218 0.4596419317825702 0.4712359704191959 0.21163103575392878 0 0 0
0.0011494252873563218 0.27314522022721505 -0.2924553990875364 -0.24521066370965086 0 0 0
0.0011494252873563218 -0.3791867871144265 -0.4174556518197529 -0.1466331630885374 0 0 0
0.0011494252873563218 0.24974085236741728 -0.5325992471441356 0.228731499345829 0 0 0
0.0011494252873563218 0.22126301320987493 -0.2442714480337132 -0.03929422375535241 0 0 0
0.0011494252873563218 0.2327586426458752 0.47840017739833907 -0.21439059189549342 0 0 0
0.0011494252873563218 0.3004904601392208 0.4495122513008382 0.09806408517764899 0 0 0
0.0011494252873563218 -0.3385317286492339 -0.4269562765275631 0.2428699782494358 0 0 0
0.0011494252873563218 -0.03191840531958217 -0.20331715509810308 0.30337546987188274 0 0 0
0.0011494252873563218 -0.2950059425096258 0.1597076659505143 0.47450562773445587 0 0 0
0.0011494252873563218 0.5682393379471837 -0.13577706022140804 -0.16818744230803598 0 0 0
0.0011494252873563218 -0.35575394152562817 -0.17262962948813704 -0.16404693889601388 0 0 0
0.0011494252873563218 0.26997605136809916 0.21553632649381613 0.5719217900465146 0 0 0
0.0011494252873563218 0.19191920081950484 0.36648987906694147 0.45398344541542135 0 0 0
0.0011494252873563218 0.010905499629581277 -0.15342003365326 -0.5287565807493074 0 0 0
0.0011494252873563218 0.07418873461062774 0.25449437133735703 -0.5251424578859633 0 0 0
0.0011494252873563218 -0.10242830439465621 0.5057457841775926 -0.3346499154630074 0 0 0
0.0011494252873563218 -0.2421355070162427 0.5165372917304356 0.18904654206941246 0 0 0
0.0011494252873563218 0.05094691187974591 -0.1011456206079114 -0.23852720981346556 0 0 0
0.0011494252873563218 -0.621774494373618 -0.173777871813983 0.21734199155948886 0 0 0
0.0011494252873563218 0.24726715777120836 0.304717280629444 -0.38671353198122643 0 0 0
0.0011494252873563218 -0.05627969130927239 0.2213483118882553 -0.3663594512560367 0 0 0
0.0011494252873563218 0.3687733277481755 -0.39368302267584493 -0.3881505057754514 0 0 0
0.0011494252873563218 -0.13850083879843006 0.2834832168194978 -0.023570065220015615 0 0 0
0.0011494252873563218 0.2319648649454249 -0.10340964024301745 0.054075939656516116 0 0 0
0.0011494252873563218 -0.10166300441138128 0.3433706505428001 0.2555908745429761 0 0 0
0.0011494252873563218 -0.3884616393213859 -0.06079771221601862 0.13375689712422825 0 0 0
0.0011494252873563218 -0.4107330405063137 0.13122042390548122 0.2757889209242714 0 0 0
0.0011494252873563218 -0.32317674582925465 -0.034325302961023825 0.610005454247583 0 0 0
0.0011494252873563218 0.14485147100393012 -0.01924209012954244 0.16119662797053397 0 0 0
0.0011494252873563218 -0.07273698791169994 0.09204715098618084 -0.014954053343039196 0 0 0
0.0011494252873563218 -0.28204220979680955 0.08826447466571366 0.3878384935361666 0 0 0
0.0011494252873563218 -0.07606435589283417 0.643831760540717 -0.24425577131028486 0 0 0
0.0011494252873563218 0.0846469346937919 0.24168203559335805 -0.49636603278311353 0 0 0
0.0011494252873563218 -0.38011841429897236 -0.528559106224878 0.18655364022027637 0 0 0
0.0011494252873563218 -0.49987735234405417 0.019237089192577127 -0.16924020153222794 0 0 0
0.0011494252873563218 0.05810825180136478 -0.6060664419027412 -0.01232322213543362 0 0 0
0.0011494252873563218 0.5812146284300111 0.1438271240027867 -0.30313710685103307 0 0 0
0.0011494252873563218 0.16663298283071235 0.17004307932464555 -0.35575991544186036 0 0 0
0.0011494252873563218 0.3759626289554454 0.05033624243782931 0.3022456697463357 0 0 0
0.0011494252873563218 0.29142797836082956 0.20134653993543597 0.5265727079073727 0 0 0
0.0011494252873563218 -0.37221668733813906 0.1576170738657378 -0.05414045027199111 0 0 0
0.0011494252873563218 -0.24520652865793852 -0.05890948135500765 0.44533025930192643 0 0 0
0.0011494252873563218 0.09804829872635089 -0.18042493148748856 0.2609252978974601 0 0 0
0.0011494252873563218 -0.08285446428875297 -0.5498843379722781 -0.11231551745082874 0 0 0
0.0011494252873563218 -0.18243243902809075 -0.40024018215680396 0.48507305140246415 0 0 0
0.0011494252873563218 0.19377563815235624 0.4563448663016466 0.06557397123740198 0 0 0
0.0011494252873563218 0.2627900410094779 0.07482207808935515 0.12643670080073383 0 0 0
0.0011494252873563218 -0.42083325916929537 -0.2665803521672469 0.296832872611551 0 0 0
0.0011494252873563218 -0.28073522767217024 -0.4269788597915292 -0.15949054585850175 0 0 0
0.0011494252873563218 -0.5204942276399336 -0.2965956214378689 -0.07866802554172884 0 0 0
0.0011494252873563218 0.01935972472108875 -0.3740141799033443 -0.10935612938051657 0 0 0
0.0011494252873563218 0.489474499841311 -0.012389371217071463 0.07236350114488409 0 0 0
0.0011494252873563218 0.09162127575139764 0.3908843037356739 -0.4274404722128293 0 0 0
0.0011494252873563218 -0.5549466123791698 0.20500386237898072 -0.22414248103239168 0 0 0
0.0011494252873563218 0.14616528625370442 0.5736454291682557 0.2889963566785403 0 0 0
0.0011494252873563218 -0.15777783939184667 -0.04857803827174335 0.6311380655730284 0 0 0
0.0011494252873563218 -0.11066186201911855 0.15907466927094382 -0.5613648606806534 0 0 0
0.0011494252873563218 0.23136803337263007 -0.17728269396728477 -0.0876832253424631 0 0 0
0.0011494252873563218 0.4380504714482628 -0.26015674137757155 -0.45290011840402555 0 0 0
0.0011494252873563218 -0.04696208666340273 -0.17894401805539648 -0.02927262021923249 0 0 0
0.0011494252873563218 0.44398734215120994 -0.2223631095888158 0.3067855801281462 0 0 0
0.0011494252873563218 0.21446068874011892 0.5323256213025748 0.38867945460897896 0 0 0
0.0011494252873563218 -0.19917337863770354 0.24405182849189078 -0.012202377320747365 0 0 0
0.0011494252873563218 -0.6212187387573809 0.2435166578290518 -0.06082305998794035 0 0 0
0.0011494252873563218 -0.5529224482763789 0.19162165128312358 -0.2567078847465823 0 0 0
0.0011494252873563218 -0.26503805018018783 -0.438831827944678 -0.3204315956818239 0 0 0
0.0011494252873563218 -0.012542238997906957 -0.21829377054926602 -0.1349647303966786 0 0 0
0.0011494252873563218 0.031494682266566563 0.39067372357703956 0.49232257157407516 0 0 0
0.0011494252873563218 -0.28613933803361624 -0.1684414357256257 -0.04389364593595909 0 0 0
0.0011494252873563218 0.36691135227939875 -0.29095394806495906 -0.07629433766674908 0 0 0
0.0011494252873563218 -0.4633819806884002 -0.2512285343540667 0.19669516798281267 0 0 0
0.0011494252873563218 0.13519344379689988 0.007092919459032442 -0.1868092909494023 0 0 0
0.0011494252873563218 -0.16290229415537194 0.3852538780817855 -0.27701641168433166 0 0 0
0.0011494252873563218 0.27995515739743254 0.11503333099013387 0.5763876999963017 0 0 0
0.0011494252873563218 0.14153360765396697 -0.41020565659636254 0.43643964618163583 0 0 0
0.0011494252873563218 0.1951243300638413 -0.11798793286489749 0.6146180898027295 0 0 0
0.0011494252873563218 -0.01696815962644413 -0.06067968880184526 -0.37254478051100975 0 0 0
0.0011494252873563218 0.05228205933267472 -0.12288686998717817 0.572788209693331 0 0 0
0.0011494252873563218 0.17418930106978908 -0.05410824876113678 0.0864900969716595 0 0 0
0.0011494252873563218 -0.2756220950192145 0.22501857653068774 -0.008576225447018889 0 0 0
0.0011494252873563218 -0.4467512599852255 0.09920181519699164 -0.22464822946866692 0 0 0
0.0011494252873563218 -0.2450469940200547 -0.02665725378817353 -0.5376333614395196 0 0 0
0.0011494252873563218 -0.471890517966435 0.48453697876494756 -0.010632941339020393 0 0 0
0.0011494252873563218 0.019892605513711453 0.387354294663126 -0.09989726576030779 0 0 0
0.0011494252873563218 0.09858912492025736 0.5454947824435868 0.10580596192619654 0 0 0
0.0011494252873563218 -0.1657362133416338 0.5479970699423238 -0.28382074084921244 0 0 0
0.0011494252873563218 0.005126539387554234 -0.30566376593077504 -0.2606902093130133 0 0 0
0.0011494252873563218 0.028547354173221955 -0.35589553983807953 0.262093922742834 0 0 0
0.0011494252873563218 0.6530420434236889 0.18447419529579256 0.08342850452086988 0 0 0
0.0011494252873563218 0.34749656639485454 0.29149118207857505 -0.3612178192449368 0 0 0
0.0011494252873563218 -0.23203608334574247 -0.22424608136538798 0.3097510652218248 0 0 0
0.0011494252873563218 -0.12196307981763671 -0.06743737145548871 -0.330651846630593 0 0 0
0.0011494252873563218 -0.1111771310105909 -0.6143782002372769 0.11526718018953046 0 0 0
0.0011494252873563218 -0.012166501038186716 0.4775650245788703 -0.46427187634803974 0 0 0
0.0011494252873563218 0.22179041228466445 -0.08191484747636564 0.017764137556564738 0 0 0
0.0011494252873563218 0.12815092359097754 0.34111600055467023 0.1917123751721019 0 0 0
0.0011494252873563218 0.045296378303147276 -0.18915551914847112 -0.06159183196135687 0 0 0
0.0011494252873563218 -0.454926745268805 0.5054943562129307 -0.12042602784499393 0 0 0
0.0011494252873563218 0.22101751715237478 -0.018033368783584868 -0.2764937864471756 0 0 0
0.0011494252873563218 0.2167528264890552 0.28376182812403056 0.5186229972982055 0 0 0
0.0011494252873563218 0.10305907219327506 0.17599324837602323 0.653643035949859 0 0 0
0.0011494252873563218 -0.10790271232340683 0.09873191574181357 -0.3235297611398447 0 0 0
0.0011494252873563218 -0.05849501635520958 0.2975648786030674 -0.016567663073696923 0 0 0
0.0011494252873563218 0.32776360708432617 0.32960796293236827 0.29993882147307116 0 0 0
0.0011494252873563218 0.28268340486772914 0.21955736229596998 0.3070942016665405 0 0 0
0.0011494252873563218 0.2963897531743791 0.2503819302173805 -0.3086697542881711 0 0 0
0.0011494252873563218 0.18915545313599985 0.39205542882666233 -0.5035751633526281 0 0 0
0.0011494252873563218 -0.259181483320008 0.35558003976302643 -0.19283375619318735 0 0 0
0.0011494252873563218 0.25670554344832897 0.528963175208257 0.1840641066968817 0 0 0
0.0011494252873563218 0.5422031629410669 -0.06952694976116125 -0.37747509898491766 0 0 0
0.0011494252873563218 -0.31628709530635907 -0.08306647060644293 -0.20936205012699666 0 0 0
0.0011494252873563218 -0.5596507846510782 -0.13062010815705877 -0.07246202328122517 0 0 0
0.0011494252873563218 0.5868406129505686 0.07021502410787052 -0.249278362953432 0 0 0
0.0011494252873563218 0.1591208243492383 0.022526525321863264 -0.44432111170879424 0 0 0
0.0011494252873563218 0.24246161604654806 -0.36242269715932723 -0.018747048156362165 0 0 0
0.0011494252873563218 -0.03527475117095702 -0.32618885091835853 -0.2309105820531768 0 0 0
0.0011494252873563218 0.1538909630819034 0.5457845111149264 -0.1565141252728239 0 0 0
0.0011494252873563218 0.3932350596809691 -0.04646096950959705 0.16387638103406973 0 0 0
0.0011494252873563218 0.23661357703006977 0.05313769014931941 0.5256913050632189 0 0 0
0.0011494252873563218 0.46694137914756206 -0.12120353286592814 0.3551354018778495 0 0 0
0.0011494252873563218 0.18653191284528634 0.038106499682753994 -0.30860240396499594 0 0 0
0.0011494252873563218 -0.21374452863683407 -0.0028541234259330276 0.20467886667166138 0 0 0
0.0011494252873563218 0.6268348253069553 -0.12705156382676377 0.12976790423708018 0 0 0
0.0011494252873563218 0.07232822201751261 0.6236665510301218 0.15118912301775214 0 0 0
0.0011494252873563218 0.16624456262614593 -0.3376103187620475 0.44542417474508234 0 0 0
0.0011494252873563218 -0.11761604143398191 -0.5559819882523256 0.2429246840290753 0 0 0
0.0011494252873563218 0.12382320170306112 -0.533326152654478 -0.3983090361410818 0 0 0
0.0011494252873563218 -0.2990068937661177 -0.1908332856128195 -0.5504090931071689 0 0 0
0.0011494252873563218 0.1793553920360532 0.4565996880257794 0.29557885416399543 0 0 0
0.0011494252873563218 -0.15337157004778484 0.09728706127694901 -0.6514252368985921 0 0 0
0.0011494252873563218 0.3362566584513419 -0.4657691845181361 -0.024192705157145247 0 0 0
0.0011494252873563218 0.40545994136979707 0.28124386296316894 -0.19897955272174078 0 0 0
0.0011494252873563218 0.16753292088992847 0.09915426305971858 -0.28662102623057584 0 0 0
0.0011494252873563218 0.15514920202544794 -0.34542710351023775 0.433714740872187 0 0 0
0.0011494252873563218 -0.5295873650836875 0.06105017559572892 0.3193641604600617 0 0 0
0.0011494252873563218 -0.3405137397512086 -0.09066893726001014 -0.13473635208456516 0 0 0
0.0011494252873563218 -0.22884632362746718 0.5769616732604215 0.224033507010403 0 0 0
0.0011494252873563218 -0.29571110349863655 0.045098260028859444 -0.1769693882437205 0 0 0
0.0011494252873563218 -0.2694041937727943 0.1954371677363604 -0.5986695489253699 0 0 0
0.0011494252873563218 0.3379723397163757 -0.07261573380747714 -0.3477201393927472 0 0 0
0.0011494252873563218 0.3732088647928868 0.3260035489127284 0.21964086583781867 0 0 0
0.0011494252873563218 -0.23065939970308763 0.2299332000021633 0.5344675386635855 0 0 0
0.0011494252873563218 0.6128840492355399 0.040177582235883275 -0.0020739312722236895 0 0 0
0.0011494252873563218 0.20664738232702182 -0.1203606283362669 -0.43649520660982316 0 0 0
0.0011494252873563218 -0.19771008856330932 0.26655671238536915 0.2525989380002472 0 0 0
0.0011494252873563218 -0.3469117109637798 0.4161673200123008 0.2654383663463155 0 0 0
0.0011494252873563218 -0.020183106910727593 0.15402360374693239 0.07342836822721922 0 0 0
0.0011494252873563218 0.07345142768814061 -0.5011057502729622 0.3688141196521091 0 0 0
0.0011494252873563218 -0.5712190025698461 0.07309441345972109 -0.13211703732750243 0 0 0
0.0011494252873563218 0.10559958620757848 -0.17469208193211147 0.5653526040172586 0 0 0
0.0011494252873563218 -0.33530440957316593 0.404455500449031 -0.21928730025985962 0 0 0
0.0011494252873563218 0.18669461822834416 -0.39847529990960573 -0.31448861961765107 0 0 0
0.0011494252873563218 0.510849623835053 0.1034725614094148 0.22925103995065585 0 0 0
0.0011494252873563218 0.5036258307268365 0.4408662502361615 -0.12484030228356911 0 0 0
0.0011494252873563218 -0.006803753995571785 0.20891147593464304 0.5814910986779213 0 0 0
0.0011494252873563218 -0.18928441923297132 0.24400251845417437 -0.2500382196105825 0 0 0
0.0011494252873563218 -0.48994643921780606 0.031962650473548446 -0.07776751771051109 0 0 0
0.0011494252873563218 -0.4285912267666105 0.24138152052304052 0.13079988093383674 0 0 0
0.0011494252873563218 0.26400504933931007 0.046335068047650314 0.44908798256161386 0 0 0
0.0011494252873563218 0.33764780869129574 0.3809592965816462 0.45209582203310883 0 0 0
0.0011494252873563218 0.37439805280159916 -0.37175185123008864 -0.18465652784943676 0 0 0
0.0011494252873563218 0.23171199142743384 0.29246197720085126 0.01685308247406266 0 0 0
0.0011494252873563218 -0.55928605764942 -0.20096360924583057 0.2426751275424814 0 0 0
0.0011494252873563218 -0.06820952507525198 0.41700886139318927 -0.3549262083252073 0 0 0
0.0011494252873563218 -0.26869460868014944 -0.25246868362083086 -0.4885368457642621 0 0 0
0.0011494252873563218 0.2869981726500107 0.5285270265665702 -0.09238212061828642 0 0 0
0.0011494252873563218 -0.28894932289774555 -0.19305772780408006 0.09026434375371638 0 0 0
0.0011494252873563218 0.1647170805834486 0.41651798678961605 -0.31786599548426747 0 0 0
0.0011494252873563218 0.42567975390585866 0.3148587777324623 0.3142943975389059 0 0 0
0.0011494252873563218 0.11514582375838174 0.08541810780507812 -0.5323700267838711 0 0 0
0.0011494252873563218 -0.48230622048453137 -0.041839704176594425 -0.3002390896333369 0 0 0
