930
0
0.001075268817204301 0.2303944545775977 -0.11213756712290023 -0.20304931847267169 0 0 0
0.001075268817204301 -0.09729071057271865 -0.2243794372678777 0.47034756154186397 0 0 0
0.001075268817204301 -0.1924598942416014 0.24647929688719392 0.0596817623972488 0 0 0
0.001075268817204301 0.49632082676389944 -0.032361192761558806 -0.2776874331218246 0 0 0
0.001075268817204301 -0.3351591084497938 -0.16990286510332228 0.4804592394916143 0 0 0
0.001075268817204301 -0.2261967225602123 0.3102849076661906 -0.4393418843622534 0 0 0
0.001075268817204301 -0.3690396183266497 -0.3667436737037166 -0.3056228867837279 0 0 0
0.001075268817204301 -0.16036932926428912 -0.2858596632384001 0.045496736642592815 0 0 0
0.001075268817204301 0.020296553872251617 0.5713060184005487 0.26561736137500364 0 0 0
0.001075268817204301 -0.3060489017093048 -0.3288541752097994 -0.4574304223123431 0 0 0
0.001075268817204301 0.21594478764773625 -0.6355800038756103 -0.04704013258148625 0 0 0
0.001075268817204301 0.27824133980936755 -0.12301666095275936 0.09543210840685348 0 0 0
0.001075268817204301 -0.07734985621299155 -0.15813392839790702 0.6525572365380456 0 0 0
0.001075268817204301 -0.20575720314269194 -0.10799851914594492 -0.2355014018554748 0 0 0
0.001075268817204301 0.07401890909536808 -0.3141736278860004 -0.3491146841513453 0 0 0
0.001075268817204301 0.004627245480768661 -0.0774281301607301 0.2364805377296601 0 0 0
0.001075268817204301 0.5440546035990294 0.07778045661758343 -0.325149261083666 0 0 0
0.001075268817204301 0.6546324183997403 0.040942194870887585 0.1521740627701638 0 0 0
0.001075268817204301 0.31267121336698617 0.16573128166585313 -0.43303257342203094 0 0 0
0.001075268817204301 -0.19039327606987427 0.037049937395029965 -0.494236548140405 0 0 0
0.001075268817204301 -0.05216501620696406 0.19262190314646446 0.4107067362688696 0 0 0
0.001075268817204301 -0.1644076744203411 -0.2534937360259094 0.06648960547924204 0 0 0
0.001075268817204301 -0.20762502497685317 -0.04288709886117401 0.5996697308254346 0 0 0
0.001075268817204301 0.11433622738111993 -0.00542129108454016 0.4993802097563095 0 0 0
0.001075268817204301 -0.08721431758790665 -0.3787980104154164 0.20493875509667364 0 0 0
0.001075268817204301 0.0975476506407227 0.0484235957164102 -0.3108935207911651 0 0 0
0.001075268817204301 -0.02939369167162336 0.129228505345781 0.4139860509412508 0 0 0
0.001075268817204301 0.16276030521124626 0.37865941465636105 -0.06256993244454404 0 0 0
0.001075268817204301 0.2079970963392216 0.30951397254715735 -0.4898615195705313 0 0 0
0.001075268817204301 -0.22170948752335742 -0.32627988830837484 -0.04483175064427356 0 0 0
0.001075268817204301 -0.1570291203860723 0.21663819336267903 -0.1595393685179837 0 0 0
0.001075268817204301 -0.16299507906052463 0.49341494586017354 0.3943160593792828 0 0 0
0.001075268817204301 0.39700942556298646 -0.46998005882865196 0.06614143357637356 0 0 0
0.001075268817204301 -0.18659850585080395 -0.13381487183829383 0.6146200862297094 0 0 0
0.001075268817204301 0.4826260666074115 0.0219721894653766 0.4016567303887633 0 0 0
0.001075268817204301 0.597310631142429 0.20365796730050573 -0.060190077043334435 0 0 0
0.001075268817204301 -0.16671922967047184 -0.07280221756537016 0.5288223917928433 0 0 0
0.001075268817204301 0.4667160463127959 -0.19332243960226744 -0.27402732761551934 0 0 0
0.001075268817204301 0.08038588369588215 0.2969118892294989 0.5733543904599712 0 0 0
0.001075268817204301 -0.3455753638119014 0.38935612328859126 -0.09886707861354417 0 0 0
0.001075268817204301 0.40528959748805393 -0.1741123109391912 -0.05790810768804548 0 0 0
0.001075268817204301 0.06157585340624966 0.44577899660225906 0.21145803068693406 0 0 0
0.001075268817204301 -0.6158291940181175 0.031521923443948566 -0.23745131709179532 0 0 0
0.001075268817204301 0.010023449563479945 -0.3881363308624116 -0.27125622529552446 0 0 0
0.001075268817204301 -0.17795572247835442 0.5530583553000359 -0.024595148312752096 0 0 0
0.001075268817204301 -0.6148901800795785 -0.2784641073868418 0.09059685869112016 0 0 0
0.001075268817204301 0.5398783856189526 -0.335211112930644 -0.17520148496216906 0 0 0
0.001075268817204301 0.11393548701935827 -0.3959120878502005 0.2847457270217553 0 0 0
0.001075268817204301 -0.34693748467934493 -0.15016349776850715 -0.2549356907052356 0 0 0
0.001075268817204301 -0.6652319884385843 -0.11294414984638687 0.10374836755964781 0 0 0
0.001075268817204301 0.007768296657534539 0.5154963503795404 0.10684775365499755 0 0 0
0.001075268817204301 -0.18651623037410506 0.22658306439578468 -0.6052324678056226 0 0 0
0.001075268817204301 -0.46544003671797207 0.14621656665451785 0.3991725512786479 0 0 0
0.001075268817204301 -0.15564081364322266 0.09248573866611698 0.4489690810069208 0 0 0
0.001075268817204301 0.5858457951796803 0.25911684063832385 -0.019736833312716934 0 0 0
0.001075268817204301 -0.044072049108774054 -0.329676204436019 0.2749349712580877 0 0 0
0.001075268817204301 -0.24496783668272962 -0.2979869122086333 -0.3827191868298073 0 0 0
0.001075268817204301 -0.20326694602619386 -0.4433818512616933 0.4440428197085654 0 0 0
0.001075268817204301 0.020012796636393458 0.22468349914708075 0.16161372564109694 0 0 0
0.001075268817204301 -0.07026450933942358 -0.4137486012747671 -0.4922359427635192 0 0 0
0.001075268817204301 -0.15380571855668768 0.19630552731037737 -0.42521551921343614 0 0 0
0.001075268817204301 0.24323558032483322 -0.17466860823395527 -0.3362820996867684 0 0 0
0.001075268817204301 0.1088244435337247 0.13109334534571468 -0.3426970178181016 0 0 0
0.001075268817204301 0.33540448709034615 -0.39788592401945594 -0.24633488054705718 0 0 0
0.001075268817204301 0.2636159618139566 0.026638795792368355 -0.1729087907792947 0 0 0
0.001075268817204301 -0.34693791344972463 -0.04480597358753725 0.012286852305547139 0 0 0
0.001075268817204301 -0.03747794671723915 0.3269946522328116 -0.4721594074279911 0 0 0
0.001075268817204301 0.30044530535014424 -0.028863948245547087 -0.49863956519793523 0 0 0
0.001075268817204301 -0.2852241031854395 0.07317915880788779 -0.28769414005451144 0 0 0
0.001075268817204301 -0.1391274234200169 -0.11605073586311627 -0.5355135160715682 0 0 0
0.001075268817204301 -0.16378684695687623 0.3139680249713895 0.38280828567797615 0 0 0
0.001075268817204301 0.1806542151420885 -0.22984172354434002 -0.5587523770040909 0 0 0
0.001075268817204301 0.37660962893078204 0.06701774013017163 -0.47446090265010976 0 0 0
0.001075268817204301 0.38239076829716895 -0.3075163085099319 0.06473902714511853 0 0 0
0.001075268817204301 -0.47623032683724653 0.23408578651293274 -0.033513576962641026 0 0 0
0.001075268817204301 -0.11743965860209804 -0.48410295329133485 0.3751476648523914 0 0 0
0.001075268817204301 -0.47773566421944996 0.22329139059081798 0.4367603095332308 0 0 0
0.001075268817204301 0.096763091589889 0.38305939453109367 0.15249081315081806 0 0 0
0.001075268817204301 -0.3339498566657866 -0.19026229345732992 -0.05984901840009483 0 0 0
0.001075268817204301 -0.5052708700448973 -0.3357205159491228 -0.06393169850343323 0 0 0
0.001075268817204301 -0.21573216397453218 -0.598187571082067 0.2597002590059212 0 0 0
0.001075268817204301 0.426662169734547 0.027123229560862834 0.22424634013689274 0 0 0
0.001075268817204301 -0.24905100099054978 0.2249102299405987 0.5622426957651877 0 0 0
0.001075268817204301 0.07723663823050772 -0.5175469207906043 -0.12361518024148144 0 0 0
0.001075268817204301 0.35064637213314437 0.22063726254156105 0.19334129814847714 0 0 0
0.001075268817204301 0.09705147973274247 -0.5756033020350693 0.3013106901139997 0 0 0
0.001075268817204301 -0.09871610813762861 0.1773821992946778 -0.23456648803474475 0 0 0
0.001075268817204301 -0.13875743207046934 0.12095710966864943 -0.24552234930812547 0 0 0
0.001075268817204301 -0.3379120550023226 0.34268616787866607 0.35880527889029734 0 0 0
0.001075268817204301 0.04409675301333795 -0.2666225663196472 0.409028222236301 0 0 0
0.001075268817204301 -0.6696016337525198 -0.013858154765188717 0.11645378109059244 0 0 0
0.001075268817204301 -0.5530023727460035 0.2739971555554839 -0.12500804972277582 0 0 0
0.001075268817204301 0.0008305899862587176 0.5861878955627599 -0.16319767976799773 0 0 0
0.001075268817204301 -0.2308659806307965 -0.12056841804128765 0.24009412930428875 0 0 0
0.001075268817204301 -0.3008598556416182 0.35921044011084047 -0.06852822212228894 0 0 0
0.001075268817204301 -0.5572388508187608 -0.10815099449996722 -0.09481321282045489 0 0 0
0.001075268817204301 0.48061822411596755 -0.18744030608567042 -0.4112945580094424 0 0 0
0.001075268817204301 0.3409285460539916 0.4458387198071954 0.17074504862176942 0 0 0
0.001075268817204301 0.5234866706139926 0.06741921768497024 0.22114322517457624 0 0 0
0.001075268817204301 0.2717284843919961 -0.1921215112619318 0.5502378485468218 0 0 0
0.001075268817204301 -0.38262727803631824 -0.09265600693961051 0.42952186275418214 0 0 0
0.001075268817204301 -0.08741945673655309 0.25699440612599816 0.4097987232579396 0 0 0
0.001075268817204301 0.29700219504392805 0.1246008787152666 0.15143023901720698 0 0 0
0.001075268817204301 0.023219506376579272 0.5416349599585721 -0.09293541886899204 0 0 0
0.001075268817204301 0.018047497537228518 -0.5877155810352042 -0.18298373256048592 0 0 0
0.001075268817204301 0.1318526347176761 0.35891973400923227 0.33704097937865285 0 0 0
0.001075268817204301 0.18702139112491253 0.021681304788666377 -0.5946266547271704 0 0 0
0.001075268817204301 -0.17952009314815792 -0.3722386647430944 -0.021732989114172072 0 0 0
0.001075268817204301 0.21691409796298802 0.051202207535970094 0.533630366001066 0 0 0
0.001075268817204301 -0.34544200206536635 0.5193571870767006 -0.10856019129902356 0 0 0
0.001075268817204301 0.035349935925320444 -0.43351684621300807 -0.5310600295705822 0 0 0
0.001075268817204301 -0.4046239830109702 0.33692495784618354 0.024094249932137646 0 0 0
0.001075268817204301 0.2508106303982107 -0.15756321253177236 -0.0733714672859559 0 0 0
0.001075268817204301 0.11899110391921501 -0.15589798656892995 -0.5111476116252823 0 0 0
0.001075268817204301 0.2703151165307194 0.015955986380587314 0.22053786565575537 0 0 0
0.001075268817204301 0.038183948153900645 0.5981587696293406 -0.25342401406992116 0 0 0
0.001075268817204301 -0.11378482118381728 -0.019626588453886734 0.6159977317359391 0 0 0
0.001075268817204301 0.02683245215733098 0.08179563416357527 0.4798549536018835 0 0 0
0.001075268817204301 0.29499610990873115 -0.18711965711013892 0.20687786632731703 0 0 0
0.001075268817204301 0.12379915755591442 0.08210829095813266 -0.45248806662857277 0 0 0
0.001075268817204301 0.3845774467043081 0.5445023108094836 0.1597968672539487 0 0 0
0.001075268817204301 -0.2111080753453609 0.03242400319255574 0.04418961947292192 0 0 0
0.001075268817204301 0.3823102663356311 -0.4095984970418504 0.4005857553688064 0 0 0
0.001075268817204301 0.04900894843718561 0.18581837914181917 -0.38019228209343875 0 0 0
0.001075268817204301 -0.17140590316841986 -0.1414674549859695 0.11484487190402429 0 0 0
0.001075268817204301 0.24722233709060226 -0.22105401107294592 0.11957589956457251 0 0 0
0.001075268817204301 0.4026359847546726 -0.3915467767025251 -0.05190739114133757 0 0 0
0.001075268817204301 0.42187552232880127 -0.3676877586969737 0.131407063744495 0 0 0
0.001075268817204301 -0.23847348400988483 -0.47874716280314994 0.08294846704571247 0 0 0
0.001075268817204301 0.06972630091010196 -0.00042743752545632165 0.6133226750675544 0 0 0
0.001075268817204301 0.03921534068572785 -0.3297369295444806 -0.5666944589196576 0 0 0
0.001075268817204301 -0.0888905058646564 -0.6028324809847974 0.30101510092470934 0 0 0
0.001075268817204301 0.2419915580472602 -0.19229027102067126 0.10959709660738941 0 0 0
0.001075268817204301 0.44300974423777006 0.23203303326204444 -0.17001612459672277 0 0 0
0.001075268817204301 -0.6585358020734884 0.17508959081412342 -0.022776369443413446 0 0 0
0.001075268817204301 0.3729190731302823 0.19273155407940684 -0.5234269401642059 0 0 0
0.001075268817204301 0.6437525299162528 -0.17393773485051786 0.16164165654563106 0 0 0
0.001075268817204301 0.23543919837073174 -0.16166225612184607 -0.48424125593887024 0 0 0
0.001075268817204301 0.4948894371728244 0.030319515933303336 -0.39084887049143396 0 0 0
0.001075268817204301 0.10881436085071505 -0.1394527900474347 0.02113895512693331 0 0 0
0.001075268817204301 -0.4323415845318571 -0.4220470730749239 0.32146827576975395 0 0 0
0.001075268817204301 0.01999054362953243 0.4301499382749045 -0.3208878544089536 0 0 0
0.001075268817204301 0.5724255197432722 -0.17075493248262794 -0.21217795537688328 0 0 0
0.001075268817204301 -0.00679258187587146 0.3623881565435264 0.4438282931703813 0 0 0
0.001075268817204301 -0.596339024920413 0.27010774053608466 -0.06861766544107416 0 0 0
0.001075268817204301 0.2066144256677043 0.6346108390896306 0.010380006223325048 0 0 0
0.001075268817204301 0.5207060080745112 0.05367415008770595 -0.26284366091480044 0 0 0
0.001075268817204301 -0.3848458368842734 0.3137120377818507 0.29164024555614554 0 0 0
0.001075268817204301 0.4527558584883005 0.29514685618813163 0.18791874604479294 0 0 0
0.001075268817204301 -0.45437070782034583 0.06049202678523463 0.4015356363484226 0 0 0
0.001075268817204301 -0.0909789100048431 0.3898493314607323 0.45093293698193737 0 0 0
0.001075268817204301 0.3022420321761571 0.10392472896229023 0.08370403722320963 0 0 0
0.001075268817204301 -0.054452760329977555 -0.0755621558786755 0.5997986701949453 0 0 0
0.001075268817204301 -0.4833198311715483 0.17180777854930826 -0.196585880181093 0 0 0
0.001075268817204301 0.20492077738111408 -0.4738669573004213 0.2922044751480128 0 0 0
0.001075268817204301 -0.15345647181839703 0.5156073411458272 -0.3133182081860413 0 0 0
0.001075268817204301 0.15693432623619538 -0.08537057924928196 -0.5929398156803269 0 0 0
0.001075268817204301 -0.47371887592172673 0.2858999145519855 -0.17415853259029226 0 0 0
0.001075268817204301 -0.05931871565959331 -0.38072434946365097 -0.29342535844121814 0 0 0
0.001075268817204301 0.19707252474443004 0.49765519664744085 -0.009838966817736036 0 0 0
0.001075268817204301 -0.1318641563977166 0.10749189176128068 -0.6184701583124308 0 0 0
0.001075268817204301 -0.27389181539018687 -0.31153254446910417 0.4715536564929148 0 0 0
0.001075268817204301 -0.3429902239531895 0.3784354664962248 0.2971557562420205 0 0 0
0.001075268817204301 0.4320206008063407 -0.18453844055823762 0.11568419477337319 0 0 0
0.001075268817204301 0.5753627534456712 -0.301306721549922 -0.010266485349390363 0 0 0
0.001075268817204301 -0.0666624982704428 -0.37994776697434207 0.41041107512844355 0 0 0
0.001075268817204301 -0.37668423265561574 -0.4708932662014195 -0.16159666843914067 0 0 0
0.001075268817204301 0.19237663287783494 0.20094492183596593 -0.06165944820608181 0 0 0
0.001075268817204301 -0.18340524759704208 0.15571413412246402 0.11011395316867334 0 0 0
0.001075268817204301 0.11091817615941063 0.46899310445135034 0.34792923217815375 0 0 0
0.001075268817204301 0.39971125177131267 0.0980393778090847 0.5068784143270092 0 0 0
0.001075268817204301 0.41289113936498645 -0.23979599738848903 0.2695639936176704 0 0 0
0.001075268817204301 0.6418152069579621 0.22992053513746083 -0.02284188384133596 0 0 0
0.001075268817204301 0.025904947160476935 -0.6427213712918715 -0.136959293526894 0 0 0
0.001075268817204301 0.6129984589012183 -0.15214181052548756 0.0555125242369735 0 0 0
0.001075268817204301 0.04700221668341602 -0.22935417360678115 -0.04867791954291123 0 0 0
0.001075268817204301 0.6147487357185536 -0.037216910659310806 -0.0879811859672815 0 0 0
0.001075268817204301 0.028841861877558474 -0.03722156696815906 -0.3169314233274332 0 0 0
0.001075268817204301 -0.13391878571476382 0.021706742830365305 0.10951444325789758 0 0 0
0.001075268817204301 -0.3620078846892595 0.04361299094594086 0.5614504315959873 0 0 0
0.001075268817204301 0.41613980418845203 0.10987294277575238 -0.2806313750489233 0 0 0
0.001075268817204301 -0.376412885581028 0.5594841108846111 0.102886541564738 0 0 0
0.001075268817204301 0.3710381580196914 -0.005127487941873803 0.26217593898151775 0 0 0
0.001075268817204301 0.6617854010909755 -0.1142201979389903 -0.12000074578356397 0 0 0
0.001075268817204301 -0.19318910113754875 0.29032099978358145 -0.23556406869507207 0 0 0
0.001075268817204301 0.055839361076995615 -0.5904099110103321 -0.045795054370216894 0 0 0
0.001075268817204301 0.23542094284366685 -0.013617774125566931 0.3526569119077574 0 0 0
0.001075268817204301 0.22834627406341396 0.4431022487495014 0.035239498232911386 0 0 0
0.001075268817204301 0.3967248444267086 -0.4311327543061096 -0.09817279841536809 0 0 0
0.001075268817204301 -0.25205820558802616 0.28536147714525717 -0.45238390639994763 0 0 0
0.001075268817204301 0.2787526878039433 -0.09466742947392112 -0.4521735725132528 0 0 0
0.001075268817204301 0.07988471549827637 0.41553087441809045 -0.28467056739569674 0 0 0
0.001075268817204301 -0.054522449085106034 0.36100042651933817 0.27082194221684747 0 0 0
0.001075268817204301 -0.3966556096410912 -0.024543978226757725 0.4826497933337169 0 0 0
0.001075268817204301 0.5934715783862072 -0.2863237474277807 0.095486558640951 0 0 0
0.001075268817204301 -0.3540523357367445 0.53590401454235 0.043660281751725254 0 0 0
0.001075268817204301 -0.09596204191507786 -0.10902601362697381 -0.16336919401840802 0 0 0
0.001075268817204301 0.49663184981305797 0.3085092448143307 0.059654221046289424 0 0 0
0.001075268817204301 0.5349460930543305 -0.23899135033007607 0.13471620073576016 0 0 0
0.001075268817204301 0.22428190674920775 -0.17157000964133323 0.42702162988762116 0 0 0
0.001075268817204301 0.08569665226552522 0.35180749976240233 -0.4766412720669858 0 0 0
0.001075268817204301 0.09105446005490513 0.14784932552156685 -0.5708709490380506 0 0 0
0.001075268817204301 0.019890236628299175 -0.07123447472372546 0.016571953517996972 0 0 0
0.001075268817204301 0.2178838920074566 0.42329203467399285 0.35178424111953216 0 0 0
0.001075268817204301 -0.13274899836947587 0.48214746550808657 0.22039562473461846 0 0 0
0.001075268817204301 -0.2920923938451304 0.24815456563401708 -0.34545643983411334 0 0 0
0.001075268817204301 -0.5014391140486383 0.17984850080358042 -0.40096421502742235 0 0 0
0.001075268817204301 0.2599897849619127 0.38994172342075695 0.10770871228619895 0 0 0
0.001075268817204301 0.5392826101656296 0.013629549646415131 -0.42887909840763333 0 0 0
0.001075268817204301 0.4089879653312333 0.04427157997011013 -0.08994528591691721 0 0 0
0.001075268817204301 -0.21513249243693916 0.3146184237492413 -0.5428165133335713 0 0 0
0.001075268817204301 0.03196354473392239 0.16600117881158633 -0.5885896123425383 0 0 0
0.001075268817204301 0.5595645267992737 -0.30639510573835244 0.046831328146506 0 0 0
0.001075268817204301 0.019109629369716177 -0.3133055497433579 0.10835551186885482 0 0 0
0.001075268817204301 -0.08162234136759132 -0.5626084852165766 0.39628066181666033 0 0 0
0.001075268817204301 0.024098968060162956 -0.4043192466772362 0.31448318057409724 0 0 0
0.001075268817204301 0.028330952732689756 0.45996160225829874 -0.5080723175475977 0 0 0
0.001075268817204301 -0.06766882085864565 -0.30903784579490673 0.43712229629092125 0 0 0
0.001075268817204301 -0.2888650116575264 0.058236806044249474 0.5908306639752563 0 0 0
0.001075268817204301 0.28865394563362284 -0.34991958845870735 -0.5139165215091354 0 0 0
0.001075268817204301 -0.025440382591473066 0.1995882306509344 0.13654478518439125 0 0 0
0.001075268817204301 0.3949909146323014 -0.0024023014201702327 0.32365571125447723 0 0 0
0.001075268817204301 -0.04617486115201787 0.24047715022727462 -0.3587331646649383 0 0 0
0.001075268817204301 0.07656295654004461 -0.3104207615002328 -0.44647408393936383 0 0 0
0.001075268817204301 -0.5998793340547924 0.11953828005047251 -0.30093353945081797 0 0 0
0.001075268817204301 -0.3796557488462969 0.11388758590461714 -0.3017676471595574 0 0 0
0.001075268817204301 0.040139737209376074 0.41334538840402885 0.4878795127977226 0 0 0
0.001075268817204301 -0.5160680823197398 -0.002718952385828353 -0.01969221398351048 0 0 0
0.001075268817204301 0.23677716005080585 0.21327266374041548 -0.04321460480810411 0 0 0
0.001075268817204301 0.4398409943931781 0.1030491772036274 0.08617637159397021 0 0 0
0.001075268817204301 0.07527179947868295 -0.26233774435620694 -0.3666911637392614 0 0 0
0.001075268817204301 0.5094791294587313 -0.2646269553827389 -0.1801734729525377 0 0 0
0.001075268817204301 -0.2569870802072272 -0.03978348517030704 0.5544735326495096 0 0 0
0.001075268817204301 -0.10301329539662178 -0.007582459284306684 -0.03817269967642801 0 0 0
0.001075268817204301 -0.27700409740834925 0.21038251674572414 0.2117237971663091 0 0 0
0.001075268817204301 0.46810734620279143 -0.05974531783957678 -0.027378279052173438 0 0 0
0.001075268817204301 -0.300498715522634 0.04855061326901552 0.5876075819646988 0 0 0
0.001075268817204301 -0.10339765965756202 0.4998855137160698 0.04575413314829763 0 0 0
0.001075268817204301 -0.22880138728762875 0.2849622801472953 -0.4015057675850856 0 0 0
0.001075268817204301 -0.07077060702657337 -0.3274986587824305 0.5694684305282699 0 0 0
0.001075268817204301 -0.5682041826935048 -0.006344818279332396 0.36666191328087294 0 0 0
0.001075268817204301 0.12458588713806959 0.5777331836590728 0.3359570713670501 0 0 0
0.001075268817204301 -0.0965251065024554 0.013953670509635802 -0.0076092662979216465 0 0 0
0.001075268817204301 -0.22563578819380942 -0.2556668008456345 -0.4117105671698948 0 0 0
0.001075268817204301 0.5141229647907426 0.10803256197226371 0.34421532432454444 0 0 0
0.001075268817204301 0.3481342577685432 0.13320909630759126 -0.23984282560487055 0 0 0
0.001075268817204301 0.2636962720893629 -0.2803008865190669 -0.11442834366985384 0 0 0
0.001075268817204301 0.2257202250800456 0.19130988277679079 0.30920117697756344 0 0 0
0.001075268817204301 0.06456674395949191 -0.025945998200419637 0.20612524097934626 0 0 0
0.001075268817204301 -0.3977874961334758 0.2646904241944138 -0.037541718304295514 0 0 0
0.001075268817204301 0.4966984204826482 -0.22313879378559912 -0.18791920471900295 0 0 0
0.001075268817204301 -0.30295528892291096 0.475769000837301 0.031324365945940146 0 0 0
0.001075268817204301 -0.2646574064518338 0.33478463116007356 0.28270799463202373 0 0 0
0.001075268817204301 0.27119395253542294 -0.5365584686554619 -0.2887238823188086 0 0 0
0.001075268817204301 -0.12181523660139275 -0.061681625432233496 0.16132089273423517 0 0 0
0.001075268817204301 -0.4891370356966114 -0.34811230208998184 0.013834807815555782 0 0 0
0.001075268817204301 0.09403619676008483 0.15772255962167817 -0.497294463315134 0 0 0
0.001075268817204301 -0.12199247522865338 -0.612026897721357 0.2676908312828471 0 0 0
0.001075268817204301 -0.00859421657717172 -0.3817436292062347 -0.47276932228330615 0 0 0
0.001075268817204301 0.43044581924349673 0.31533675787129056 0.4290245503962881 0 0 0
0.001075268817204301 -0.3790312364168679 0.3612539799120213 0.3676235669754786 0 0 0
0.001075268817204301 0.15688806865960153 -0.2596033747363631 -0.20609694806387355 0 0 0
0.001075268817204301 -0.21089794576172027 -0.31938072454943245 -0.27168654503479295 0 0 0
0.001075268817204301 0.10843126691884568 0.36220132217369344 0.061801021192088836 0 0 0
0.001075268817204301 0.3858518835175867 0.04580910566018535 0.25004442150265155 0 0 0
0.001075268817204301 0.16133868094816772 0.03887307680942041 0.11605970645703191 0 0 0
0.001075268817204301 0.20511546983629017 0.09740046585922035 -0.49203037758706536 0 0 0
0.001075268817204301 -0.04887475999849945 0.14709858351413999 -0.4374062583616862 0 0 0
0.001075268817204301 -0.04471367419747501 -0.08047894357063519 0.03751662241254055 0 0 0
0.001075268817204301 -0.5501076051176154 0.1836423981341704 -0.17212957324260555 0 0 0
0.001075268817204301 -0.17260544055255303 0.6005102775334165 0.2539911458338826 0 0 0
0.001075268817204301 0.3537887461834205 0.4265787048023608 -0.24910410129041008 0 0 0
0.001075268817204301 0.23263033249882417 -0.31331239623082746 -0.10487912675409586 0 0 0
0.001075268817204301 0.04977534771232002 0.41257206802029184 -0.1731137572492044 0 0 0
0.001075268817204301 0.25693021571621133 0.33457295213342814 -0.26097671129060573 0 0 0
0.001075268817204301 0.08949271321492333 -0.2675648260272011 -0.22251970205327332 0 0 0
0.001075268817204301 0.1405097059001532 0.1771981335773104 -0.44625882967519803 0 0 0
0.001075268817204301 0.3409979141193595 -0.160123696788133 0.07998622555942723 0 0 0
0.001075268817204301 0.5243202106863974 -0.1812039469531516 -0.12621531179122036 0 0 0
0.001075268817204301 -0.1717270571555698 -0.03848514403945336 0.16625149427404617 0 0 0
0.001075268817204301 -0.1330076669726735 -0.4128906648862727 0.39327279406689347 0 0 0
0.001075268817204301 0.5174911012888685 0.1050327407723393 0.4145690275885391 0 0 0
0.001075268817204301 -0.2878400142449882 -0.16763319235437896 -0.38517233902226145 0 0 0
0.001075268817204301 0.46388375677648247 0.17927207415879626 -0.0067463617196760065 0 0 0
0.001075268817204301 -0.14832989619550832 0.11191635765024646 -0.6122637922621444 0 0 0
0.001075268817204301 -0.020351916256454113 -0.47130843293183144 -0.4630192735036987 0 0 0
0.001075268817204301 0.2980079090918576 -0.18695829131230943 0.43960915993088745 0 0 0
0.001075268817204301 0.6879538515381793 -0.008185490961136863 0.0462058278562854 0 0 0
0.001075268817204301 -0.6241042641633987 -0.18863105536227143 -0.010100400628364878 0 0 0
0.001075268817204301 -0.5401739924854119 -0.01824380692781149 0.0744795144062208 0 0 0
0.001075268817204301 0.21612911435962817 -0.6485538882417518 -0.03975958242735109 0 0 0
0.001075268817204301 -0.00015943520320945508 -0.28693965970402757 -0.12088700877494765 0 0 0
0.001075268817204301 -0.07621406690898085 -0.15652518090899573 0.024197084996821456 0 0 0
0.001075268817204301 -0.447699227316784 -0.023078219605709178 -0.5158099399971514 0 0 0
0.001075268817204301 0.09171775954677894 -0.34708510431105466 0.30333989390246013 0 0 0
0.001075268817204301 -0.19925557205522554 0.27966149156097797 -0.16154702352037054 0 0 0
0.001075268817204301 0.26833595590731474 -0.3414203626238939 -0.0324900665633299 0 0 0
0.001075268817204301 0.3108864035467801 -0.15957139383703003 -0.32261977209012344 0 0 0
0.001075268817204301 0.13575274939367202 -0.13807882839202257 0.497486395509054 0 0 0
0.001075268817204301 -0.5791584940224329 0.3565046321265775 0.04783823985740306 0 0 0
0.001075268817204301 -0.2481880166544921 -0.29075727995314105 0.3455860825529294 0 0 0
0.001075268817204301 -0.03705649297312157 0.5631104839169111 0.15238028639552229 0 0 0
0.001075268817204301 0.22678539950423082 -0.3557744105719889 0.18825192482383118 0 0 0
0.001075268817204301 -0.23904702778569195 0.22120876503789189 0.30937817496228215 0 0 0
0.001075268817204301 0.04543235721093264 0.29160742289815567 0.11204013550084373 0 0 0
0.001075268817204301 0.3558079317282547 -0.22593007584408425 0.2047105971220207 0 0 0
0.001075268817204301 -0.18621795259903526 0.3476294488880458 0.5119994594956776 0 0 0
0.001075268817204301 -0.2160762987275391 0.47542889128337634 -0.31469744946128875 0 0 0
0.001075268817204301 -0.18526944949765253 -0.5330563100804989 -0.07531986812214278 0 0 0
0.001075268817204301 0.05643747480863312 0.62010165734531 -0.20287320852783952 0 0 0
0.001075268817204301 0.40581130870772225 -0.189012834993286 0.48025434785357846 0 0 0
0.001075268817204301 -0.20494001696055306 -0.4576810613918577 -0.14598400347339338 0 0 0
0.001075268817204301 -0.03573950894403066 0.08196715042501308 0.3197183562905427 0 0 0
0.001075268817204301 0.05029504320037565 -0.529417586969099 -0.3659882620834758 0 0 0
0.001075268817204301 -0.10360430386618094 -0.4621051236167385 -0.45891414635261707 0 0 0
0.001075268817204301 -0.2602542290845459 0.34407573724663676 0.08548254627619313 0 0 0
0.001075268817204301 -0.45342472690898505 -0.4763310288678042 -0.18038485163150672 0 0 0
0.001075268817204301 -0.29251089021028903 -0.2677799725295073 -0.008520605095208364 0 0 0
0.001075268817204301 0.21140994333627355 0.2644553600678655 -0.039737112523291464 0 0 0
0.001075268817204301 0.3043979684195343 -0.02624322235956411 0.288847603933131 0 0 0
0.001075268817204301 0.10215389034150892 -0.5210222654349616 -0.09366409354623007 0 0 0
0.001075268817204301 -0.025394212640971112 -0.12423352865803847 -0.06691038367467368 0 0 0
0.001075268817204301 0.31943763625468924 -0.09631909217468393 0.35380091172951 0 0 0
0.001075268817204301 0.08344297093592391 0.23225458403928162 -0.6167711211591776 0 0 0
0.001075268817204301 0.42001307679636163 -0.006096359837067688 -0.5125498533184627 0 0 0
0.001075268817204301 0.15260340032940875 0.5206122625270887 -0.03752219840555429 0 0 0
0.001075268817204301 -0.014704308220666686 0.29352969502011345 0.5115675839531114 0 0 0
0.001075268817204301 0.12904968914924617 0.6133194393144688 0.12845601542122628 0 0 0
0.001075268817204301 -0.15409213701549843 0.40270680536673054 -0.16642629851519938 0 0 0
0.001075268817204301 -0.2975472243113187 0.4490728921688453 -0.296624450783704 0 0 0
0.001075268817204301 -0.03946240090082784 0.5431795156748807 -0.028142615012532398 0 0 0
0.001075268817204301 -0.19102845348227765 -0.4382339102895366 0.41754016748487227 0 0 0
0.001075268817204301 -0.28389655497580546 0.10716824031077007 -0.16617471174958645 0 0 0
0.001075268817204301 -0.3778386541811266 0.010727968268849869 -0.3464358181788504 0 0 0
0.001075268817204301 -0.1970370892247661 0.03563475127317106 -0.60148301109504 0 0 0
0.001075268817204301 0.19586594981805436 0.1628066162812313 0.05860505955207505 0 0 0
0.001075268817204301 -0.18267615663857945 0.17909178633614176 -0.6286358284863801 0 0 0
0.001075268817204301 -0.18121140834350544 -0.18765404424387347 -0.20493903134956723 0 0 0
0.001075268817204301 -0.33569950036279533 -0.06462911966794009 -0.4287116769232 0 0 0
0.001075268817204301 -0.19328301510836082 0.5487487040808964 0.15098651186486098 0 0 0
0.001075268817204301 0.19510565569421012 0.017182708697676435 -0.17457980312425206 0 0 0
0.001075268817204301 0.017042272245834877 0.06536994915141593 0.40864851287208953 0 0 0
0.001075268817204301 -0.48282280546852835 0.1439737511676939 -0.044487354682638966 0 0 0
0.001075268817204301 -0.057774222755129535 0.08449019481345828 0.15815925830171312 0 0 0
0.001075268817204301 0.14466419651409904 0.43165383288083514 -0.4723973153109868 0 0 0
0.001075268817204301 0.020447285806663402 0.3242870462051563 0.3584058372839069 0 0 0
0.001075268817204301 -0.3532627465820861 0.4196480280582741 -0.21256158380225984 0 0 0
0.001075268817204301 -0.27915197932385455 0.07887162755403598 0.4898426539025847 0 0 0
0.001075268817204301 -0.057243397243947836 0.18343649610433077 -0.5250863849130769 0 0 0
0.001075268817204301 0.340250954694238 -0.47429026721729356 -0.28305641752027483 0 0 0
0.001075268817204301 0.2829209458210407 -0.2103589546299354 -0.5574898371522957 0 0 0
0.001075268817204301 0.5463694749650545 0.024334845633466152 0.26891291537471707 0 0 0
0.001075268817204301 0.3790627649214358 -0.016848843001802127 -0.5508625700646419 0 0 0
0.001075268817204301 -0.2692919396735237 0.49001538109135573 0.15028673814895113 0 0 0
0.001075268817204301 0.29818587422319065 0.01718906581739994 -0.15247017222603307 0 0 0
0.001075268817204301 -0.23216268657952255 -0.0288173516705709 0.44137447100872856 0 0 0
0.001075268817204301 0.008980164787551329 -0.16742877181193513 0.4058806502732635 0 0 0
0.001075268817204301 -0.35740883691101316 -0.06499222678531033 -0.1091283572827129 0 0 0
0.001075268817204301 -0.4204921484421414 -0.2268921712727368 0.3730342370971725 0 0 0
0.001075268817204301 0.5018986264786572 0.21049659718048586 -0.33511728042665867 0 0 0
0.001075268817204301 0.008832002015344424 0.12946642938938271 0.25086017756300755 0 0 0
0.001075268817204301 0.5148536519748843 -0.10421920151636421 -0.19735729765759172 0 0 0
0.001075268817204301 -0.18112354057051006 -0.4080389383087713 0.4939517648206376 0 0 0
0.001075268817204301 0.33982589671450364 -0.3325077852531611 0.32810768794266637 0 0 0
0.001075268817204301 0.46847859784068285 0.020079084161817126 0.3954894598327381 0 0 0
0.001075268817204301 0.4893734583803018 0.308872485047345 0.1675915179725188 0 0 0
0.001075268817204301 -0.045787917333918154 0.4218806338827613 0.1617747840491829 0 0 0
0.001075268817204301 -0.450538231248849 -0.28553327451939337 -0.07780655775075496 0 0 0
0.001075268817204301 0.08154467996020232 -0.2593304412390399 -0.08556369780227525 0 0 0
0.001075268817204301 0.26352754741239975 0.2689264851197561 0.3866505214187304 0 0 0
0.001075268817204301 -0.394952773430799 -0.44037499292240995 -0.16081195971599452 0 0 0
0.001075268817204301 0.03623025706007886 0.23537187053635295 -0.22309663406043825 0 0 0
0.001075268817204301 0.46636072014583835 0.3326528840381511 0.14294458599158388 0 0 0
0.001075268817204301 0.1343485464118387 0.42997447680273204 0.4988650577238586 0 0 0
0.001075268817204301 0.12315743942169778 0.4661692503261653 -0.09452965003284865 0 0 0
0.001075268817204301 0.13879280352657855 -0.22775245289495882 -0.15384073254298566 0 0 0
0.001075268817204301 0.2329243919894746 -0.4361566795069406 0.455253637601732 0 0 0
0.001075268817204301 -0.5499420934294647 0.1560787109295365 0.11269066018533135 0 0 0
0.001075268817204301 0.13328122290516617 -0.44561084898546144 -0.13224619576149285 0 0 0
0.001075268817204301 0.1303459637565827 0.42961405493708066 -0.05194458225261887 0 0 0
0.001075268817204301 -0.02547036794368093 0.5510611966365214 -0.0869322016337499 0 0 0
0.001075268817204301 -0.16216909647936856 0.48599850333336736 0.3365466416985066 0 0 0
0.001075268817204301 0.34305690448049403 0.5673012505440509 0.054958562121887565 0 0 0
0.001075268817204301 -0.49902430204810005 0.357157760721854 -0.0014947313329614978 0 0 0
0.001075268817204301 -0.19946128056613774 0.4803861987390397 -0.1974338094342575 0 0 0
0.001075268817204301 -0.33232906995762307 -0.4439330510639596 -0.30859159134756636 0 0 0
0.001075268817204301 -0.11030377005863166 0.09309029329077957 -0.5993025912849991 0 0 0
0.001075268817204301 0.4739630249587475 0.04654637039386675 0.2703475869224786 0 0 0
0.001075268817204301 -0.390461270643873 0.07262766172419453 0.03010637805094295 0 0 0
0.001075268817204301 0.47053472020694337 -0.3391664172916682 -0.2440141244883026 0 0 0
0.001075268817204301 -0.06605264118980787 0.2014656718468143 0.13047275584074136 0 0 0
0.001075268817204301 0.12852351366538967 -0.2587780635376843 -0.3954068813375893 0 0 0
0.001075268817204301 0.042947199123280974 0.17213905648878194 -0.1430267172364681 0 0 0
0.001075268817204301 -0.168041679576958 0.18211851829066522 -0.15787979699880464 0 0 0
0.001075268817204301 0.20520750027684126 0.16464980207953325 0.23917774114773696 0 0 0
0.001075268817204301 0.20169526671944582 -0.19052540875977286 0.19867752287522183 0 0 0
0.001075268817204301 -0.34131388396352574 -0.04581647803884487 -0.08236743260577681 0 0 0
0.001075268817204301 -0.4150614220763208 0.48826310928341793 -0.1257369293986989 0 0 0
0.001075268817204301 0.0208519660115639 0.19551949472171687 0.4447828036525224 0 0 0
0.001075268817204301 0.42131942323538035 -0.15076865103856935 -0.14469986044404537 0 0 0
0.001075268817204301 -0.49410503165321173 -0.3653120053773544 -0.26099494468984696 0 0 0
0.001075268817204301 -0.3570353454338032 0.2373967888146246 -0.13828091493596328 0 0 0
0.001075268817204301 -0.0861665997526815 -0.14958724622480965 -0.43356394614938276 0 0 0
0.001075268817204301 -0.15855210084824217 -0.3671408587059996 -0.19610168394096344 0 0 0
0.001075268817204301 0.0553735485668359 0.21573044028028632 0.1949567498788663 0 0 0
0.001075268817204301 0.30159883852403135 0.5142223064517355 -0.004822367781162073 0 0 0
0.001075268817204301 -0.23058943602870458 -0.4746333318088043 -0.20175495069287533 0 0 0
0.001075268817204301 -0.013406271171076066 -0.32247462485369505 0.5863741853279187 0 0 0
0.001075268817204301 -0.03757607364430011 0.5605302295184841 0.11405787671218583 0 0 0
0.001075268817204301 -0.4981227622196068 -0.19543978178274982 -0.21338128289252498 0 0 0
0.001075268817204301 0.0924037457766128 0.04255459740325106 -0.45742867044241037 0 0 0
0.001075268817204301 -0.5784733542297451 -0.08006830174942997 0.16041994597912532 0 0 0
0.001075268817204301 0.19168741919843854 0.5345556500761335 -0.11565443143983098 0 0 0
0.001075268817204301 0.035126328946990144 -0.40865114094103927 0.2045067418398505 0 0 0
0.001075268817204301 -0.4765317279051459 0.16595243533943074 -0.2891594819306457 0 0 0
0.001075268817204301 0.3689428518516845 -0.24200387419153324 -0.3056358276159786 0 0 0
0.001075268817204301 0.4484402314950936 -0.28094291779631997 0.3377932363516719 0 0 0
0.001075268817204301 0.6006673946339606 -0.09321978173268124 0.22095021938238218 0 0 0
0.001075268817204301 -0.29541883678949643 -0.45442883489887376 0.30736163772441594 0 0 0
0.001075268817204301 -0.17331452068036252 0.6191402713278606 -0.09147661868679864 0 0 0
0.001075268817204301 -0.053555569385705284 0.54057073525792 0.05876941237969313 0 0 0
0.001075268817204301 0.10050575624661806 0.48768496501698577 -0.11032200787899721 0 0 0
0.001075268817204301 0.12168863902847338 0.17154732221151997 0.29966673263059884 0 0 0
0.001075268817204301 0.0050020140087120605 0.12163551302465636 -0.4351962271086007 0 0 0
0.001075268817204301 0.07791908429032333 -0.0026132296802128642 0.3667444193511906 0 0 0
0.001075268817204301 0.19406018534288438 0.4917219195378728 0.13497546468437932 0 0 0
0.001075268817204301 -0.3333886686122629 -0.15632629340285212 0.2344850768206016 0 0 0
0.001075268817204301 -0.5117350249653363 0.06298933808353735 -0.32406394087058804 0 0 0
0.001075268817204301 -0.5551663301906871 -0.021866704166193816 -0.039728213632305796 0 0 0
0.001075268817204301 -0.05194414413881309 0.5991014964970741 -0.04002136180111232 0 0 0
0.001075268817204301 0.025008365454772988 -0.008678891772312899 0.3832933232182877 0 0 0
0.001075268817204301 -0.3996805609082956 -0.3832429375318366 -0.11475505771649999 0 0 0
0.001075268817204301 0.632410768366124 0.0037583591543130044 0.013217240269001958 0 0 0
0.001075268817204301 -0.2854152829988942 0.15880455084340178 -0.35659981545606734 0 0 0
0.001075268817204301 -0.31992910698014304 -0.23012064949452604 -0.348733043529851 0 0 0
0.001075268817204301 0.1342609850731013 -0.18763556198259526 -0.141963120499814 0 0 0
0.001075268817204301 0.1370642766116718 -0.31462833259312456 -0.5621866729993846 0 0 0
0.001075268817204301 -0.08180412205994392 0.37506482022256205 -0.22318645009988686 0 0 0
0.001075268817204301 -0.06037300415339099 0.35103122978562573 -0.35704743476100603 0 0 0
0.001075268817204301 -0.13836292903987057 -0.37538182657238667 -0.24583337133591268 0 0 0
0.001075268817204301 0.3841127784611462 -0.058474677196004604 0.26575954808345165 0 0 0
0.001075268817204301 -0.41763593331021176 -0.44751900242926124 0.2341948681204555 0 0 0
0.001075268817204301 0.0847979720605338 -0.5435261667022967 -0.15500745273918826 0 0 0
0.001075268817204301 0.12675334056493945 -0.05962753372520046 0.36579019060850076 0 0 0
0.001075268817204301 0.4528485447060687 0.12492927913786328 -0.19366904636629895 0 0 0
0.001075268817204301 0.050484838772121496 -0.21370586500633812 0.32072514896313015 0 0 0
0.001075268817204301 -0.1074693665207357 0.09559388895138006 -0.34259072583785677 0 0 0
0.001075268817204301 0.2812765815954319 -0.2623054780277959 -0.3620088626020553 0 0 0
0.001075268817204301 0.14635610239567473 0.3107679297606014 0.5535696820930673 0 0 0
0.001075268817204301 -0.45126772087117706 -0.04317799970446111 -0.13125217243119056 0 0 0
0.001075268817204301 -0.02881112362713093 -0.6571935012025898 -0.12534532423049943 0 0 0
0.001075268817204301 0.006513463546016673 0.6679303670081267 0.1502591602038486 0 0 0
0.001075268817204301 0.2916585144960689 0.29909098946159485 -0.09507101607873354 0 0 0
0.001075268817204301 0.16002673530902597 -0.08692290542568033 -0.3747804236866475 0 0 0
0.001075268817204301 0.38838884727121004 0.12133528358856006 0.3179093780296356 0 0 0
0.001075268817204301 0.6193704014774433 -0.0982433788848764 0.1136932240174281 0 0 0
0.001075268817204301 -0.4695472032088759 -0.49202373520514914 0.053236745346536635 0 0 0
0.001075268817204301 0.008943435440110965 0.1624407812201464 0.39676571140122985 0 0 0
0.001075268817204301 0.06380161309559697 0.19824813606434213 0.050810446080357445 0 0 0
0.001075268817204301 0.22394821594508735 0.07694784177337415 -0.6005946281477782 0 0 0
0.001075268817204301 -0.3596751330364047 -0.14512013099938267 0.16584072910193556 0 0 0
0.001075268817204301 0.06741468888326207 0.665123445238086 -0.13149865760380897 0 0 0
0.001075268817204301 0.2284503102937932 -0.16239243617916133 -0.0956809585007263 0 0 0
0.001075268817204301 -0.19139162416492086 -0.14234769622276994 -0.16744539024837163 0 0 0
0.001075268817204301 0.4558639229458351 0.060000028165249825 -0.3465210860488 0 0 0
0.001075268817204301 -0.5583255669652422 0.13525964162031742 0.2913128835334664 0 0 0
0.001075268817204301 0.12802415991035038 0.2228381151519166 0.5256168499415188 0 0 0
0.001075268817204301 0.2705844084583608 0.1129344623055646 -0.22073751565048016 0 0 0
0.001075268817204301 0.10608069997821508 0.0008129974144311524 -0.6180336011631438 0 0 0
0.001075268817204301 -0.2647974395067514 0.5807449845696201 0.22985205359757396 0 0 0
0.001075268817204301 0.17230363153071251 0.24855818741552796 -0.5014035140658284 0 0 0
0.001075268817204301 0.05591592528975623 -0.5236813724240419 0.28746837551870474 0 0 0
0.001075268817204301 0.4664019032765024 0.13451953789948434 0.041313919622283694 0 0 0
0.001075268817204301 -0.6186520090675999 -0.004935416782446254 -0.19881359096459014 0 0 0
0.001075268817204301 -0.11622750234254206 0.1526656910075888 0.418463540749466 0 0 0
0.001075268817204301 -0.4932230205144845 -0.10711614744370272 -0.32033497579972403 0 0 0
0.001075268817204301 -0.18814777371565503 -0.546941113113337 0.12183130546416288 0 0 0
0.001075268817204301 0.3860634999356502 -0.08339383055629845 -0.0963907546960145 0 0 0
0.001075268817204301 0.6268067964502372 -0.08110906906821962 0.13738595536341938 0 0 0
0.001075268817204301 -0.3309712103445828 0.39568790847350244 0.43777991272203776 0 0 0
0.001075268817204301 0.34827320801782713 -0.474058951714897 -0.3400384972041449 0 0 0
0.001075268817204301 -0.04404014628849474 0.39617346948136456 0.10506446227494488 0 0 0
0.001075268817204301 -0.38089983121981313 -0.300241785322641 -0.4920526039464471 0 0 0
0.001075268817204301 0.42225231817017433 -0.21626815947561215 -0.17287769810446849 0 0 0
0.001075268817204301 -0.12099864768092872 -0.21621808215348354 -0.1914074944371389 0 0 0
0.001075268817204301 -0.04869931247145863 -0.42007364180810675 0.3322695492394836 0 0 0
0.001075268817204301 0.48137184287994744 -0.20940027133338834 -0.16140895451297496 0 0 0
0.001075268817204301 0.3928528343831159 -0.345677100330753 0.1759639832144137 0 0 0
0.001075268817204301 0.41787595667630417 0.30387655144764625 -0.3567124725418105 0 0 0
0.001075268817204301 0.11400158823991975 0.32625513628233344 -0.593312403174461 0 0 0
0.001075268817204301 0.18338252593850385 -0.5301647629444872 -0.37609831678647815 0 0 0
0.001075268817204301 -0.07988960239108427 0.6053548623654582 -0.3268199728448368 0 0 0
0.001075268817204301 -0.5283704500019569 -0.03599442371482598 0.09920905357746976 0 0 0
0.001075268817204301 -0.5320285243878357 -0.17987440725886225 0.07333643755961454 0 0 0
0.001075268817204301 -0.49205976454667655 -0.11027756909141088 0.13106408683012552 0 0 0
0.001075268817204301 -0.2155197437175425 -0.020802410025153657 0.5550350987945678 0 0 0
0.001075268817204301 0.2947078201924691 -0.03332351313546441 0.4071951454795069 0 0 0
0.001075268817204301 0.4699357016531013 -0.21484465631452113 -0.03427549448770881 0 0 0
0.001075268817204301 -0.4411955914926958 -0.4834687766871595 -0.2125818796564784 0 0 0
0.001075268817204301 -0.16061620037744573 0.05755373481174525 -0.33798357374493665 0 0 0
0.001075268817204301 0.3900085220307856 -0.0865765370371649 -0.4701532211029261 0 0 0
0.001075268817204301 -0.022988857241525874 -0.6150933263036491 0.3153625466633053 0 0 0
0.001075268817204301 -0.5225851885173267 0.3810632356738759 -0.09889523823217035 0 0 0
0.001075268817204301 0.2020368851280947 0.25627463579686466 -0.5925251414267902 0 0 0
0.001075268817204301 -0.22365559951532252 0.3605421762586904 -0.38279759848722406 0 0 0
0.001075268817204301 0.1300090575994963 0.29749647758077763 0.040372575657135576 0 0 0
0.001075268817204301 -0.03729204936709185 0.004799313931349969 -0.31135177805217806 0 0 0
0.001075268817204301 0.41278221623466155 -0.15590118605100597 0.24557425533718233 0 0 0
0.001075268817204301 0.19166717615539713 0.5105175616659386 -0.3106154012396051 0 0 0
0.001075268817204301 0.07396207350939175 -0.18042765746980285 0.2902646347549936 0 0 0
0.001075268817204301 -0.027138837037372618 0.37573427840596724 -0.24302968459453086 0 0 0
0.001075268817204301 -0.27183312791062625 -0.08334922201583063 0.6286233260390365 0 0 0
0.001075268817204301 -0.4934775848581063 0.47236457246952945 -0.020983948777339376 0 0 0
0.001075268817204301 0.06413292585321093 0.5624773497036136 -0.17874483499972257 0 0 0
0.001075268817204301 0.24947587231538604 0.2556870794734922 -0.11574766318306662 0 0 0
0.001075268817204301 -0.3679240121543804 -0.4505957559872987 -0.11062509112596657 0 0 0
0.001075268817204301 0.34770456173463177 0.07847012101919562 0.5046228988498825 0 0 0
0.001075268817204301 0.4177467097114836 0.16639450876184056 0.2614985569176711 0 0 0
0.001075268817204301 -0.09147705337526647 0.18185581553143576 -0.0031693180559872382 0 0 0
0.001075268817204301 0.038447063138400614 -0.4253317635839842 -0.07932659500510951 0 0 0
0.001075268817204301 -0.13915323633248014 0.48349720572901467 0.4452369458968245 0 0 0
0.001075268817204301 -0.11365277638557295 0.06885892560866148 0.5444208052764171 0 0 0
0.001075268817204301 0.49643131164450616 -0.19890256115986826 -0.061421481556307084 0 0 0
0.001075268817204301 0.24963833944575692 0.09159135588138592 -0.025165899198853856 0 0 0
0.001075268817204301 0.3842260864683667 0.052115897863322255 -0.5182695341829481 0 0 0
0.001075268817204301 0.45054187582292504 0.2670920134766947 -0.24699956859405883 0 0 0
0.001075268817204301 -0.45135788318827724 0.05810797991620541 0.3553588422597983 0 0 0
0.001075268817204301 0.3126964578223583 -0.06725786982282712 -0.06291133356628414 0 0 0
0.001075268817204301 -0.4702992599726262 -0.04934477163444138 -0.16540598318819946 0 0 0
0.001075268817204301 -0.3527998672172809 -0.41665905809103926 -0.02837865186152456 0 0 0
0.001075268817204301 0.30452954053387354 0.4012902231531103 -0.3988783798396199 0 0 0
0.001075268817204301 -0.3362549913393172 -0.2951052795403729 -0.5292043385442972 0 0 0
0.001075268817204301 0.47716899916707595 -0.07045525160054661 0.35592432400869606 0 0 0
0.001075268817204301 -0.004445468919089823 0.6685273547018087 -0.05746899714357115 0 0 0
0.001075268817204301 0.43810550583059166 0.4436382482702062 0.19289240567824947 0 0 0
0.001075268817204301 0.2294785751038249 0.15259023872960628 -0.05067019571835972 0 0 0
0.001075268817204301 0.13603437119421385 0.0806921690198857 0.29328640309051907 0 0 0
0.001075268817204301 -0.5888329822417139 -0.14674820963968715 0.10699960813694516 0 0 0
0.001075268817204301 0.09116150671487404 0.20292329320877803 -0.43159343297803177 0 0 0
0.001075268817204301 -0.0192580466496009 0.22227789648611235 0.007902251866209095 0 0 0
0.001075268817204301 -0.0034634158677985354 0.6860306185935121 0.06936031606398345 0 0 0
0.001075268817204301 -0.4597816755989599 0.1672817101431772 0.11245878419534168 0 0 0
0.001075268817204301 -0.19819168086550493 0.10190385731227382 0.24674878387873062 0 0 0
0.001075268817204301 -0.2594469608585439 -0.20716933216756034 0.33472131003591205 0 0 0
0.001075268817204301 0.130292437497509 0.618186212393982 -0.25259204941555313 0 0 0
0.001075268817204301 0.34271096308787846 -0.47374578790305394 -0.3302702230938311 0 0 0
0.001075268817204301 -0.5202232793318315 -0.36473931965860046 0.143889474069047 0 0 0
0.001075268817204301 -0.008909528565596589 0.13239413477078835 0.4314526373594353 0 0 0
0.001075268817204301 0.18627194316382928 0.4306217710693589 0.26942248219761844 0 0 0
0.001075268817204301 0.2875757161908757 0.32137860918185895 -0.11393141731137603 0 0 0
0.001075268817204301 -0.4838372070674151 0.04423992847932263 0.15120368844707338 0 0 0
0.001075268817204301 0.13053763909796587 0.32494614331448374 0.18015298896501586 0 0 0
0.001075268817204301 -0.5686959297866329 -0.34814023330309407 -0.09947096230740295 0 0 0
0.001075268817204301 0.4462213138054221 -0.32531394533161206 -0.385904705084945 0 0 0
0.001075268817204301 -0.06993068476463749 0.08538461119439904 0.20240100701917516 0 0 0
0.001075268817204301 -0.6355640874104453 0.0416401995372962 0.16202517444742365 0 0 0
0.001075268817204301 0.22666788345667535 0.27631734118265355 -0.41955596501004855 0 0 0
0.001075268817204301 0.2947215104142525 0.36856431635652875 0.31703029189287224 0 0 0
0.001075268817204301 -0.3406132020727376 0.5376639031228515 -0.21912449911075535 0 0 0
0.001075268817204301 -0.011480949907281822 -0.40939541128241763 -0.5183671668476623 0 0 0
0.001075268817204301 -0.12099542548134296 0.19353044977946354 -0.2809301744500187 0 0 0
0.001075268817204301 -0.14048739145440706 0.4009243588504437 0.4766548598600711 0 0 0
0.001075268817204301 0.565393380150526 0.2765027611309301 -0.05226383951580063 0 0 0
0.001075268817204301 -0.26617774377141995 -0.35747339510587556 -0.3583321260031248 0 0 0
0.001075268817204301 0.14171714856713385 -0.49396212364516 -0.10675055272748218 0 0 0
0.001075268817204301 0.3037725840494216 -0.39868505300082163 0.19932219199613702 0 0 0
0.001075268817204301 0.03566310112201351 -0.4846639218493066 0.4314274938382015 0 0 0
0.001075268817204301 -0.28235156023849056 0.5521365840156925 0.042756101602854854 0 0 0
0.001075268817204301 0.25715325892967056 -0.4780527758160401 0.07045486390774396 0 0 0
0.001075268817204301 0.04540601278343994 -0.1348918206724895 -0.34861910912125305 0 0 0
0.001075268817204301 0.35449820622046285 0.037064177019693445 0.19589381515742652 0 0 0
0.001075268817204301 0.1186561374384336 -0.2169038902927943 -0.6168988090043243 0 0 0
0.001075268817204301 -0.0337740571525565 -0.02037244573569337 0.12237477629847811 0 0 0
0.001075268817204301 -0.20366652957610668 0.13465573595747782 -0.5689913535939831 0 0 0
0.001075268817204301 -0.2154943130449026 0.583564998539413 -0.07987580524201836 0 0 0
0.001075268817204301 -0.11415675006759521 0.016814501795856907 -0.06342644940209918 0 0 0
0.001075268817204301 0.22807258021154794 -0.01867117137012493 0.39540488727049994 0 0 0
0.001075268817204301 0.290050030728314 -0.37451087606264427 0.34303415014280336 0 0 0
0.001075268817204301 0.5488583888230144 0.28495247894059134 0.08554101211942806 0 0 0
0.001075268817204301 -0.27565980790870687 -0.07758139783619132 -0.30690518987625837 0 0 0
0.001075268817204301 -0.4661026248734304 -0.33199577761615173 0.1584531079748018 0 0 0
0.001075268817204301 -0.24687823614984805 0.41403857025066393 -0.024173182803090193 0 0 0
0.001075268817204301 -0.19931905082755744 -0.08591211898063401 0.03939748706159649 0 0 0
0.001075268817204301 0.5459399481378396 -0.024637095607619123 0.3831619047347544 0 0 0
0.001075268817204301 0.611114624157724 0.12439259041484382 0.09960100932511372 0 0 0
0.001075268817204301 0.4696559581305673 -0.13149308467546567 -0.3585887708996883 0 0 0
0.001075268817204301 -0.012411732703915825 0.393493302599618 0.2704827349912504 0 0 0
0.001075268817204301 -0.2918472328101305 0.3155129440759439 0.0974217446026298 0 0 0
0.001075268817204301 0.19075490230330713 -0.07374702812486794 -0.20900588553535768 0 0 0
0.001075268817204301 0.5566858655876713 0.2581674688048478 -0.2898266469517708 0 0 0
0.001075268817204301 -0.4491799870981413 0.3998825284736013 0.22452740709356955 0 0 0
0.001075268817204301 -0.06295971005164337 -0.2653622193603485 -0.18729867485933704 0 0 0
0.001075268817204301 -0.07061067006361317 -0.03849128884079067 -0.1098510283792626 0 0 0
0.001075268817204301 -0.3977622088043382 -0.12764817128104672 -0.08660767348052573 0 0 0
0.001075268817204301 -0.3133642690218268 0.06752986859907559 0.2208710947010222 0 0 0
0.001075268817204301 0.3713937973082212 -0.28174294069791483 0.2520022472093106 0 0 0
0.001075268817204301 0.4273155540063162 -0.022447905093105108 0.15851733287135356 0 0 0
0.001075268817204301 0.022424786614646874 -0.10182883265852079 0.018101104186295885 0 0 0
0.001075268817204301 0.0655584765539992 0.12118916446112846 -0.42554572758533005 0 0 0
0.001075268817204301 0.16855476774418332 0.09707796830237204 -0.14976723525970345 0 0 0
0.001075268817204301 -0.047662922935716334 -0.21019462620937795 0.1962735610331996 0 0 0
0.001075268817204301 0.10761973248290267 0.13783463077674654 0.03122073649543029 0 0 0
0.001075268817204301 -0.5959662866904823 -0.019953924169699398 -0.047573084344235954 0 0 0
0.001075268817204301 0.25111009672696905 0.25396707940950847 0.06812347475387658 0 0 0
0.001075268817204301 -0.5034977699547363 -0.24255620607354095 0.20950023736296058 0 0 0
0.001075268817204301 -0.13501613423422526 -0.31860306199600896 0.5353315393670972 0 0 0
0.001075268817204301 -0.015670238262488163 0.3267680329094494 -0.10110483210027221 0 0 0
0.001075268817204301 0.12120818777750046 -0.012997798236002882 -0.6512068242943744 0 0 0
0.001075268817204301 -0.30714642034470446 -0.36324985354397343 0.36502052870244195 0 0 0
0.001075268817204301 -0.029159215799087652 -0.23986514499242065 -0.622457224381626 0 0 0
0.001075268817204301 0.2841578111030573 0.1617038128170058 -0.22944316917288868 0 0 0
0.001075268817204301 -0.39754804855032977 -0.3371299656002149 -0.06570937054683111 0 0 0
0.001075268817204301 0.47536620847447936 -0.2896151632607941 -0.2675959374783951 0 0 0
0.001075268817204301 0.2377465763773857 0.25159461160651875 -0.08937323518900957 0 0 0
0.001075268817204301 0.23353645086233743 0.4113990472991181 0.18185772348029547 0 0 0
0.001075268817204301 0.1832478423473704 0.02883518474243278 -0.20367802656148484 0 0 0
0.001075268817204301 0.16329375084396996 0.07574094311765864 0.32856731195183786 0 0 0
0.001075268817204301 0.3306958303099448 -0.14709171038735738 0.5315946802036744 0 0 0
0.001075268817204301 0.09802873186871558 -0.05894766551172225 -0.021881085286471213 0 0 0
0.001075268817204301 0.08692955405345842 0.4725868990223341 0.1502737676155686 0 0 0
0.001075268817204301 0.4786045621180772 0.3698596322586339 0.2712264046487874 0 0 0
0.001075268817204301 0.009197405419009097 -0.27937034979507713 0.15721267873958036 0 0 0
0.001075268817204301 -0.06681768968897928 0.09875156457462217 -0.30462687813612577 0 0 0
0.001075268817204301 -0.3754055428097989 -0.15053497887941972 0.17139479228535906 0 0 0
0.001075268817204301 -0.30626198648283304 -0.18328169735581465 0.018786589243791365 0 0 0
0.001075268817204301 -0.07665239226783593 0.40673077977382766 -0.1573374274787417 0 0 0
0.001075268817204301 -0.26895930770026677 0.5052196488405158 0.16949240328306014 0 0 0
0.001075268817204301 -0.03687591370610543 -0.26499000516422455 0.2852023988890606 0 0 0
0.001075268817204301 0.24199712573486207 0.14938130378642436 -0.5097784417785838 0 0 0
0.001075268817204301 -0.3310777998009952 0.10108590894707407 0.033454994287801076 0 0 0
0.001075268817204301 -0.19921594929351052 -0.2904568423476483 0.44913480497498903 0 0 0
0.001075268817204301 -0.1827842345869809 -0.1743800419328689 0.2124705932274288 0 0 0
0.001075268817204301 0.3560655089068819 0.10516828433589598 0.3920598339791246 0 0 0
0.001075268817204301 -0.45674571131363334 0.38872842481431025 -0.1052654689613599 0 0 0
0.001075268817204301 -0.20021917946622295 0.257174524561341 0.008922780905480212 0 0 0
0.001075268817204301 -0.07561726371278121 -0.2799896952277192 -0.1285804972142272 0 0 0
0.001075268817204301 0.32152661830521023 0.06998414110483023 -0.15395754480493795 0 0 0
0.001075268817204301 0.41782913368918034 -0.134216354232317 -0.3254405622115608 0 0 0
0.001075268817204301 0.5598705547954117 0.31709935810271495 -0.210982121739343 0 0 0
0.001075268817204301 0.13558643690229458 -0.34443377190190055 0.44738167156031405 0 0 0
0.001075268817204301 0.4670521341762066 -0.3293998494445512 -0.15717282737045793 0 0 0
0.001075268817204301 -0.47834087204967296 -0.4347161650324339 0.2310987737170413 0 0 0
0.001075268817204301 0.16203989452606588 0.570801917808117 -0.33706898137512326 0 0 0
0.001075268817204301 0.15758670751833845 -0.3227184844807157 0.13079008016251198 0 0 0
0.001075268817204301 0.11536934736778776 0.1958677377986544 -0.0006617160628936943 0 0 0
0.001075268817204301 -0.015087176748830948 0.2929057522609337 0.10787567125823504 0 0 0
0.001075268817204301 0.537384090700555 0.2456180368575569 -0.3594777487472059 0 0 0
0.001075268817204301 -0.2708176804647314 -0.21458386343155875 0.47925291409780296 0 0 0
0.001075268817204301 0.5344384438397499 0.13632623799130456 0.3465359162084999 0 0 0
0.001075268817204301 -0.1448409476894895 -0.28174829720761313 0.49065664041278656 0 0 0
0.001075268817204301 -0.29315210990004625 -0.0040973832932182305 0.40836552396374476 0 0 0
0.001075268817204301 0.5970685926486332 -0.13384653350147727 -0.054842624084018146 0 0 0
0.001075268817204301 0.1175108859267757 -0.33331520128642395 0.3678626058170252 0 0 0
0.001075268817204301 0.01099270392142495 -0.010093526451803241 0.2311839412752566 0 0 0
0.001075268817204301 -0.5576202864829204 0.06633561286044477 -0.22554272177549983 0 0 0
0.001075268817204301 -0.13533939010124382 0.2668867194656893 0.25905840868622004 0 0 0
0.001075268817204301 0.3774704694710187 0.5030708411764817 -0.02354182378651583 0 0 0
0.001075268817204301 -0.24310938163900658 -0.08517262239128726 0.41704355124960596 0 0 0
0.001075268817204301 -0.4990325930325345 -0.3263010604107166 0.027665257696671677 0 0 0
0.001075268817204301 0.33202565707589393 0.17856391628975918 -0.25887624481754445 0 0 0
0.001075268817204301 -0.3681489423505331 0.1711980189296344 0.18840272381401788 0 0 0
0.001075268817204301 -0.015624443091130955 0.4543474565194529 -0.22921238897594576 0 0 0
0.001075268817204301 -0.5963203184604635 -0.1326969294342528 0.15395419563133111 0 0 0
0.001075268817204301 -0.6234873758188234 -0.12996297032168003 -0.194118312650899 0 0 0
0.001075268817204301 -0.32474708296120874 0.21243379181691238 -0.4132459206297617 0 0 0
0.001075268817204301 -0.2590444949269882 -0.6086604813637082 0.14973677628191936 0 0 0
0.001075268817204301 0.13305088352010555 -0.08707171173588805 0.6305487759696549 0 0 0
0.001075268817204301 0.2594733002005332 0.11526388080277021 0.45762793305313787 0 0 0
0.001075268817204301 -0.2431001946116301 -0.13488715849632607 -0.42088997787452165 0 0 0
0.001075268817204301 -0.13503624842389197 -0.3008590147387506 0.5245074700751476 0 0 0
0.001075268817204301 0.3494579445396196 0.2583801817487122 0.5312742635580674 0 0 0
0.001075268817204301 -0.6243625484544364 -0.08550755779459832 0.2454927122142175 0 0 0
0.001075268817204301 0.578512502966367 -0.04697307860872688 -0.35826575290373913 0 0 0
0.001075268817204301 0.3286580803834787 0.43178739766717245 0.20073067478008869 0 0 0
0.001075268817204301 0.203158866687696 0.15325062260088573 0.2759780773913962 0 0 0
0.001075268817204301 0.40021198633916794 -0.07031146631849752 -0.18443506190675052 0 0 0
0.001075268817204301 -0.19761180643626242 0.3147132872712207 -0.4340151748304386 0 0 0
0.001075268817204301 -0.009570858584154773 0.4848997082369918 -0.18816272507260892 0 0 0
0.001075268817204301 0.07135026943205919 -0.19483064374744613 -0.12251876584221719 0 0 0
0.001075268817204301 -0.20934166099393905 0.15854467414421347 0.4533729065197316 0 0 0
0.001075268817204301 -0.22459427389849163 -0.16997049112495147 0.11370528719607255 0 0 0
0.001075268817204301 0.07046762790929918 0.35397463781708777 0.25492510778651556 0 0 0
0.001075268817204301 0.016786894391931644 0.5160963424823544 -0.44834099244047454 0 0 0
0.001075268817204301 -0.08189308043145092 0.30981030522576464 -0.48518382132368254 0 0 0
0.001075268817204301 0.3224213611792755 -0.19513074848976758 -0.09743606885715089 0 0 0
0.001075268817204301 -0.2937273455382529 0.42017697997815273 -0.41100316931711317 0 0 0
0.001075268817204301 -0.04604065736852365 -0.016151845439887236 -0.021040064740142375 0 0 0
0.001075268817204301 0.13506979573847222 -0.036998571161724836 -0.367615354996123 0 0 0
0.001075268817204301 0.26205451323952395 0.11787860303653507 -0.3050430969890558 0 0 0
0.001075268817204301 -0.218888079262855 -0.4221997609154053 0.09725126712612218 0 0 0
0.001075268817204301 -0.22549550211835406 0.32305308198460136 -0.128411963306971 0 0 0
0.001075268817204301 -0.4495079901651157 0.4168779644873205 -0.25624514772780693 0 0 0
0.001075268817204301 0.23634160679177038 -0.22279946309799692 0.1996611650322888 0 0 0
0.001075268817204301 -0.29960476828783505 -0.1378510314153482 -0.5931713886371651 0 0 0
0.001075268817204301 -0.29922254202037335 -0.03758181120904388 0.19989567144023518 0 0 0
0.001075268817204301 0.3088822581836582 0.0659326778315435 0.08403742115350958 0 0 0
0.001075268817204301 -0.07727466002232572 0.08407383375736274 0.4889686959119588 0 0 0
0.001075268817204301 0.455844708303852 -0.2256139697491745 0.16158266254258472 0 0 0
0.001075268817204301 -0.59355788536738 0.2947399673080043 0.20280772445482453 0 0 0
0.001075268817204301 -0.22502304115257285 -0.37351921398785654 0.10340510674608243 0 0 0
0.001075268817204301 -0.4408578352354171 -0.13904614510287203 -0.3038417597030153 0 0 0
0.001075268817204301 0.14506678276899793 -0.3282799232934531 0.05600477218718752 0 0 0
0.001075268817204301 0.4216089666223598 0.07607677141570747 0.41051620228311264 0 0 0
0.001075268817204301 0.1922178224447402 -0.4138534797441576 -0.07895900406741013 0 0 0
0.001075268817204301 -0.2777021723896284 -0.33192645738612386 0.0698469541724176 0 0 0
0.001075268817204301 0.4474813687523046 0.4359071742518561 -0.08328840617193664 0 0 0
0.001075268817204301 -0.5038960949315482 0.06653097387156295 -0.41827911810863655 0 0 0
0.001075268817204301 0.06692244421928906 -0.6128035300955579 -0.04802444480617356 0 0 0
0.001075268817204301 -0.10069519543519878 0.12048118385692633 0.11987839165722079 0 0 0
0.001075268817204301 -0.4399073631263622 0.3812503375575217 0.21436974101152456 0 0 0
0.001075268817204301 0.3917066381762708 -0.06375155130058796 -0.020847658083138126 0 0 0
0.001075268817204301 0.15943229325230376 0.1338621063268225 0.05538980585385789 0 0 0
0.001075268817204301 -0.2786565940516988 -0.015285178135979034 -0.09920645786879992 0 0 0
0.001075268817204301 -0.25282197824123126 0.2697556152226038 0.543841425906382 0 0 0
0.001075268817204301 0.4380791185190477 0.02316777395216946 -0.0679216822289567 0 0 0
0.001075268817204301 0.25043448402051255 -0.28430570963720253 0.5183618479293715 0 0 0
0.001075268817204301 -0.40874264658372 0.010406038656093911 0.4375685455771654 0 0 0
0.001075268817204301 -0.21581283933843579 -0.10134888231413444 0.1088801093497721 0 0 0
0.001075268817204301 -0.3546219475399036 0.1580104048812375 0.23968261915624797 0 0 0
0.001075268817204301 0.059237189579876566 0.40851720498825833 0.5400927879875889 0 0 0
0.001075268817204301 -0.16147365938765712 0.655808175731103 -0.08467677064606764 0 0 0
0.001075268817204301 0.2570852170829445 0.14176495711900733 -0.36020745322990866 0 0 0
0.001075268817204301 -0.21081395879268353 0.09571994951158698 -0.45987061228968606 0 0 0
0.001075268817204301 -0.552667947087216 -0.07258158608265367 0.2409856083415544 0 0 0
0.001075268817204301 0.40639919223300947 0.00745549939867696 -0.0966588728435375 0 0 0
0.001075268817204301 0.12443712864137263 -0.25307142629462315 -0.048728311906371266 0 0 0
0.001075268817204301 -0.003268135639425609 0.10486598113389616 -0.39564635519570474 0 0 0
0.001075268817204301 0.12178109551488046 -0.03829670700989907 0.22163047412827921 0 0 0
0.001075268817204301 0.3352118959350035 0.051403177963926044 -0.20497783869898178 0 0 0
0.001075268817204301 -0.5156019710045322 0.10067674961890842 0.38034127106760707 0 0 0
0.001075268817204301 -0.1686894998162535 -0.27248846054700204 -0.5609140089646306 0 0 0
0.001075268817204301 0.3141528335188351 -0.36535361809824396 0.4344302806592274 0 0 0
0.001075268817204301 -0.017451394286235634 -0.04793527311035021 -0.32275822776896684 0 0 0
0.001075268817204301 0.06935733287539492 0.5376161789093192 0.091581667591942 0 0 0
0.001075268817204301 -0.27228340340596463 -0.17350191267205642 -0.5138217957361358 0 0 0
0.001075268817204301 0.30931309843885874 -0.1780196665140374 0.18428642676600918 0 0 0
0.001075268817204301 -0.07769639200908292 0.004397642523633677 0.02819781632330615 0 0 0
0.001075268817204301 0.07900631522305203 -0.6483187598514826 0.07187078820552563 0 0 0
0.001075268817204301 0.29335001027630186 -0.21953362280393188 0.3767661534294144 0 0 0
0.001075268817204301 0.046312354078498444 -0.2747708524223212 -0.5411007614200273 0 0 0
0.001075268817204301 0.340523294187112 0.15061074349961442 0.34000519790680567 0 0 0
0.001075268817204301 -0.15226226704766982 -0.3932142495859609 0.1612480130410709 0 0 0
0.001075268817204301 0.2292580761343557 -0.05744602607522216 -0.49979966082612276 0 0 0
0.001075268817204301 0.35455827381723176 0.09788170012319021 0.2285604975329367 0 0 0
0.001075268817204301 -0.2604248463313018 -0.20719821336457714 0.06548950461576203 0 0 0
0.001075268817204301 0.6170974515362003 -0.16322366358381368 -0.19147273794728895 0 0 0
0.001075268817204301 0.08275879914726306 -0.17784699024712408 -0.5305710322354179 0 0 0
0.001075268817204301 -0.17115390411057751 -0.3512669200890048 -0.5167760735023708 0 0 0
0.001075268817204301 0.15815712619970926 0.4032020995558902 0.080060997651527 0 0 0
0.001075268817204301 0.172041258934368 0.23113302821013884 -0.20398952787549715 0 0 0
0.001075268817204301 -0.26271250799940826 -0.023284631170318055 -0.2388002719090331 0 0 0
0.001075268817204301 -0.37178477673755095 0.17077166025298496 0.014854029006508495 0 0 0
0.001075268817204301 -0.6252580235839834 0.00879638026104942 0.192947882797988 0 0 0
0.001075268817204301 0.5175233011480329 0.4044167740595012 -0.05511075744209801 0 0 0
0.001075268817204301 0.41801533525016815 0.20563304396614607 -0.3741383693942553 0 0 0
0.001075268817204301 -0.05816166326397519 0.0918676052503101 -0.5195770672342956 0 0 0
0.001075268817204301 -0.3668831154109595 0.07543898513042638 0.03504301294140972 0 0 0
0.001075268817204301 -0.18306200908766196 -0.39065719410862493 -0.0009429698846733038 0 0 0
0.001075268817204301 -0.49698412290101907 0.03269192633983728 -0.1667601430991129 0 0 0
0.001075268817204301 -0.546673493406056 -0.13818963811731313 -0.11798446696698207 0 0 0
0.001075268817204301 -0.16779897132383578 -0.6333101375221326 -0.2130482498318122 0 0 0
0.001075268817204301 -0.28897706838429527 -0.5317175026091359 0.03249035665047867 0 0 0
0.001075268817204301 -0.5976768534483411 0.26141044329252194 -0.10311517762754562 0 0 0
0.001075268817204301 -0.4991278581178331 -0.17406677967444187 -0.41885533574610967 0 0 0
0.001075268817204301 -0.07910077130063359 -0.5345467195303902 -0.10709372106669406 0 0 0
0.001075268817204301 -0.37875162416050967 0.5416036158503437 0.13247094736023568 0 0 0
0.001075268817204301 -0.43061964065465963 -0.26903409115094207 -0.3105822517706246 0 0 0
0.001075268817204301 -0.1644757889617449 0.5701726728472146 -0.0023033239971681193 0 0 0
0.001075268817204301 -0.49600164261930074 -0.058948750836715406 0.01759502712743314 0 0 0
0.001075268817204301 0.27171857976098507 -0.29067270476351037 0.23862127558712348 0 0 0
0.001075268817204301 0.42424379711128246 -0.4527062777102615 0.008650943586417773 0 0 0
0.001075268817204301 0.5354645864146327 0.1761507244793724 -0.08438077715142535 0 0 0
0.001075268817204301 0.143247112976326 0.15251082813294392 -0.6133174719953315 0 0 0
0.001075268817204301 -0.0991814362590273 -0.3940961130868263 -0.43462495567889803 0 0 0
0.001075268817204301 -0.24709863125871315 0.03428723802519235 0.10659085694689292 0 0 0
0.001075268817204301 0.428173807996464 -0.16287288792615642 0.08834066536434532 0 0 0
0.001075268817204301 -0.03623311375379149 0.02257106838753083 -0.04988868133470759 0 0 0
0.001075268817204301 0.13752790072754828 -0.006308972278969239 0.3396829297904905 0 0 0
0.001075268817204301 0.36255855705139106 0.21160261634981992 0.3975216568685663 0 0 0
0.001075268817204301 -0.08952574470059182 -0.13210184749500178 -0.4252830209641717 0 0 0
0.001075268817204301 -0.12125093312957283 0.13739232370260102 0.3706702432901675 0 0 0
0.001075268817204301 0.11769976880371436 0.4513684271968494 0.1823893927680772 0 0 0
0.001075268817204301 0.3027866358596317 -0.41619371356983526 0.2919076001042712 0 0 0
0.001075268817204301 -0.09756834819561908 -0.527260182431339 0.19687470390664594 0 0 0
0.001075268817204301 0.3463922018041198 -0.09256185509557134 0.4969126076930246 0 0 0
0.001075268817204301 -0.4788318417551349 -0.4171389934842431 0.20707754783909577 0 0 0
0.001075268817204301 0.39498200258921595 -0.3332820032634681 0.20966599129496644 0 0 0
0.001075268817204301 -0.31260062418388695 0.3924524265137469 -0.26867943923261645 0 0 0
0.001075268817204301 0.10543618776210803 0.19440681503089294 0.16388605457015554 0 0 0
0.001075268817204301 0.5282623245268482 -0.00913112199366716 -0.35912304101426973 0 0 0
0.001075268817204301 0.43530550515570166 0.010191056695190355 0.19407556558849529 0 0 0
0.001075268817204301 -0.10986818577189798 0.040824645425674363 -0.6218267819930189 0 0 0
0.001075268817204301 0.3184325746671013 -0.20050946062890881 -0.4850362416377887 0 0 0
0.001075268817204301 0.41686444266417927 0.22232260853620295 0.13159060548614326 0 0 0
0.001075268817204301 -0.09904111940167575 0.13073818048427824 -0.18175494196628522 0 0 0
0.001075268817204301 -0.17865664613706542 0.26737657410897636 -0.3297687901930641 0 0 0
0.001075268817204301 0.2309259826973722 -0.5022036839322217 0.14816540380133028 0 0 0
0.001075268817204301 -0.21562610711887353 -0.1877849795633998 0.3675994356259108 0 0 0
0.001075268817204301 -0.27433515485447973 -0.28884811184957826 -0.31570392491370974 0 0 0
0.001075268817204301 0.17635011013544083 0.3501345652471267 -0.12372961408678537 0 0 0
0.001075268817204301 -0.03816334423609895 -0.30893153069876395 -0.026369360190281653 0 0 0
0.001075268817204301 0.5358952849633996 0.17478864870439897 -0.010328655499261782 0 0 0
0.001075268817204301 -0.2571057719607467 0.28732474233748284 -0.07519024784444532 0 0 0
0.001075268817204301 -0.5001088337160986 -0.1859518478245277 -0.43371149861117947 0 0 0
0.001075268817204301 0.17726784672192325 0.26643777104893207 -0.2607773643885427 0 0 0
0.001075268817204301 -0.6507835558966151 0.22228385459925268 0.004542518299273917 0 0 0
0.001075268817204301 -0.6194807729994464 0.08117016772322297 0.23145062826516213 0 0 0
0.001075268817204301 0.0130914093371014 -0.34372590608417264 -0.5927407322899334 0 0 0
0.001075268817204301 -0.37194587547539554 -0.12393579255262444 0.0565650442177444 0 0 0
0.001075268817204301 0.34739424724859663 -0.2721679429888828 0.1763767196082394 0 0 0
0.001075268817204301 -0.03456326329010016 -0.2646858086856156 0.5368264936543067 0 0 0
0.001075268817204301 0.3740286352701593 -0.46402415080234705 0.11789798883745212 0 0 0
0.001075268817204301 0.4352417480005707 -0.46650761790987527 0.04331574285003402 0 0 0
0.001075268817204301 -0.2854704712078436 0.021720109781643498 -0.1011859009753063 0 0 0
0.001075268817204301 0.02842157627863033 -0.5359419541717844 -0.09580978778727833 0 0 0
0.001075268817204301 0.5896994100741867 -0.10154272952217783 0.19529769487933316 0 0 0
0.001075268817204301 -0.09948469134737763 0.252691013081289 -0.35262116020448325 0 0 0
0.001075268817204301 0.41123084655293757 0.02953955343516897 -0.2840643003343954 0 0 0
0.001075268817204301 -0.025542408514710322 0.4138797866131864 -0.3717067065524503 0 0 0
0.001075268817204301 -0.18588894642886822 -0.31815039414688173 -0.059808588762911036 0 0 0
0.001075268817204301 -0.5836302114770675 0.14285745201548386 0.0029151811111946 0 0 0
0.001075268817204301 0.07602810833911416 0.345124604497674 -0.14134488956359517 0 0 0
0.001075268817204301 -0.2274017245854091 -0.15611830598147797 -0.42137504408035187 0 0 0
0.001075268817204301 0.4316278583703385 0.21999636566937772 0.4135039500680153 0 0 0
0.001075268817204301 0.5020678984741438 -0.43607875806773216 -0.13040554540612828 0 0 0
0.001075268817204301 -0.0024189380717727256 -0.0541804914585145 -0.319502041452161 0 0 0
0.001075268817204301 0.016798106618387047 -0.39346682851405196 -0.15085552163482088 0 0 0
0.001075268817204301 0.41172717373373163 -0.38456538276005486 -0.08006771415833563 0 0 0
0.001075268817204301 0.10983008633619679 0.6085562026480451 -0.059631823550131566 0 0 0
0.001075268817204301 -0.5679772754898388 0.3555676084279476 0.1469216232872809 0 0 0
0.001075268817204301 0.013736601930379124 0.4376508418716327 0.4614287385146475 0 0 0
0.001075268817204301 0.26915414437988994 -0.3183004413893958 0.22544877546350586 0 0 0
0.001075268817204301 -0.03114769558473063 -0.01797825078295846 -0.38431581052815134 0 0 0
0.001075268817204301 -0.393769007053316 0.43964696829255756 -0.11257820704853201 0 0 0
0.001075268817204301 -0.3623662678735079 -0.17459552525366775 -0.44326914053548344 0 0 0
0.001075268817204301 0.26884459461023535 0.3887342824586622 -0.2846133845503654 0 0 0
0.001075268817204301 0.5668248116406328 0.2967544001965979 -0.09896689790867368 0 0 0
0.001075268817204301 0.4380658566925187 0.5019553866544282 0.06925181298608232 0 0 0
0.001075268817204301 0.3173474469624616 0.12275343001800275 0.14607116186845812 0 0 0
0.001075268817204301 -0.2752800083730514 -0.22637244856397992 0.055952874424861083 0 0 0
0.001075268817204301 0.3531995333137728 0.24721809697817038 0.17563986650788935 0 0 0
0.001075268817204301 -0.33905988829216954 0.2566285325250691 0.12491325248466881 0 0 0
0.001075268817204301 -0.23077797534856287 0.1117158640521322 0.03914790930187442 0 0 0
0.001075268817204301 0.4652694969674165 0.39165713775541716 0.21433513571913093 0 0 0
0.001075268817204301 0.10613536109450084 0.1315088105879814 0.06833999739365147 0 0 0
0.001075268817204301 0.2849814088643976 -0.12118560630574277 -0.3678801802648414 0 0 0
0.001075268817204301 -0.29801525950488494 -0.14927485161622603 -0.27476766670547786 0 0 0
0.001075268817204301 0.004827656495159088 -0.14065771373417663 0.3609505685874945 0 0 0
0.001075268817204301 0.097695783370123 -0.04442735133510116 0.6662109266861652 0 0 0
0.001075268817204301 0.27873893434933844 -0.44622464851512367 -0.4172468827266983 0 0 0
0.001075268817204301 0.2535018927756275 0.011486903735565535 -0.042153416416267124 0 0 0
0.001075268817204301 -0.444900951967075 -0.34087449289212224 -0.34305057029901564 0 0 0
0.001075268817204301 -0.23695211369518396 0.28860399224509015 0.4007335096125382 0 0 0
0.001075268817204301 -1.786104035594025e-05 0.35907267673075727 -0.2008579289979422 0 0 0
0.001075268817204301 0.05259976533364257 -0.6111368600712649 0.031037675487007844 0 0 0
0.001075268817204301 -0.6087967017127518 -0.18407271113998683 -0.03531291696640651 0 0 0
0.001075268817204301 0.18751239390395555 -0.3836079393779743 0.3319076924606279 0 0 0
0.001075268817204301 0.40840625920614243 -0.22931985196955793 -0.4066518484553224 0 0 0
0.001075268817204301 -0.36959630705796015 -0.3815659376494567 0.10499865839482649 0 0 0
0.001075268817204301 -0.4823301391793738 -0.384432243937032 0.20396785057973704 0 0 0
0.001075268817204301 -0.26273483815231546 -0.014647175634587152 -0.37402521262462585 0 0 0
0.001075268817204301 -0.4472216034538542 -0.15374386063977 0.14978718557843512 0 0 0
0.001075268817204301 0.22755670336794817 -0.4301656620417822 0.11923339794652298 0 0 0
0.001075268817204301 0.21051678360014126 0.6441692540546792 0.12039403977503627 0 0 0
0.001075268817204301 0.36630637352491074 0.27859280458517116 0.5104801472899643 0 0 0
0.001075268817204301 0.38961490762120027 -0.3923821809517034 0.09491828949226708 0 0 0
0.001075268817204301 -0.3839304737802381 -0.2820370824293415 -0.0018825106665017357 0 0 0
0.001075268817204301 -0.30560033756246724 0.4835987570922242 0.3132430829146078 0 0 0
0.001075268817204301 -0.6602916881208392 0.20550403755792152 -0.01923089876273843 0 0 0
0.001075268817204301 -0.28549203776246623 0.03317544783598461 -0.3971465002377131 0 0 0
0.001075268817204301 -0.15951149999024963 -0.5399391157335629 0.24968719994575955 0 0 0
0.001075268817204301 -0.10008083502594022 -0.33425672859971123 0.09716867055166802 0 0 0
0.001075268817204301 -0.139715088907426 0.1974826403170258 0.39635621274588245 0 0 0
0.001075268817204301 -0.31860100817652426 0.17184668143975765 0.181721696656114 0 0 0
0.001075268817204301 0.46682591051926414 -0.3335011226668201 0.3702463023878272 0 0 0
0.001075268817204301 0.21020516148670812 -0.040449317567821934 0.07698044427209214 0 0 0
0.001075268817204301 -0.12367893758599088 0.31116452422232976 0.22266543464026117 0 0 0
0.001075268817204301 -0.11045211623696713 -0.5935396690190444 -0.014030701340364646 0 0 0
0.001075268817204301 0.009240062513744728 0.5528213692638282 0.002327231797695028 0 0 0
0.001075268817204301 -0.10183246246549518 -0.13087003541064263 0.6273051861154767 0 0 0
0.001075268817204301 -0.4484603761972963 -0.17898910782942207 -0.2670989449626008 0 0 0
0.001075268817204301 -0.30191220713045563 -0.5314995472697069 0.04670254613209488 0 0 0
0.001075268817204301 -0.27707996740978663 0.348008417906499 0.312796173180269 0 0 0
0.001075268817204301 0.06871174033880814 0.023753184464320766 -0.6276856472490951 0 0 0
0.001075268817204301 0.5052140005337439 0.3336539492137584 0.07276222812016685 0 0 0
0.001075268817204301 0.13250665790758406 -0.6263876484640053 0.1334171977524637 0 0 0
0.001075268817204301 0.1523301339426334 -0.18690506181925368 -0.5814018779952355 0 0 0
0.001075268817204301 0.40017493610467664 0.12300081598733274 0.312303444230614 0 0 0
0.001075268817204301 0.47186647283519456 -0.2791705215543773 -0.17432908066904906 0 0 0
0.001075268817204301 -0.24352710040876255 -0.36785708689598556 -0.20303147991215947 0 0 0
0.001075268817204301 -0.11223904259244342 -0.33396630219171497 0.25971280208217423 0 0 0
0.001075268817204301 0.12141563330087693 0.40593335178600337 -0.3074225398746219 0 0 0
0.001075268817204301 0.4317302011744092 0.47845255468579545 0.22308998376962524 0 0 0
0.001075268817204301 -0.36613839495316064 -0.27764938272447404 -0.3858111345597473 0 0 0
0.001075268817204301 0.24924226436715743 -0.5247370755324618 0.0320619728703169 0 0 0
0.001075268817204301 0.5281448912229565 -0.0725519185480884 0.306963485653224 0 0 0
0.001075268817204301 0.12494238747702188 0.1233376248580143 0.17999891212494296 0 0 0
0.001075268817204301 -0.23885411765086514 -0.06070327261862383 0.6246905550899093 0 0 0
0.001075268817204301 0.17314723019141282 -0.288625103724682 -0.5438267751029788 0 0 0
0.001075268817204301 0.1956304415065904 0.08947710027288344 0.49916733261021 0 0 0
0.001075268817204301 0.5346795794694466 0.04840773032790296 -0.15581814102418276 0 0 0
0.001075268817204301 0.4196995775095553 -0.08367508366682246 -0.5177926459107354 0 0 0
0.001075268817204301 -0.3875259361956984 0.014950167518596267 0.2517834930089095 0 0 0
0.001075268817204301 -0.20987248089349864 -0.2546093697606349 -0.31576765294007386 0 0 0
0.001075268817204301 0.36991147243360245 -0.08516021773038703 0.035301493961112006 0 0 0
0.001075268817204301 -0.49816993955837185 -0.10147405292627192 -0.0707517454866915 0 0 0
0.001075268817204301 0.6133731603319462 -0.10448003059652879 -0.10705705275173066 0 0 0
0.001075268817204301 -0.45868237460302325 0.3799950268845226 0.24472611337016134 0 0 0
0.001075268817204301 0.0061176147337424 -0.452118165975041 -0.08846171779158998 0 0 0
0.001075268817204301 -0.26963508797013813 -0.48128631129074156 -0.2979114551308901 0 0 0
0.001075268817204301 -0.26516831896624543 -0.2050637586832164 -0.009269889730614303 0 0 0
0.001075268817204301 -0.35904630676509064 -0.3208853877935946 0.43476421776153307 0 0 0
0.001075268817204301 -0.3249829024492304 -0.5690028072079325 0.09404490439384827 0 0 0
0.001075268817204301 0.24839751017080555 -0.2919586760163222 -0.416586721858604 0 0 0
0.001075268817204301 -0.30551102650240153 0.44665444952535244 0.11888198555819511 0 0 0
0.001075268817204301 -0.5966053843924441 -0.12805557176981083 -0.024488317641173957 0 0 0
0.001075268817204301 0.08642673468385105 -0.6367506066534412 0.2350986352195392 0 0 0
0.001075268817204301 -0.08391893713122257 0.07323352215506958 0.6541699569117234 0 0 0
0.001075268817204301 0.6248548095971298 0.06967304582122583 -0.2519847383488939 0 0 0
0.001075268817204301 -0.19407335752775148 0.07307224922311503 -0.5940110350623383 0 0 0
0.001075268817204301 0.09764671194235561 -0.013055931949253191 -0.28715006739654875 0 0 0
0.001075268817204301 0.10308628822697607 0.32464859344254027 -0.12475506963097928 0 0 0
0.001075268817204301 0.02287394920901914 -0.004099583065091633 0.16088950630437523 0 0 0
0.001075268817204301 -0.024812680893343885 -0.16036652059976264 -0.07050574510670143 0 0 0
0.001075268817204301 -0.08190772341538957 -0.1617567466564303 -0.5355316350789842 0 0 0
0.001075268817204301 0.5006725483564183 0.2803073515849503 0.29968937392879863 0 0 0
0.001075268817204301 -0.07044810414583119 -0.1442906087880101 0.634209976586862 0 0 0
0.001075268817204301 0.13778020533129554 0.5090031710143709 -0.1441589881755348 0 0 0
0.001075268817204301 0.6133910417362389 -0.03784372740356268 -0.013073545388896953 0 0 0
0.001075268817204301 -0.08643492593952345 0.1737819840332954 0.25731489760470583 0 0 0
