720
0
0.001388888888888889 0.15274290565605503 0.16191203502989165 -0.11555093139270842 0 0 0
0.001388888888888889 0.21095296825212792 -0.4008657922002731 -0.3411783205020191 0 0 0
0.001388888888888889 0.1688286519193494 -0.04289150714158629 0.5445210832353088 0 0 0
0.001388888888888889 4.7634639868647446e-05 -0.12758940623365178 0.17418843955789962 0 0 0
0.001388888888888889 -0.022077133993158617 -0.33392927006726475 0.4810019186993082 0 0 0
0.001388888888888889 -0.047642278527852064 -0.1876801964093817 -0.3953051382115228 0 0 0
0.001388888888888889 -0.03986175473835112 -0.5199381267225592 0.31062837989245656 0 0 0
0.001388888888888889 -0.049407943021604984 -0.10423837648199923 0.5171392966939954 0 0 0
0.001388888888888889 0.6070699305356176 0.15098848373185578 0.0770135582766735 0 0 0
0.001388888888888889 0.00045631628854054927 -0.4634034238060188 0.04952490395191342 0 0 0
0.001388888888888889 -0.007616726627630924 -0.3896182837787538 -0.43291327658012224 0 0 0
0.001388888888888889 -0.07196559794513989 0.2852600391030803 -0.6079018055144443 0 0 0
0.001388888888888889 0.3081141469971125 -0.3481908685714145 -0.41546045293526696 0 0 0
0.001388888888888889 0.01591257346347474 -0.07333882944686507 -0.6876923172021316 0 0 0
0.001388888888888889 -0.10604074084616211 -0.04175986702584306 -0.5472948789660079 0 0 0
0.001388888888888889 -0.10864635308144245 -0.32251341479398155 0.33772049999338233 0 0 0
0.001388888888888889 0.17495202792764375 0.4767333242127745 0.15119253020838128 0 0 0
0.001388888888888889 -0.2829526982373095 -0.17447920412465837 -0.5985255020387511 0 0 0
0.001388888888888889 0.2479089324090634 0.0879393712764148 0.05998701806980726 0 0 0
0.001388888888888889 -0.24157843694625297 0.4146197168657294 -0.4207540659935052 0 0 0
0.001388888888888889 -0.06442307638662093 -0.15861938903806716 0.6337891601182591 0 0 0
0.001388888888888889 -0.24802996489392581 0.17395538311821732 0.03877540544705374 0 0 0
0.001388888888888889 -0.3215940421279002 -0.2209892451016803 -0.2421100337815734 0 0 0
0.001388888888888889 0.22156518096154992 -0.07028617750006862 0.47127629290276085 0 0 0
0.001388888888888889 -0.16127397411560654 0.3333608134743343 -0.3812095880641399 0 0 0
0.001388888888888889 0.13153538573934587 0.16536215199896281 0.04571689242899989 0 0 0
0.001388888888888889 0.4144937265466498 -0.23051485311618736 -0.26968510267882806 0 0 0
0.001388888888888889 -0.19194673265230558 -0.3720528206149974 0.36682734827567104 0 0 0
0.001388888888888889 0.18356836940564808 -0.6099095058719157 -0.23021399317872368 0 0 0
0.001388888888888889 0.2717697280149254 -0.3026706966454396 -0.3039997667073165 0 0 0
0.001388888888888889 0.1277478029108723 -0.5783797452660225 0.09113775974114538 0 0 0
0.001388888888888889 -0.006545787921121528 0.15349275754538436 -0.3075471832644521 0 0 0
0.001388888888888889 0.19048633472907223 -0.15510318366487108 0.41341560673776806 0 0 0
0.001388888888888889 0.11227397562956323 0.11589567316686927 0.34036611120604493 0 0 0
0.001388888888888889 -0.03337705008644523 0.09316413246088828 -0.1311338739529501 0 0 0
0.001388888888888889 0.1510156116574154 0.5626929619724782 0.2944743688119452 0 0 0
0.001388888888888889 0.2124303984277778 0.4089699408846452 0.11952004947968192 0 0 0
0.001388888888888889 -0.22677362830599784 0.27688044299327536 0.32425481363864145 0 0 0
0.001388888888888889 0.047527451755014084 -0.5285143750088266 -0.05159131892351478 0 0 0
0.001388888888888889 -0.10970952709363042 0.26172859097368756 -0.6283468709360901 0 0 0
0.001388888888888889 0.556419658182156 -0.19840459828602083 0.010874989049716427 0 0 0
0.001388888888888889 0.49191659936529586 -0.1285434120835471 -0.05218834274314357 0 0 0
0.001388888888888889 -0.15467737805296564 0.32208551825299675 -0.050289882841113576 0 0 0
0.001388888888888889 0.27876368861609063 -0.3543372252248281 -0.17028225758654028 0 0 0
0.001388888888888889 -0.18547694715583818 0.11737385307735414 0.18245650904832314 0 0 0
0.001388888888888889 0.07952640428021016 -0.5855420436751945 0.21655758395203784 0 0 0
0.001388888888888889 -0.5921663540325707 0.055819872997958556 -0.23237226505802733 0 0 0
0.001388888888888889 -0.39454005997387526 -0.1875369083872211 -0.07226941477128355 0 0 0
0.001388888888888889 0.22182504691152247 0.2983595813170812 0.17924349575639312 0 0 0
0.001388888888888889 -0.06660398410411773 -0.5967486234654437 -0.16423194823975748 0 0 0
0.001388888888888889 0.13687938965225385 0.1582968655789151 0.11978510040400625 0 0 0
0.001388888888888889 0.09951577159917163 -0.5047767663339916 0.2476379580094159 0 0 0
0.001388888888888889 -0.2867380760782928 -0.01347679642002422 0.49211994823934785 0 0 0
0.001388888888888889 -0.01264579750955493 -0.3967161695057401 -0.5539229322720786 0 0 0
0.001388888888888889 -0.251492900004355 -0.058816120122764444 0.5073223446339429 0 0 0
0.001388888888888889 -0.5621246315373701 0.3583759110635097 -0.1535555323682846 0 0 0
0.001388888888888889 0.2532517500205026 -0.3071705408772233 0.22375659257639866 0 0 0
0.001388888888888889 0.44901303410601934 -0.1463596754990366 0.20214991289163795 0 0 0
0.001388888888888889 0.3744545214001954 -0.027152071681004655 0.46012564290179314 0 0 0
0.001388888888888889 0.29756434587134356 -0.45027791527299366 0.014768245089861812 0 0 0
0.001388888888888889 0.6087621451188628 -0.06997043708048861 0.09400288989624661 0 0 0
0.001388888888888889 -0.359028059915792 0.2112367988311215 -0.3209297990972935 0 0 0
0.001388888888888889 -0.3651171396077899 0.5208256517344334 0.2719752580501418 0 0 0
0.001388888888888889 0.2666081242609324 0.1119117837005992 0.5015714666329492 0 0 0
0.001388888888888889 0.3355936322512944 -0.30004996070742124 0.049577207483120035 0 0 0
0.001388888888888889 0.4417783765318022 -0.07299287636395978 -0.18601517880924784 0 0 0
0.001388888888888889 0.09581344780555356 0.21965618383434024 0.08715424824040724 0 0 0
0.001388888888888889 -0.3219910239565946 0.29420381509455334 0.2454754190670955 0 0 0
0.001388888888888889 0.18511619663903864 -0.5596516677111822 0.35078789588191683 0 0 0
0.001388888888888889 -0.02565167739992135 0.2698853866762648 -0.24589304241937393 0 0 0
0.001388888888888889 0.3104195036917592 0.013014669146334638 0.03316579917705338 0 0 0
0.001388888888888889 -0.3665693243884711 -0.28653868958365264 0.20840644892468213 0 0 0
0.001388888888888889 0.08925539502426331 -0.11906191082943081 -0.10572644621975524 0 0 0
0.001388888888888889 0.21168729954548396 0.14063852357532444 0.3548957274144391 0 0 0
0.001388888888888889 0.1405644222850588 -0.02414079272983798 -0.06735528665064709 0 0 0
0.001388888888888889 -0.1455336810948222 0.3358809563536129 -0.5315386670002923 0 0 0
0.001388888888888889 0.05294865967455641 -0.4005259651933206 0.37782931135125486 0 0 0
0.001388888888888889 -0.22166561700455453 -0.27295303327809833 -0.5138897448627103 0 0 0
0.001388888888888889 -0.14668163480813834 0.18318689601546026 0.09465435267146034 0 0 0
0.001388888888888889 -0.014751040714867754 -0.30006742174407847 -0.421611734331598 0 0 0
0.001388888888888889 -0.5046371495574808 0.3388901444452507 0.25177642369437464 0 0 0
0.001388888888888889 0.5612041892019735 0.2828769699289393 -0.13697698852272663 0 0 0
0.001388888888888889 0.25789772112141884 0.16514388283204814 -0.10094075402562899 0 0 0
0.001388888888888889 0.24064086063784632 0.1809893454251789 0.14619904233278977 0 0 0
0.001388888888888889 -0.011523169884037267 0.5168620555051843 -0.052517864435019226 0 0 0
0.001388888888888889 -0.022623323017368427 0.07930609430838154 -0.1991483049093755 0 0 0
0.001388888888888889 -0.22546754312161288 -0.03523723355874338 -0.0013302703816835063 0 0 0
0.001388888888888889 0.2346372832191964 0.6392393718537303 0.07762932992627583 0 0 0
0.001388888888888889 -0.3653661494217411 0.23400347227491394 -0.1859094798472165 0 0 0
0.001388888888888889 -0.05018594076154464 0.0421065239414044 0.3242603714301807 0 0 0
0.001388888888888889 -0.27550091382553654 -0.5172397081418582 -0.2351803245362688 0 0 0
0.001388888888888889 0.23097216240317597 -0.38652458258453565 -0.38471573575869344 0 0 0
0.001388888888888889 -0.4095257188658418 0.114153117450567 -0.38557223279821795 0 0 0
0.001388888888888889 0.04390239183102218 0.49903789948219157 0.41057547541509704 0 0 0
0.001388888888888889 0.5397900997436641 0.040052664718443695 0.06867862259831799 0 0 0
0.001388888888888889 0.6224027592687199 0.06408717829723024 0.2902396601298226 0 0 0
0.001388888888888889 0.41437095843979443 -0.44063745101487534 0.1166831211698567 0 0 0
0.001388888888888889 -0.25651097628821723 -0.19372670047731327 -0.12989724810648784 0 0 0
0.001388888888888889 0.0222312362283749 0.25968136048125934 -0.2671850178766203 0 0 0
0.001388888888888889 -0.5460122710332473 -0.03992880046234086 -0.04777181770758457 0 0 0
0.001388888888888889 -0.40793281344804644 0.376870314328945 -0.0737114436763986 0 0 0
0.001388888888888889 -0.11637847878480237 -0.24386947461111738 -0.29134650999749834 0 0 0
0.001388888888888889 0.48178055205473774 -0.34375733254733565 -0.04968923626381814 0 0 0
0.001388888888888889 -0.38511459323568853 -0.18186506214208806 -0.31631414063571067 0 0 0
0.001388888888888889 -0.20689444718962535 -0.09294402264522264 0.3726342763571326 0 0 0
0.001388888888888889 -0.4309387552402105 0.01924302874900819 0.46598112009588666 0 0 0
0.001388888888888889 0.14095888902329312 -0.11424008776400892 -0.1301549605342673 0 0 0
0.001388888888888889 -0.49153964729681504 -0.16752419397866142 0.2021603248930114 0 0 0
0.001388888888888889 0.3904599791039085 0.33705611145831993 0.32692735654296196 0 0 0
0.001388888888888889 0.29975724424654215 0.06489192537624604 -0.4002302416632069 0 0 0
0.001388888888888889 -0.32286745924477755 -0.23154522933126967 0.3850696235955345 0 0 0
0.001388888888888889 -0.09850238054997672 0.1252519409988928 -0.3392486773770381 0 0 0
0.001388888888888889 0.4422081675757337 -0.16879447412706727 -0.04349922770046159 0 0 0
0.001388888888888889 0.3350422183088512 -0.08340592443411472 -0.23561525034247185 0 0 0
0.001388888888888889 -0.49015327338270875 -0.10899215187986981 -0.46309243767970204 0 0 0
0.001388888888888889 0.524554730299488 -0.004519132147126853 -0.45083458066097365 0 0 0
0.001388888888888889 -0.38292075710669815 0.4517768471460836 0.25117154408607695 0 0 0
0.001388888888888889 -0.45212531597531097 0.02247725939481922 0.18242265414208678 0 0 0
0.001388888888888889 0.4698201537025486 -0.40680567872871287 -0.2658460320171795 0 0 0
0.001388888888888889 -0.22489062183827016 0.12971476283905167 -0.09028237690290586 0 0 0
0.001388888888888889 -0.20338999595075846 0.23995480231392383 -0.502726563731699 0 0 0
0.001388888888888889 0.05846282294150982 0.5709525252231854 0.07175052565966 0 0 0
0.001388888888888889 0.10981273735676635 -0.16672879767265705 0.11330626693652157 0 0 0
0.001388888888888889 0.01352131659382507 0.007662742339735105 0.10357132162099826 0 0 0
0.001388888888888889 0.12911395323654454 0.3530431096680704 -0.3546609779294566 0 0 0
0.001388888888888889 -0.33699314826295984 0.25975101770274867 0.378165527976189 0 0 0
0.001388888888888889 -0.36255891801136214 0.19491967231407592 -0.3748680611168081 0 0 0
0.001388888888888889 0.36206337596531235 -0.30178505949201934 -0.0019554121416400635 0 0 0
0.001388888888888889 -0.1333864184878773 0.10821529318892552 -0.5533806328741913 0 0 0
0.001388888888888889 0.5230105228621238 0.37297773059778117 -0.1947686183082894 0 0 0
0.001388888888888889 0.04053052210433052 0.5825352850529146 0.14174295549045934 0 0 0
0.001388888888888889 0.4150041341681593 0.10244320174599504 -0.10366136308462835 0 0 0
0.001388888888888889 0.11062334673475394 0.2578137057414234 0.34447029523576467 0 0 0
0.001388888888888889 -0.1919632541297277 -0.22997064109042276 0.18151004142342736 0 0 0
0.001388888888888889 -0.07164938956816234 -0.6444185486328253 -0.07559378129117053 0 0 0
0.001388888888888889 -0.5538328020879034 -0.2603276629606357 0.049645691046130126 0 0 0
0.001388888888888889 0.2815459010807744 0.05776102614045802 -5.9153330209550805e-05 0 0 0
0.001388888888888889 0.06284467266695047 -0.409788393621918 0.18900373741813847 0 0 0
0.001388888888888889 0.33068958536809123 0.10183471979709001 0.4520434299663744 0 0 0
0.001388888888888889 0.3236208809254455 0.37152305052090046 0.10497547005555387 0 0 0
0.001388888888888889 -0.4270587612234453 -0.2629128272346776 -0.37103083512751994 0 0 0
0.001388888888888889 0.013467926447058687 -0.16000972587906348 0.25143538775195656 0 0 0
0.001388888888888889 0.27698390596551764 0.4974392337570233 -0.28159850615474685 0 0 0
0.001388888888888889 0.33747050781732335 -0.466256068458611 -0.3266036715562981 0 0 0
0.001388888888888889 0.5737245754633422 -0.382966806314345 0.0578702071769324 0 0 0
0.001388888888888889 -0.26763332964261244 0.3395061596961154 0.3675352832717146 0 0 0
0.001388888888888889 0.29052067183463315 0.37694587389620365 -0.416838305461985 0 0 0
0.001388888888888889 0.4554287003515339 -0.046482932489286775 -0.1615734843965289 0 0 0
0.001388888888888889 -0.17618764596344572 -0.1606327998274548 -0.28664952906764835 0 0 0
0.001388888888888889 0.06794252212451708 -0.216750273108645 -0.6543803676288724 0 0 0
0.001388888888888889 0.12579138896083197 0.22230910099329668 -0.06271969681388151 0 0 0
0.001388888888888889 0.16014347715939017 -0.15992078232424622 0.5510889141262226 0 0 0
0.001388888888888889 0.0385409798743602 -0.5650700874762448 -0.11539910123317755 0 0 0
0.001388888888888889 0.5794544749839945 -0.27675087846027197 -0.14275255439472212 0 0 0
0.001388888888888889 -0.0009409646927896919 0.25865318199735265 -0.10846182672350076 0 0 0
0.001388888888888889 -0.4818794591435626 0.09018459728274253 -0.36287768670350656 0 0 0
0.001388888888888889 0.20121218629019572 0.34169510742706594 -0.048593007691197815 0 0 0
0.001388888888888889 -0.31873679376155295 -0.3014870486748112 0.4621376321453745 0 0 0
0.001388888888888889 -0.09083186381189759 -0.2104546900685958 -0.6033832180248974 0 0 0
0.001388888888888889 0.3757195721751 0.2700953944929361 -0.3012408529798542 0 0 0
0.001388888888888889 -0.25117177498219556 0.23440230899368197 0.19910307084933937 0 0 0
0.001388888888888889 0.4517810309754678 -0.09663348573533591 0.14332034010835515 0 0 0
0.001388888888888889 0.19771078766488762 0.4530743834465197 -0.3850904214771553 0 0 0
0.001388888888888889 0.015173989462151776 0.1047541121389816 0.189481034237879 0 0 0
0.001388888888888889 -0.012338685737312383 0.1861126423431499 0.40208876067854044 0 0 0
0.001388888888888889 0.12098843290078541 0.33124061260947774 0.49979588862660873 0 0 0
0.001388888888888889 -0.6331186870409278 0.21192772868242485 0.08201141365105881 0 0 0
0.001388888888888889 0.33611470740196425 0.18964602919769205 -0.4772615316772781 0 0 0
0.001388888888888889 -0.11895981324955605 -0.2489897249422449 -0.29517439596109324 0 0 0
0.001388888888888889 -0.12787795015383152 0.20361232488525943 -0.5539090999501571 0 0 0
0.001388888888888889 0.1777577710797256 0.4021247955467159 0.2402375455756977 0 0 0
0.001388888888888889 -0.4876738045839837 -0.3477472351779203 -0.07558885003919233 0 0 0
0.001388888888888889 -0.14136461437997125 0.0941574258406581 -0.6404789092539855 0 0 0
0.001388888888888889 -0.12758318024817722 0.422875766191266 -0.4528365041469944 0 0 0
0.001388888888888889 0.6022749859637977 -0.20350311112041214 -0.1936485417662095 0 0 0
0.001388888888888889 -0.24237111084901208 -0.6180823874104139 0.09952917656443509 0 0 0
0.001388888888888889 -0.28313137193002763 -0.39761323153904493 0.06504246220975349 0 0 0
0.001388888888888889 -0.12484167126701928 -0.3431452076444597 -0.1092575223696682 0 0 0
0.001388888888888889 -0.3189021412042866 0.43154425804633684 -0.08664874822524514 0 0 0
0.001388888888888889 0.20425571472553403 0.3980754279178995 -0.13727239384970497 0 0 0
0.001388888888888889 -0.38396766937590865 -0.12304065917924163 0.3069634577517458 0 0 0
0.001388888888888889 0.46132029329333285 0.14094973057915425 0.4133808346768374 0 0 0
0.001388888888888889 -0.626640902481547 0.12774778190955663 -0.08121811900780447 0 0 0
0.001388888888888889 0.28153296954927065 0.40540377392194593 0.21538449898262388 0 0 0
0.001388888888888889 -0.21287544438947542 0.06334386271305151 -0.39642035970234096 0 0 0
0.001388888888888889 -0.10574780088658495 0.3311370584998345 -0.22181221510972898 0 0 0
0.001388888888888889 -0.4761265136574686 -0.3756958292341371 0.0740574473099466 0 0 0
0.001388888888888889 0.05168135400547096 0.1857728293308601 0.17259462105818563 0 0 0
0.001388888888888889 -0.20151515810284806 -0.27787939980393433 0.19629280135589455 0 0 0
0.001388888888888889 -0.4733591840509127 -0.05235829288394849 -0.46504624312743603 0 0 0
0.001388888888888889 -0.18129903091078003 0.31112843205943974 0.20136977838903164 0 0 0
0.001388888888888889 0.2655433285707537 0.36568843950201446 -0.04671081195433518 0 0 0
0.001388888888888889 0.10506780163010801 0.24050655195357964 0.2588575267936659 0 0 0
0.001388888888888889 -0.21218403376550043 0.4185177293858633 -0.3609482714743351 0 0 0
0.001388888888888889 0.02214916717873241 0.4133521877271781 0.37915177038206416 0 0 0
0.001388888888888889 0.2259150934065968 -0.20988024140077804 -0.2980671395450434 0 0 0
0.001388888888888889 0.15195888686125586 0.29858760133757206 0.595654699200278 0 0 0
0.001388888888888889 0.14955849575399932 0.24793072939527028 0.47824261017218045 0 0 0
0.001388888888888889 -0.01903409934527728 0.06852061366470641 0.6754205241744717 0 0 0
0.001388888888888889 0.06742775627284894 -0.6551219232379689 0.08135626457962652 0 0 0
0.001388888888888889 -0.32639767875262143 0.00012197358172525383 0.4909695529640425 0 0 0
0.001388888888888889 0.49230592075124757 0.25749444849608644 0.26178924550589905 0 0 0
0.001388888888888889 0.342986393410365 -0.1747623254001452 0.25436955956322005 0 0 0
0.001388888888888889 -0.10233381649088907 -0.4688154508264691 0.4510745881420846 0 0 0
0.001388888888888889 0.280642020637801 -0.13396818101580463 0.05304962483590024 0 0 0
0.001388888888888889 0.26743677273561794 0.3917355880161347 -0.3476676590852358 0 0 0
0.001388888888888889 -0.1255136903501856 -0.3083340291583694 -0.2273875626083525 0 0 0
0.001388888888888889 0.27230592124902586 0.036966641031938016 -0.2893886963027919 0 0 0
0.001388888888888889 0.02119477052434055 0.08339636624441009 -0.09805168325752872 0 0 0
0.001388888888888889 0.2152856154425623 -0.6195465996088366 -0.029630781622354812 0 0 0
0.001388888888888889 0.06424250458330405 0.5750715975305677 -0.1101683841023565 0 0 0
0.001388888888888889 -0.5171260608477545 0.2512980180220893 0.20251173005899942 0 0 0
0.001388888888888889 -0.10818170072000935 -0.10736389468780741 0.2887249662588856 0 0 0
0.001388888888888889 0.122345452199186 0.5464298091403973 0.28035874386291343 0 0 0
0.001388888888888889 -0.1448788132381237 0.47713839481737164 0.1977438519776011 0 0 0
0.001388888888888889 0.01717954169578737 -0.15888340057013317 0.23295356960213837 0 0 0
0.001388888888888889 0.19731785962248036 0.42725589866398045 -0.41559480115161473 0 0 0
0.001388888888888889 0.20677504378416772 -0.4380834173815794 -0.3428454023830951 0 0 0
0.001388888888888889 -0.0234150700130826 -0.2441739284907615 -0.2978833566495967 0 0 0
0.001388888888888889 0.49298405308513693 0.0037650140600049347 0.03747791941401798 0 0 0
0.001388888888888889 -0.19233364580764903 0.14050812522953965 0.4806943926147357 0 0 0
0.001388888888888889 0.25443525924516874 0.3729026043310438 -0.3813793028933368 0 0 0
0.001388888888888889 0.5799429115952767 0.03326634110967645 0.05712282275353734 0 0 0
0.001388888888888889 -0.21854352808724634 0.11153400334101833 -0.3918517094583085 0 0 0
0.001388888888888889 0.13114517174530216 -0.3452413348076913 0.4980888861881673 0 0 0
0.001388888888888889 0.5285010941417354 -0.13640808044087255 -0.3078991651707331 0 0 0
0.001388888888888889 -0.47359469289732303 0.18151426102905865 -0.07063714848415979 0 0 0
0.001388888888888889 -0.290255057605213 0.035459334001406925 0.4505342599853438 0 0 0
0.001388888888888889 0.1649948402175144 0.39177213829586066 -0.09785188957955113 0 0 0
0.001388888888888889 0.20430156411170258 -0.35773857017450983 -0.1775473031012422 0 0 0
0.001388888888888889 0.3390116044111284 -0.07963549258231525 0.2745102004755572 0 0 0
0.001388888888888889 0.047123622468382344 -0.007985540255883623 -0.24951516255345058 0 0 0
0.001388888888888889 0.2926958487882522 0.3890302034927235 0.4300438957951084 0 0 0
0.001388888888888889 -0.2697166751062165 0.27985701981965916 -0.5042309373212361 0 0 0
0.001388888888888889 0.19644921333746165 0.5745934891976742 -0.03688404725107411 0 0 0
0.001388888888888889 0.3127904620484845 -0.14166035948372488 -0.45491184862105105 0 0 0
0.001388888888888889 -0.022975832934715328 0.014928224622724185 0.14792052533578237 0 0 0
0.001388888888888889 -0.07437852898450878 -0.3518446659021481 0.2480424235789698 0 0 0
0.001388888888888889 0.11290849730275183 0.22810980525340796 -0.14723572961780734 0 0 0
0.001388888888888889 -0.2283703489808796 0.071239869795651 -0.6034346161901014 0 0 0
0.001388888888888889 0.19177225683970214 -0.13636366826431026 0.4584104012475754 0 0 0
0.001388888888888889 0.0687862190159829 -0.18604340464831437 0.5451925214737786 0 0 0
0.001388888888888889 0.09216701627712712 -0.4375979942091881 0.23839158320948184 0 0 0
0.001388888888888889 0.28254366920011026 -0.24012453937768866 -0.4604692651105946 0 0 0
0.001388888888888889 -0.12317720879276764 -0.4229024335322136 -0.375611552260573 0 0 0
0.001388888888888889 -0.549295860281489 -0.19409170541151785 -0.36807991235874893 0 0 0
0.001388888888888889 0.2888562896521737 0.18950014846254476 -0.256991758992275 0 0 0
0.001388888888888889 0.06618617377179903 -0.10515966970477066 0.15295112746351136 0 0 0
0.001388888888888889 -0.5244445479387979 0.3744138876329958 -0.10424883987012355 0 0 0
0.001388888888888889 -0.48182703798591947 -0.10327770917029175 0.3370866838793289 0 0 0
0.001388888888888889 -0.0742909673457465 -0.027675159852233414 -0.2530056529578468 0 0 0
0.001388888888888889 0.32218328812008606 -0.06538516954632292 0.609515643348661 0 0 0
0.001388888888888889 -0.17534055090849093 -0.14931237472822084 -0.339944730612264 0 0 0
0.001388888888888889 0.01100943768234739 -0.41495939926850456 -0.3878136069473809 0 0 0
0.001388888888888889 0.24414587054426953 -0.4192803340885308 0.0011728002945509668 0 0 0
0.001388888888888889 0.5320205657174932 -0.06417130336430205 0.08792956368578264 0 0 0
0.001388888888888889 0.3975181826801628 0.033631993905987326 0.5561604607197151 0 0 0
0.001388888888888889 0.10487080307162731 -0.5779764224712372 0.08306970711370605 0 0 0
0.001388888888888889 0.3461290621282687 0.15901651773536896 -0.02133350019764349 0 0 0
0.001388888888888889 -0.26219467166478627 0.30852540176062215 -0.17331733207666314 0 0 0
0.001388888888888889 0.04657699646499929 0.5478087059204542 -0.35112769907717534 0 0 0
0.001388888888888889 0.36848615884039604 -0.54338807592019 -0.17964875121175286 0 0 0
0.001388888888888889 -0.5731049485893386 -0.035941572530511785 0.2629825382921548 0 0 0
0.001388888888888889 -0.275625158868744 -0.36961842183170646 0.32827516210880736 0 0 0
0.001388888888888889 -0.5922895111156162 -0.14568811892884748 -0.29007363340490705 0 0 0
0.001388888888888889 -0.4826854720931435 -0.07302743049465461 -0.18120858625406666 0 0 0
0.001388888888888889 -0.17774825910047815 -0.5115899957668459 -0.23757228102400316 0 0 0
0.001388888888888889 -0.2517079157132148 0.5458484400242433 0.1366479992437696 0 0 0
0.001388888888888889 -0.48200355293858194 0.2865742320434286 -0.059910142459055016 0 0 0
0.001388888888888889 0.10090467316672694 -0.4358309207617687 -0.28623391813494076 0 0 0
0.001388888888888889 -0.516179957078709 0.23862784427894504 0.22211104588509847 0 0 0
0.001388888888888889 0.3395694503744936 -0.28796645025277495 -0.36420342153840135 0 0 0
0.001388888888888889 -0.3301165859076354 -0.33239768718632395 0.3827454204648494 0 0 0
0.001388888888888889 0.3249314323036577 -0.1966865168644225 -0.09208071564055204 0 0 0
0.001388888888888889 -0.6171136582811221 0.026133000997357724 -0.2890516497152904 0 0 0
0.001388888888888889 0.14743752530062318 -0.45831014299890355 -0.1626298666850979 0 0 0
0.001388888888888889 -0.031094423109302917 0.13868937169437162 -0.1110517454243146 0 0 0
0.001388888888888889 -0.27180571903962425 -0.3582410308973995 -0.27320879003677634 0 0 0
0.001388888888888889 -0.35103854105768406 0.14391951019282076 -0.47701928330705473 0 0 0
0.001388888888888889 -0.021278101758202977 0.3405651430305547 0.004628759454862924 0 0 0
0.001388888888888889 -0.3575195332809758 -0.0936589531878101 -0.07927925373091635 0 0 0
0.001388888888888889 0.28343152596212456 0.16801637894943144 -0.19943491601033703 0 0 0
0.001388888888888889 -0.11164646178966606 -0.3203112387450809 -0.4879125546442798 0 0 0
0.001388888888888889 -0.19344552079592772 0.3431524664943416 -0.3801725684753667 0 0 0
0.001388888888888889 -0.0011021635399497394 -0.339155003650475 0.24078811355201374 0 0 0
0.001388888888888889 -0.08945593927247182 0.26223360830300374 0.5549245437183583 0 0 0
0.001388888888888889 0.04083340022867331 0.050019699860650656 -0.45297483911025094 0 0 0
0.001388888888888889 -0.44370078466192947 0.46759843725155203 0.038600465695355385 0 0 0
0.001388888888888889 -0.5499393029556143 0.13251033365429543 -0.29836313020776856 0 0 0
0.001388888888888889 -0.19522956805313238 -0.043127828588347794 0.5287219563962107 0 0 0
0.001388888888888889 -0.3674053374601467 -0.404600107858664 0.03851595657531234 0 0 0
0.001388888888888889 0.2458422090619501 0.470552562045115 0.1373652340178142 0 0 0
0.001388888888888889 -0.04249523967719221 -0.46430123150891534 0.49287380160428107 0 0 0
0.001388888888888889 -0.05742712539922008 0.446035694696613 -0.03971311652712283 0 0 0
0.001388888888888889 -0.013956974627192729 -0.3087867816699715 -0.07322882623873785 0 0 0
0.001388888888888889 -0.18284459367097924 -0.3466525749567038 -0.19451193917546533 0 0 0
0.001388888888888889 -0.5812997566698002 -0.11344777217916892 0.17674578460072815 0 0 0
0.001388888888888889 0.5796993229929261 0.03127460409148683 0.344387886132241 0 0 0
0.001388888888888889 0.22118084017347517 0.4826605071711077 -0.3694820456078034 0 0 0
0.001388888888888889 -0.02609786008349636 -0.19866572135780286 -0.26296242699051114 0 0 0
0.001388888888888889 0.366640491939783 -0.029675062586037845 0.41214927273423446 0 0 0
0.001388888888888889 0.5116314741387913 0.39882067912203883 0.02219969677129545 0 0 0
0.001388888888888889 -0.46164447483564247 0.023364705079858612 -0.4123456347515577 0 0 0
0.001388888888888889 -0.34476123148571025 -0.08510306400801629 0.10435024260414781 0 0 0
0.001388888888888889 0.2629563658930823 0.5311993118517174 -0.02478972902964078 0 0 0
0.001388888888888889 -0.2609607923492095 0.5772260985925526 0.00869211322183779 0 0 0
0.001388888888888889 -0.33725652716498883 0.2959735003622739 0.08651094205078927 0 0 0
0.001388888888888889 -0.12208242303778975 -0.26156552947715833 0.5949950873158546 0 0 0
0.001388888888888889 0.07577677655635244 -0.2111703440150824 -0.39303760124838033 0 0 0
0.001388888888888889 -0.43094466675428755 -0.06655420689335755 -0.22281847044202668 0 0 0
0.001388888888888889 0.17553265471237953 0.17890803476048603 0.622414064352499 0 0 0
0.001388888888888889 0.1585960732353194 -0.3985282201266778 -0.44660789065737355 0 0 0
0.001388888888888889 -0.23938534922464594 -0.0037726092375042174 -0.544663002367869 0 0 0
0.001388888888888889 0.2502349037023984 0.42889299503763817 -0.28565062727683066 0 0 0
0.001388888888888889 0.17630475561197248 0.47168903402275186 0.03393976183507466 0 0 0
0.001388888888888889 -0.5281525816479088 0.26982016144642434 -0.013315384244028006 0 0 0
0.001388888888888889 -0.02045816424645798 -0.6686681152994385 0.16031759455986494 0 0 0
0.001388888888888889 -0.43488537527150656 0.06347307221084078 -0.01607558913915419 0 0 0
0.001388888888888889 -0.2133045803810111 0.4583507319955371 0.3283297198994855 0 0 0
0.001388888888888889 0.379465169293455 -0.41577154811846995 -0.003921834245324476 0 0 0
0.001388888888888889 -0.19924653996955285 0.4945575813961552 -0.42476933331028777 0 0 0
0.001388888888888889 -0.5365481470648376 0.16911692747342721 0.08053711418312158 0 0 0
0.001388888888888889 -0.16298856732528497 0.23399740935875366 -0.6272962500813472 0 0 0
0.001388888888888889 0.4092704452973061 -0.429402788935794 -0.3310693730231479 0 0 0
0.001388888888888889 -0.14478995373123185 -0.47391402343725014 -0.2848758708573226 0 0 0
0.001388888888888889 0.2674310815091021 -0.3129263933862923 0.12443947626929724 0 0 0
0.001388888888888889 -0.3003498948935512 0.2750483590494309 -0.5403456834756697 0 0 0
0.001388888888888889 -0.20173843199526664 -0.5337081795123981 0.11598407269292998 0 0 0
0.001388888888888889 0.015981994326788762 -0.2846387022926011 0.5162970545616602 0 0 0
0.001388888888888889 0.22443474506283312 -0.10775874140751927 0.6072689019315358 0 0 0
0.001388888888888889 0.31350100929817515 -0.5542796762669457 0.02827479340798531 0 0 0
0.001388888888888889 -0.268281438995212 -0.28270806061092524 -0.48318617315246576 0 0 0
0.001388888888888889 -0.6044963505037921 -0.19492190437685622 0.19319316463732863 0 0 0
0.001388888888888889 0.1665753098735397 0.30947625513439886 0.2872401875208162 0 0 0
0.001388888888888889 0.10041405910307351 0.04535279362566153 0.30601730756654405 0 0 0
0.001388888888888889 -0.20918679748721433 0.04475568786853335 -0.07477630686274833 0 0 0
0.001388888888888889 0.574489509324936 0.18954761041330478 -0.28658984792087233 0 0 0
0.001388888888888889 0.13657385681363496 -0.25136326719871266 -0.4545689094813583 0 0 0
0.001388888888888889 0.2919635696420277 0.34668176232656683 0.14359361375211235 0 0 0
0.001388888888888889 0.5749904488160603 0.148451065472116 0.20210046677442836 0 0 0
0.001388888888888889 -0.1494938415226803 0.2306937758891239 0.4604487772502556 0 0 0
0.001388888888888889 0.012260727040251522 0.168151914806975 -0.3937363517146222 0 0 0
0.001388888888888889 -0.10466454128691378 -0.33622554067072796 0.014660643201151275 0 0 0
0.001388888888888889 0.12446152879287571 -0.08280690634092802 -0.37983276098673224 0 0 0
0.001388888888888889 0.48663653706910964 0.3912341351865103 -0.032336581379848614 0 0 0
0.001388888888888889 0.011174483921732401 0.5262186245333986 -0.34503298763815515 0 0 0
0.001388888888888889 0.17765592837950486 0.04460065317102205 0.10846175212111252 0 0 0
0.001388888888888889 -0.33904264687867175 -0.5562102049324903 -0.1498723080129999 0 0 0
0.001388888888888889 0.23340338403373087 -0.3342429432432975 0.14013730576337488 0 0 0
0.001388888888888889 0.27807901081539493 0.40484222092988215 0.3167157526045684 0 0 0
0.001388888888888889 0.016033807684220167 -0.1940765928161404 -0.5847131791134419 0 0 0
0.001388888888888889 0.13216291368248573 0.07863207579746541 -0.5239920506757403 0 0 0
0.001388888888888889 -0.2548634486543929 -0.4471761887139859 -0.21711480427780522 0 0 0
0.001388888888888889 0.12455234814734722 0.06482526449129583 0.04520833396034967 0 0 0
0.001388888888888889 -0.20734072541874612 0.11245436225596901 -0.5685763035376278 0 0 0
0.001388888888888889 0.05828391126507235 0.04976380986881941 -0.29563247618699967 0 0 0
0.001388888888888889 -0.06553556461054265 -0.21699709224077754 -0.2354756123029027 0 0 0
0.001388888888888889 0.35776947894915473 -0.3974718427455537 -0.14512767518648081 0 0 0
0.001388888888888889 0.042238882820723106 -0.20713463851111105 -0.03529106309551718 0 0 0
0.001388888888888889 -0.043590562308964596 -0.4594786718514545 0.302148480804722 0 0 0
0.001388888888888889 -0.2580773490330299 0.5333881816545397 0.28494439894587253 0 0 0
0.001388888888888889 -0.5183933812454232 0.17673100481396012 -0.08406894363656484 0 0 0
0.001388888888888889 -0.0014158304846632846 -0.3153382205966585 0.0012309635327992835 0 0 0
0.001388888888888889 0.18738914446150012 0.11601578367647804 0.1023447679063849 0 0 0
0.001388888888888889 -0.11195880398805834 0.45670762385646885 -0.2521158827166735 0 0 0
0.001388888888888889 0.2527544922984664 -0.155604589347963 -0.05939080949880461 0 0 0
0.001388888888888889 0.4878834305886613 0.08415506828004832 0.24196221169503562 0 0 0
0.001388888888888889 0.1689217010424645 0.35351617022861204 -0.5018621221031864 0 0 0
0.001388888888888889 0.32456362857606674 0.5076219504374305 -0.08668237208181558 0 0 0
0.001388888888888889 -0.27175212535468424 0.31459509622885234 -0.4073568419016941 0 0 0
0.001388888888888889 0.08324246650333249 -0.4900216837094838 -0.22579838328986399 0 0 0
0.001388888888888889 -0.3284286005689599 -0.17322364030207793 -0.26070213073255166 0 0 0
0.001388888888888889 -0.3346322627170058 -0.5219137673756654 -0.02905080378529269 0 0 0
0.001388888888888889 -0.3211748179694705 0.3285528883037674 -0.5092250671185632 0 0 0
0.001388888888888889 -0.15818229460374225 -0.39927107470282086 0.30041691022359396 0 0 0
0.001388888888888889 -0.14837643549825202 -0.183922592438551 0.5003771485262379 0 0 0
0.001388888888888889 -0.23971605244090285 0.2771365002091562 0.1343413784908456 0 0 0
0.001388888888888889 -0.4254457963454282 0.28314292497960025 -0.09533633712248488 0 0 0
0.001388888888888889 0.0007904003726949347 0.2960207329519516 -0.2677693437754523 0 0 0
0.001388888888888889 -0.011708102944699195 0.1277268078994795 -0.03182354034091864 0 0 0
0.001388888888888889 -0.10818448214622631 0.49665465868978537 0.21040503896102863 0 0 0
0.001388888888888889 -0.18986002077744313 -0.3676210535509453 -0.31766131806248665 0 0 0
0.001388888888888889 -0.4889768370960529 -0.27359459252061513 -0.06920999644675022 0 0 0
0.001388888888888889 0.11581559848876782 0.29149785965755537 0.307750625273816 0 0 0
0.001388888888888889 -0.08529070023314217 0.08969647786458552 -0.27329281030586905 0 0 0
0.001388888888888889 -0.21298159149734758 0.3285153717255192 0.4095883531189446 0 0 0
0.001388888888888889 0.40846029902409714 0.24031490993520424 0.10815233246717378 0 0 0
0.001388888888888889 -0.016872969258446724 0.07568345940519532 0.49615082182151593 0 0 0
0.001388888888888889 -0.10253295876799552 0.3075686725832772 0.014904053430873474 0 0 0
0.001388888888888889 -0.14326121013999024 -0.048608792225946065 -0.31836321700699144 0 0 0
0.001388888888888889 0.01843434928529605 -0.17374876319263652 -0.4798298637563547 0 0 0
0.001388888888888889 -0.30058761886663177 -0.1309713567171391 -0.3715936510308363 0 0 0
0.001388888888888889 0.3650417905057342 -0.34338478885283474 0.40157300316906286 0 0 0
0.001388888888888889 -0.25553414533972635 0.08322394222592083 0.5785836578146241 0 0 0
0.001388888888888889 0.5015483186919258 0.25849978742828117 0.2864053322772788 0 0 0
0.001388888888888889 0.3703160876749879 -0.18951614286086488 -0.5347129450838695 0 0 0
0.001388888888888889 -0.1980938765455684 0.618031143777115 -0.1917697948771778 0 0 0
0.001388888888888889 -0.5510666334619732 0.10993862762995744 0.30440054693515595 0 0 0
0.001388888888888889 -0.43653149150139897 -0.224230667662529 -0.026876856253874235 0 0 0
0.001388888888888889 0.05326853603408269 -0.2655484490405611 0.14693112050259008 0 0 0
0.001388888888888889 -0.43118487780076187 0.11195782304979528 0.2747629096693379 0 0 0
0.001388888888888889 -0.1243830203567727 -0.13039898289789262 0.2741046026780616 0 0 0
0.001388888888888889 -0.5929599832696769 -0.3414219502985192 0.04666275420553772 0 0 0
0.001388888888888889 0.062169127516368244 0.1937320150596602 0.542304134748694 0 0 0
0.001388888888888889 0.08110214207665245 -0.39193847623392364 -0.44888132035073636 0 0 0
0.001388888888888889 -0.11580776836154412 -0.1391837617227564 -0.278034099206506 0 0 0
0.001388888888888889 -0.07183079488246963 0.006914804159496943 0.23755721489213863 0 0 0
0.001388888888888889 0.4131594357237685 0.1602446001129381 -0.5323112258364086 0 0 0
0.001388888888888889 -0.3413920689207619 -0.2809277268463913 0.4476669821029538 0 0 0
0.001388888888888889 -0.16370463550545794 0.21456836021310088 0.5135796666935992 0 0 0
0.001388888888888889 0.1406635379367574 0.3779318673305361 0.3473001143909653 0 0 0
0.001388888888888889 0.17886016136515495 0.4356235698361096 -0.45705282730835656 0 0 0
0.001388888888888889 -0.039068660122555526 0.031068097405180205 0.34728571955309373 0 0 0
0.001388888888888889 -0.10291528799259729 0.42652452627826365 0.03408590034533709 0 0 0
0.001388888888888889 -0.49160581619371313 0.2925035694821625 -0.1828221051205469 0 0 0
0.001388888888888889 -0.10897997417046303 0.19288362761445713 0.5815612615142525 0 0 0
0.001388888888888889 -0.007558662040531035 0.5325858436056448 0.13705427988822264 0 0 0
0.001388888888888889 -0.3106665368295629 0.2817783148920285 0.31141672654536184 0 0 0
0.001388888888888889 0.3473910427018147 0.22230403646945968 -0.008684010017335961 0 0 0
0.001388888888888889 -0.5246027275647572 0.3188698306083855 0.10187703227136552 0 0 0
0.001388888888888889 -0.23542727834205085 -0.4776770630795515 -0.30072068397763807 0 0 0
0.001388888888888889 -0.325209615329755 -0.11609911179901707 -0.3866161864201372 0 0 0
0.001388888888888889 0.17407845836159885 0.40007393580545014 0.3156709266434289 0 0 0
0.001388888888888889 -0.14588686403276013 -0.23538333485764812 -0.159766595996613 0 0 0
0.001388888888888889 0.06515056567114845 0.517598324097662 0.1254127743985938 0 0 0
0.001388888888888889 -0.3382746700090335 -0.3893807006276718 0.2518098480182779 0 0 0
0.001388888888888889 0.19524420855651756 -0.08712334001345091 0.6169230479197825 0 0 0
0.001388888888888889 -0.30035379739424956 -0.022246776856707152 0.08387900536133656 0 0 0
0.001388888888888889 0.5151437774019211 -0.08913971482320987 -0.35845403226498307 0 0 0
0.001388888888888889 -0.24811920113174835 0.16275384128435616 -0.12111601450589699 0 0 0
0.001388888888888889 0.12528209578799523 0.368942700425624 0.24809995227455536 0 0 0
0.001388888888888889 0.34205465173663585 -0.06486511852022535 -0.5481412607831401 0 0 0
0.001388888888888889 0.26115549301566526 -0.07888663710739326 -0.09694999968556878 0 0 0
0.001388888888888889 0.4381959410130014 0.010677162039890536 0.29377511299285614 0 0 0
0.001388888888888889 0.034477679897896706 0.32778771437121085 -0.2934275312655863 0 0 0
0.001388888888888889 0.4935003203308434 -0.2670957670721096 0.22883619600657812 0 0 0
0.001388888888888889 0.11919757818994661 0.06000442946942876 -0.1882917530985434 0 0 0
0.001388888888888889 0.41858090413388277 -0.30937590248630603 -0.3619622258443461 0 0 0
0.001388888888888889 -0.30785257264572713 0.13231131976696264 0.540200288841174 0 0 0
0.001388888888888889 -0.2642685927907917 0.6098706511777833 -0.12257406639296564 0 0 0
0.001388888888888889 -0.4103549623953614 -0.1370437117249453 0.07516152846163852 0 0 0
0.001388888888888889 0.07637196088100988 0.3807475547870597 -0.07125686732299494 0 0 0
0.001388888888888889 -0.46333212758465303 -0.28701178898647683 0.4023912523465658 0 0 0
0.001388888888888889 0.18983855914927858 -0.5140522294761701 0.16603181999522523 0 0 0
0.001388888888888889 0.365204524132358 -0.020939621084094966 -0.10642277976882854 0 0 0
0.001388888888888889 0.2012913450409059 0.40604906695802606 0.23015221544269238 0 0 0
0.001388888888888889 0.07768451240122369 -0.16198854623998035 0.06262770211716236 0 0 0
0.001388888888888889 0.31886203433844146 -0.2595971394217201 -0.5128584878909971 0 0 0
0.001388888888888889 -0.20887587293414225 -0.0801609278409304 0.6493588894528763 0 0 0
0.001388888888888889 0.3469671688176452 -0.336776717951965 -0.3679495141372332 0 0 0
0.001388888888888889 -0.6141383591046627 0.13348882440294033 -0.28901716427781715 0 0 0
0.001388888888888889 -0.13275553785254754 0.42596848923270825 0.24077538046173766 0 0 0
0.001388888888888889 -0.33935691970775916 -0.1749593072530736 -0.3680769615113817 0 0 0
0.001388888888888889 0.2256607616569547 0.05478625047995062 -0.04033800701283108 0 0 0
0.001388888888888889 -0.37966735438052274 0.22917633556701383 0.02083081148216587 0 0 0
0.001388888888888889 0.47515505155500953 0.2222454497370875 -0.3588488588627443 0 0 0
0.001388888888888889 -0.014144241137403153 0.06393763950110443 -0.5733392634006105 0 0 0
0.001388888888888889 0.07101882036832846 0.5733135710184382 0.033328462290330096 0 0 0
0.001388888888888889 -0.049779136580960844 0.6533923085516281 0.028942008768183706 0 0 0
0.001388888888888889 -0.28981158298358534 -0.04739144585027878 0.4365208216745641 0 0 0
0.001388888888888889 -0.28559613462645606 -0.08248794999933885 0.015580558606091617 0 0 0
0.001388888888888889 -0.23524264259875752 -0.3224083094343426 -0.028620769717243425 0 0 0
0.001388888888888889 0.041596054833690874 0.24370789341490523 -0.021728047285603798 0 0 0
0.001388888888888889 0.034038271371992376 -0.2311235677516405 -0.5477802491068204 0 0 0
0.001388888888888889 -0.22498535847192586 0.08693586812717734 -0.49296807119432773 0 0 0
0.001388888888888889 -0.45490085427907295 -0.1170096741466134 -0.007974848600662141 0 0 0
0.001388888888888889 -0.0829193320792329 0.4380245025313928 -0.019612201186588542 0 0 0
0.001388888888888889 0.3135720316988382 0.42893282175667674 -0.3693979940006894 0 0 0
0.001388888888888889 -0.5527002656984205 -0.0816821045443689 -0.24298642593230502 0 0 0
0.001388888888888889 -0.5368705749629594 -0.0723993710657202 0.04344103723933045 0 0 0
0.001388888888888889 0.17226790344943127 0.43463256096565994 -0.32043376251473277 0 0 0
0.001388888888888889 -0.10286976138897207 0.10465752136594421 -0.15864107972513872 0 0 0
0.001388888888888889 0.11161161154101305 -0.2838915690216905 -0.41250872623494766 0 0 0
0.001388888888888889 0.39259659809641334 0.4275252583663365 -0.053229064254809576 0 0 0
0.001388888888888889 -0.005579192363740528 -0.13161564542697832 0.13811700118712186 0 0 0
0.001388888888888889 0.29213084756956625 0.3583681060081467 -0.2649677041452854 0 0 0
0.001388888888888889 0.24669040855041705 -0.1261231385578614 -0.5292210981862465 0 0 0
0.001388888888888889 -0.257160169328443 0.295689769518575 0.4983957551040491 0 0 0
0.001388888888888889 -0.12276287901082299 0.15767089028880485 0.3591696596300393 0 0 0
0.001388888888888889 -0.3440355078963628 0.15367254985793152 0.5669898941873781 0 0 0
0.001388888888888889 -0.29997835253451594 0.02778979806984984 0.28604982960338277 0 0 0
0.001388888888888889 0.08034130469977714 0.1203458848913406 0.6019701863254665 0 0 0
0.001388888888888889 0.4733724697107714 -0.31467472254441015 0.3597325823185373 0 0 0
0.001388888888888889 0.018512235605500707 -0.311473678217362 -0.43000989454364824 0 0 0
0.001388888888888889 -0.5110179808731601 -0.33643794635088997 -0.16969221649093338 0 0 0
0.001388888888888889 -0.1140997817164436 0.20663442679942826 0.37607517065844387 0 0 0
0.001388888888888889 0.3705217417106713 0.231469841240307 0.24144706193785076 0 0 0
0.001388888888888889 -0.23385391719307394 0.4176405503259899 -0.24372943255612187 0 0 0
0.001388888888888889 -0.15321253977961546 -0.10617332470085412 0.32224650911201524 0 0 0
0.001388888888888889 0.1066000935962868 -0.18490065607442083 0.6158031643287857 0 0 0
0.001388888888888889 0.48542900558126983 0.09801606047914223 0.10907552469299933 0 0 0
0.001388888888888889 -0.2509703690646641 0.008939409114382546 0.2983625977323608 0 0 0
0.001388888888888889 0.17849273349791592 -0.4509903914395704 -0.3949897033954868 0 0 0
0.001388888888888889 -0.09464682519029777 -0.3749378880362809 -0.26162223443479793 0 0 0
0.001388888888888889 0.40271792671157264 0.2898749936423743 0.19197096635582117 0 0 0
0.001388888888888889 0.2721304789730877 -0.24177649741904542 -0.20975466664977788 0 0 0
0.001388888888888889 -0.030827646308504018 0.008405576424529415 -0.6854192053670723 0 0 0
0.001388888888888889 0.1919578268822046 0.4140124200899621 0.1612240133320161 0 0 0
0.001388888888888889 0.06000295091668584 0.5725668216224603 -0.04312642333123774 0 0 0
0.001388888888888889 0.5752029996055701 -0.26404631733726813 0.20008167471042698 0 0 0
0.001388888888888889 0.3889010962446316 0.3001810981290068 -0.23725543353231943 0 0 0
0.001388888888888889 0.2663014205271695 0.2950829353052475 0.5077288426131511 0 0 0
0.001388888888888889 -0.38337194694794596 -0.3554416122463061 -0.01894056553924978 0 0 0
0.001388888888888889 -0.4272855582788554 -0.2881095074527797 0.4079246255448977 0 0 0
0.001388888888888889 0.0467230465287107 -0.22767437645485453 0.1590006488736679 0 0 0
0.001388888888888889 0.003900900822988474 0.1501996812195526 0.09332581413887432 0 0 0
0.001388888888888889 0.14653959442118072 0.14426711401302225 -0.6298129169526823 0 0 0
0.001388888888888889 0.03178187433575859 -0.5099211087491822 0.0001809378827459166 0 0 0
0.001388888888888889 -0.23794436913516068 0.033066087826150246 0.2475369926463363 0 0 0
0.001388888888888889 0.039862423426094855 -0.33995999122787557 -0.24178010875955713 0 0 0
0.001388888888888889 0.14479627608166903 0.060975212368934543 -0.24492639414629966 0 0 0
0.001388888888888889 0.17910932544203514 0.13801356147347743 0.6225537489114008 0 0 0
0.001388888888888889 0.09304329279641053 0.1279894241431747 0.03616220511791236 0 0 0
0.001388888888888889 -0.12505442787972015 -0.09291817569498284 0.2464918365371224 0 0 0
0.001388888888888889 -0.1633231294425262 -0.3437438988285211 -0.06888667121744159 0 0 0
0.001388888888888889 -0.23744207888929353 -0.17636371670387943 -0.33554352545147437 0 0 0
0.001388888888888889 0.5027047466858325 0.3603101897599086 0.22710843922691895 0 0 0
0.001388888888888889 0.08560228546324478 0.4953636724202894 0.12157196144939027 0 0 0
0.001388888888888889 0.05265688941136724 -0.5169917445103053 -0.10740307729529089 0 0 0
0.001388888888888889 -0.20435757313099012 0.45943374023262273 0.13649657197422058 0 0 0
0.001388888888888889 -0.33419057406151115 0.40479648509565386 0.3680586861085555 0 0 0
0.001388888888888889 0.07622692234838181 -0.2747122894942597 0.5237348220454098 0 0 0
0.001388888888888889 0.017329047947818907 0.4798751745232022 -0.2798447291988787 0 0 0
0.001388888888888889 0.5857438473651422 -0.20388386695592098 -0.1684932145642412 0 0 0
0.001388888888888889 -0.08785844667053991 0.15418123675070128 0.3885120658818366 0 0 0
0.001388888888888889 -0.5918891674356493 0.175455026261029 0.06871347038115068 0 0 0
0.001388888888888889 -0.004826997278916896 -0.0815517635893492 -0.24698771846959605 0 0 0
0.001388888888888889 -0.17479545219090653 -0.32626366441729315 -0.20660818000938266 0 0 0
0.001388888888888889 0.1534228449460613 -0.24778452362040101 0.5500288971876216 0 0 0
0.001388888888888889 -0.13693568684065785 0.4813099627463735 -0.13334171005376022 0 0 0
0.001388888888888889 0.13123398574092393 -0.23265686544088182 0.0861703623028149 0 0 0
0.001388888888888889 0.14033479711341612 0.39612297621641734 0.42485570980485815 0 0 0
0.001388888888888889 0.16426808100874696 0.25192193725085493 -0.053832086477180914 0 0 0
0.001388888888888889 0.180181137964791 -0.03254821518635036 -0.38134086164393693 0 0 0
0.001388888888888889 0.08105432155880982 0.23625523930245154 -0.3465554099674062 0 0 0
0.001388888888888889 -0.20125113249034324 -0.5205636072608889 -0.14397477427914301 0 0 0
0.001388888888888889 0.5549563926963578 0.20340214007360358 -0.010907297904404518 0 0 0
0.001388888888888889 -0.22441201625904317 -0.29900850684352914 -0.19024463369366854 0 0 0
0.001388888888888889 -0.2399716828671451 -0.09775329851927109 -0.48581998343398924 0 0 0
0.001388888888888889 -0.054921531363528966 0.3485647361820469 0.27458870151767767 0 0 0
0.001388888888888889 -0.05891414041178953 0.24871596436551452 0.14961683544290102 0 0 0
0.001388888888888889 -0.006338706135679157 0.4459606826419836 -0.012814064847714078 0 0 0
0.001388888888888889 -0.21059028540899424 -0.39014053438334867 -0.015639812386659197 0 0 0
0.001388888888888889 0.45660295180377625 0.02036353866922912 -0.24969350233831789 0 0 0
0.001388888888888889 -0.019058516646494775 0.5737770119376812 -0.07441016218581348 0 0 0
0.001388888888888889 -0.234951586053614 -0.047543467579091996 -0.04124847858074594 0 0 0
0.001388888888888889 0.13559824095530731 0.16520370059114323 0.6008616808951744 0 0 0
0.001388888888888889 0.10442606037913485 -0.32054672837328374 -0.14655628569978735 0 0 0
0.001388888888888889 -0.5046710757993963 -0.0449237922081887 0.2808350413200021 0 0 0
0.001388888888888889 -0.20956620274665047 0.14596560004487436 -0.4731600401464935 0 0 0
0.001388888888888889 0.22262531118812565 0.45850638865344073 -0.24375001734978102 0 0 0
0.001388888888888889 0.0350121115114408 0.2266025116291482 -0.519355833848006 0 0 0
0.001388888888888889 -0.32849718986658055 -0.08977832504237969 0.43093413627016 0 0 0
0.001388888888888889 0.003434091448793403 -0.5033773090277159 -0.3679970107562436 0 0 0
0.001388888888888889 -0.33957421749728534 -0.10267757162036394 0.07806333575809289 0 0 0
0.001388888888888889 0.12596456595539102 -0.12428082892792616 -0.19483167941163843 0 0 0
0.001388888888888889 0.3852883588093183 -0.10110187235815475 0.4684421998515317 0 0 0
0.001388888888888889 0.6340626560674358 0.23598672101121737 -0.048202794169584964 0 0 0
0.001388888888888889 0.09262030554963248 -0.3424495868579866 -0.35848412038662747 0 0 0
0.001388888888888889 -0.5179312419126505 0.20427365021659533 -0.3090064307365676 0 0 0
0.001388888888888889 -0.3102052614820816 0.2660063301874178 -0.4300524148407053 0 0 0
0.001388888888888889 -0.4774026030146284 -0.4167465001321103 -0.16495270145069482 0 0 0
0.001388888888888889 0.03701149601587903 -0.1201005260654736 0.525239004670367 0 0 0
0.001388888888888889 -0.4535024870363818 -0.08135256772277984 0.39988059747287924 0 0 0
0.001388888888888889 0.37178268246854496 -0.2885608060805616 -0.2601034144705367 0 0 0
0.001388888888888889 0.07955421755414563 0.10161934270523829 0.3519741079355872 0 0 0
0.001388888888888889 0.22729448306303254 0.5920141286639198 0.10936567348345257 0 0 0
0.001388888888888889 -0.2224356185846148 0.2705345742877051 -0.25445366223604343 0 0 0
0.001388888888888889 -0.2510060020385372 -0.3731013144951887 -0.06500645468816708 0 0 0
0.001388888888888889 0.5411761778309373 -0.36077717154356437 0.16051373441330208 0 0 0
0.001388888888888889 -0.3994387037650211 0.0029718442927832503 -0.4655312555307036 0 0 0
0.001388888888888889 0.15269253702591126 0.24418573541230304 -0.5343091060915521 0 0 0
0.001388888888888889 0.12825467760118878 0.2885140647767346 -0.54546411887645 0 0 0
0.001388888888888889 -0.6653471075158538 -0.07205090359517734 -0.020808409487120066 0 0 0
0.001388888888888889 -0.19351349834152654 -0.3678732495301915 -0.4074157837275272 0 0 0
0.001388888888888889 -0.0709918505346522 0.43422638220918747 -0.19287312751761115 0 0 0
0.001388888888888889 0.3122989008976136 -0.20296609434725557 0.4110891450151454 0 0 0
0.001388888888888889 -0.3943850903805638 0.5600122318591246 0.04144748923403446 0 0 0
0.001388888888888889 0.024104214851788593 0.09799586586672704 0.30766830010007223 0 0 0
0.001388888888888889 -0.36726909197545443 0.5099661310349054 -0.0911126398742461 0 0 0
0.001388888888888889 -0.5632211738844701 -0.007221083209451437 -0.2960951418824831 0 0 0
0.001388888888888889 -0.22394507793293772 -0.32062671137062587 -0.37020164581088005 0 0 0
0.001388888888888889 0.2364636669742067 -0.40066157134411845 0.21274721844553224 0 0 0
0.001388888888888889 0.29437197063513176 -0.3823573866093285 -0.077838969882858 0 0 0
0.001388888888888889 0.07474114790591022 -0.10748913146396427 -0.2837870057426748 0 0 0
0.001388888888888889 0.311248635022301 0.17303175837471402 0.06188350178145374 0 0 0
0.001388888888888889 -0.2620566587013334 0.14530619055130636 0.5678217958594107 0 0 0
0.001388888888888889 0.31684318968356023 0.23365946754251865 0.4672468415996618 0 0 0
0.001388888888888889 0.2246677184039709 0.4338297854485411 -0.1577207915597368 0 0 0
0.001388888888888889 0.0010208014901180286 0.33330291508013293 0.2971811337035583 0 0 0
0.001388888888888889 0.5015544158314212 -0.09404412416218301 0.19969868974817626 0 0 0
0.001388888888888889 -0.21853612913317325 0.3163194427826777 0.1496763975809033 0 0 0
0.001388888888888889 -0.563395741426156 -0.3834171617093712 0.12697020615631768 0 0 0
0.001388888888888889 0.30714653741588016 0.5267515020352269 -0.27077513201440284 0 0 0
0.001388888888888889 0.5533446137643631 -0.25498043772351076 0.06930017489373917 0 0 0
0.001388888888888889 0.036372229877285014 -0.3965356304630009 0.36823441111035027 0 0 0
0.001388888888888889 -0.026796131373488803 -0.04313725301636987 0.07427046985733765 0 0 0
0.001388888888888889 0.5813452008385801 0.26739270884082755 -0.2665270065388621 0 0 0
0.001388888888888889 -0.45571644884307516 -0.1658234863291844 -0.056605993439202223 0 0 0
0.001388888888888889 -0.29030063362031466 0.13918530812396748 -0.549203133530917 0 0 0
0.001388888888888889 -0.1871764555977154 -0.2219171512138668 0.2416781496051253 0 0 0
0.001388888888888889 -0.29609909139782303 -0.029500725558336736 0.11684929152557252 0 0 0
0.001388888888888889 0.057913175598878174 0.3072135827529446 0.13651935573056487 0 0 0
0.001388888888888889 0.1456021051028202 0.2700137179087373 -0.36116499835526433 0 0 0
0.001388888888888889 0.06504984753876844 -0.24037108347783684 0.6064825180894969 0 0 0
0.001388888888888889 -0.41087793179342336 0.19430647686209576 -0.3679564689869516 0 0 0
0.001388888888888889 0.34013136286698065 0.33418162369091886 0.03623652357986139 0 0 0
0.001388888888888889 0.03297459605923893 0.5160856296587337 0.06978850076540426 0 0 0
0.001388888888888889 -0.49851882892579036 0.14797189310876635 -0.024252572793035956 0 0 0
0.001388888888888889 -0.2083106794515048 0.5226243673609939 -0.26989627838972624 0 0 0
0.001388888888888889 -0.39165652508820087 -0.05825079910043632 -0.3032670970120803 0 0 0
0.001388888888888889 0.025720075074275577 -0.561677923371109 0.31346700196606264 0 0 0
0.001388888888888889 0.2278216891725799 -0.14098445601684187 0.5765970854376985 0 0 0
0.001388888888888889 0.29585305356967156 -0.09743427228807411 -0.22319337812540982 0 0 0
0.001388888888888889 0.27439970480664755 -0.04486802600616427 0.4067856549242838 0 0 0
0.001388888888888889 0.258140363871293 -0.16897325918376063 -0.15217881218123613 0 0 0
0.001388888888888889 -0.044401055212025774 -0.5306931517743566 -0.23622952586647145 0 0 0
0.001388888888888889 -0.5576541950378419 0.07443023769076562 -0.25070203562961685 0 0 0
0.001388888888888889 -0.09149870754172439 0.5661353192096857 -0.3389443531105505 0 0 0
0.001388888888888889 -0.0001541378161093553 -0.1631453372307748 -0.5427760053688172 0 0 0
0.001388888888888889 -0.6804354084371153 -0.03100845053957315 -0.03838305759604006 0 0 0
0.001388888888888889 0.6384838566518285 0.1510040450647737 -0.005186525825307118 0 0 0
0.001388888888888889 -0.6312611986654306 -0.1113130658777177 0.2529278047865868 0 0 0
0.001388888888888889 0.2770848212656897 0.18163515370038588 0.26927035684783085 0 0 0
0.001388888888888889 -0.40259783623154166 0.13596206807994668 -0.27984698728541496 0 0 0
0.001388888888888889 -0.09560324966438308 -0.2818208313308333 0.27206126395387853 0 0 0
0.001388888888888889 0.01585437552050472 -0.5606703224286859 0.03692585666857054 0 0 0
0.001388888888888889 0.22269055381681022 -0.5911442141889611 0.26321178741419937 0 0 0
0.001388888888888889 0.30208553291122126 -0.3881669112375951 0.42962217709247086 0 0 0
0.001388888888888889 -0.1286297995270861 -0.0716877463935147 0.4365357836350201 0 0 0
0.001388888888888889 -0.25106054656005233 0.09667966090389245 -0.027843960475848417 0 0 0
0.001388888888888889 0.43733987261124374 -0.1670180769665925 0.2327513057488238 0 0 0
0.001388888888888889 -0.01658535298378718 0.2113759428032285 0.4580017125020251 0 0 0
0.001388888888888889 0.484206701513299 0.062448389503093366 -0.2265386344278227 0 0 0
0.001388888888888889 0.24212550836923 -0.5239829444797314 0.32350486159896297 0 0 0
0.001388888888888889 0.5179600241340404 -0.010423394730895114 -0.007679780073832339 0 0 0
0.001388888888888889 0.14829652741644345 0.04171176840272607 -0.08489789418048636 0 0 0
0.001388888888888889 0.08331648735724671 -0.012051188090107332 0.5735704814964723 0 0 0
0.001388888888888889 -0.0055137954890344155 0.04718964932022157 -0.21818905208080436 0 0 0
0.001388888888888889 0.42752601149090863 -0.24673201494344943 -0.24064355017769942 0 0 0
0.001388888888888889 -0.11125537109892708 0.43186249291122086 0.20239415803402647 0 0 0
0.001388888888888889 -0.36316671968454156 -0.1364061439083699 0.011013630277260789 0 0 0
0.001388888888888889 -0.18472392960436348 0.08928748553007526 0.24314527807936603 0 0 0
0.001388888888888889 -0.425609425034288 -0.20501506958373517 0.12707452002539588 0 0 0
0.001388888888888889 -0.30765188568842644 -0.15152196641255414 -0.19969864743989243 0 0 0
0.001388888888888889 0.20202224790007406 0.5078009723149913 0.38967297191763994 0 0 0
0.001388888888888889 0.24139430649102642 0.11770825500750733 -0.0017390562573093662 0 0 0
0.001388888888888889 0.41386956656290624 0.4058046648077186 -0.28565577265759623 0 0 0
0.001388888888888889 -0.4274212236737896 0.04062313169813068 -0.2008816494662993 0 0 0
0.001388888888888889 -0.4445873355249835 0.31716280206501346 0.21735868213254156 0 0 0
0.001388888888888889 -0.43342179610443 0.32757808101698643 0.2352473539101321 0 0 0
0.001388888888888889 0.032250357435342734 0.39389186229129214 0.10347231688237114 0 0 0
0.001388888888888889 0.3252636708163374 -0.06520701336737364 0.5948282934852364 0 0 0
0.001388888888888889 0.38911701169898427 0.05717029952855184 0.4411270602496717 0 0 0
0.001388888888888889 -0.11738722178823363 -0.289270334726876 0.5810490014656069 0 0 0
0.001388888888888889 -0.43739855159334756 -0.49178793869297577 -0.05101923183220573 0 0 0
0.001388888888888889 -0.48811607731822493 -0.08881055386908153 -0.16965610315802934 0 0 0
0.001388888888888889 0.1704721826435796 0.09970111416502565 0.4746041577065607 0 0 0
0.001388888888888889 -0.11434158395173076 0.03747936335852636 -0.0257422509096606 0 0 0
0.001388888888888889 0.0562679908201671 -0.032472198468318184 -0.24478819930429666 0 0 0
0.001388888888888889 -0.4819262448583238 0.09275679078632922 0.43342243277172543 0 0 0
0.001388888888888889 -0.41108032850685033 0.12188637327865526 0.009191901186047936 0 0 0
0.001388888888888889 -0.24175846277099947 -0.6242679956095502 -0.15963659530573962 0 0 0
0.001388888888888889 -0.06415027190140708 -0.5535559676809272 -0.3417466250967044 0 0 0
0.001388888888888889 -0.46418468867000046 -0.11453221992866397 -0.21097877196595097 0 0 0
0.001388888888888889 0.3484492945730136 -0.02389643484892662 0.5781571077021774 0 0 0
0.001388888888888889 0.12338712765668705 0.6047782396837253 0.1954631107305817 0 0 0
0.001388888888888889 -0.32704551073115756 0.30104037934119526 -0.49991662546536597 0 0 0
0.001388888888888889 -0.4134965039081016 -0.2532890244394393 0.1441278080193866 0 0 0
0.001388888888888889 -0.48407285117688004 0.16647155243092343 0.3271066620223001 0 0 0
0.001388888888888889 0.3505771200418918 0.1442843349929453 0.4226826033637671 0 0 0
0.001388888888888889 0.05028439935029834 -0.05480880919277232 -0.2754153990753167 0 0 0
0.001388888888888889 0.4769969319727729 0.29711566152659974 0.05428570919877655 0 0 0
0.001388888888888889 0.03128979659314828 0.048362732430503555 0.6658810740051286 0 0 0
0.001388888888888889 -0.2642142971381884 0.219033485130296 -0.5820591525280217 0 0 0
0.001388888888888889 0.4719631197255625 -0.1155129066881413 0.09638684603118522 0 0 0
0.001388888888888889 0.1589966043585143 -0.09812789368228295 -0.12309390735438261 0 0 0
0.001388888888888889 -0.43355489645321 -0.20241591979071163 -0.0584713934415736 0 0 0
0.001388888888888889 -0.11657339687625505 0.0771155717777469 -0.22819453530330663 0 0 0
0.001388888888888889 -0.31245866679638906 -0.23704751604604224 0.5280659635030817 0 0 0
0.001388888888888889 -0.20704409563095624 0.09468565993981323 -0.22669479011721005 0 0 0
0.001388888888888889 -0.10189918583805278 0.034407446908333306 -0.3711921126438763 0 0 0
0.001388888888888889 0.2430153004022692 0.39269649534931983 -0.3914036762569589 0 0 0
0.001388888888888889 0.174284330460298 0.08370177848496888 -0.057114750268886544 0 0 0
0.001388888888888889 0.39056921645361503 -0.4066222443717974 0.2299486438788107 0 0 0
0.001388888888888889 -0.6631226513564428 0.08546388508822025 -0.12653361454402637 0 0 0
0.001388888888888889 0.17223862822306052 -0.3894496930963898 0.34081974281573235 0 0 0
0.001388888888888889 -0.5183018296383511 -0.28674020714501436 0.1377281345644869 0 0 0
0.001388888888888889 -0.17428535852432034 -0.5772360378808757 0.3148189066119547 0 0 0
0.001388888888888889 -0.2749242446378955 -0.37487343080799146 0.3982613568762278 0 0 0
0.001388888888888889 -0.5007331448220711 -0.06070662406421447 0.3630343015685298 0 0 0
0.001388888888888889 0.48596634842380443 0.2633605060766038 0.06898163030466 0 0 0
0.001388888888888889 0.09137204831785656 0.4783336671080713 0.4814068772264403 0 0 0
0.001388888888888889 -0.5380660607770875 -0.2383399754438433 0.129106905635188 0 0 0
0.001388888888888889 0.016165212179815223 0.630498586496305 -0.029171830442626535 0 0 0
0.001388888888888889 -0.013040608001082449 -0.3571689181337768 0.47503610824544934 0 0 0
0.001388888888888889 -0.23053847245078204 0.09177715348776777 0.49703191268343005 0 0 0
0.001388888888888889 -0.13954222540105535 0.5923363937185631 -0.004018492016209127 0 0 0
0.001388888888888889 0.11966829246607695 -0.3470245825312731 -0.009148165011048093 0 0 0
0.001388888888888889 0.11612460050310738 0.12942812304315948 0.4222614795135736 0 0 0
0.001388888888888889 0.6634440693706922 0.051233331410589895 0.08210381992533411 0 0 0
0.001388888888888889 -0.12470273406600837 -0.11336459853697292 -0.39292231543866474 0 0 0
0.001388888888888889 -0.537187002926614 -0.20813031560713743 0.2394608146071531 0 0 0
0.001388888888888889 0.18218762901619182 -0.2299426374141667 0.47405356676912785 0 0 0
0.001388888888888889 0.00596756424919681 -0.12193678766829072 -0.4794509498333026 0 0 0
0.001388888888888889 0.29082537660865715 -0.28832481769739526 0.2978529952732499 0 0 0
0.001388888888888889 0.077256346466322 -0.5437914191045952 0.28579630731072886 0 0 0
0.001388888888888889 -0.45646059622728397 -0.04951319868956935 0.5190853619703691 0 0 0
0.001388888888888889 0.4120497129867707 0.2762273015089031 -0.15572761899091175 0 0 0
0.001388888888888889 0.37535979006635994 -0.4017816431374582 0.3491427453303874 0 0 0
0.001388888888888889 0.04648242092360304 -0.2027590129477522 0.5730807394978816 0 0 0
0.001388888888888889 -0.5488198443768246 -0.24427978368331818 -0.07385643048410896 0 0 0
0.001388888888888889 0.5313187542723102 -0.16490708820759334 0.3502130353329387 0 0 0
0.001388888888888889 -0.3277144049420091 0.08894711875930568 -0.2735496685040867 0 0 0
0.001388888888888889 -0.1453812185834411 0.10238654150934015 0.0920817672718077 0 0 0
0.001388888888888889 -0.2019277961301926 -0.19836418199128544 -0.5053235874953469 0 0 0
0.001388888888888889 0.5310939927941181 0.07644901282661014 -0.2223195144516986 0 0 0
0.001388888888888889 0.08132011494857587 0.020099697718034073 -0.2427444215387868 0 0 0
0.001388888888888889 -0.20596612045527432 -0.13110767314220131 0.6473789976036153 0 0 0
0.001388888888888889 0.28633192952980313 -0.2163554323459274 0.32301053453039436 0 0 0
