960
0
0.0010416666666666667 0.2718255983527331 -0.32957570133531444 0.4528108141677248 0 0 0
0.0010416666666666667 -0.06398175651612555 0.1492509226275923 -0.4569904437416693 0 0 0
0.0010416666666666667 -0.21043859974928442 -0.1511388247223914 0.5455639477731684 0 0 0
0.0010416666666666667 -0.17722342718851902 0.13852201299882685 -0.10239854826995995 0 0 0
0.0010416666666666667 0.3445993085000942 0.3568816563428278 -0.15128603009837027 0 0 0
0.0010416666666666667 0.015057192992706898 0.4919172033212161 -0.10303154049082117 0 0 0
0.0010416666666666667 -0.241086030809514 0.031213376117797988 -0.14329967951275277 0 0 0
0.0010416666666666667 -0.2683130413028329 -0.07731605394642527 -0.2437915904153402 0 0 0
0.0010416666666666667 0.09491054395942429 -0.09619802447980469 -0.1648797635694615 0 0 0
0.0010416666666666667 0.04789011788706427 0.3782761278981106 0.4404762290426354 0 0 0
0.0010416666666666667 -0.455593206741591 -0.1858984755724915 0.1798742200334759 0 0 0
0.0010416666666666667 -0.1467144555460763 0.13880944714471388 0.15895681203125397 0 0 0
0.0010416666666666667 0.04873055305017579 0.0712424767053871 0.2640141861613222 0 0 0
0.0010416666666666667 -0.2361381934531418 -0.3190103800186694 0.40651557726397286 0 0 0
0.0010416666666666667 -0.347637973268759 0.23825554773522092 -0.32359125448193826 0 0 0
0.0010416666666666667 -0.5005049059117957 0.08080197996875535 -0.47038235838529824 0 0 0
0.0010416666666666667 0.38344485276511275 -0.18985160284463354 0.49502919618885116 0 0 0
0.0010416666666666667 -0.22720838942977742 0.01710068729391426 0.20514665209263475 0 0 0
0.0010416666666666667 0.06942076788889957 0.1457968106776042 -0.6003691358925207 0 0 0
0.0010416666666666667 -0.1556836823790495 0.4099960562172235 0.2921066184853895 0 0 0
0.0010416666666666667 0.2429680309899431 -0.2931009532031451 -0.4844621957941194 0 0 0
0.0010416666666666667 -0.6317610624554484 -0.1404108469803425 0.02873539339742439 0 0 0
0.0010416666666666667 0.05082982360494491 0.3886427243354048 0.43893838595925294 0 0 0
0.0010416666666666667 0.2421904632624619 0.10330546734283083 0.28444903453954345 0 0 0
0.0010416666666666667 0.1425790951682226 0.23368560388593285 0.4038541878823198 0 0 0
0.0010416666666666667 0.47901477023942013 -0.37185913336224735 0.26293469010583176 0 0 0
0.0010416666666666667 -0.3727696119157769 -0.40736576297636123 0.2627612657462945 0 0 0
0.0010416666666666667 -0.39814566354184017 0.2644182686614657 0.4431508091653673 0 0 0
0.0010416666666666667 0.16707741086042896 -0.0672536259649319 0.3607711211636643 0 0 0
0.0010416666666666667 0.588778987548039 -0.25285592416452873 -0.027267411427230246 0 0 0
0.0010416666666666667 -0.26409845639906204 -0.012904106336151916 -0.5098144060286083 0 0 0
0.0010416666666666667 0.1695373082525917 -0.02552285400658885 0.3736754787336996 0 0 0
0.0010416666666666667 0.15265526218145695 0.05642028509442739 -0.3278209098061804 0 0 0
0.0010416666666666667 -0.03508032576544278 0.12311782088443884 -0.5350962618437015 0 0 0
0.0010416666666666667 0.0848239048841109 0.1563253398108512 0.20694246007838943 0 0 0
0.0010416666666666667 -0.26753506923127784 0.042732074259264466 0.08203065898222481 0 0 0
0.0010416666666666667 0.38049215164128247 -0.39463131493518944 0.4213068809985299 0 0 0
0.0010416666666666667 -0.5565968588006867 0.329665150810073 0.18840567240389175 0 0 0
0.0010416666666666667 0.5897038639560325 -0.24854865248650118 0.08656128083710901 0 0 0
0.0010416666666666667 -0.099323937968003 -0.29867953801863195 0.49631044158105353 0 0 0
0.0010416666666666667 -0.16206000145210586 -0.012369820419294169 -0.30017353194613006 0 0 0
0.0010416666666666667 -0.04570467659613457 -0.1153384401182023 0.40616028890270883 0 0 0
0.0010416666666666667 -0.2199125679117105 -0.43271112748384755 -0.12869192271022606 0 0 0
0.0010416666666666667 -0.4084146959715391 -0.1491895348784477 -0.31439163116218544 0 0 0
0.0010416666666666667 -0.3412214655130364 0.2560205281758744 -0.18386290303626562 0 0 0
0.0010416666666666667 0.5129208353250416 0.07844610534839952 -0.09011646493724787 0 0 0
0.0010416666666666667 -0.6456263825309285 0.08528454981022912 0.08229821914147264 0 0 0
0.0010416666666666667 0.4891728586833111 0.32332037986079104 0.3322742521125747 0 0 0
0.0010416666666666667 -0.1319985479718978 0.35227340534680995 -0.09256351733950169 0 0 0
0.0010416666666666667 0.3559788357920584 0.2970805420762991 0.018361183151637546 0 0 0
0.0010416666666666667 0.3932290980862389 0.08153099881125565 0.2840776322296736 0 0 0
0.0010416666666666667 0.2601377618750674 -0.4935075433332329 0.3929031222066806 0 0 0
0.0010416666666666667 0.44520204380631057 0.23385090527601174 -0.282304797297081 0 0 0
0.0010416666666666667 -0.4917036784374385 -0.020467962479298857 -0.34436532756495625 0 0 0
0.0010416666666666667 -0.5523714106229426 -0.2434983312020986 0.15692847963577553 0 0 0
0.0010416666666666667 -0.3921504117331854 0.3958364889861696 0.10289082563929858 0 0 0
0.0010416666666666667 0.5473213216867457 0.023551057448921192 -0.3018574063336207 0 0 0
0.0010416666666666667 0.5153913154974888 0.061476373817887585 0.026462352887163428 0 0 0
0.0010416666666666667 -0.10921181550593621 -0.2102383339788805 0.6405930649878445 0 0 0
0.0010416666666666667 -0.6029938193590169 0.09159797069219358 0.09826076450372803 0 0 0
0.0010416666666666667 -0.3638342677130895 -0.2341939835709261 0.5199081911130139 0 0 0
0.0010416666666666667 -0.4795951904530201 0.1951915839377813 0.44024386230615614 0 0 0
0.0010416666666666667 0.1739296418129049 -0.15247592540515645 0.33787987454400453 0 0 0
0.0010416666666666667 -0.4663752739000095 0.4352512254978211 -0.03360028643779399 0 0 0
0.0010416666666666667 -0.04550894976892726 0.16499083838482176 -0.3449462112522669 0 0 0
0.0010416666666666667 -0.3496719080910105 0.08630461303366764 0.37588992991589576 0 0 0
0.0010416666666666667 -0.14230407248679175 -0.2822442243250183 -0.08557065885724675 0 0 0
0.0010416666666666667 0.02298258968861119 -0.440302035053195 0.45567649095825274 0 0 0
0.0010416666666666667 0.2430630996500344 0.44883155440329564 0.19649629402512447 0 0 0
0.0010416666666666667 -0.11768159813756081 -0.3735609027526222 0.4574102818352291 0 0 0
0.0010416666666666667 0.020833549706405313 0.22285318100272933 -0.0006448799305748781 0 0 0
0.0010416666666666667 -0.21113106930430087 0.2802799498879909 -0.18138977616563615 0 0 0
0.0010416666666666667 0.3958576437368663 -0.30004850511533515 -0.3509708791103439 0 0 0
0.0010416666666666667 0.04105485182281125 0.2174000316382277 0.5504298681641507 0 0 0
0.0010416666666666667 0.42211134668218975 -0.19203841315895026 -0.02125858738082878 0 0 0
0.0010416666666666667 0.03456283744836009 -0.1659922427225676 -0.5272996121362855 0 0 0
0.0010416666666666667 0.2340966426231975 0.008437961243740808 -0.4826201269963357 0 0 0
0.0010416666666666667 0.2945620705999491 -0.13648653454258045 0.1647239900807967 0 0 0
0.0010416666666666667 0.5778603830941104 -0.31724728203233626 0.19794557152341666 0 0 0
0.0010416666666666667 0.27652191454673375 0.23659540388762204 -0.2131407761249159 0 0 0
0.0010416666666666667 0.06544092505302515 -0.511681591071433 -0.3067399522706454 0 0 0
0.0010416666666666667 -0.06760668244408471 -0.1026318420494766 -0.5312263560946372 0 0 0
0.0010416666666666667 0.3941406117266353 0.20316683947800226 0.21755647218115967 0 0 0
0.0010416666666666667 0.34533627279893975 -0.19215919411286986 0.43926667729003055 0 0 0
0.0010416666666666667 -0.16026844482279168 0.20826983468606272 -0.11878702869281697 0 0 0
0.0010416666666666667 0.44880260185018944 -0.2673789506443576 0.3103478660493016 0 0 0
0.0010416666666666667 0.37201814414911005 -0.3572145942224629 0.14755182054061342 0 0 0
0.0010416666666666667 0.30356818059964114 -0.4526536624850101 -0.27572114282935223 0 0 0
0.0010416666666666667 0.32659977075070235 -0.03161605969391666 0.3904058994344148 0 0 0
0.0010416666666666667 -0.25437415793253887 0.1556108933295189 0.16074036049961132 0 0 0
0.0010416666666666667 -0.0014882881755745204 -0.0559712009449359 0.2015641375923847 0 0 0
0.0010416666666666667 -0.023381967506680847 0.2103259202396025 0.1419315396027126 0 0 0
0.0010416666666666667 0.02860688751073224 0.13962898987344763 0.2033667780272605 0 0 0
0.0010416666666666667 0.24147996281364917 0.35602369595003874 0.5195127889526744 0 0 0
0.0010416666666666667 0.433403518885976 0.4696666783377901 -0.11533977063553238 0 0 0
0.0010416666666666667 0.16478603117548005 -0.37869719365553023 0.11736310241378786 0 0 0
0.0010416666666666667 -0.04337303022796289 0.5575803929372528 0.17847883903591127 0 0 0
0.0010416666666666667 -0.299690884114686 -0.14602925642262604 0.4070859081388905 0 0 0
0.0010416666666666667 -0.2445313375158054 0.05944623077093115 0.31944503850393013 0 0 0
0.0010416666666666667 0.37838129720484337 -0.3258954523736768 0.33881725531271906 0 0 0
0.0010416666666666667 0.563653860399337 -0.2036411015091151 -0.30282905527914417 0 0 0
0.0010416666666666667 0.43822881209945747 -0.25347380464142993 -0.16098558331104268 0 0 0
0.0010416666666666667 -0.1722778331200281 -0.5038228899983246 0.10323401814714035 0 0 0
0.0010416666666666667 -0.32671738274167395 0.5756221605489263 -0.022698694923162774 0 0 0
0.0010416666666666667 -0.5899216317439423 -0.21391335064500575 -0.03417372974322964 0 0 0
0.0010416666666666667 0.5156248875229315 -0.2513250779608796 -0.2428380792983275 0 0 0
0.0010416666666666667 0.1372170932184118 0.016796856618198353 0.41402623421814705 0 0 0
0.0010416666666666667 0.0928278477326908 0.24172036534671623 0.46172280874422134 0 0 0
0.0010416666666666667 -0.5300687036542044 0.3585327136562201 -0.2530835348660361 0 0 0
0.0010416666666666667 0.23671935576481914 -0.2513991250858735 0.057942600379339335 0 0 0
0.0010416666666666667 -0.455828138107363 0.3398045757037122 -0.3953079718626764 0 0 0
0.0010416666666666667 -0.42985199992657325 0.1387790806505743 -0.08024244643917318 0 0 0
0.0010416666666666667 0.09941811966187603 -0.37744456592762765 0.572840202419361 0 0 0
0.0010416666666666667 0.16308316360438166 -0.49546377052551055 -0.39325342047086437 0 0 0
0.0010416666666666667 -0.15225080913291653 0.4674215456120282 -0.08398169601134034 0 0 0
0.0010416666666666667 0.0789753878927708 -0.2694077301653757 -0.3881107911631819 0 0 0
0.0010416666666666667 0.021192125012702706 0.6278883507060058 0.14966592580465274 0 0 0
0.0010416666666666667 0.5232259583085426 -0.044019481818907795 0.009396773589719116 0 0 0
0.0010416666666666667 0.3682487190913303 -0.10806198575364209 -0.10595848341363748 0 0 0
0.0010416666666666667 -0.09082035419856792 0.07868403097624146 0.5269621448190659 0 0 0
0.0010416666666666667 0.04061254591980797 0.20659004006134415 0.6320004192760192 0 0 0
0.0010416666666666667 -0.2745769690627109 0.09176667043342433 0.47189871065380773 0 0 0
0.0010416666666666667 0.22527151797446626 0.402994395349546 0.4266770167029561 0 0 0
0.0010416666666666667 -0.285528307311226 0.5718932549767791 -0.25358875261018643 0 0 0
0.0010416666666666667 -0.6715976715297178 -0.11024561201281421 -0.10952802612999546 0 0 0
0.0010416666666666667 0.02394486150553922 0.30187934177834147 -0.4103076444362034 0 0 0
0.0010416666666666667 -0.34838931617049645 0.37352328518739936 0.37187586160115005 0 0 0
0.0010416666666666667 -0.26900596288726386 0.5160628152173875 -0.1995162035027958 0 0 0
0.0010416666666666667 -0.3880386756296979 0.1519221570492401 -0.4972123185365506 0 0 0
0.0010416666666666667 -0.38995666353205677 0.286474233352919 0.12792238006112996 0 0 0
0.0010416666666666667 -0.24771426223002396 -0.1449582373288624 0.392159296169154 0 0 0
0.0010416666666666667 -0.3265216911760025 0.23241040850601252 0.5276817128828272 0 0 0
0.0010416666666666667 -0.5530190900632131 0.10396956810980876 0.16197854138871387 0 0 0
0.0010416666666666667 -0.22953924475962076 -0.2447252389913811 -0.5481035631104968 0 0 0
0.0010416666666666667 -0.010447280165952639 -0.299527930850489 0.4751400737483245 0 0 0
0.0010416666666666667 -0.44731600814775446 -0.15242118931601245 -0.44559281319754496 0 0 0
0.0010416666666666667 0.3300184719555838 -0.5867714203510461 -0.14890572324290222 0 0 0
0.0010416666666666667 -0.295663083069032 0.6086037074635539 0.09485394405292892 0 0 0
0.0010416666666666667 -0.08805371289526509 0.02722488149427846 -0.11629838981461228 0 0 0
0.0010416666666666667 -0.25858611839455015 0.33208733845691196 0.43633831658316075 0 0 0
0.0010416666666666667 -0.03117713080728331 -0.5459841985136704 -0.08491326718357853 0 0 0
0.0010416666666666667 0.30110760421151556 -0.05371089814931358 0.26812072505317597 0 0 0
0.0010416666666666667 -0.475985612863176 -0.16631574178441794 -0.4158521984632776 0 0 0
0.0010416666666666667 0.32415654338780686 -0.1296388422052249 0.5665230291627914 0 0 0
0.0010416666666666667 -0.15427563152878052 0.07846240594669764 0.24332814511658787 0 0 0
0.0010416666666666667 0.24574316186029915 0.6296555153149889 -0.032882009276511984 0 0 0
0.0010416666666666667 -0.023252609035836418 0.2538298096409907 0.16271648096411653 0 0 0
0.0010416666666666667 0.42496708324983395 -0.280124913773396 -0.29933111610837254 0 0 0
0.0010416666666666667 0.4992023480644235 0.1253942135298315 0.14271865690148697 0 0 0
0.0010416666666666667 -0.6060837967969837 -0.1597651708285811 -0.20351488206658097 0 0 0
0.0010416666666666667 0.06363978157957728 0.1471781059734771 0.4257998765643785 0 0 0
0.0010416666666666667 -0.3788703880544642 -0.1710721649510557 0.43413219942078896 0 0 0
0.0010416666666666667 0.1976981097522556 -0.000690748924529497 -0.6525429445439737 0 0 0
0.0010416666666666667 0.20358214724435203 -0.15656389275850416 0.5427204296437578 0 0 0
0.0010416666666666667 -0.202647652719785 0.3802119127642645 -0.15793607718541908 0 0 0
0.0010416666666666667 -0.1765439014054628 0.31611294833334785 0.32551983867224366 0 0 0
0.0010416666666666667 0.34240791765032275 -0.03394908163631795 0.5862098811658731 0 0 0
0.0010416666666666667 -0.24715371282780121 0.334633891675777 0.052737611009030405 0 0 0
0.0010416666666666667 -0.3221534629269372 -0.48002099567408557 0.19210894828017355 0 0 0
0.0010416666666666667 -0.4511293778728802 0.12677796411626924 0.0944452318204922 0 0 0
0.0010416666666666667 -0.0952491046773835 -0.4419921035418261 0.3219471732205762 0 0 0
0.0010416666666666667 0.18133145017788832 -0.12323842536263813 0.35367102991230176 0 0 0
0.0010416666666666667 0.10820042504916752 -0.26655410325232315 0.3672306145709357 0 0 0
0.0010416666666666667 0.5279677139709665 -0.31163550947828195 -0.24918802410445787 0 0 0
0.0010416666666666667 0.07653105913927072 0.16560098509457957 -0.6219124432638702 0 0 0
0.0010416666666666667 -0.3371524416364895 -0.5861820660886381 -0.017894525652588273 0 0 0
0.0010416666666666667 0.3316781511099127 -0.5119078003672184 0.21187427583306012 0 0 0
0.0010416666666666667 0.13985780044797547 0.6757472998110157 -0.06237424309639319 0 0 0
0.0010416666666666667 0.1835289376147274 -0.19087432383318742 -0.03885471465591796 0 0 0
0.0010416666666666667 -0.3033268301311023 0.19875279697062234 0.4123598609158905 0 0 0
0.0010416666666666667 0.3554728623056847 0.09266145054184997 0.48874177348271747 0 0 0
0.0010416666666666667 0.46156832408652615 0.2289426841349121 -0.05176881073023898 0 0 0
0.0010416666666666667 -0.6494059334930886 -0.021915831854096148 -0.19561772081799136 0 0 0
0.0010416666666666667 0.0605101216307487 0.018558057079353842 0.14045662463466457 0 0 0
0.0010416666666666667 0.3511699205479897 0.09599836821724202 0.09700583805250027 0 0 0
0.0010416666666666667 0.2670252354744514 0.2914644068726556 -0.26276301931990764 0 0 0
0.0010416666666666667 0.47991888412032374 0.14360401833901454 0.21745744054733757 0 0 0
0.0010416666666666667 -0.24878684558929362 0.46687683395591145 0.1705619354352339 0 0 0
0.0010416666666666667 -0.0028825299089266813 0.6201566832292661 -0.24896142868156332 0 0 0
0.0010416666666666667 0.13208174155850191 -0.6314547917625152 -0.2202329345486221 0 0 0
0.0010416666666666667 0.38178728289168834 -0.4608431943388803 0.04921539379045995 0 0 0
0.0010416666666666667 0.5298540996868383 0.2029880381568193 -0.21347859589362636 0 0 0
0.0010416666666666667 -0.05258271176437431 0.24577096309429328 -0.15706547166066973 0 0 0
0.0010416666666666667 0.37728713957687104 0.3709327069730944 -0.22450723367298067 0 0 0
0.0010416666666666667 -0.4020919246747649 0.3755834005628209 -0.11986532306210627 0 0 0
0.0010416666666666667 0.08187875221801619 0.2973349370263308 0.5289071922096483 0 0 0
0.0010416666666666667 -0.10524314373299576 0.46955825893977327 0.30211022363028034 0 0 0
0.0010416666666666667 0.2347971401163583 0.3483898606475254 -0.2110588188761415 0 0 0
0.0010416666666666667 0.2283722598765882 0.4892211906672264 -0.27435452962304796 0 0 0
0.0010416666666666667 -0.3809403485474106 0.48277071602870675 0.13855946985664983 0 0 0
0.0010416666666666667 -0.3779659556227332 -0.001865518838621138 0.3618241003712307 0 0 0
0.0010416666666666667 -0.28924935556590853 0.5340596708804569 -0.14636872578092175 0 0 0
0.0010416666666666667 0.32458568200637444 0.5012936562360093 0.2876584758314829 0 0 0
0.0010416666666666667 -0.32803823955309563 -0.2773912516050997 -0.3931130302721801 0 0 0
0.0010416666666666667 -0.29851848202920206 0.009006888741921447 0.08653983481811738 0 0 0
0.0010416666666666667 0.42952451837486977 0.2983930376411627 -0.1295158775337473 0 0 0
0.0010416666666666667 -0.5921662282272745 0.07153140197300274 -0.09674156419922295 0 0 0
0.0010416666666666667 0.05897666084700467 -0.5362477349053846 -0.21389497370674618 0 0 0
0.0010416666666666667 -0.17209777435963763 -0.2804251445795302 -0.1510997758012893 0 0 0
0.0010416666666666667 0.41522195722703603 0.3449661809035208 -0.08086464731834431 0 0 0
0.0010416666666666667 0.28437363628815454 0.25205870622315846 -0.5325568000726453 0 0 0
0.0010416666666666667 -0.03945447543492424 0.5279796841065761 0.01439469241502995 0 0 0
0.0010416666666666667 0.14925283895209457 0.3579018446517579 -0.22414819431758037 0 0 0
0.0010416666666666667 -0.47040866418958227 -0.13039424624388593 0.3264429239700778 0 0 0
0.0010416666666666667 0.07299703067517894 -0.5824021177063124 0.2777865516226549 0 0 0
0.0010416666666666667 0.5029164731745018 -0.06840281413253409 0.04989038983646143 0 0 0
0.0010416666666666667 0.614758938038034 -0.040045553500374476 0.2321200639609236 0 0 0
0.0010416666666666667 -0.4629073194546861 0.39890024466789387 0.08079629097278683 0 0 0
0.0010416666666666667 -0.2088576891693414 0.5748818534404135 -0.19989392684240634 0 0 0
0.0010416666666666667 0.33091401669158493 -0.20666781651626082 0.5109959883665298 0 0 0
0.0010416666666666667 0.1600850132677417 -0.48412426054433133 0.2690138690973004 0 0 0
0.0010416666666666667 -0.3317825913366132 0.2098261021242573 -0.04939488858846858 0 0 0
0.0010416666666666667 -0.24023463090609753 -0.3949727879080146 0.14065852215580804 0 0 0
0.0010416666666666667 0.6201874034013549 -0.046546265752208854 0.22654097951883667 0 0 0
0.0010416666666666667 -0.337183371969772 0.20712200393784974 0.30827936313128895 0 0 0
0.0010416666666666667 0.16097623555879423 -0.6347182886439642 0.08630873248240703 0 0 0
0.0010416666666666667 -0.4419403959845849 0.11013584062812647 -0.38188898293052426 0 0 0
0.0010416666666666667 -0.3054487910345994 0.5082316097551532 0.2309234670521412 0 0 0
0.0010416666666666667 -0.13924834167334563 -0.06531253125217504 -0.37922411597304484 0 0 0
0.0010416666666666667 -0.531899091837746 0.19437247897778795 -0.17962304517044286 0 0 0
0.0010416666666666667 0.5412422606021211 -0.22356786168543175 0.280896691953925 0 0 0
0.0010416666666666667 -0.01954475817974873 -0.6215011883177671 0.040265495304342376 0 0 0
0.0010416666666666667 0.22860504448072752 -0.059841028451394704 -0.46614736834163084 0 0 0
0.0010416666666666667 -0.17244057301028123 -0.11825016170666541 -0.12501688302222144 0 0 0
0.0010416666666666667 -0.027154861086836946 0.20576346085490166 0.622695118548508 0 0 0
0.0010416666666666667 0.2280189370558212 -0.1523945804424359 0.5490193055992829 0 0 0
0.0010416666666666667 0.4241206329074446 0.42545246917427143 -0.1817732816197817 0 0 0
0.0010416666666666667 -0.527666222237382 -0.1910458561287128 0.1540290670427456 0 0 0
0.0010416666666666667 0.03680739685268516 0.6396597033348989 0.2068651535854626 0 0 0
0.0010416666666666667 0.3161019832265811 -0.20800738811006808 0.17020335415788734 0 0 0
0.0010416666666666667 0.04997156991520519 -0.05368937199025211 0.08329411478960097 0 0 0
0.0010416666666666667 -0.18358162049775129 -0.6173401909334391 0.2223662438522365 0 0 0
0.0010416666666666667 -0.10925852693369903 -0.37672573758239025 -0.37054931938490343 0 0 0
0.0010416666666666667 0.4970854190969844 0.0004904213704407684 -0.43396570003470253 0 0 0
0.0010416666666666667 0.24547213500025594 0.10676553773866523 0.5330374476124087 0 0 0
0.0010416666666666667 0.14193970302048273 0.30839952417956923 -0.5031771147653809 0 0 0
0.0010416666666666667 0.11671716528455368 0.07522389653627118 -0.19955117734246927 0 0 0
0.0010416666666666667 -0.4893077270526352 -0.24719067736604702 0.18781410675820875 0 0 0
0.0010416666666666667 -0.10634629701010176 0.41448501199332594 -0.034451789557136014 0 0 0
0.0010416666666666667 -0.536885399003578 -0.12252167689005794 0.3198087827615191 0 0 0
0.0010416666666666667 -0.31097327389478274 0.22755977925816354 -0.031540664011555766 0 0 0
0.0010416666666666667 0.42117735807140333 -0.16492364624879718 -0.4011597267759612 0 0 0
0.0010416666666666667 -0.20799175255271107 0.3996540440225707 -0.09001487882635739 0 0 0
0.0010416666666666667 0.21043381999594696 -0.39429869401652584 0.5230334426775987 0 0 0
0.0010416666666666667 0.331140286567583 -0.2751388113972761 0.23550489656815568 0 0 0
0.0010416666666666667 -0.029596718990407646 -0.5236604850483498 0.2448095767722856 0 0 0
0.0010416666666666667 0.20847451936685096 -0.5286557589045755 -0.07670558327623564 0 0 0
0.0010416666666666667 -0.10274349939754761 -0.0017070103611364405 0.034308433570084805 0 0 0
0.0010416666666666667 -0.3139008962520801 -0.19025564522179042 0.3382035287605764 0 0 0
0.0010416666666666667 0.38375829402865963 -0.5125758378893083 0.23077389390453867 0 0 0
0.0010416666666666667 -0.16481579533473104 0.5239365992902228 0.007157967578571704 0 0 0
0.0010416666666666667 -0.18571688868372407 -0.0628707275305702 0.11652102030932987 0 0 0
0.0010416666666666667 -0.36489991714126685 -0.44550687517576404 0.07254099544784914 0 0 0
0.0010416666666666667 -0.18811372216354244 -0.1996545511015924 -0.2680188745800538 0 0 0
0.0010416666666666667 0.4492095465875673 -0.24811450176047498 -0.4506912375198327 0 0 0
0.0010416666666666667 0.03670889819146832 -0.5742643617967047 0.29929945830811133 0 0 0
0.0010416666666666667 0.013606676621078007 -0.4808136256584147 -0.2458096190954207 0 0 0
0.0010416666666666667 0.6060164541228651 0.2667729873206942 0.1881799717517294 0 0 0
0.0010416666666666667 -0.0530704906114559 -0.5274229481407982 0.08222498303896605 0 0 0
0.0010416666666666667 -0.20615690236596146 0.28351091901860825 0.49176092664872173 0 0 0
0.0010416666666666667 0.10993554200443123 -0.6290990607769548 0.09336545863114717 0 0 0
0.0010416666666666667 0.062443680783889684 -0.40979742410516323 0.06795979151700578 0 0 0
0.0010416666666666667 0.5458435673884025 -0.33791366344691526 -0.08247626459668204 0 0 0
0.0010416666666666667 -0.236651862808613 -0.13486176979387465 0.0006210111906713347 0 0 0
0.0010416666666666667 0.035818011836180906 -0.6367562931762482 -0.24079284228777717 0 0 0
0.0010416666666666667 -0.4383445282905531 0.5276167931991301 -0.07282363835515493 0 0 0
0.0010416666666666667 -0.01862682063202623 -0.04476390278016918 0.04100913739101191 0 0 0
0.0010416666666666667 0.23391963158608226 0.17043697224210091 -0.07496294420683934 0 0 0
0.0010416666666666667 -0.20167336380341255 0.23278905045883744 -0.21674370367097753 0 0 0
0.0010416666666666667 0.19708344594469668 -0.5998794976247382 0.21787555603197922 0 0 0
0.0010416666666666667 -0.37124370189930656 -0.3359420617419827 -0.47328254225194594 0 0 0
0.0010416666666666667 -0.15281699019799022 0.1526530638226634 0.30710040106311315 0 0 0
0.0010416666666666667 0.2531348690248715 -0.3788761880460987 0.23235530472299493 0 0 0
0.0010416666666666667 -0.5578026304179788 -0.0901341428684863 -0.39307521905628545 0 0 0
0.0010416666666666667 0.5656224914239385 0.19599598481647673 0.31952456238956684 0 0 0
0.0010416666666666667 -0.143699139283591 -0.32299464106579107 0.023446987959145512 0 0 0
0.0010416666666666667 -0.14409894954632602 -0.2849345632273691 0.08117856894789555 0 0 0
0.0010416666666666667 0.16430620322904468 -0.5189609772795138 -0.41163904685552544 0 0 0
0.0010416666666666667 0.5823391981340886 0.243937361832197 0.09211274052798862 0 0 0
0.0010416666666666667 0.23324438381891813 -0.5069852381640887 0.24538582890920219 0 0 0
0.0010416666666666667 -0.3008593853295195 0.26900819566673523 -0.1037273151586939 0 0 0
0.0010416666666666667 -0.4573279565279223 -0.059060850945368365 0.12031169132936277 0 0 0
0.0010416666666666667 -0.1563523563236275 0.3413352625729491 0.3330704285642492 0 0 0
0.0010416666666666667 -0.5148274841177761 -0.2508411200680227 -0.1897420376999273 0 0 0
0.0010416666666666667 -0.28097123053325895 -0.389975145075322 0.16198105515781663 0 0 0
0.0010416666666666667 0.4594890000794969 0.46819476753030403 -0.13815924045355243 0 0 0
0.0010416666666666667 0.10329068334694787 -0.2782145723709563 -0.133961632685776 0 0 0
0.0010416666666666667 -0.5117654524888248 0.23337347780899081 -0.3333459302235709 0 0 0
0.0010416666666666667 0.08494973431765233 -0.15444653150312826 -0.5361507920274516 0 0 0
0.0010416666666666667 -0.46795888578118827 -0.028015854300658057 0.2706089421347985 0 0 0
0.0010416666666666667 -0.35092086489268 0.1385037989852863 -0.38526758899615654 0 0 0
0.0010416666666666667 -0.1976251758896894 0.07219422307630781 -0.6488721056198556 0 0 0
0.0010416666666666667 0.31872097295070684 0.293557476158904 0.19735447320028413 0 0 0
0.0010416666666666667 0.06072367144445049 0.551332090652649 0.3668182510808635 0 0 0
0.0010416666666666667 -0.06364346359309184 -0.23664868335629138 -0.1342272230341952 0 0 0
0.0010416666666666667 0.22369009733139597 0.23821147588634362 0.5890698990870004 0 0 0
0.0010416666666666667 -0.48590853944317025 -0.17813163255259226 0.08058609171003646 0 0 0
0.0010416666666666667 -0.38991264605793374 0.2564449249334595 -0.15059405803788786 0 0 0
0.0010416666666666667 -0.35491397421588405 0.1636154978632981 0.18088074487544578 0 0 0
0.0010416666666666667 -0.13949334612999767 0.032029132564559804 -0.25665323047996896 0 0 0
0.0010416666666666667 -0.16468569971847882 -0.08502732790438683 -0.11134212392152561 0 0 0
0.0010416666666666667 -0.37112356736479885 -0.05497147657028045 0.3787282056266199 0 0 0
0.0010416666666666667 -0.22241680287285073 0.23502880200944282 0.229614114629091 0 0 0
0.0010416666666666667 0.47793947825368627 0.20366312119643593 0.15964615078278943 0 0 0
0.0010416666666666667 0.06801717272922779 0.025938632964589717 0.5934222599529374 0 0 0
0.0010416666666666667 0.14588159304013 0.08255318123745073 0.3390910412515368 0 0 0
0.0010416666666666667 0.2523998206220391 -0.1391206421932166 0.16921574866915162 0 0 0
0.0010416666666666667 -0.07516839212078032 -0.1404728728023916 0.09433003186862632 0 0 0
0.0010416666666666667 -0.1657239963805381 0.35030458864607017 0.35476818639277885 0 0 0
0.0010416666666666667 -0.3595258828560575 -0.33344470384290115 0.3443719864966859 0 0 0
0.0010416666666666667 0.10817374815945716 0.23717132271336697 -0.5020594269875513 0 0 0
0.0010416666666666667 -0.2138164668234785 -0.47530424171132185 -0.32356699504980435 0 0 0
0.0010416666666666667 -0.20648665200889812 -0.04876496658046858 -0.19375983603832705 0 0 0
0.0010416666666666667 0.24758338283993053 0.3838106820341293 -0.24508971587234804 0 0 0
0.0010416666666666667 -0.09988344504028542 -0.06483542346719501 -0.3721631268491975 0 0 0
0.0010416666666666667 0.09148847742625382 -0.290293920329412 -0.1203006541101362 0 0 0
0.0010416666666666667 0.3134153687568382 0.1770960924561245 -0.35679282049529887 0 0 0
0.0010416666666666667 -0.040669534433056015 -0.02896039116037562 0.5739881906401159 0 0 0
0.0010416666666666667 -0.1351481021193997 0.44721678948124644 0.025203801445829947 0 0 0
0.0010416666666666667 0.21767667182904363 0.3115077740054845 0.12973311892755665 0 0 0
0.0010416666666666667 -0.310894712346391 -0.5555312777730651 -0.001273087328145827 0 0 0
0.0010416666666666667 0.13379179513175632 -0.3500654483724401 -0.42988885855585507 0 0 0
0.0010416666666666667 0.0847936330174858 -0.25477985346330934 0.33217530578833265 0 0 0
0.0010416666666666667 0.6174787349654118 -0.017635007356455547 -0.14501990264902725 0 0 0
0.0010416666666666667 0.5190748085555796 0.08348186421909334 0.12039895574427477 0 0 0
0.0010416666666666667 0.21073686500200065 0.3791666750709022 0.3353348593121305 0 0 0
0.0010416666666666667 0.42208986947582666 0.14265857655664704 -0.3888098434550541 0 0 0
0.0010416666666666667 -0.16136429047946318 0.027716568299574695 -0.3258477094498372 0 0 0
0.0010416666666666667 0.3845886333539683 -0.060594198303491206 -0.5037760206803535 0 0 0
0.0010416666666666667 -0.31227235277509197 -0.3983230579329067 0.20063430214577707 0 0 0
0.0010416666666666667 -0.05728488816068415 0.21430660983562905 0.18194281528351947 0 0 0
0.0010416666666666667 -0.5022137895272016 0.16556904887206092 0.33788338701173026 0 0 0
0.0010416666666666667 0.0661540931292843 0.22392389068014054 -0.1887727042422919 0 0 0
0.0010416666666666667 0.3407854992181973 0.4244236196132633 0.16833904585747353 0 0 0
0.0010416666666666667 0.1553324275413863 0.11468738936767751 -0.4338877510448039 0 0 0
0.0010416666666666667 0.31209076455091245 0.4874765685495465 0.2159355598545173 0 0 0
0.0010416666666666667 -0.1131708523902112 -0.5793409582256751 0.04785432005606806 0 0 0
0.0010416666666666667 0.13539571240323645 0.08879508072299058 -0.2497085378187444 0 0 0
0.0010416666666666667 0.5020651807817872 0.235517488265201 -0.22255971155485327 0 0 0
0.0010416666666666667 0.19966419908983107 0.1989922466659 0.08588181898813725 0 0 0
0.0010416666666666667 -0.03689385448547861 -0.5211187047587331 -0.021619963638074856 0 0 0
0.0010416666666666667 0.15517440508838928 0.500747239152294 0.09697847214449427 0 0 0
0.0010416666666666667 0.23686325431776337 -0.28771953667249267 -0.06346879984820697 0 0 0
0.0010416666666666667 0.36550658879806336 0.3849824415084772 -0.4181886368154025 0 0 0
0.0010416666666666667 0.34162194873656 -0.18759209578334077 -0.012343716700552643 0 0 0
0.0010416666666666667 -0.5225957904916567 -0.19273960354651454 -0.3346709357552649 0 0 0
0.0010416666666666667 0.08525729361952865 -0.34168113097812125 0.5830868297419936 0 0 0
0.0010416666666666667 -0.27380378378076464 -0.31213298355925245 -0.04090730081791236 0 0 0
0.0010416666666666667 0.17307875536027803 0.21351688018563547 0.4804769791574812 0 0 0
0.0010416666666666667 0.017225778030832136 -0.5675604247099659 0.10208814693518514 0 0 0
0.0010416666666666667 0.26086446170791955 -0.03535398979787552 -0.09495267611562914 0 0 0
0.0010416666666666667 0.4118853908153641 0.04280345961480418 -0.33899392679670476 0 0 0
0.0010416666666666667 -0.44848168896034696 -0.504423229840052 0.046989840161437015 0 0 0
0.0010416666666666667 -0.529571538527544 0.046377770018053086 -0.011666371385356344 0 0 0
0.0010416666666666667 0.39464335017610525 -0.45106777635331513 -0.020895762350404194 0 0 0
0.0010416666666666667 0.24290916322665113 0.11892817682681002 0.4271959955212446 0 0 0
0.0010416666666666667 -0.0976095112775339 -0.21928679173855792 0.34109957546574665 0 0 0
0.0010416666666666667 0.019362980490909544 0.5242324297727606 -0.30572458158819266 0 0 0
0.0010416666666666667 -0.30142613404643614 0.11464217187565237 0.32522362466548 0 0 0
0.0010416666666666667 -0.0172717409471272 0.4026620768150328 -0.23032525100838663 0 0 0
0.0010416666666666667 0.02274534373473468 -0.15540349364695452 0.4381615783656796 0 0 0
0.0010416666666666667 0.39578771487396897 -0.13309302323451228 0.16383243490771424 0 0 0
0.0010416666666666667 -0.12485475646105508 0.016315454234899506 -0.3133583204985765 0 0 0
0.0010416666666666667 -0.2797883925341741 -0.4034364721722627 0.09253885675488428 0 0 0
0.0010416666666666667 -0.47863154193651974 -0.0560545283524126 -0.057815589433749356 0 0 0
0.0010416666666666667 -0.16531174177012095 0.18608276124345055 -0.48132018488225903 0 0 0
0.0010416666666666667 0.4805491565771976 -0.09871307459635405 0.19649870018288065 0 0 0
0.0010416666666666667 0.11323635274560274 -0.5420719907361686 0.30423512725013885 0 0 0
0.0010416666666666667 -0.16409361385604335 0.20452711766036205 -0.3111870286310805 0 0 0
0.0010416666666666667 0.17571118155210796 -0.40726793076243745 0.33856771659333207 0 0 0
0.0010416666666666667 -0.07948554969459751 -0.04983376033825883 -0.23613836414328757 0 0 0
0.0010416666666666667 0.22366886380741388 0.2443653291179906 -0.4592778437703115 0 0 0
0.0010416666666666667 -0.18473419077910438 -0.1390378896727932 0.33502926697824525 0 0 0
0.0010416666666666667 0.30751202427601915 -0.018079880772716425 -0.21851153885839297 0 0 0
0.0010416666666666667 -0.3239957648993773 -0.07998728141381284 -0.28571988178725577 0 0 0
0.0010416666666666667 -0.09963182129127632 0.39907245788945483 0.13214516258740172 0 0 0
0.0010416666666666667 -0.32839631524524315 0.3231644504691771 -0.011120662280393266 0 0 0
0.0010416666666666667 -0.41013088992778257 0.1003265656381187 -0.5132904106822485 0 0 0
0.0010416666666666667 0.33211338050557665 -0.4531257251193275 -0.09497565910064742 0 0 0
0.0010416666666666667 0.10303865446294849 -0.14042962104453097 -0.6023567576270106 0 0 0
0.0010416666666666667 -0.4591829370668076 0.1213851550032913 0.39517393778679877 0 0 0
0.0010416666666666667 0.2462335594234385 -0.500237435574679 0.09727458249260909 0 0 0
0.0010416666666666667 0.24357147338901936 -0.545911969765719 -0.1981180574719555 0 0 0
0.0010416666666666667 0.16636616342307914 0.09303728091133341 -0.5486182267020938 0 0 0
0.0010416666666666667 -0.04561873363548962 0.036203404326416194 0.46028705779345286 0 0 0
0.0010416666666666667 -0.34595326458005043 -0.46573238123316557 0.22984951671483014 0 0 0
0.0010416666666666667 0.21955438976140795 -0.019575480460438364 0.5404758054751374 0 0 0
0.0010416666666666667 -0.14646640673668368 0.4486378122928923 0.4195358558028631 0 0 0
0.0010416666666666667 -0.34889843516629765 0.042293050874285615 0.22103846373869973 0 0 0
0.0010416666666666667 -0.4002918364005274 -0.3466118268225856 -0.2537079869443278 0 0 0
0.0010416666666666667 0.07493754446325757 -0.6777728665110249 0.010988007582756842 0 0 0
0.0010416666666666667 -0.3017905445639495 -0.28023107676857156 0.027008665963521812 0 0 0
0.0010416666666666667 -0.33703811339456513 -0.0804595368625066 -0.24127955894853473 0 0 0
0.0010416666666666667 -0.06404237669312336 0.4095864588693249 -0.2505036516600218 0 0 0
0.0010416666666666667 0.48372615673557096 -0.051028958456534594 0.36595426238296225 0 0 0
0.0010416666666666667 -0.34617181739491837 0.07682798034987515 -0.5736255067877303 0 0 0
0.0010416666666666667 -0.3312382635940343 -0.1716015892657286 0.2832793896830437 0 0 0
0.0010416666666666667 0.5118856870679372 -0.0031791003257978525 -0.30639393362828304 0 0 0
0.0010416666666666667 0.2355791595876386 -0.007663845201812484 -0.6159046881406206 0 0 0
0.0010416666666666667 -0.09055799928270668 0.5592867238341106 -0.05079902342736944 0 0 0
0.0010416666666666667 0.4767044595231568 0.165113728528854 0.3923457980230008 0 0 0
0.0010416666666666667 -0.17578537177928097 0.5305421026331159 0.29247722255670827 0 0 0
0.0010416666666666667 -0.37223577143567793 0.4943661130952661 -0.10160634283215005 0 0 0
0.0010416666666666667 -0.06451483693785925 -0.3826614518790473 0.41377314448101227 0 0 0
0.0010416666666666667 -0.32529306439690375 0.19475043035977732 -0.5420165807949547 0 0 0
0.0010416666666666667 -0.08555417095691288 -0.11434880786774676 0.3076165552001893 0 0 0
0.0010416666666666667 -0.5046092645228156 -0.08732721835735087 -0.4462905710032512 0 0 0
0.0010416666666666667 -0.42312506664171085 -0.21802290664798166 0.44609821914650244 0 0 0
0.0010416666666666667 0.023037477373801466 -0.3650353708531292 -0.006323679047087128 0 0 0
0.0010416666666666667 0.05036092829893173 -0.44578627284281747 0.5116761206900701 0 0 0
0.0010416666666666667 0.21636150200098106 -0.22654284494072627 0.10696293086786123 0 0 0
0.0010416666666666667 -0.16111619266629107 -0.5251500764103911 0.2915081003324147 0 0 0
0.0010416666666666667 0.49396913269508563 0.09676147535683402 0.18989719424975685 0 0 0
0.0010416666666666667 0.2050597995567531 -0.006606943471768049 0.5333163143718709 0 0 0
0.0010416666666666667 0.16317527405505716 0.23508390216791686 -0.3888137345202206 0 0 0
0.0010416666666666667 -0.23631099086768326 0.30558927716058404 0.29738768023240225 0 0 0
0.0010416666666666667 -0.07073735601142078 -0.636889298203523 0.2639590234368786 0 0 0
0.0010416666666666667 0.35021104951014487 -0.2620147839870253 -0.4822004701384322 0 0 0
0.0010416666666666667 0.02835193991018578 0.1610923251389394 -0.06613531069080472 0 0 0
0.0010416666666666667 0.43797773391020967 -0.31753530524426354 -0.3604215732228927 0 0 0
0.0010416666666666667 0.01750936025649411 0.6186819011476464 -0.006383363555768966 0 0 0
0.0010416666666666667 -0.30227972022123367 0.06451651422882719 -0.5275589071269161 0 0 0
0.0010416666666666667 -0.052611805289220014 0.36110320328562295 0.5857685181213549 0 0 0
0.0010416666666666667 -0.3508794612799167 -0.18342701982734755 0.19551200474490732 0 0 0
0.0010416666666666667 -0.6070130078414514 0.30721545148307433 0.0762340790308957 0 0 0
0.0010416666666666667 -0.1969655971657658 -0.29551706642594205 -0.42957755578715384 0 0 0
0.0010416666666666667 -0.5327735401631413 0.2931988230225514 -0.24698514470099997 0 0 0
0.0010416666666666667 0.4601959123186666 0.5097135995803584 -0.0690805683927015 0 0 0
0.0010416666666666667 -0.2936027153742672 0.508948913469655 0.015473004333005193 0 0 0
0.0010416666666666667 -0.07769774162863423 0.6526384593356565 0.04961100616541262 0 0 0
0.0010416666666666667 0.15689887551055112 -0.4881664169820841 -0.0028985684905045916 0 0 0
0.0010416666666666667 0.18171178050555017 -0.20612310044779805 -0.3971538734397315 0 0 0
0.0010416666666666667 -0.14946311599595763 0.38338150857513575 0.222383844940246 0 0 0
0.0010416666666666667 -0.3955611469577104 -0.24702044498706577 -0.10288868003230532 0 0 0
0.0010416666666666667 -0.47572339643344197 0.30276980604629644 0.125954398378835 0 0 0
0.0010416666666666667 -0.027999216000653516 -0.5481928892686271 -0.16801428455921125 0 0 0
0.0010416666666666667 -0.12653062122773173 0.04011842997452053 -0.21909266928975812 0 0 0
0.0010416666666666667 0.6229958530738194 -0.03615973629020527 -0.28729846401342596 0 0 0
0.0010416666666666667 0.3620219274251382 -0.2560659229920817 0.06481416768281412 0 0 0
0.0010416666666666667 -0.39856735076875 0.5043242507750711 -0.10433107910337808 0 0 0
0.0010416666666666667 -0.20971531454223621 -0.15449180103035876 0.29845096462883464 0 0 0
0.0010416666666666667 -0.26920426348105575 -0.08064812499433284 -0.485876150117189 0 0 0
0.0010416666666666667 0.22268873065875866 0.23383924059428288 0.07818881316853694 0 0 0
0.0010416666666666667 -0.3391612717470583 -0.1274619080680512 0.3410605562475388 0 0 0
0.0010416666666666667 -0.19028997884236357 -0.5469883130642211 0.21470200839069814 0 0 0
0.0010416666666666667 -0.2962050424853066 -0.056362311290115534 0.17887988602338165 0 0 0
0.0010416666666666667 -0.18610484407175795 -0.2837701622437518 0.3558489974131738 0 0 0
0.0010416666666666667 0.13211442489139263 -0.3092608171227909 0.37129652077886877 0 0 0
0.0010416666666666667 -0.2607178903219141 0.4196102296624868 -0.12455681872310191 0 0 0
0.0010416666666666667 -0.11989168217403502 0.11022406735952643 0.6373022530509985 0 0 0
0.0010416666666666667 0.29541793764691177 -0.11447915213505404 0.02809879342923139 0 0 0
0.0010416666666666667 0.0766302545174912 -0.6083125536329659 0.13952980412035065 0 0 0
0.0010416666666666667 0.004066069947920326 0.3027439341767257 0.1918095805941265 0 0 0
0.0010416666666666667 -0.10941556161309617 0.16256791635537948 0.4328973639547355 0 0 0
0.0010416666666666667 -0.06792861165563463 0.2604154565084339 0.4140153773196082 0 0 0
0.0010416666666666667 -0.20321139841230457 0.3152645901155748 0.09046548528048001 0 0 0
0.0010416666666666667 -0.5660777204694292 0.12144260482710781 -0.042261902373331224 0 0 0
0.0010416666666666667 0.43580155676988136 -0.32258564268776646 -0.34610695996686036 0 0 0
0.0010416666666666667 0.03550227119337866 -0.6427708336663241 -0.00387450406858388 0 0 0
0.0010416666666666667 0.25745036182880177 -0.0917290267024028 0.5683057573789528 0 0 0
0.0010416666666666667 -0.03304574620705059 0.3033627493359895 0.44370499205468233 0 0 0
0.0010416666666666667 -0.3088989505422502 -0.6046780203973511 -0.09659049786619806 0 0 0
0.0010416666666666667 0.42354556959736406 0.08128307607656575 -0.44179774771011016 0 0 0
0.0010416666666666667 -0.28875378145483155 0.405281864986388 -0.03976588771348252 0 0 0
0.0010416666666666667 0.5850724572364165 0.3438941322804962 -0.07566927961289126 0 0 0
0.0010416666666666667 0.45381104541798434 0.029115208724267316 0.5087246059503351 0 0 0
0.0010416666666666667 -0.0026406479488789497 -0.5385630603513849 -0.1251541150063269 0 0 0
0.0010416666666666667 0.5075189966756621 0.10704562231509746 0.032221582559514586 0 0 0
0.0010416666666666667 -0.4680803880475325 -0.14005339081951984 0.26532682507329053 0 0 0
0.0010416666666666667 0.2248001433142764 -0.0863224348846581 0.5786489395935147 0 0 0
0.0010416666666666667 0.4920852569525374 0.23504429800906684 -0.2609756821738455 0 0 0
0.0010416666666666667 0.23159031590799575 -0.4654731624670197 0.2669941519619031 0 0 0
0.0010416666666666667 0.05819639334039994 -0.3388128632514207 0.07414463942764633 0 0 0
0.0010416666666666667 0.46185149159584427 -0.012950791367748836 0.18533269169105254 0 0 0
0.0010416666666666667 0.13393781136331473 -0.5211689001984885 -0.1606607080229293 0 0 0
0.0010416666666666667 0.04852100142227024 0.6737884735096823 0.06840324014434637 0 0 0
0.0010416666666666667 -0.3231636317111636 0.20264380208777613 0.033209876510854955 0 0 0
0.0010416666666666667 -0.3019633001312648 -0.15986760582801987 -0.26331773600483066 0 0 0
0.0010416666666666667 0.18372747857013813 -0.3904378788392725 0.052504911321923635 0 0 0
0.0010416666666666667 0.05515835576474748 0.3049299092259676 -0.11138419847277613 0 0 0
0.0010416666666666667 -0.16395402431719108 -0.273802144770902 0.08845042491889749 0 0 0
0.0010416666666666667 0.2550365381251419 0.26271410253062155 0.45412481983323244 0 0 0
0.0010416666666666667 -0.051714185927661485 -0.22523651818115553 0.5449271228845018 0 0 0
0.0010416666666666667 -0.14029908286942314 -0.6482378883990176 -0.16934118420533426 0 0 0
0.0010416666666666667 -0.061614975233451566 -0.42417050248948535 -0.40343149612412255 0 0 0
0.0010416666666666667 0.14418212892812785 -0.30736284277175907 0.054483030085767395 0 0 0
0.0010416666666666667 -0.2733349183739275 -0.011818159703273911 -0.15005956370090973 0 0 0
0.0010416666666666667 -0.0036926108238070276 -0.5666981928916337 0.001021011676303838 0 0 0
0.0010416666666666667 -0.1817174674643899 -0.08054937085715522 0.5773999640205227 0 0 0
0.0010416666666666667 -0.04552352951086352 -0.46849976779235725 0.47796194006434023 0 0 0
0.0010416666666666667 -0.5228281803330274 -0.115661119815744 0.19966938142314783 0 0 0
0.0010416666666666667 -0.033551052047159316 0.3762766023497713 0.5517661682174645 0 0 0
0.0010416666666666667 0.013415329480750793 -0.337626866592805 0.44905344220470933 0 0 0
0.0010416666666666667 0.08927194445375489 -0.2813479178034503 0.4382708398214031 0 0 0
0.0010416666666666667 -0.37603517366319533 0.14307033588411538 -0.5119513862249858 0 0 0
0.0010416666666666667 0.34043625134639105 -0.5641129849505446 -0.15010102499516234 0 0 0
0.0010416666666666667 -0.19557838110660702 -0.5069801263677699 0.19852544891702859 0 0 0
0.0010416666666666667 -0.5489780674245319 -0.10221602428953001 -0.26613417014080964 0 0 0
0.0010416666666666667 -0.021781964823322043 -0.2944320065900183 -0.3518986263638141 0 0 0
0.0010416666666666667 0.06783552469363731 0.20209856720656372 -0.5210290420447528 0 0 0
0.0010416666666666667 0.2906083247293 0.1959503662697004 -0.013674266358266789 0 0 0
0.0010416666666666667 0.01803394245048854 -0.05718759656172173 -0.5564759289228642 0 0 0
0.0010416666666666667 -0.12076302172058712 -9.653432461170338e-05 -0.352371586476066 0 0 0
0.0010416666666666667 -0.014117198092458405 0.6214416700923069 -0.05790636963997784 0 0 0
0.0010416666666666667 -0.5209469293272798 0.07532166642083736 -0.12348961404996817 0 0 0
0.0010416666666666667 0.5736555927461607 0.03848565862358967 0.27236836034423056 0 0 0
0.0010416666666666667 0.07339091825193801 -0.07279552372881108 -0.09845313478844572 0 0 0
0.0010416666666666667 0.2494982499667227 0.18106413092672194 0.43605630639578047 0 0 0
0.0010416666666666667 0.046291279155355386 -0.17319330304612737 -0.44443019833800607 0 0 0
0.0010416666666666667 -0.6163822358310651 -0.061030743306711994 -0.11282790869282296 0 0 0
0.0010416666666666667 0.4780163454013566 0.2150186788481216 -0.3495293072890539 0 0 0
0.0010416666666666667 -0.07586568299058906 -0.6102264058649524 -0.026462114956221465 0 0 0
0.0010416666666666667 0.350799057503999 0.11638832734011302 -0.018140791165378815 0 0 0
0.0010416666666666667 0.16765957208311383 -0.4018050303116043 -0.16183436844951396 0 0 0
0.0010416666666666667 0.5356942273283355 -0.08607356650261329 0.10808359528672297 0 0 0
0.0010416666666666667 0.44901421395409485 0.4216008149901212 -0.08584777519832627 0 0 0
0.0010416666666666667 -0.35138627872202943 -0.15318940888213947 -0.1337754540368356 0 0 0
0.0010416666666666667 0.13602406634909506 -0.14556770386314039 -0.43000909870994947 0 0 0
0.0010416666666666667 0.02044093134428816 -0.38197225102456445 0.4133977528975439 0 0 0
0.0010416666666666667 -0.45855740795860256 0.023070911159834718 -0.11922576907742959 0 0 0
0.0010416666666666667 0.003146599804594349 0.3742862940399687 -0.17726508538776833 0 0 0
0.0010416666666666667 -0.39544803351286256 -0.08765204578465953 -0.32317010522844486 0 0 0
0.0010416666666666667 -0.609817175600607 -0.06982970331766648 -0.1827907043756448 0 0 0
0.0010416666666666667 0.10551436675512656 -0.34183561586369476 0.5846542826229888 0 0 0
0.0010416666666666667 0.32124232854697243 -0.17332310748603774 0.18690136641405183 0 0 0
0.0010416666666666667 0.12417555609473142 -0.3113933615542283 -0.49717662477530294 0 0 0
0.0010416666666666667 0.024502830276638545 -0.4353555916179282 0.3247512572666482 0 0 0
0.0010416666666666667 0.21629925145498866 0.10759601273103016 -0.5061714526411538 0 0 0
0.0010416666666666667 -0.3168349868710775 -0.0022451108193702876 -0.20522763989214152 0 0 0
0.0010416666666666667 0.406634215396319 0.24786975113570028 0.20660541148387856 0 0 0
0.0010416666666666667 0.2731106300109981 -0.4719515531837836 0.13753580817443523 0 0 0
0.0010416666666666667 0.24781455313212264 0.2379745091761307 -0.25716120927757 0 0 0
0.0010416666666666667 -0.022413833028945798 -0.19423099577367717 0.0020914456058348458 0 0 0
0.0010416666666666667 0.41184987316020544 -0.06826451185523526 -0.2671502078482642 0 0 0
0.0010416666666666667 0.6371978940738939 -0.034994403647326415 -0.013128181932600099 0 0 0
0.0010416666666666667 0.2598718343081027 0.1843626471189656 -0.14531712972246674 0 0 0
0.0010416666666666667 0.1764135617348116 -0.2559512293168526 -0.5663822562970738 0 0 0
0.0010416666666666667 0.4520752097276395 0.46966217835180024 0.17672297540669618 0 0 0
0.0010416666666666667 -0.4985051501697049 0.33070490308263206 0.056825911826080044 0 0 0
0.0010416666666666667 -0.40075387590810735 0.05370420773236594 -0.3044041425879241 0 0 0
0.0010416666666666667 0.36720104758943933 -0.3521567962300673 -0.17681683583594912 0 0 0
0.0010416666666666667 0.5060264547415608 0.4127640364763325 0.20713561570011976 0 0 0
0.0010416666666666667 -0.040094578658119766 0.5282372719734961 0.3040453910427286 0 0 0
0.0010416666666666667 0.22060510040588724 0.6005736786416933 -0.09958869317402726 0 0 0
0.0010416666666666667 0.034819361283860796 -0.034679909704501626 -0.3594614990081237 0 0 0
0.0010416666666666667 0.16119727487700872 0.22547230341444074 0.3019938811021936 0 0 0
0.0010416666666666667 0.03656579339164026 0.457629892032798 -0.4110617071170628 0 0 0
0.0010416666666666667 -0.24580845001534848 -0.030975878992267926 0.22400404266446594 0 0 0
0.0010416666666666667 0.5440803047473624 0.07797929314397362 0.16789029076713505 0 0 0
0.0010416666666666667 -0.049946371241281415 -0.12769647901405629 -0.14731808083491224 0 0 0
0.0010416666666666667 0.39629175387288323 -0.20702177622198187 -0.4844914368018882 0 0 0
0.0010416666666666667 0.038293548779669166 0.6007913441938235 0.05287791455369188 0 0 0
0.0010416666666666667 -0.045966289975725806 0.3493610337184043 -0.49769785514390835 0 0 0
0.0010416666666666667 0.21362427119274485 0.3249072201917821 -0.29299146175026397 0 0 0
0.0010416666666666667 0.09891495742782042 -0.5717157218399758 -0.23370352770815692 0 0 0
0.0010416666666666667 0.125213424952527 0.1788121434511924 -0.032907403001010985 0 0 0
0.0010416666666666667 0.07858014856067498 0.3982936708996148 -0.3849639047343122 0 0 0
0.0010416666666666667 0.3943285433434393 -0.4403447733732923 0.2740580931767297 0 0 0
0.0010416666666666667 0.5475219784718154 0.008550193270509633 -0.05362491854578834 0 0 0
0.0010416666666666667 -0.585624490033902 -0.2754103753368792 -0.218289687322919 0 0 0
0.0010416666666666667 -0.48435730239919017 0.398130711850198 -0.1529801290461191 0 0 0
0.0010416666666666667 0.2371625971192354 0.12530304028716166 0.4957557401428598 0 0 0
0.0010416666666666667 -0.15706864344906424 0.3014701038536052 -0.3167288831081276 0 0 0
0.0010416666666666667 0.3870318445412152 -0.2523893416639683 0.04528753213559521 0 0 0
0.0010416666666666667 0.5514563214310088 0.17209379600818814 0.05040253511898904 0 0 0
0.0010416666666666667 0.09493597287152389 -0.3660606483759187 -0.14937828191176686 0 0 0
0.0010416666666666667 0.04809970069421764 0.48576453096919214 -0.4629721592647228 0 0 0
0.0010416666666666667 0.3911129883785176 0.18623141519193895 0.528416185392982 0 0 0
0.0010416666666666667 -0.19965016685569803 0.11652888076047616 -0.18048082652926192 0 0 0
0.0010416666666666667 0.016251461379488946 0.06958257580589235 0.21160465107355345 0 0 0
0.0010416666666666667 0.4136084586225068 0.289101677135909 0.4381292593670819 0 0 0
0.0010416666666666667 -0.5068631812974542 0.38284002082131313 -0.010683767198689081 0 0 0
0.0010416666666666667 0.3430845492841468 0.56947748336581 0.07071955044428922 0 0 0
0.0010416666666666667 0.03747441901895631 -0.44571263008510814 -0.19157013330475636 0 0 0
0.0010416666666666667 -0.5434043603043875 -0.18346634861138633 0.10604566598016 0 0 0
0.0010416666666666667 -0.3950257312908756 0.2794496995535005 -0.028049537009327156 0 0 0
0.0010416666666666667 -0.3238556218273235 -0.1522553929804359 0.38222613062794064 0 0 0
0.0010416666666666667 -0.05611844968561353 -0.00776724322664782 0.23624453687786437 0 0 0
0.0010416666666666667 0.00747469843892784 -0.43469762102264675 -0.3720637173308852 0 0 0
0.0010416666666666667 -0.05973608655745073 -0.5428276100428309 0.20420365421654083 0 0 0
0.0010416666666666667 0.5669444671533352 0.09064372580632278 0.2087748940949936 0 0 0
0.0010416666666666667 -0.4553004680541095 0.3914862507190095 -0.10663786240636716 0 0 0
0.0010416666666666667 -0.05166091905526437 0.07940992517314911 -0.19326258215651693 0 0 0
0.0010416666666666667 0.6111891549058961 0.02733060120666049 0.158263848084627 0 0 0
0.0010416666666666667 0.4978198173312506 -0.3708583408802784 -0.02481479353149354 0 0 0
0.0010416666666666667 0.30881546195411824 -0.01822701144436747 -0.2775522379404607 0 0 0
0.0010416666666666667 0.2662635042304129 0.4189782861003381 0.3333380473025254 0 0 0
0.0010416666666666667 -0.2746516997625148 -0.12926500209645542 -0.1728816007634639 0 0 0
0.0010416666666666667 0.26912023313781036 0.20163655425266336 -0.3005254843040174 0 0 0
0.0010416666666666667 0.2872524945087925 0.236462056297945 -0.4464596248731534 0 0 0
0.0010416666666666667 -0.15195737918145216 0.3038981503535103 0.04650007921295498 0 0 0
0.0010416666666666667 -0.301877911611996 0.5548367360732902 0.22888620340779936 0 0 0
0.0010416666666666667 0.11720153772826922 0.15182198678964018 -0.25975057039425414 0 0 0
0.0010416666666666667 -0.08480624316767162 0.16417453424715586 0.5744253882473288 0 0 0
0.0010416666666666667 0.20003713265302944 0.21557226589979228 0.21302324466960798 0 0 0
0.0010416666666666667 -0.06751099810518159 0.24620939655530172 0.11785907061582672 0 0 0
0.0010416666666666667 0.03961447510207717 0.17031155309914714 -0.4382760980931038 0 0 0
0.0010416666666666667 0.2118825391162222 0.16947128830428512 0.1873105659684724 0 0 0
0.0010416666666666667 -0.3666948340723917 -0.3308178202235083 -0.40253086664240784 0 0 0
0.0010416666666666667 -0.3201707731321224 0.0738088604065376 -0.2373821812009815 0 0 0
0.0010416666666666667 -0.04008103290814581 0.3936315379851924 0.5246143519186955 0 0 0
0.0010416666666666667 0.4545907865278062 0.4263786179736735 -0.14149795895117995 0 0 0
0.0010416666666666667 -0.38015272344901585 0.4639482776409887 -0.08971503113896821 0 0 0
0.0010416666666666667 -0.02476284126066463 0.35195945384444915 0.3130210394207669 0 0 0
0.0010416666666666667 0.08195461857870459 -0.08043593441002017 0.49006249537722624 0 0 0
0.0010416666666666667 0.13433418560507657 -0.0348140333993246 0.1829856259131376 0 0 0
0.0010416666666666667 -0.19235312038976926 -0.2380937527251987 0.23392697347827654 0 0 0
0.0010416666666666667 -0.15349028546777738 0.17249696678177448 0.2338675891770424 0 0 0
0.0010416666666666667 0.4542021266494828 0.3595028438126477 0.27834484131273074 0 0 0
0.0010416666666666667 0.2718521493892587 -0.10519058381247695 0.22447048623281457 0 0 0
0.0010416666666666667 0.15406707936725667 0.386782220111855 0.36179527616604185 0 0 0
0.0010416666666666667 -0.5576090202501218 -0.19851822371606243 -0.04884594555778744 0 0 0
0.0010416666666666667 -0.4381935460257298 0.20115723982623082 -0.038721868944591654 0 0 0
0.0010416666666666667 0.11597370178743262 0.06347385784413187 -0.47644572668815277 0 0 0
0.0010416666666666667 0.049280251892939136 -0.4976663614014544 -0.0021309815270668503 0 0 0
0.0010416666666666667 0.5639019262811596 -0.173941050752139 0.15605612568141164 0 0 0
0.0010416666666666667 0.08018120344511916 0.2622024571993287 0.6097096889942781 0 0 0
0.0010416666666666667 0.34692554448810836 -0.2980389014821575 0.3913459050668478 0 0 0
0.0010416666666666667 -0.32130942012720104 -0.25493609681142965 0.26773112408680105 0 0 0
0.0010416666666666667 -0.10657735250937261 -0.034355071434223054 -0.14473723138159889 0 0 0
0.0010416666666666667 0.5272423391343969 0.20906350715986816 0.08904065577030382 0 0 0
0.0010416666666666667 0.12889937984994337 -0.2674837503168456 0.23718369106446197 0 0 0
0.0010416666666666667 -0.2616011191013244 0.36272474978184954 -0.10393191328407744 0 0 0
0.0010416666666666667 0.4981003590547142 0.13980099625019946 -0.05629042695271489 0 0 0
0.0010416666666666667 -0.47533896241085016 0.250810271539738 -0.34588223360929166 0 0 0
0.0010416666666666667 -0.39198501373434885 -0.4896336009797176 0.08543796699101697 0 0 0
0.0010416666666666667 -0.18929133124703582 0.19723194463407606 0.1119604316534341 0 0 0
0.0010416666666666667 -0.14981744713967768 0.20184761217421493 0.4623456241505424 0 0 0
0.0010416666666666667 -0.48969999426755073 -0.213826347332322 -0.2826089385952606 0 0 0
0.0010416666666666667 -0.04925338324186907 0.31179557307399697 0.42481098126687494 0 0 0
0.0010416666666666667 -0.04471338460569936 0.5546865397663986 0.3553468069774105 0 0 0
0.0010416666666666667 0.4386268447913259 -0.4230680957787772 -0.17001132063415195 0 0 0
0.0010416666666666667 0.35056056670766483 0.046697307192343024 0.06901886426635066 0 0 0
0.0010416666666666667 0.3636658948701499 -0.21143810925820797 -0.1957259186141028 0 0 0
0.0010416666666666667 0.5057018480208946 -0.09983397415708349 -0.1913754431292132 0 0 0
0.0010416666666666667 -0.3134100576063567 -0.04296522992911741 0.4312284666703543 0 0 0
0.0010416666666666667 -0.2870734846632698 -0.38473489863038685 -0.1935798327794326 0 0 0
0.0010416666666666667 0.41017096271673026 -0.48970000393705165 0.05173505994373355 0 0 0
0.0010416666666666667 -0.13558756469090275 0.24236495549412398 0.00453683086700055 0 0 0
0.0010416666666666667 0.029135028869838812 -0.22573539525473005 0.13262006613911667 0 0 0
0.0010416666666666667 -0.5752678569545893 -0.0085838187144502 -0.16180621608993326 0 0 0
0.0010416666666666667 0.44458360786282775 -0.09132018821383117 -0.3656104909477708 0 0 0
0.0010416666666666667 0.05418835917991168 0.669978898522491 -0.04071464158175803 0 0 0
0.0010416666666666667 0.66661353048941 -0.004760085026270248 -0.03117735800830175 0 0 0
0.0010416666666666667 0.233110807490943 0.13965943698984817 0.4600301762548877 0 0 0
0.0010416666666666667 -0.2184671516931302 -0.20260996119455993 -0.49478127176255393 0 0 0
0.0010416666666666667 -0.36428975841014444 -0.4549406116504272 -0.10841390366705425 0 0 0
0.0010416666666666667 0.23910339390860366 0.12923699313277956 0.17748817068385453 0 0 0
0.0010416666666666667 0.3481756878947341 -0.08536433977254951 0.3978099013870567 0 0 0
0.0010416666666666667 0.21305756601414821 -0.010228027140510333 -0.20757385133178816 0 0 0
0.0010416666666666667 -0.11971270827523826 0.402744014142863 -0.3996764885281046 0 0 0
0.0010416666666666667 0.04810109987895262 -0.020498539448302145 0.03643340282683575 0 0 0
0.0010416666666666667 -0.2301063011316726 -0.32327509127619347 -0.28886797965964905 0 0 0
0.0010416666666666667 -0.258082117251825 0.15965619731139757 0.583698128973816 0 0 0
0.0010416666666666667 -0.05630602365900256 0.168767684709905 -0.30485116130812545 0 0 0
0.0010416666666666667 -0.0022394310521569394 -0.05000668703444129 0.12476212783574554 0 0 0
0.0010416666666666667 0.33351611256626634 -0.10499540488008234 0.5581847011080746 0 0 0
0.0010416666666666667 0.5576899043533127 0.15191996208127231 -0.18220708344698952 0 0 0
0.0010416666666666667 0.5802665153577308 -0.04191383557030932 -0.0061686578508912595 0 0 0
0.0010416666666666667 0.37730608792442766 0.44430064621710236 0.11104630073626383 0 0 0
0.0010416666666666667 -0.49170381868582513 0.04420489494887263 -0.44804908787600906 0 0 0
0.0010416666666666667 0.24055423353081817 -0.2161934386215404 -0.0019872201853314204 0 0 0
0.0010416666666666667 -0.5272334125915638 0.1021820570580428 -0.40858881897257987 0 0 0
0.0010416666666666667 0.24097255220091382 -0.3199213160663595 -0.13168278949561774 0 0 0
0.0010416666666666667 0.281415107653816 0.28143459046023567 0.30635161972424013 0 0 0
0.0010416666666666667 -0.28186191906767527 0.23723008034190057 0.5429991133847151 0 0 0
0.0010416666666666667 -0.2788172234797145 -0.4334570851950134 -0.14093158836560538 0 0 0
0.0010416666666666667 -0.5095175674025804 -0.26386641124929117 0.1199232591719855 0 0 0
0.0010416666666666667 0.6307183163068638 -0.18005349179396088 -0.17697711285225634 0 0 0
0.0010416666666666667 0.399695539449995 0.1415643304731483 0.01356692678215963 0 0 0
0.0010416666666666667 0.11760916467529042 0.21421893469738432 -0.38459671843886084 0 0 0
0.0010416666666666667 -0.3095377845789801 0.14477264116383667 0.03824959089875908 0 0 0
0.0010416666666666667 -0.015252420914183402 0.15308098824337366 0.03085643130656016 0 0 0
0.0010416666666666667 0.3541294992186615 -0.34935619752440356 0.2581449850164806 0 0 0
0.0010416666666666667 -0.5060666844615822 0.2759608975331842 0.20170578163194014 0 0 0
0.0010416666666666667 0.1045361228988485 0.5982714726886683 0.0894372801989804 0 0 0
0.0010416666666666667 0.14522563262409263 0.16212938159065365 -0.4662766569669203 0 0 0
0.0010416666666666667 0.22690333679811756 0.19271882189061834 0.6158791529106366 0 0 0
0.0010416666666666667 0.4635794862915019 -0.41874529325902415 -0.1003156666065243 0 0 0
0.0010416666666666667 -0.2623102012288911 -0.13445248181683248 0.18047088199670921 0 0 0
0.0010416666666666667 -0.47817820175420384 -0.3529689524517059 0.10088236288344042 0 0 0
0.0010416666666666667 -0.37253215990330313 -0.18627111525055418 -0.16283711358106534 0 0 0
0.0010416666666666667 0.22541804225148165 0.42703354571738295 -0.4644285056915629 0 0 0
0.0010416666666666667 -0.04514533677835394 -0.2835871815142915 -0.2096954349792121 0 0 0
0.0010416666666666667 0.5098657396537111 -0.11126783913669902 -0.11370140981866289 0 0 0
0.0010416666666666667 0.029182563676878333 -0.49180855992139827 -0.07415709054236008 0 0 0
0.0010416666666666667 0.31758575952871454 0.5706499032235323 0.060314849319745435 0 0 0
0.0010416666666666667 0.3507740801406652 0.45637887834570157 -0.3392918805832994 0 0 0
0.0010416666666666667 -0.2478993007962469 0.341219175465771 -0.48961311080531517 0 0 0
0.0010416666666666667 -0.12604601944052643 0.01909652629583692 -0.2082383186638438 0 0 0
0.0010416666666666667 -0.19883006704589679 -0.054274164768928754 0.5237196326218674 0 0 0
0.0010416666666666667 -0.12121286664292646 -0.24715778051537582 -0.03085481179377403 0 0 0
0.0010416666666666667 -0.2468423446248003 0.329235940168374 0.497025999989021 0 0 0
0.0010416666666666667 -0.18321759681033942 0.34445481580561205 -0.21765238279074775 0 0 0
0.0010416666666666667 -0.22487428850538865 0.22937988221597622 -0.594759064284388 0 0 0
0.0010416666666666667 -0.4538720858601551 0.07725918273778123 -0.21307042114923805 0 0 0
0.0010416666666666667 0.2943776270445803 -0.1538183079143717 0.1266877865383712 0 0 0
0.0010416666666666667 0.07267194892776122 0.21464531100683154 0.5833057144343577 0 0 0
0.0010416666666666667 0.46253775811755027 -0.07625684599671573 -0.09743134072020679 0 0 0
0.0010416666666666667 0.26328516745559405 0.023557675226110894 -0.5770089065704224 0 0 0
0.0010416666666666667 -0.042439740473870335 -0.2995112445254898 -0.10231620986166898 0 0 0
0.0010416666666666667 0.4065755863520485 -0.15689657287320466 -0.3481719165380511 0 0 0
0.0010416666666666667 -0.14708504341536718 -0.10743595921952531 0.2874924914604438 0 0 0
0.0010416666666666667 0.18162071462261237 0.571747944003932 0.11635958999353377 0 0 0
0.0010416666666666667 0.4132264039051293 -0.15766163967886188 -0.4277720131480182 0 0 0
0.0010416666666666667 0.2545082946357442 -0.1667128138109799 0.38606900209185885 0 0 0
0.0010416666666666667 -0.1504316551240461 -0.2566080358563078 -0.11490111319747141 0 0 0
0.0010416666666666667 -0.5878108731443139 -0.08080348275327542 -0.007829766698604131 0 0 0
0.0010416666666666667 0.21288787368248274 -0.5138652191329472 -0.05683325049279455 0 0 0
0.0010416666666666667 -0.2494919033229906 -0.34441308816809263 -0.3148081644947343 0 0 0
0.0010416666666666667 -0.2478407294042871 0.31736979503280055 0.27122820814091214 0 0 0
0.0010416666666666667 0.08745340008924303 -0.21211550596548165 -0.6256672572353003 0 0 0
0.0010416666666666667 -0.5630036007159316 0.017929102049415474 -0.25146515323233104 0 0 0
0.0010416666666666667 -0.03764418627976056 0.33254928605927364 0.43514860180705645 0 0 0
0.0010416666666666667 -0.4557092332671554 -0.004637520937949269 0.4281938060662069 0 0 0
0.0010416666666666667 0.12620192828023824 -0.3367286507330262 0.23247834839008574 0 0 0
0.0010416666666666667 0.35751572500896195 0.3547766585404596 0.09162865114021743 0 0 0
0.0010416666666666667 0.6397411327648282 -0.031232616937409516 0.0791905458735065 0 0 0
0.0010416666666666667 -0.0682778752486522 -0.554144135867428 0.3294273255413233 0 0 0
0.0010416666666666667 0.5362444301292245 0.28350754850498555 -0.2471585381713651 0 0 0
0.0010416666666666667 0.12931810719896727 -0.2048185965652852 -0.15936135083553155 0 0 0
0.0010416666666666667 0.031830600305748 -0.3232105756436037 0.24891402307182284 0 0 0
0.0010416666666666667 -0.28940145129750744 -0.17990309048833064 -0.48809164277254463 0 0 0
0.0010416666666666667 0.13977818646180498 -0.6753287620810071 -0.05114213872975414 0 0 0
0.0010416666666666667 -0.3026747520484225 -0.5432923996624726 0.10114174811336789 0 0 0
0.0010416666666666667 0.040567825405758914 0.5615072590528271 0.22957429832674922 0 0 0
0.0010416666666666667 0.03694322176038798 -0.438373992107059 0.17603657472703574 0 0 0
0.0010416666666666667 0.041311227886503925 0.5210996389186808 -0.13390446721725952 0 0 0
0.0010416666666666667 -0.3999054034662763 0.11336341279799426 -0.3506360902934297 0 0 0
0.0010416666666666667 0.13241935867718413 -0.34745984102232225 0.38313137150079235 0 0 0
0.0010416666666666667 -0.12119553423437357 -0.36998266300464555 -0.5539414896474301 0 0 0
0.0010416666666666667 -0.14901780717844573 -0.264468638525219 -0.2795379950625615 0 0 0
0.0010416666666666667 -0.3080448411879136 0.36749338741838483 0.0627207420422478 0 0 0
0.0010416666666666667 0.17206702133912344 -0.014041985487117317 0.1826162387400008 0 0 0
0.0010416666666666667 -0.04772434472771292 0.044180336879715544 -0.19431238207717438 0 0 0
0.0010416666666666667 0.34947080019508636 -0.5932036346379104 0.07541027722206768 0 0 0
0.0010416666666666667 0.3472339163294843 -0.4751678787996183 0.1217652828798576 0 0 0
0.0010416666666666667 -0.15326226556403488 0.00037125803119117417 0.35525699872678324 0 0 0
0.0010416666666666667 -0.23542558370854927 0.13256836289706375 0.29749517343808785 0 0 0
0.0010416666666666667 -0.4846313494427659 0.24857966590508204 0.09044329196553791 0 0 0
0.0010416666666666667 0.3007088002978596 0.09581628527749331 0.5090035134390742 0 0 0
0.0010416666666666667 0.1915787624229324 0.19934128512294574 -0.23253412859367298 0 0 0
0.0010416666666666667 0.3126310543497564 -0.38772498195044364 0.2664083224171903 0 0 0
0.0010416666666666667 -0.37318983842524356 0.31458243105452 -0.37054176289719126 0 0 0
0.0010416666666666667 0.122308256838734 -0.01350092682712724 0.27288078643266006 0 0 0
0.0010416666666666667 -0.12379353355339288 -0.5555670387858035 0.17414737978378225 0 0 0
0.0010416666666666667 0.20553431534606986 -0.07923856515006186 0.2221253686939918 0 0 0
0.0010416666666666667 0.11292466172866145 0.3299279747946922 -0.41640987056273043 0 0 0
0.0010416666666666667 0.4836313416280001 -0.09699612533967861 0.3469234639591837 0 0 0
0.0010416666666666667 -0.07760237864321608 -0.3417736450715644 0.4116631404269616 0 0 0
0.0010416666666666667 0.39641498758492405 -0.2969293987950223 -0.11884866119353786 0 0 0
0.0010416666666666667 0.3714791366814286 -0.5028203437999583 -0.2486739612173411 0 0 0
0.0010416666666666667 0.17657018766286625 0.011315072000982723 0.5235649184491622 0 0 0
0.0010416666666666667 -0.15372254733132326 0.04953927616020909 0.48192605250062365 0 0 0
0.0010416666666666667 -0.05317892652296965 0.07030204025110139 0.30148726733647313 0 0 0
0.0010416666666666667 -0.15008333586115388 0.0743920207307487 0.25326093926196275 0 0 0
0.0010416666666666667 -0.29850479291517334 -0.21024200032457582 -0.5775311561964556 0 0 0
0.0010416666666666667 0.24753556067208043 0.1152998380012406 0.6193831354890035 0 0 0
0.0010416666666666667 -0.13897050760512022 -0.3339134715765601 0.23099894579736086 0 0 0
0.0010416666666666667 0.4950480980999301 -0.35319569346524304 0.21421799107610745 0 0 0
0.0010416666666666667 -0.462253945131019 0.313962842658765 -0.11738780549909951 0 0 0
0.0010416666666666667 -0.21557164020564307 0.07610264515549602 0.4424933308377352 0 0 0
0.0010416666666666667 0.38310510667424724 0.25426673067361644 0.09720589811052488 0 0 0
0.0010416666666666667 -0.36736523530569914 -0.3139535888331592 -0.142137828781207 0 0 0
0.0010416666666666667 -0.014919563936709897 -0.24552543976495028 0.5487617610541221 0 0 0
0.0010416666666666667 0.046664060081265515 -0.16276675929074025 0.03770866463793691 0 0 0
0.0010416666666666667 -0.022218631976102247 0.558553568887049 0.22594266853235667 0 0 0
0.0010416666666666667 0.10611517521256787 0.26615052846999304 0.4620075824165323 0 0 0
0.0010416666666666667 -0.33673437148782703 -0.5069107937455319 0.0807450086438917 0 0 0
0.0010416666666666667 0.025525521620817303 0.029171981193675273 -0.6644897640425853 0 0 0
0.0010416666666666667 -0.25385985553159307 0.299330256345827 -0.17717454011077471 0 0 0
0.0010416666666666667 0.38447248402672995 -0.45576738640411174 -0.29490939389174875 0 0 0
0.0010416666666666667 0.04519770983966671 -0.39674269721246724 0.31941690414432106 0 0 0
0.0010416666666666667 0.22076476267108902 0.3732171774647192 -0.03207523814807643 0 0 0
0.0010416666666666667 0.2893384845004351 -0.46765985151781425 0.3097269866160017 0 0 0
0.0010416666666666667 0.15856848559801864 -0.021391853123697867 -0.4485423661116238 0 0 0
0.0010416666666666667 0.3466271177934853 0.08135802819083852 -0.32507318424081405 0 0 0
0.0010416666666666667 0.5755067752986778 0.17700881241666108 -0.0865321571550618 0 0 0
0.0010416666666666667 -0.17235931981237676 -0.09192814395780188 -0.06224125331690675 0 0 0
0.0010416666666666667 0.15617156081674238 -0.06703402338707104 -0.3119387542787547 0 0 0
0.0010416666666666667 -0.3788319800640856 0.39974564804329127 -0.15442510849080396 0 0 0
0.0010416666666666667 -0.2330264875028652 -0.14400656063448114 -0.35828340386216695 0 0 0
0.0010416666666666667 0.2581835289188988 -0.41472338311962 -0.14335706067114595 0 0 0
0.0010416666666666667 -0.4293982598363947 -0.2679358122441901 -0.2582373974854566 0 0 0
0.0010416666666666667 0.13887463796206434 -0.04534376689299174 -0.48884283511006543 0 0 0
0.0010416666666666667 0.38083182549097716 0.3216563006465081 -0.43294817624997006 0 0 0
0.0010416666666666667 -0.15655544783404005 0.3242815838788902 -0.0650537720512152 0 0 0
0.0010416666666666667 -0.09983138639407046 -0.32650132280445443 0.5900002652725684 0 0 0
0.0010416666666666667 0.24378606790223423 0.5246186870245472 0.26961574620009493 0 0 0
0.0010416666666666667 -0.2648575969736458 0.23579074223285737 -0.4683253992298463 0 0 0
0.0010416666666666667 0.3066010902885966 -0.5661881679184415 -0.05524659188212068 0 0 0
0.0010416666666666667 -0.1976117845472075 -0.13065452718280524 -0.2080264964644289 0 0 0
0.0010416666666666667 0.010570100329339836 0.04201621793301794 -0.004391479016189176 0 0 0
0.0010416666666666667 0.17604079847009182 -0.4524145015892757 0.34006955296264346 0 0 0
0.0010416666666666667 -0.3355320988902998 0.01910264092826239 0.3121063114859023 0 0 0
0.0010416666666666667 0.36853034712465715 0.12668445444593096 -0.07553760765472872 0 0 0
0.0010416666666666667 0.19659410389858767 -0.3542585638243672 -0.55980070950071 0 0 0
0.0010416666666666667 -0.4152373737628352 -0.08771967705907577 0.12318899194153585 0 0 0
0.0010416666666666667 0.1695278056896335 0.24000135297899264 0.5645796250954643 0 0 0
0.0010416666666666667 -0.08079482856713696 0.1419860540275061 0.2004921813336127 0 0 0
0.0010416666666666667 0.3030696982856991 0.29880955174311147 -0.17213166795112106 0 0 0
0.0010416666666666667 0.40317562553730735 -0.11718491497093222 -0.0701945960722969 0 0 0
0.0010416666666666667 -0.4478045367465078 0.10133276551301072 0.36324391583354165 0 0 0
0.0010416666666666667 0.026491372702063466 0.09252679337620914 -0.10068130643068095 0 0 0
0.0010416666666666667 -0.05332278439699919 0.6003606588103769 0.19994438099232656 0 0 0
0.0010416666666666667 -0.5296654424662469 0.04360997352818968 -0.381832206776701 0 0 0
0.0010416666666666667 -0.07795400744300811 -0.5540526721122009 0.18421304613151526 0 0 0
0.0010416666666666667 0.006721603248253945 -0.19768798266356968 0.1172175530750769 0 0 0
0.0010416666666666667 0.10213284862507281 0.5088161012005903 -0.34809672883051557 0 0 0
0.0010416666666666667 -0.1978496923235965 0.014975598179862647 0.446234673729121 0 0 0
0.0010416666666666667 0.16598161858638977 0.08574885707034029 0.16409318439798432 0 0 0
0.0010416666666666667 0.20426688470368867 0.5858055355182235 -0.14233017849772767 0 0 0
0.0010416666666666667 0.11588724421150813 -0.4583266614674692 -0.13648076162131767 0 0 0
0.0010416666666666667 0.5060865212346972 0.004657025666155085 -0.013851932636830006 0 0 0
0.0010416666666666667 -0.26452077556653986 -0.2180663129498556 0.5810583475014962 0 0 0
0.0010416666666666667 0.39974756022407215 0.16819545978510728 0.4648746361148673 0 0 0
0.0010416666666666667 0.5210547793769434 -0.05128497723183408 -0.4478613435053541 0 0 0
0.0010416666666666667 -0.20702991388851147 0.11770812444442418 -0.05441902082225995 0 0 0
0.0010416666666666667 0.5140551865931456 -0.45410669838460777 0.08793832282211046 0 0 0
0.0010416666666666667 -0.3704842275948042 0.1490292732289523 -0.4835442022289403 0 0 0
0.0010416666666666667 -0.32136474216573596 -0.4695748708933339 -0.2322119017266239 0 0 0
0.0010416666666666667 -0.3322505129694418 0.4202834569459582 0.1987397191335908 0 0 0
0.0010416666666666667 -0.19079578415980042 -0.42112799777163307 -0.4938098923071815 0 0 0
0.0010416666666666667 -0.2663554298078759 0.2912137154830639 0.5691424314397883 0 0 0
0.0010416666666666667 0.5741220496120069 0.006106973903298897 -0.384606323378586 0 0 0
0.0010416666666666667 0.5196921718186945 -0.18394291935332294 0.33159875481560985 0 0 0
0.0010416666666666667 -0.164407382103966 0.0010560219711722861 0.4568178083225917 0 0 0
0.0010416666666666667 -0.022958415139207284 -0.03648828476573954 -0.3121275169368487 0 0 0
0.0010416666666666667 -0.027361841743274155 -0.12838671476583235 -0.2159537821758412 0 0 0
0.0010416666666666667 0.0026966779556195485 0.2485821584513952 -0.44418105740624136 0 0 0
0.0010416666666666667 0.41307800797110894 0.3757457274053895 0.23716892669052472 0 0 0
0.0010416666666666667 0.3662351625750782 -0.4617117179345783 -0.32121979237905224 0 0 0
0.0010416666666666667 -0.379756413878896 0.2946588494464298 -0.13064822588900912 0 0 0
0.0010416666666666667 0.2974578788803481 0.1269755709851134 0.46823887737233205 0 0 0
0.0010416666666666667 -0.2548002553815181 0.18267533764028143 0.4445059417109582 0 0 0
0.0010416666666666667 0.08926941685781291 -0.2317934858544204 0.5185977858287989 0 0 0
0.0010416666666666667 -0.3620950687558491 0.03909493327138929 -0.5233963759170034 0 0 0
0.0010416666666666667 -0.10308379198058366 -0.27979449951410257 -0.5276899764850159 0 0 0
0.0010416666666666667 -0.02763413087367023 -0.23249533791834623 -0.06041855102083308 0 0 0
0.0010416666666666667 -0.44507969488982596 -0.4477674321757106 -0.06731837253021919 0 0 0
0.0010416666666666667 -0.24148709160914072 0.17752409201908542 -0.4376644199383414 0 0 0
0.0010416666666666667 -0.3433977636487766 0.0857065892075115 -0.4426170964328682 0 0 0
0.0010416666666666667 0.5106220705601296 0.24064909095464812 0.3879071848214623 0 0 0
0.0010416666666666667 0.3673074822362462 -0.1678790797877314 0.2982861408863311 0 0 0
0.0010416666666666667 0.49458295737909913 -0.18343498629804247 -0.3412068503599789 0 0 0
0.0010416666666666667 -0.18769041512919915 -0.007211276012009792 0.07430011726097893 0 0 0
0.0010416666666666667 0.19380921309074362 -0.1261859237455488 -0.2270004832490744 0 0 0
0.0010416666666666667 -0.2340736440599907 0.11149263430485899 0.48196384325841357 0 0 0
0.0010416666666666667 -0.05629184062728784 -0.13058204277394828 0.3731627853030587 0 0 0
0.0010416666666666667 -0.1696634184012363 0.5906985041721841 0.07098760548276309 0 0 0
0.0010416666666666667 -0.17387468251469945 0.09760667315151036 -0.23670409328564201 0 0 0
0.0010416666666666667 -0.09802132647217876 -0.10802998374248846 -0.6734156862478027 0 0 0
0.0010416666666666667 0.12218652929604128 -0.40410299705408487 -0.11508757397988979 0 0 0
0.0010416666666666667 -0.2669709494297801 -0.1228929160244094 0.6120781163929074 0 0 0
0.0010416666666666667 -0.1537328959529702 0.10742433058087106 0.6191853255212955 0 0 0
0.0010416666666666667 -0.2141671718630957 0.41723103559115743 0.4875124931687391 0 0 0
0.0010416666666666667 -0.005285151816983308 0.09906142739087094 0.17796002696550642 0 0 0
0.0010416666666666667 0.3151791690147042 0.21735663717550727 -0.04692297439379702 0 0 0
0.0010416666666666667 0.08677716233417601 0.5568505367295051 0.1072963548284131 0 0 0
0.0010416666666666667 -0.5361929854229981 -0.06312086773937778 -0.018488976832184777 0 0 0
0.0010416666666666667 -0.13997495691787043 -0.4645833986381051 -0.0801944995243506 0 0 0
0.0010416666666666667 0.048508808356864774 0.4519792771906224 0.31180033359748477 0 0 0
0.0010416666666666667 -0.12657420118614515 0.4228738608099733 0.441957797700115 0 0 0
0.0010416666666666667 -0.22078200677291931 0.20640585702794534 0.6049788607918175 0 0 0
0.0010416666666666667 -0.12817556182591228 -0.0993412394096846 0.5260896560787865 0 0 0
0.0010416666666666667 0.5350513531906606 0.018772489025724863 0.38254337277344613 0 0 0
0.0010416666666666667 -0.33130865500542034 0.1305188549832773 -0.18503480596011357 0 0 0
0.0010416666666666667 -0.04157213650142915 -0.2792783395631636 -0.10935079402775355 0 0 0
0.0010416666666666667 0.348553801184127 -0.07936035029011956 -0.12567952296078994 0 0 0
0.0010416666666666667 -0.5158546775166927 -0.35532886428369165 -0.1910850240864432 0 0 0
0.0010416666666666667 0.018884703796477515 0.5912531479285871 0.10059510776045832 0 0 0
0.0010416666666666667 -0.28093561750860835 -0.42707465877970424 -0.16562939020638298 0 0 0
0.0010416666666666667 0.19780039024740256 -0.38111387428740745 -0.5318285078833263 0 0 0
0.0010416666666666667 0.09979721478373105 -0.5036398590177101 -0.44730261859840587 0 0 0
0.0010416666666666667 0.430302653117674 0.06883976764523764 -0.34893434170445325 0 0 0
0.0010416666666666667 0.09423573610594309 0.38342243162046535 0.2108272759390676 0 0 0
0.0010416666666666667 0.3103142954909253 0.2792299372385 -0.03818981742287287 0 0 0
0.0010416666666666667 0.2235946638215843 0.4903691430490046 -0.3796923574908658 0 0 0
0.0010416666666666667 -0.03327505873331434 -0.5950502711577909 0.26408594811483793 0 0 0
0.0010416666666666667 -0.4342847423594596 0.1638170848936123 0.2804166983615227 0 0 0
0.0010416666666666667 0.2825174068541137 -0.05234429867346012 0.03722835269870939 0 0 0
0.0010416666666666667 0.3839380241924093 0.019576684338786718 -0.14474050430981122 0 0 0
0.0010416666666666667 0.561177095295142 0.40055373476416317 0.05725063460242952 0 0 0
0.0010416666666666667 -0.12836764320943828 -0.21019574457563936 -0.4041199055889183 0 0 0
0.0010416666666666667 0.35835515728823986 0.3443901577262289 0.3485011068904267 0 0 0
0.0010416666666666667 -0.35490095586057424 -0.5549307237391037 -0.15008311430221813 0 0 0
0.0010416666666666667 0.19274641385812596 0.3091689441695438 -0.32538989516685524 0 0 0
0.0010416666666666667 -0.4621640074695361 0.04453018158900356 0.5117121142318214 0 0 0
0.0010416666666666667 -0.23552413030568248 0.4565117760158004 0.23327346286610307 0 0 0
0.0010416666666666667 0.20040904534726323 0.21028767137795643 0.21803135449439479 0 0 0
0.0010416666666666667 -0.23938463468839064 0.15449214321672225 -0.29034915287602736 0 0 0
0.0010416666666666667 -0.2862094836177948 0.08285428877197218 -0.5415218543707311 0 0 0
0.0010416666666666667 -0.011441743420377948 -0.06729030314182384 0.5956217506967766 0 0 0
0.0010416666666666667 -0.16933531207003719 -0.17187144779811803 0.6458068634120507 0 0 0
0.0010416666666666667 -0.2402020642049781 -0.4522384798822148 -0.12751656340185238 0 0 0
0.0010416666666666667 -0.24741514515763272 -0.49829106544395324 0.16540947240946166 0 0 0
0.0010416666666666667 0.06790886648873797 0.1003284021907029 0.646645930011296 0 0 0
0.0010416666666666667 0.41392584294605117 0.40950859530321926 0.34824267600580316 0 0 0
0.0010416666666666667 0.04729216671257718 0.10838262174242279 0.0740803612965288 0 0 0
0.0010416666666666667 -0.04636780194469523 -0.47270110992845765 -0.2824062468683642 0 0 0
0.0010416666666666667 0.32957520497166776 -0.35085862278006413 0.32976912889662696 0 0 0
0.0010416666666666667 0.6205027361671951 0.11277371793281882 -0.10136574970223586 0 0 0
0.0010416666666666667 0.45630734457938144 -0.006077301145002323 -0.14103086131426013 0 0 0
0.0010416666666666667 0.07593683860205656 -0.25044856534290383 -0.08247230590640894 0 0 0
0.0010416666666666667 0.45864284127925914 -0.12179269658919176 0.4965980502066559 0 0 0
0.0010416666666666667 0.1873278631913725 -0.27586626035064304 -0.24801998643340914 0 0 0
0.0010416666666666667 -0.12755998698974538 -0.5973356295236133 -0.24599313044408597 0 0 0
0.0010416666666666667 0.030460377784706883 0.4087845962655478 0.5152631232197118 0 0 0
0.0010416666666666667 -0.1321899697140137 0.435452246420876 -0.1334924704260523 0 0 0
0.0010416666666666667 -0.43745298353866263 -0.10325772626452656 0.25835035143484303 0 0 0
0.0010416666666666667 -0.5078766757059797 -0.14422984484975765 0.2241163758755663 0 0 0
0.0010416666666666667 0.6490048555855247 0.13842638819589856 0.1204541034062619 0 0 0
0.0010416666666666667 -0.2086126315488351 -0.09873675192204595 -0.5113340075401541 0 0 0
0.0010416666666666667 -0.14659928636091824 -0.005436166564605567 0.09595681402989213 0 0 0
0.0010416666666666667 0.5096086931066052 -0.08295059930222215 -0.005070303522162292 0 0 0
0.0010416666666666667 0.046799580344863194 -0.5551729077941984 0.18797529190698226 0 0 0
0.0010416666666666667 -0.4594635334349684 -0.09127332124115403 -0.24847533195232757 0 0 0
0.0010416666666666667 -0.3872799369462225 0.1415243998095549 -0.4899377845313405 0 0 0
0.0010416666666666667 0.02605757501174012 0.36741414171712433 0.4757280576921759 0 0 0
0.0010416666666666667 -0.061025342718757696 -0.5824165099531061 -0.1991185015006346 0 0 0
0.0010416666666666667 0.17501395429507527 0.5895738405552845 0.30007514161632987 0 0 0
0.0010416666666666667 -0.5702016297269445 -0.06643036159396744 0.2784589185335066 0 0 0
0.0010416666666666667 -0.27952117434741536 -0.36806149944453165 0.01566238943649684 0 0 0
0.0010416666666666667 0.5989212402119515 0.18997289231927367 0.19817968016131715 0 0 0
0.0010416666666666667 0.09172460235583436 -0.14829730571253694 0.21822685667429836 0 0 0
0.0010416666666666667 -0.11871754381091733 -0.039908223402967825 0.3815404285326505 0 0 0
0.0010416666666666667 0.0970058459014525 -0.4738188210051926 -0.19851811231073171 0 0 0
0.0010416666666666667 -0.05923949107645413 -0.11185567027810035 0.5644681392598102 0 0 0
0.0010416666666666667 -0.4713131125561299 0.05751639103433656 -0.292286780297014 0 0 0
0.0010416666666666667 -0.20096245014494507 0.07283494661671769 -0.4452578976547561 0 0 0
0.0010416666666666667 0.0006636977718850387 0.49448841003719185 0.040799265642364885 0 0 0
0.0010416666666666667 0.3064387059255425 0.34685924586298567 -0.21750597730974194 0 0 0
0.0010416666666666667 0.0030853310913347204 -0.4842396172166335 -0.04627425824209621 0 0 0
0.0010416666666666667 0.03111567254692949 0.4037165355533261 -0.07264036139622461 0 0 0
0.0010416666666666667 -0.6068582727204899 -0.08834471451375381 0.11447903863312171 0 0 0
0.0010416666666666667 0.14830169029755785 0.18442485338649028 0.004755591128484676 0 0 0
0.0010416666666666667 -0.3152115504925513 0.3172805233630866 0.004945800390801915 0 0 0
0.0010416666666666667 -0.1368821369595236 -0.23504272582247338 -0.03693082444745413 0 0 0
0.0010416666666666667 0.46005804090300484 0.27871114741705144 -0.030624111952645403 0 0 0
0.0010416666666666667 0.4247074261021979 0.36754974947441926 0.16549452481897575 0 0 0
0.0010416666666666667 -0.1908165889193834 -0.12462940978416967 -0.22751909769731016 0 0 0
0.0010416666666666667 -0.563752965523021 0.2906442044760492 -0.23929853752539348 0 0 0
0.0010416666666666667 0.32825519813680193 0.47486292763627763 -0.3207870966578985 0 0 0
0.0010416666666666667 -0.13360157425090957 0.14639673587125943 0.6303711896529341 0 0 0
0.0010416666666666667 -0.6454629737033335 -0.21841765660745047 -0.09309642870653126 0 0 0
0.0010416666666666667 -0.07468675960048068 0.0798808726461505 0.08356071396034101 0 0 0
0.0010416666666666667 0.008988500529765117 0.354562627307254 0.13868438274557068 0 0 0
0.0010416666666666667 -0.039721913489937775 -0.4690635012667161 -0.0875297975786584 0 0 0
0.0010416666666666667 -0.21487976947281778 0.3072982625026152 -0.48586047126660553 0 0 0
0.0010416666666666667 -0.0022548471985546084 0.35392136743943203 -0.5821144025813033 0 0 0
0.0010416666666666667 -0.3132437795134449 0.014033913343192825 -0.10643015262767401 0 0 0
0.0010416666666666667 -0.39846955463291706 -0.40860982660594375 -0.0008673421548633708 0 0 0
0.0010416666666666667 -0.350562985476022 0.3619890053779221 0.1864292643497091 0 0 0
0.0010416666666666667 -0.27429492515099274 -0.12401720235995388 0.5257491362485447 0 0 0
0.0010416666666666667 0.3362596941906188 -0.17710406676241602 -0.09679021759581374 0 0 0
0.0010416666666666667 0.06628135967880873 -0.5507249870889319 -0.32306678639099046 0 0 0
0.0010416666666666667 0.2064874375027947 0.2591571534331083 0.054914971269527685 0 0 0
0.0010416666666666667 0.006125683942983204 -0.42071627334722533 -0.4706180404909431 0 0 0
0.0010416666666666667 -0.24167527143498452 -0.3362217583239947 0.5441871980891361 0 0 0
0.0010416666666666667 0.38017900926259823 0.2281562051049941 0.3214066122608385 0 0 0
