570
0
0.0017543859649122807 0.22323081968850575 0.13177153153050963 0.12422828398020833 0 0 0
0.0017543859649122807 -0.5233987991527996 0.05928035193031291 0.2951072970627211 0 0 0
0.0017543859649122807 0.15074851845424825 -0.044713695537238786 0.3552434807180704 0 0 0
0.0017543859649122807 0.10315083694641662 0.17072694690362206 -0.31963348109719236 0 0 0
0.0017543859649122807 -0.3509759506481289 -0.5539050085937282 0.15571504487756546 0 0 0
0.0017543859649122807 -0.37465000668639853 -0.09024916809641599 -0.1790416813230617 0 0 0
0.0017543859649122807 -0.38769226073296165 0.2860815051007091 0.45562759471004644 0 0 0
0.0017543859649122807 -0.3918458783105613 -0.5188084224587188 -0.1505222660745172 0 0 0
0.0017543859649122807 -0.10648354303880363 -0.620772223139435 0.17593350539037864 0 0 0
0.0017543859649122807 0.29733836949869374 -0.3314870725141129 0.39488255724362714 0 0 0
0.0017543859649122807 -0.05682992236437204 0.11136235322836932 0.4376227888616744 0 0 0
0.0017543859649122807 -0.17385510231068765 -0.3210001416473743 0.06517279551615467 0 0 0
0.0017543859649122807 -0.45073656387579536 0.07320129428903158 0.30980586829486956 0 0 0
0.0017543859649122807 0.26590975990903964 0.5214932735070862 -0.2594990237905141 0 0 0
0.0017543859649122807 -0.623996525985414 0.10397341529064869 -0.12408478361766447 0 0 0
0.0017543859649122807 0.19355815251104358 0.13677951313189357 -0.03246315316851736 0 0 0
0.0017543859649122807 0.17757712965604044 0.24172323116795175 0.310368643407783 0 0 0
0.0017543859649122807 -0.42996776136536347 -0.18703712279850762 0.022662813360450337 0 0 0
0.0017543859649122807 0.25576878852326546 0.4447611499430328 -0.1698223499160648 0 0 0
0.0017543859649122807 -0.025139131393414213 0.13763613421448317 -0.2787380223982763 0 0 0
0.0017543859649122807 0.43870399533529875 -0.29567261586930454 -0.11900492943834794 0 0 0
0.0017543859649122807 -0.3890393259948905 0.0328031346985915 0.4887094952785968 0 0 0
0.0017543859649122807 -0.1352189149713118 0.012213749694856972 -0.6349107467127628 0 0 0
0.0017543859649122807 0.1468756398246873 -0.4698996585215691 0.2960848484650963 0 0 0
0.0017543859649122807 0.09205936767770567 0.19652337396462247 -0.13987655934424242 0 0 0
0.0017543859649122807 0.514146553664879 -0.14350315099938823 0.42895437652748364 0 0 0
0.0017543859649122807 0.24417088774592932 0.0071573523190288065 0.2690896426497615 0 0 0
0.0017543859649122807 -0.5037214876728041 -0.12013588818332178 -0.04257645864704125 0 0 0
0.0017543859649122807 -0.34633806444870036 0.19741805676624022 0.296775720510049 0 0 0
0.0017543859649122807 0.05425647038791968 -0.12471239981797662 -0.2974992639085324 0 0 0
0.0017543859649122807 0.2145371433629445 -0.5417850911273329 -0.06091904077112041 0 0 0
0.0017543859649122807 -0.09796669438337843 0.0010647837748436284 -0.3506553289451117 0 0 0
0.0017543859649122807 -0.08284251257106474 -0.09353791685595712 -0.25550275674091727 0 0 0
0.0017543859649122807 -0.4036916914795739 -0.10444875410684343 -0.5091747757948352 0 0 0
0.0017543859649122807 0.3753506627336047 -0.3498900707371997 0.17774219074725814 0 0 0
0.0017543859649122807 0.3348786926230178 -0.32030307132318864 -0.31927169742162315 0 0 0
0.0017543859649122807 -0.3725278464266234 0.34581258945660837 -0.24951758750443262 0 0 0
0.0017543859649122807 0.36536825830108244 0.19366805221595618 -0.3381331367228795 0 0 0
0.0017543859649122807 0.2586652864852211 0.10074623867724063 0.43185082617484344 0 0 0
0.0017543859649122807 0.03483815949228593 0.14257868550398942 -0.26732667505228846 0 0 0
0.0017543859649122807 0.19599707644649228 0.3923940395445532 0.16265556460351288 0 0 0
0.0017543859649122807 -0.1583359019796828 0.1805644390689703 0.38033427494640065 0 0 0
0.0017543859649122807 -0.38565006398228735 -0.034458510474866394 0.49656059800941066 0 0 0
0.0017543859649122807 0.0710060247589617 0.39293766017832515 0.08178096286741872 0 0 0
0.0017543859649122807 -0.03892723507488581 -0.5703849612098982 0.046423046766558486 0 0 0
0.0017543859649122807 -0.23838701774478363 0.01585641551106288 -0.10718349164293664 0 0 0
0.0017543859649122807 -0.03474815390199689 0.17479845625906584 0.44460565543806957 0 0 0
0.0017543859649122807 0.1397004747652905 -0.028470720099985358 -0.547164617432727 0 0 0
0.0017543859649122807 -0.3839734834634242 0.1651895400570129 0.3632955542742094 0 0 0
0.0017543859649122807 -0.455366907243977 -0.06106659414721352 -0.4482268702555363 0 0 0
0.0017543859649122807 -0.6263492593619656 -0.2535132124561254 0.022442876724229777 0 0 0
0.0017543859649122807 0.18488759224662948 0.6249465363242364 0.11503894691462575 0 0 0
0.0017543859649122807 -0.47978412942699733 0.2018181241993397 0.30489456251733615 0 0 0
0.0017543859649122807 0.507240030103484 -0.206059910042843 0.28177562362970404 0 0 0
0.0017543859649122807 0.35008910346269184 0.1262135263435199 -0.018001431708709655 0 0 0
0.0017543859649122807 -0.4457136664588822 0.3425133046032864 0.3851132509716793 0 0 0
0.0017543859649122807 0.08658008408166507 -0.31358160704859445 0.2922538699726691 0 0 0
0.0017543859649122807 0.32899498419228274 -0.48026455813243774 0.367585222441072 0 0 0
0.0017543859649122807 0.4187854719146194 -0.11495690406483426 -0.4889970401147422 0 0 0
0.0017543859649122807 -0.18605326234459663 0.25233282102219545 -0.5439548333166015 0 0 0
0.0017543859649122807 -0.2097535748845344 0.3140414797343368 0.43909981403645343 0 0 0
0.0017543859649122807 0.2993074214020501 -0.03385839322403492 -0.1259554891474989 0 0 0
0.0017543859649122807 -0.3620891751220104 -0.12034202792146917 -0.01864450871930509 0 0 0
0.0017543859649122807 -0.18627288671762451 -0.47419064947183936 -0.20217597979329593 0 0 0
0.0017543859649122807 -0.11316629592980103 0.03337748690118608 -0.4685981319571818 0 0 0
0.0017543859649122807 0.2870870560875149 0.008267031019869345 0.12266315109012232 0 0 0
0.0017543859649122807 0.33530653887423195 -0.5113144072034888 0.31356279737062115 0 0 0
0.0017543859649122807 0.15578253039834924 -0.02920788483828079 0.20446968532299792 0 0 0
0.0017543859649122807 -0.11772382558019182 -0.21782422804801824 -0.1592360053503532 0 0 0
0.0017543859649122807 -0.5885022697978078 -0.23625629089424538 0.2665441897223838 0 0 0
0.0017543859649122807 0.2605227708433353 -0.2073396690286629 -0.48041046033983087 0 0 0
0.0017543859649122807 0.06771326850601997 -0.12486284943937333 0.46667760046468754 0 0 0
0.0017543859649122807 0.14090916079299343 0.1413287828601264 0.37152952782663845 0 0 0
0.0017543859649122807 0.28464004277175886 0.2913156003854516 -0.06364344895678561 0 0 0
0.0017543859649122807 -0.03829169876513933 -0.24307904933884913 -0.30059574715241594 0 0 0
0.0017543859649122807 0.5829886239327743 0.08227685102069217 -0.3237089423364154 0 0 0
0.0017543859649122807 -0.33208528797458997 0.29131966323552805 0.5246698468864084 0 0 0
0.0017543859649122807 0.021049486195552424 0.483961583230439 0.19758717432609926 0 0 0
0.0017543859649122807 -5.55797721393777e-05 0.08385501540628966 0.24395241506239612 0 0 0
0.0017543859649122807 0.049465529846861325 0.5170836728530666 0.11564935361779462 0 0 0
0.0017543859649122807 0.21199601896828105 0.26681826755598637 -0.03484147490731781 0 0 0
0.0017543859649122807 -0.1468798071188258 -0.23016279554357785 -0.4591012093252377 0 0 0
0.0017543859649122807 -0.557390670429722 -0.07344115337516091 -0.366046695920352 0 0 0
0.0017543859649122807 -0.33647512763596854 0.18332711027976925 -0.08213038771622432 0 0 0
0.0017543859649122807 0.4539865243136613 0.1345848444088604 0.1791721417888013 0 0 0
0.0017543859649122807 -0.24719893601159384 0.4747657798409013 -0.254964089780895 0 0 0
0.0017543859649122807 -0.6327375772008048 -0.14323784449895433 -0.19025125696822154 0 0 0
0.0017543859649122807 -0.21698655316841017 0.10872861760496184 -0.013857630516571207 0 0 0
0.0017543859649122807 -0.6717131600640796 -0.0756054580842483 0.13003551633996913 0 0 0
0.0017543859649122807 -0.5913405627539852 -0.006668055891678605 -0.09492618573181127 0 0 0
0.0017543859649122807 -0.10012582951290244 0.1687093676366187 0.6208662679932041 0 0 0
0.0017543859649122807 0.3211296756888328 0.37777027866711116 -0.06408224894350718 0 0 0
0.0017543859649122807 0.22735006463893465 0.3813523937591759 0.23508308065484482 0 0 0
0.0017543859649122807 -0.25308622390828917 -0.5282666923509206 -0.1679772951784627 0 0 0
0.0017543859649122807 0.180205609968382 0.34717645697851574 -0.20850427365966612 0 0 0
0.0017543859649122807 0.5701560592729491 -0.0530002284271679 0.1311055220651057 0 0 0
0.0017543859649122807 0.2808947251423874 -0.10027972238139629 -0.1429928042055988 0 0 0
0.0017543859649122807 -0.35724000763571645 0.3204186879097935 0.2698334252019806 0 0 0
0.0017543859649122807 0.2711997864110097 -0.4908560052992474 -0.21185980007555083 0 0 0
0.0017543859649122807 0.3532000630761648 -0.18464630765186552 -0.547739619060144 0 0 0
0.0017543859649122807 -0.06469863609495143 -0.4179311492024677 0.24374745922229363 0 0 0
0.0017543859649122807 -0.04321541807565509 0.013755026244786176 -0.5227756035196188 0 0 0
0.0017543859649122807 0.22879050595258044 -0.028859751228035257 0.20575907855785386 0 0 0
0.0017543859649122807 0.40468408841296394 -0.1089362454573075 -0.1663551259382788 0 0 0
0.0017543859649122807 0.0432557553235697 0.3622270632425738 0.18529967519295412 0 0 0
0.0017543859649122807 -0.1640741988967103 0.011030412252655317 -0.0914291053224792 0 0 0
0.0017543859649122807 -0.16009249418941593 0.39360918040289994 -0.03188563941148011 0 0 0
0.0017543859649122807 -0.2787593655346813 -0.32030553743142315 0.2923497526103608 0 0 0
0.0017543859649122807 0.11287949626986829 0.27200482894337547 -0.11424296404377651 0 0 0
0.0017543859649122807 0.1939754874500217 0.26678915704828116 0.5606352488674209 0 0 0
0.0017543859649122807 0.06278901381018617 -0.3581456628994974 0.5385139393601668 0 0 0
0.0017543859649122807 -0.08003025982155858 -0.13093781731781504 -0.36881507951725134 0 0 0
0.0017543859649122807 0.33951057911957033 0.18893695104633268 -0.17948087575398775 0 0 0
0.0017543859649122807 -0.3504850938847661 0.18741772123248407 -0.5279851034004883 0 0 0
0.0017543859649122807 0.26044748493894754 0.22766718527139218 0.09115844733433676 0 0 0
0.0017543859649122807 -0.14056863950807483 -0.033512107933572566 -0.1687274698298061 0 0 0
0.0017543859649122807 0.17610942910991284 -0.11637845441926872 -0.18589880529094924 0 0 0
0.0017543859649122807 0.6126736934899858 -0.049244386539102576 -0.2827610121998803 0 0 0
0.0017543859649122807 -0.32268965728213206 -0.038877696584351 -0.08469969253539052 0 0 0
0.0017543859649122807 0.0716975518845734 0.42238475962483385 -0.2633843846847675 0 0 0
0.0017543859649122807 0.6091410208985509 -0.026352672759334082 0.1101207613848116 0 0 0
0.0017543859649122807 -0.6109035060106263 -0.21153841986256952 -0.19072330753990224 0 0 0
0.0017543859649122807 -0.4464659046064362 0.06756371074203221 0.22241436940348633 0 0 0
0.0017543859649122807 0.0009389733371336387 -0.41174625638385953 0.453026040904576 0 0 0
0.0017543859649122807 -0.21587341219347225 0.3282891512761073 0.08136995767399188 0 0 0
0.0017543859649122807 0.4605933367068278 -0.1717549453498684 0.20587128007235572 0 0 0
0.0017543859649122807 0.32363823738147796 0.24473288920295164 -0.21813112457841982 0 0 0
0.0017543859649122807 0.16394260301105115 -0.30523728518087456 0.4052105832756277 0 0 0
0.0017543859649122807 -0.07567788520700447 0.47580847580209146 -0.1230475918555466 0 0 0
0.0017543859649122807 -0.1813862801688405 -0.021152521484722707 -0.3127125996707841 0 0 0
0.0017543859649122807 0.1236136184225965 -0.06040409684636975 0.582120067620649 0 0 0
0.0017543859649122807 0.4069369769660222 0.1368004868758941 -0.044627067032306574 0 0 0
0.0017543859649122807 -0.3826671430998911 -0.10602766587614254 -0.19381868637211977 0 0 0
0.0017543859649122807 0.04613495217868144 -0.6799753525279006 -0.08875866048548162 0 0 0
0.0017543859649122807 -0.12630991241223608 0.5274267445060571 -0.2679267083894526 0 0 0
0.0017543859649122807 -0.1778418250965399 0.6072457831568057 -0.1679529592648241 0 0 0
0.0017543859649122807 -0.04583533548862926 -0.15154986870713047 0.4662769772858019 0 0 0
0.0017543859649122807 0.08281401580515595 -0.1727539340985641 -0.0840440973905273 0 0 0
0.0017543859649122807 -0.22880467953660472 0.5548286629751639 -0.3170386134269246 0 0 0
0.0017543859649122807 0.38403610040287056 -0.04932138568803309 -0.4044435845172281 0 0 0
0.0017543859649122807 0.4765815265071555 -0.10235752168650532 0.2737972981255955 0 0 0
0.0017543859649122807 0.07715912635226516 -0.02213330602265135 -0.3488543955222978 0 0 0
0.0017543859649122807 0.10122910351424706 0.254907612890679 -0.505452983201625 0 0 0
0.0017543859649122807 0.3700012183322173 -0.30909143670632466 0.47631166458896806 0 0 0
0.0017543859649122807 0.19220985080130554 -0.23743295272553053 -0.06768711053373312 0 0 0
0.0017543859649122807 0.5005378148201499 -0.008422443886071653 0.04476250927516175 0 0 0
0.0017543859649122807 -0.269779915962277 -0.4630715391879745 0.21034953695744762 0 0 0
0.0017543859649122807 -0.2670403093584587 0.22241256687887084 -0.33987409299601745 0 0 0
0.0017543859649122807 -0.20201528881816158 -0.2904991115280854 0.4782929134854575 0 0 0
0.0017543859649122807 -0.3742984361137495 -0.03743194026429889 0.3013009087610611 0 0 0
0.0017543859649122807 0.2929805989261684 -0.15891146893844124 -0.4277715564625988 0 0 0
0.0017543859649122807 0.19835641489427092 0.08145686528161517 0.5796876114861927 0 0 0
0.0017543859649122807 -0.31658710037616467 -0.4489239585424392 -0.13073920394343022 0 0 0
0.0017543859649122807 0.1915951082039681 -0.18759814687790266 0.4766952343883086 0 0 0
0.0017543859649122807 -0.23939431324816565 0.3513084497888656 0.3700256102082677 0 0 0
0.0017543859649122807 0.24749065372011197 0.008685011781131522 -0.6362286825385933 0 0 0
0.0017543859649122807 0.16885572988113914 -0.2598310563717514 -0.3184075058253873 0 0 0
0.0017543859649122807 0.25956313864211 0.15160377606871736 0.08271129057780398 0 0 0
0.0017543859649122807 -0.372316147550017 -0.11082202947288643 0.23572829036652354 0 0 0
0.0017543859649122807 0.4181395120667325 0.29468637815664395 -0.4465115094357919 0 0 0
0.0017543859649122807 -0.02116663341732709 -0.2527547560140396 -0.3486974876990977 0 0 0
0.0017543859649122807 0.14740244723872156 -0.4234312074906606 -0.14353060068059179 0 0 0
0.0017543859649122807 -0.27048128724783643 -0.40101994270476093 -0.3341852597367788 0 0 0
0.0017543859649122807 -0.0225075875933611 0.25235367127658326 -0.14104163004815787 0 0 0
0.0017543859649122807 0.2998576599642805 -0.5191734299080193 0.2416905456305699 0 0 0
0.0017543859649122807 0.6676104840341124 -0.14650349676428856 -0.032477096144118214 0 0 0
0.0017543859649122807 -0.3704831878383229 0.33296605498257575 -0.4773638064026489 0 0 0
0.0017543859649122807 -0.01304178174350225 -0.5639933691331714 -0.3429918932389764 0 0 0
0.0017543859649122807 -0.2205512451193599 -0.44774077302347576 0.16921631325139594 0 0 0
0.0017543859649122807 -0.0030290104257657932 0.21245124679886312 0.6542259145808714 0 0 0
0.0017543859649122807 0.3589351069861563 0.056814230048457766 -0.4819736646013495 0 0 0
0.0017543859649122807 0.5297349084739349 -0.1889988936574913 -0.02288133466792389 0 0 0
0.0017543859649122807 0.32402221672440124 -0.5764422595780456 0.11614593136825992 0 0 0
0.0017543859649122807 -0.06035261606707273 0.309576227151307 0.5233021881396499 0 0 0
0.0017543859649122807 -0.010714612439040976 -0.0860661482610632 0.1239633308205131 0 0 0
0.0017543859649122807 -0.4227753521322479 -0.25737704531899097 0.28042758499802645 0 0 0
0.0017543859649122807 -0.03572768613002576 -0.25468080375533486 -0.11564510280890246 0 0 0
0.0017543859649122807 0.16327873075860544 -0.11183531089249853 -0.5344825660051589 0 0 0
0.0017543859649122807 -0.5959663223622068 -0.01969527298929407 -0.1856719508437987 0 0 0
0.0017543859649122807 -0.18405214913792473 -0.07377480805382092 -0.20583585795577092 0 0 0
0.0017543859649122807 -0.14393789033213872 0.17820548021962046 0.47269537201507544 0 0 0
0.0017543859649122807 0.3715517148634655 -0.07553440745393505 -0.3648594321281465 0 0 0
0.0017543859649122807 -0.07048186496780931 -0.2734423474897733 0.24761338012594425 0 0 0
0.0017543859649122807 -0.0020828472219491852 -0.3612322667890961 -0.544126046945922 0 0 0
0.0017543859649122807 0.5464549739702084 -0.10851376760580433 0.3028505902051123 0 0 0
0.0017543859649122807 -0.5030794095446934 -0.3481048448563361 0.30859928856206253 0 0 0
0.0017543859649122807 0.40287649397887465 -0.5365745599575396 -0.16659236166631491 0 0 0
0.0017543859649122807 -0.5556646458967133 -0.09143886495899844 -0.28406101836895714 0 0 0
0.0017543859649122807 -0.33998714321546547 -0.43981030305633667 -0.2427805304952593 0 0 0
0.0017543859649122807 0.004311287196531396 -0.07103941452839646 -0.2929272397133802 0 0 0
0.0017543859649122807 0.1781332390186053 -0.3641354597284639 -0.1761050310450124 0 0 0
0.0017543859649122807 0.4960557996639057 0.08245437199051645 0.04670920772178357 0 0 0
0.0017543859649122807 0.18593209906475938 0.44229848123973886 -0.405511924211829 0 0 0
0.0017543859649122807 0.04297581986595132 -0.11189239312949581 0.5349322351767527 0 0 0
0.0017543859649122807 -0.17545112696443832 -0.549487075376565 -0.08287753438794576 0 0 0
0.0017543859649122807 0.0912976630617364 0.0403237094093202 0.13619281212350856 0 0 0
0.0017543859649122807 0.4572310918988358 0.030984901090422325 0.1505147157455879 0 0 0
0.0017543859649122807 0.40609838165289114 -0.27599386457338015 -0.23758256039760758 0 0 0
0.0017543859649122807 -0.017319666589337836 0.3271417316217404 -0.23229645446953404 0 0 0
0.0017543859649122807 -0.02905945278298356 -0.3290496199892918 0.24557612261390255 0 0 0
0.0017543859649122807 -0.3890134697078593 0.29624799634588883 -0.446979644302458 0 0 0
0.0017543859649122807 -0.3021623850498387 0.06384279699968463 -0.19497085159096972 0 0 0
0.0017543859649122807 -0.5189746596835901 -0.07348654712111165 0.2613310190788481 0 0 0
0.0017543859649122807 -0.057247235109271 -0.17213748692363745 -0.18629558471270777 0 0 0
0.0017543859649122807 -0.21051465559878035 -0.062106791701950416 -0.06817311259881519 0 0 0
0.0017543859649122807 -0.1585470776029151 0.01179747205142996 -0.6163056313134205 0 0 0
0.0017543859649122807 -0.17796957505920788 -0.3011435844065656 0.20752488701413307 0 0 0
0.0017543859649122807 0.44594486246024656 0.132293633671933 0.015255494540712186 0 0 0
0.0017543859649122807 0.08967217536894913 -0.5195775735006846 0.36129655987897263 0 0 0
0.0017543859649122807 -0.27863700423282567 0.4506337481515888 0.2901753631232812 0 0 0
0.0017543859649122807 -0.03786410968886117 0.09796309853379151 -0.33945968870744936 0 0 0
0.0017543859649122807 0.0019710485797975632 -0.303372980867372 -0.2745253472368667 0 0 0
0.0017543859649122807 0.12160296562034055 0.48352465511846165 0.40227842068048414 0 0 0
0.0017543859649122807 -0.600674440267922 0.14899033895991493 0.059638933600507676 0 0 0
0.0017543859649122807 -0.4797213082141343 0.44917347778328265 0.15099554057814718 0 0 0
0.0017543859649122807 -0.03753168059228406 -0.1686942918142487 0.13395127732271866 0 0 0
0.0017543859649122807 0.05439776627539844 0.2668145071539589 0.5476099673719698 0 0 0
0.0017543859649122807 0.1304489895977689 0.40372929472159613 -0.3715246130683654 0 0 0
0.0017543859649122807 -0.2649735606430664 -0.06498271309726998 0.14972615482078014 0 0 0
0.0017543859649122807 -0.25095651881588854 0.3423563486559882 0.10641203518883037 0 0 0
0.0017543859649122807 0.39283863793006457 0.2518318571775691 -0.39169214763450444 0 0 0
0.0017543859649122807 -0.27846204380054984 0.07706427992537443 -0.2180488213529242 0 0 0
0.0017543859649122807 -0.5268694075650705 0.3095292264591513 -0.172188367643002 0 0 0
0.0017543859649122807 -0.1147662000323671 -0.35322803457785024 0.16237880933259902 0 0 0
0.0017543859649122807 -0.49565125702084445 -0.3034827861507255 -0.11928253907396319 0 0 0
0.0017543859649122807 0.08603984477581816 0.22597788080357545 0.42457407987740914 0 0 0
0.0017543859649122807 -0.42397652911679257 0.35874052525999367 0.3831559981426541 0 0 0
0.0017543859649122807 -0.24347748576768147 0.17044017328640293 -0.6006442548567537 0 0 0
0.0017543859649122807 0.2789670085742281 -0.1599179605603821 0.5249889292143225 0 0 0
0.0017543859649122807 -0.21942765649413376 0.15987360114512644 -0.2978433824186801 0 0 0
0.0017543859649122807 -0.515801612360577 -0.09872757619224692 0.3254420116061412 0 0 0
0.0017543859649122807 -0.08813252611057416 0.19721386948491312 -0.5615804675618649 0 0 0
0.0017543859649122807 -0.18372858613167936 0.04195812912597119 0.02452867996810924 0 0 0
0.0017543859649122807 -0.5538841352659302 0.33110544062778136 -0.15761340548750913 0 0 0
0.0017543859649122807 -0.04325604603650309 -0.13241654343568857 0.17411280986719052 0 0 0
0.0017543859649122807 0.08245765816224265 -0.04402496117393024 -0.4964575663237685 0 0 0
0.0017543859649122807 0.21896902076310654 0.5542012106263157 0.1795498562860304 0 0 0
0.0017543859649122807 -0.39417997909459185 0.09664473755375523 0.5488341912858007 0 0 0
0.0017543859649122807 0.6193645459377493 0.04372586917544538 -0.1946942925899476 0 0 0
0.0017543859649122807 0.04149549028361359 0.3699975358481612 0.499692977201648 0 0 0
0.0017543859649122807 0.301213796689713 -0.37431427449943305 0.4531682426947846 0 0 0
0.0017543859649122807 -0.3948890061341748 0.15311059659877024 0.055950281061708046 0 0 0
0.0017543859649122807 0.27040964424282343 0.33263291248345433 0.17483823804186874 0 0 0
0.0017543859649122807 -0.36630455860100075 -0.4535352384256081 0.2576397370780371 0 0 0
0.0017543859649122807 0.18963690536362432 -0.09057790892548657 0.2668765335485556 0 0 0
0.0017543859649122807 0.37178005119883406 -0.5663807690677312 -0.02707523365083391 0 0 0
0.0017543859649122807 0.12341617795525311 -0.5257875925905282 -0.3999572790819065 0 0 0
0.0017543859649122807 0.2409719838924256 0.36558608289998845 -0.15767900591620218 0 0 0
0.0017543859649122807 0.014469142875086794 0.47126709549283835 -0.23192761950792293 0 0 0
0.0017543859649122807 0.16313660816324915 0.27785064561713907 0.2025501654295073 0 0 0
0.0017543859649122807 0.4580469454180744 0.38320115320871656 -0.010660549932670602 0 0 0
0.0017543859649122807 0.4667132760880697 -0.2581167310805779 -0.3833916810647478 0 0 0
0.0017543859649122807 -0.2669417953093067 0.33916676483351293 0.3684387506020014 0 0 0
0.0017543859649122807 0.3301061404163314 -0.34227697842559274 0.34763649145151027 0 0 0
0.0017543859649122807 0.012262926243715873 0.2415753518070809 -0.0897643567344128 0 0 0
0.0017543859649122807 -0.3750286176877787 -0.10540310584556163 -0.04874931600474727 0 0 0
0.0017543859649122807 -0.12846593250152064 0.05346007105984037 -0.5256506682001818 0 0 0
0.0017543859649122807 -0.12439140850003987 0.30246407705913325 0.26653482726418515 0 0 0
0.0017543859649122807 0.5114307438706248 -0.3139987639462251 0.12764993765714866 0 0 0
0.0017543859649122807 0.2989873257947598 0.022088631719842072 -0.5233128883628398 0 0 0
0.0017543859649122807 -0.4954746125768382 0.1023084784595533 -0.08074465524892104 0 0 0
0.0017543859649122807 0.277641640610343 -0.1718263635132786 -0.2907316825755989 0 0 0
0.0017543859649122807 -0.21337431419951275 0.5918641331233244 -0.24568785493073467 0 0 0
0.0017543859649122807 -0.13046269754722442 -0.6421142951672238 0.12692535180278083 0 0 0
0.0017543859649122807 -0.3174599235781207 -0.33253573078019766 -0.007597471811132336 0 0 0
0.0017543859649122807 0.3247352978643697 -0.433632475789925 0.36903312367850905 0 0 0
0.0017543859649122807 -0.0709213066209154 -0.11723155354760068 -0.3993244624809659 0 0 0
0.0017543859649122807 -0.42525326643277894 -0.13874810702153906 0.4906093004735869 0 0 0
0.0017543859649122807 -0.014143226089953005 -0.11547293332006434 0.6070033453279277 0 0 0
0.0017543859649122807 0.1979171707265965 0.22689831485214212 -0.47905631260467413 0 0 0
0.0017543859649122807 0.27933850841876495 -0.15409843783963983 -0.3691897592486997 0 0 0
0.0017543859649122807 0.2717503750075699 -0.5147473678690195 0.37102642450214607 0 0 0
0.0017543859649122807 0.05800144573786294 0.4665379612547821 0.07597524786608252 0 0 0
0.0017543859649122807 -0.5738162225716481 0.3034251396008316 0.09125721573198865 0 0 0
0.0017543859649122807 0.2994531050572702 0.02894188366654063 -0.39009913018435693 0 0 0
0.0017543859649122807 0.23522044501082925 0.04194185794476997 -0.6068319427548801 0 0 0
0.0017543859649122807 0.13702898342553468 -0.48982712749574703 -0.12623987394751962 0 0 0
0.0017543859649122807 -0.4323634093620419 -0.2256287570531568 0.06901321818572213 0 0 0
0.0017543859649122807 -0.011281298703189085 0.4055375888315451 -0.243475257334552 0 0 0
0.0017543859649122807 -0.32065124090561525 -0.29774654542751317 -0.22233252199264955 0 0 0
0.0017543859649122807 0.1380363239040783 -0.18227581930521486 -0.24073509968643272 0 0 0
0.0017543859649122807 -0.5310456054223428 0.3594749147581126 -0.10835545837844694 0 0 0
0.0017543859649122807 0.08451984108840446 -0.044603572848073106 0.5745780753001245 0 0 0
0.0017543859649122807 0.2678156311540823 0.09774166331573536 -0.30174703940393943 0 0 0
0.0017543859649122807 0.37534791515831784 0.19874909247949543 0.3591997687158944 0 0 0
0.0017543859649122807 -0.08769552755084137 -0.22367997445587595 -0.4177197140991768 0 0 0
0.0017543859649122807 0.06994462198733932 -0.48640244311861636 -0.20993674385079011 0 0 0
0.0017543859649122807 0.29153402675057977 0.16161991169543657 0.5451602225287321 0 0 0
0.0017543859649122807 -0.17714395247210646 0.5104368467363575 -0.25971187953529895 0 0 0
0.0017543859649122807 -0.013786296498384337 0.23338420971805263 0.33395013480938424 0 0 0
0.0017543859649122807 0.04400861543393853 -0.30481299624923025 0.5090658305645701 0 0 0
0.0017543859649122807 -0.34076886650607496 0.24731725043968536 0.03567934698804986 0 0 0
0.0017543859649122807 -0.6280535865384572 -0.12822141683925564 0.25496199357265453 0 0 0
0.0017543859649122807 -0.07522238969950515 0.2683488890141252 0.09181808646911442 0 0 0
0.0017543859649122807 -0.23752435817403966 0.14595543640111872 -0.3699007965649394 0 0 0
0.0017543859649122807 0.36006737080215984 -0.03970701625360013 -0.062434543948321174 0 0 0
0.0017543859649122807 -0.03035040878679618 0.09351121103024372 -0.12053996658360541 0 0 0
0.0017543859649122807 -0.020525007633134456 0.11073488843540655 0.5291860049260986 0 0 0
0.0017543859649122807 0.34206202596475843 0.4515169052227447 0.28264370755645546 0 0 0
0.0017543859649122807 0.3345055367131352 0.5415355229068831 0.08397277609997277 0 0 0
0.0017543859649122807 0.03803502363084945 -0.09094513200938589 0.4378738050048931 0 0 0
0.0017543859649122807 0.26699158117285093 -0.20308222190378933 0.08867444839372043 0 0 0
0.0017543859649122807 -0.25906415417658857 -0.09615842134306471 0.26028931813108996 0 0 0
0.0017543859649122807 0.6348800853874637 0.2640916247251875 -0.013857130000241568 0 0 0
0.0017543859649122807 0.46776970702822973 -0.40989747938048793 0.1562073636702624 0 0 0
0.0017543859649122807 0.11131016673999146 0.05137693359664762 -0.6677181321953354 0 0 0
0.0017543859649122807 0.4300544122114443 0.006542717367063257 -0.09765490042499965 0 0 0
0.0017543859649122807 -0.43065400864740894 0.015307073713691369 0.101355243329276 0 0 0
0.0017543859649122807 0.19025169392724534 -0.009933637877370267 0.3284730660266662 0 0 0
0.0017543859649122807 -0.47222845478491465 0.4017405114273115 -0.2588275854980842 0 0 0
0.0017543859649122807 -0.023117981242469974 -0.1374537586635535 -0.3072480173256524 0 0 0
0.0017543859649122807 -0.40090075362520433 0.49323350335787913 -0.013203200598082741 0 0 0
0.0017543859649122807 0.2695843219751974 -0.01622197087375202 0.13186986158027528 0 0 0
0.0017543859649122807 -0.11760333150013268 -0.05268455421666325 0.2348474773419282 0 0 0
0.0017543859649122807 -0.29658345621094945 -0.11087175824766088 0.18380154267992757 0 0 0
0.0017543859649122807 0.056760079959611326 -0.05167825929449439 -0.44204334748793017 0 0 0
0.0017543859649122807 0.10537160516017126 0.33655223130788764 -0.31306405893781414 0 0 0
0.0017543859649122807 -0.10923418915642094 -0.006338169449784085 -0.30565138116906504 0 0 0
0.0017543859649122807 0.5027207806106194 0.039937615234682984 0.16330362114948596 0 0 0
0.0017543859649122807 0.1332198678957504 -0.04926058104140264 -0.014572903478652978 0 0 0
0.0017543859649122807 -0.46186208230964604 -0.11950252885542056 0.44793689919212965 0 0 0
0.0017543859649122807 -0.3087597990400306 -0.16529796854296333 0.11189952427102702 0 0 0
0.0017543859649122807 -0.06994807431961413 0.12272482347074863 0.17632885466206266 0 0 0
0.0017543859649122807 0.07853148741853742 0.017413051954073965 -0.06706709612681636 0 0 0
0.0017543859649122807 -0.053636844581095904 -0.1923073890924237 -0.16263731406495244 0 0 0
0.0017543859649122807 0.29493871675342315 0.3572935341233574 0.24977659548160064 0 0 0
0.0017543859649122807 -0.37326199810408406 -0.042538486506312354 -0.3177683698035328 0 0 0
0.0017543859649122807 -0.17136304775830793 0.3627831827903414 -0.5491068701062577 0 0 0
0.0017543859649122807 -0.16444421353628902 -0.3606886577120288 0.3753129611822081 0 0 0
0.0017543859649122807 0.43525204385032296 -0.02514059374896376 -0.38637704950053686 0 0 0
0.0017543859649122807 0.12298047664249187 0.2309247634520242 0.4045944078547916 0 0 0
0.0017543859649122807 -0.20121168735185227 -0.06725455069385662 0.3956811404034467 0 0 0
0.0017543859649122807 -0.015969313399088823 -0.5191092587727777 0.333540229174461 0 0 0
0.0017543859649122807 0.46712214973736854 0.2907843236175904 0.31745459729736075 0 0 0
0.0017543859649122807 -0.26598086648256997 0.4323035279406797 -0.22184931751675946 0 0 0
0.0017543859649122807 -0.6264123574922713 -0.1544787022347955 0.008567365989715418 0 0 0
0.0017543859649122807 -0.5179562325513446 -0.32618274646351325 0.06382533982329297 0 0 0
0.0017543859649122807 -0.07408524097133776 -0.09380617029662644 -0.18462548217308528 0 0 0
0.0017543859649122807 -0.3113620535222183 -0.13234142728525936 -0.09691788312130915 0 0 0
0.0017543859649122807 -0.2571495092323441 -0.006357921904013042 0.4446974525403234 0 0 0
0.0017543859649122807 -0.005999909545766368 -0.13919876786876753 0.5186995660554237 0 0 0
0.0017543859649122807 0.25424380240565075 0.18357424984455817 -0.5842142989729807 0 0 0
0.0017543859649122807 0.541397561778613 0.0044851999321686665 -0.24569741339172202 0 0 0
0.0017543859649122807 -0.26250109504930075 -0.1492282363066551 -0.563070827836726 0 0 0
0.0017543859649122807 -0.3657681711689929 0.27314820849753 0.21916909292008652 0 0 0
0.0017543859649122807 0.33545861793162346 0.10392848023795448 -0.24150769295677751 0 0 0
0.0017543859649122807 0.2826510482553979 0.5228142478255987 0.09910949565853255 0 0 0
0.0017543859649122807 0.4117933243570672 -0.18184530305754923 0.2091053455341195 0 0 0
0.0017543859649122807 0.3260331882049701 0.4939581067075649 0.32391438970214687 0 0 0
0.0017543859649122807 -0.21072573057040309 -0.3345974527121648 0.2662838991136997 0 0 0
0.0017543859649122807 -0.021036849059792518 0.13403267421006362 -0.439739320964996 0 0 0
0.0017543859649122807 0.5024296748661695 0.4236676878565849 -0.05795565307660115 0 0 0
0.0017543859649122807 0.14732212098745215 -0.45642054988384456 0.24059512066724886 0 0 0
0.0017543859649122807 0.08376834943605553 -0.546997508759712 -0.18041511449097264 0 0 0
0.0017543859649122807 -0.46948989440097894 0.32044000715489523 0.056348497726445984 0 0 0
0.0017543859649122807 0.1095241137242851 0.08022202404107479 0.6158616455882171 0 0 0
0.0017543859649122807 0.19305754925002608 0.2548079989339792 0.28197814067701954 0 0 0
0.0017543859649122807 -0.3448937849196667 0.394394438531272 -0.3131412259264895 0 0 0
0.0017543859649122807 -0.05336787427911084 0.2398777560388178 0.05518203802616274 0 0 0
0.0017543859649122807 -0.5433982434775566 0.3780936359620099 0.14785076837702668 0 0 0
0.0017543859649122807 0.03830323726615806 -0.40807231768100666 0.1845614481610959 0 0 0
0.0017543859649122807 0.26164696984736335 0.02094962924622643 0.2918353302978816 0 0 0
0.0017543859649122807 0.2529480301339157 -0.41051992628230993 -0.1302538496602493 0 0 0
0.0017543859649122807 -0.1518371162239948 -0.6059178637500116 -0.11049545413477986 0 0 0
0.0017543859649122807 -0.3756213882065821 0.2338517820293078 0.5067620365579517 0 0 0
0.0017543859649122807 0.49399798634332787 -0.05114324896351948 -0.3041416531642881 0 0 0
0.0017543859649122807 -0.389855944389206 0.4541066954443608 0.30317754356790816 0 0 0
0.0017543859649122807 0.3298372196338067 0.4298429293078356 0.26027629030976807 0 0 0
0.0017543859649122807 -0.4703453326034701 -0.26357346090618217 0.3398348262976434 0 0 0
0.0017543859649122807 0.5519182504661108 0.11748798711648424 -0.09271544726486217 0 0 0
0.0017543859649122807 -0.22921527025054092 0.106587599641586 -0.30128662424459784 0 0 0
0.0017543859649122807 0.27457904822220663 0.2281123827694861 -0.47332387511903595 0 0 0
0.0017543859649122807 0.10166806477259638 0.07778080280026944 -0.5976399408375102 0 0 0
0.0017543859649122807 -0.6220482440682575 -0.27119849141073654 0.06809431818444095 0 0 0
0.0017543859649122807 0.12920933915055802 -0.04819164273934085 0.6324100715099046 0 0 0
0.0017543859649122807 0.11647627399297115 -0.18303861861911155 -0.023424130315002477 0 0 0
0.0017543859649122807 0.4548516685689091 -0.26947819080863106 0.0924199809721067 0 0 0
0.0017543859649122807 -0.2808220754707892 -0.5629349207579326 0.1655237527132809 0 0 0
0.0017543859649122807 -0.35959879756578866 0.17950232741015051 0.24063588324958116 0 0 0
0.0017543859649122807 -0.004988543104887275 -0.16427557527540979 -0.049407758965888095 0 0 0
0.0017543859649122807 -0.250612947908724 -0.36267794933134734 -0.2600772446581085 0 0 0
0.0017543859649122807 -0.17266178247120528 0.07253699390443637 0.3428440852482708 0 0 0
0.0017543859649122807 0.11807566914818328 -0.6308750713119731 -0.16927611015057956 0 0 0
0.0017543859649122807 -0.6213017726930447 -0.15844335756044597 -0.196704384000132 0 0 0
0.0017543859649122807 0.14734835075285346 -0.33212158179140794 -0.1576594443324922 0 0 0
0.0017543859649122807 0.40238577177305596 0.3775731116936245 0.014349493267519064 0 0 0
0.0017543859649122807 0.4881590179355221 0.333601900952776 -0.0810648867388368 0 0 0
0.0017543859649122807 0.4641553270435467 0.22110675122989223 -0.15481497980535197 0 0 0
0.0017543859649122807 0.47315031125807283 0.3454934329963971 -0.16857413454158407 0 0 0
0.0017543859649122807 0.05568969728846038 -0.1265906147423749 -0.3301473871116478 0 0 0
0.0017543859649122807 -0.45032641628143055 -0.1500943161986934 -0.10461156335992876 0 0 0
0.0017543859649122807 -0.05265124227233738 0.484135552007933 -0.1830013224502137 0 0 0
0.0017543859649122807 -0.6607633359906586 0.18547551746237706 -0.014132339100775927 0 0 0
0.0017543859649122807 0.07438542549409016 -0.5582865991586141 0.2587991894293843 0 0 0
0.0017543859649122807 -0.038955297370247846 0.630559921005332 -0.08692888749380696 0 0 0
0.0017543859649122807 0.2327604989172392 0.3170962988276616 0.5051040228876736 0 0 0
0.0017543859649122807 0.3727752114604892 -0.09291218854266284 -0.18595059227610403 0 0 0
0.0017543859649122807 0.1522461100190775 -0.07319854084774056 -0.6665248164681503 0 0 0
0.0017543859649122807 -0.1309807425991948 0.5762069003893303 -0.13167941750975976 0 0 0
0.0017543859649122807 0.4643832288474285 0.4826537207799228 0.03311482843360746 0 0 0
0.0017543859649122807 0.1829822466931522 0.49476145882561856 0.4288235363723245 0 0 0
0.0017543859649122807 0.21185587282360438 0.09787414125808651 0.43012980610054374 0 0 0
0.0017543859649122807 -0.013711840938006837 0.26286389852954617 -0.5557359259397059 0 0 0
0.0017543859649122807 0.1504508343663999 -0.4637357360489754 0.4429865204185284 0 0 0
0.0017543859649122807 0.29161582116857865 0.07588163188654301 0.3652249861058035 0 0 0
0.0017543859649122807 0.5741929190672386 -0.15155907582713685 -0.2415563677433286 0 0 0
0.0017543859649122807 -0.04806966078603405 -0.07380432414004164 -0.6017212776114754 0 0 0
0.0017543859649122807 0.03339200608416033 -0.600586557781937 0.07148218921694824 0 0 0
0.0017543859649122807 0.6317146934725986 -0.23575731284391757 0.04776353766616806 0 0 0
0.0017543859649122807 -0.45310221816713275 0.20281425148787643 -0.2909648423791616 0 0 0
0.0017543859649122807 0.5289391682547856 0.35625215323446396 -0.06689067149493805 0 0 0
0.0017543859649122807 -0.01723244836361713 -0.13514407807792234 -0.5644379697089487 0 0 0
0.0017543859649122807 -0.16665659905261643 -0.28170803703550484 -0.2847023437666721 0 0 0
0.0017543859649122807 -0.1996212320528487 0.027316004761456972 -0.3991252952334458 0 0 0
0.0017543859649122807 0.5319550348409103 0.24926968594862273 -0.06974229068574034 0 0 0
0.0017543859649122807 -0.20883189656905984 -0.367033042937509 -0.07972590668034736 0 0 0
0.0017543859649122807 -0.3926608967824217 -0.2600915104777763 0.1260073890181461 0 0 0
0.0017543859649122807 0.3594955507388245 -0.42506732829199195 0.2212043390629086 0 0 0
0.0017543859649122807 -0.27215520326508513 0.059696916641512325 0.03222039789091836 0 0 0
0.0017543859649122807 0.12815865076996633 0.2807947312263531 -0.11776745592015649 0 0 0
0.0017543859649122807 -0.04918862904781515 -0.3222798056532442 0.6066669389964653 0 0 0
0.0017543859649122807 0.11936614267595018 -0.05454774741676918 -0.418779612719355 0 0 0
0.0017543859649122807 -0.15858056397997036 0.043514277397992844 0.5671719151754412 0 0 0
0.0017543859649122807 0.2596143281582642 0.3341750821899062 -0.09960476047886022 0 0 0
0.0017543859649122807 0.4074897330188991 0.25390719553341284 0.25147450947421396 0 0 0
0.0017543859649122807 -0.23467030739709943 0.27014735938594425 0.3018165030391936 0 0 0
0.0017543859649122807 -0.31331306878314125 0.18321370263892428 0.5576867189683575 0 0 0
0.0017543859649122807 -0.35356801319578307 0.03109839983654163 -0.3483910141285774 0 0 0
0.0017543859649122807 0.36710957829815255 0.10100351416161299 -0.34879290820099085 0 0 0
0.0017543859649122807 -0.4996326102157646 -0.337852201000778 -0.14227420407763083 0 0 0
0.0017543859649122807 0.12312890626219111 -0.28398466593573995 -0.14381972658681658 0 0 0
0.0017543859649122807 0.5783434941204127 0.3586051857261641 -0.07113143751707413 0 0 0
0.0017543859649122807 0.02280809109954668 0.2391439057188157 0.22920100365202536 0 0 0
0.0017543859649122807 0.020438600191268554 0.5633732676858048 -0.11177638997612895 0 0 0
0.0017543859649122807 0.2633434593273699 0.39794803893364294 0.06885036103742319 0 0 0
0.0017543859649122807 -0.04977151046436412 -0.6165308437260137 0.2404806558573608 0 0 0
0.0017543859649122807 0.14760517460490644 -0.6678914853503242 0.042089298550231274 0 0 0
0.0017543859649122807 0.36810796307007826 0.21344187034292633 -0.18452705509587167 0 0 0
0.0017543859649122807 -0.3726510031893081 -0.28592289136339216 0.20829897582521972 0 0 0
0.0017543859649122807 -0.08210819549710775 -0.04097825902249059 -0.276876178877763 0 0 0
0.0017543859649122807 0.38557534044738384 -0.4055501318465379 0.28357709941453363 0 0 0
0.0017543859649122807 0.0828222046894892 -0.30820631942725124 -0.04604996242188092 0 0 0
0.0017543859649122807 -0.14000663825023246 -0.43383822759304624 0.18257343923140612 0 0 0
0.0017543859649122807 0.4883971365558158 -0.10626650665980295 0.2710126499674791 0 0 0
0.0017543859649122807 -0.4298172597915857 0.08510247318847389 0.13776887350026973 0 0 0
0.0017543859649122807 0.05103156155853091 -0.5261318727416913 0.09263848603292113 0 0 0
0.0017543859649122807 -0.18436337423187865 0.625593122668754 0.0393911308674279 0 0 0
0.0017543859649122807 -0.21326206404328268 0.4634582884508543 -0.16569710833198095 0 0 0
0.0017543859649122807 -0.4588051747779474 0.4967287338744291 -0.12652831205343862 0 0 0
0.0017543859649122807 -0.06528579339802337 0.02745759371029179 0.06809604836930458 0 0 0
0.0017543859649122807 0.07363056653976074 0.0022758864315459456 -0.6831845424926708 0 0 0
0.0017543859649122807 0.07219814743900534 0.15837354852688676 -0.4046594838783925 0 0 0
0.0017543859649122807 0.0839892429882919 0.29174156803915957 -0.14238386258263805 0 0 0
0.0017543859649122807 -0.3602199724763555 0.10262648824511313 -0.04266580088636322 0 0 0
0.0017543859649122807 0.06025297983399743 0.49064361896935477 0.22336491225541286 0 0 0
0.0017543859649122807 -0.17652009897862866 0.2085083994259771 -0.5474327077304357 0 0 0
0.0017543859649122807 0.04866303358007054 0.15104363190514863 0.22494575714322257 0 0 0
0.0017543859649122807 -0.08446036254979866 0.4387404205751347 0.042880164742745315 0 0 0
0.0017543859649122807 0.28196530886312876 0.06956287316118752 0.4312680407485518 0 0 0
0.0017543859649122807 0.20886675181997597 0.13422685267872336 -0.2759608228831066 0 0 0
0.0017543859649122807 0.562671075548174 0.1946380154902082 0.07144766303441907 0 0 0
0.0017543859649122807 -0.4730931975104217 0.30559329008443836 0.3823588893937143 0 0 0
0.0017543859649122807 -0.5085344605967104 -0.2853074218007182 -0.07232117971163401 0 0 0
0.0017543859649122807 -0.3906353022522821 0.1517521764293097 0.2603302333753037 0 0 0
0.0017543859649122807 -0.24659379734066636 0.5647787650907821 0.21817124234906007 0 0 0
0.0017543859649122807 0.0464774388066753 -0.2419143423983113 -0.3470838540365725 0 0 0
0.0017543859649122807 0.6118128422040573 -0.17216368196364382 0.10600207009683198 0 0 0
0.0017543859649122807 0.35505981884844523 0.4359394296773749 -0.18490718022669833 0 0 0
0.0017543859649122807 -0.06305275377615262 -0.10792567580024565 0.16152006982368333 0 0 0
0.0017543859649122807 -0.014391753749233755 0.366000330724365 -0.38221288699293504 0 0 0
0.0017543859649122807 0.43726354617835445 -0.09134121034880394 -0.47193480184098513 0 0 0
0.0017543859649122807 0.5149665886483925 0.39707930421264187 -0.17964295683507667 0 0 0
0.0017543859649122807 -0.2752875174118054 -0.09037690005553194 -0.32667828326870363 0 0 0
0.0017543859649122807 0.05581523138108947 -0.5516726434646464 0.1371492593690957 0 0 0
0.0017543859649122807 0.388095472580081 -0.04572740073967134 -0.08060789034250239 0 0 0
0.0017543859649122807 0.24314275453957634 -0.06382477595707182 0.5595243053760864 0 0 0
0.0017543859649122807 0.23117205141272157 -0.10332176844833353 0.03656637949094785 0 0 0
0.0017543859649122807 -0.4809635905628167 -0.4236318250197093 0.12574824454833874 0 0 0
0.0017543859649122807 0.1433344739277592 0.11978170797405309 -0.19788205323018246 0 0 0
0.0017543859649122807 0.1191512761311585 -0.4568894697596259 -0.10329153356410625 0 0 0
0.0017543859649122807 -0.3268286751027912 0.0961482214141049 0.3819430437811493 0 0 0
0.0017543859649122807 0.20061392209723408 0.1619045598350767 -0.3338163955524673 0 0 0
0.0017543859649122807 -0.46606650712467407 -0.07321761462712499 0.20862397905708494 0 0 0
0.0017543859649122807 0.1997141736999813 0.34937415004747335 0.23111477835171823 0 0 0
0.0017543859649122807 0.4511151121112155 -0.03538745178829261 0.15978133115877818 0 0 0
0.0017543859649122807 0.38682705632361686 0.07062150244433699 -0.20208478813318914 0 0 0
0.0017543859649122807 -0.5923922644953863 0.07553268381289993 0.22905362495034853 0 0 0
0.0017543859649122807 -0.07367597814996844 -0.2669625662295285 -0.436979863801489 0 0 0
0.0017543859649122807 -0.19370434869778455 0.13758592480296367 -0.36168357167985027 0 0 0
0.0017543859649122807 -0.044209868641585576 0.34450152134277634 0.11806706176901964 0 0 0
0.0017543859649122807 -0.4919238039968466 -0.024260174931188563 0.3268128153616995 0 0 0
0.0017543859649122807 -0.20677387145920734 0.2838124387333696 0.3587653076879966 0 0 0
0.0017543859649122807 0.41076756437366413 -0.46675323656976975 0.19809542511042008 0 0 0
0.0017543859649122807 0.5988808349912256 0.3204711391253337 0.08308544270009979 0 0 0
0.0017543859649122807 -0.6170122603766631 0.015362750173265513 0.3083097395147343 0 0 0
0.0017543859649122807 -0.3449526407741321 0.32508821402538424 0.49122495262763183 0 0 0
0.0017543859649122807 0.25622685809789203 0.18705909786784175 -0.1673745286320601 0 0 0
0.0017543859649122807 0.09926056916570516 -0.47199676273390084 -0.1470575547547835 0 0 0
0.0017543859649122807 0.06796800519046378 -0.28603621406489343 0.4252491229693451 0 0 0
0.0017543859649122807 0.2543557459335773 -0.28336928023253505 -0.4564521195823307 0 0 0
0.0017543859649122807 0.06777566550542322 -0.1076869045080641 0.5325639184977821 0 0 0
0.0017543859649122807 -0.061942794559233696 0.18586664765780742 -0.11067162502699329 0 0 0
0.0017543859649122807 0.4636329354825837 -0.29618081116745887 0.14795666451370376 0 0 0
0.0017543859649122807 -0.25993110175551376 -0.10133191195186772 -0.10317119522798415 0 0 0
0.0017543859649122807 -0.01273869840895852 -0.18427947075512635 -0.2086906925762464 0 0 0
0.0017543859649122807 -0.15062759611985174 -0.5708379152640166 -0.16957027948040274 0 0 0
0.0017543859649122807 -0.4865019486929178 -0.10381811626723558 -0.1211365400898103 0 0 0
0.0017543859649122807 0.35013489668409625 0.022346905844972148 0.5233118807413737 0 0 0
0.0017543859649122807 -0.2960540998674074 0.5974606037537267 0.1400897224967854 0 0 0
0.0017543859649122807 -0.21262961555065898 0.08801399216391857 -0.5239792803288053 0 0 0
0.0017543859649122807 0.45117546660717184 0.20908051374989503 -0.2543134958159321 0 0 0
0.0017543859649122807 0.25658159231055194 -0.4232139247432487 0.36068343765102195 0 0 0
0.0017543859649122807 -0.5213558971774643 0.1366448860383169 -0.12223705964171686 0 0 0
0.0017543859649122807 0.049686904406773806 0.45986872543972124 0.47850169616598964 0 0 0
0.0017543859649122807 -0.46140762713010913 -0.37612384186812425 0.23158075348372567 0 0 0
0.0017543859649122807 -0.21355689390171975 0.11416289595397659 0.4572492100437903 0 0 0
0.0017543859649122807 0.1421673989832556 -0.25921115935738837 -0.49378575747986647 0 0 0
0.0017543859649122807 0.09164129180330219 0.2946011978626241 0.2752883578722503 0 0 0
0.0017543859649122807 -0.43106824945178884 -0.4688304122417437 -0.23887484859453642 0 0 0
0.0017543859649122807 -0.08994284087307794 -0.22670720429419358 0.3099505815018537 0 0 0
0.0017543859649122807 0.06049233129913243 -0.15019789242145426 0.1328575293366856 0 0 0
0.0017543859649122807 0.389346686850392 0.17070741056345862 -0.19003810151919703 0 0 0
0.0017543859649122807 0.23498667639021423 -0.023572541583954127 -0.4901372105836861 0 0 0
0.0017543859649122807 -0.43622895926406624 -0.34336584952286386 -0.07929848183758403 0 0 0
0.0017543859649122807 0.239084690840109 -0.13175988418399712 -0.44593192095567635 0 0 0
0.0017543859649122807 0.043979070840472055 0.3344215535283045 0.540956839887491 0 0 0
0.0017543859649122807 -0.21904019671299424 0.27328958112966917 0.3085693606290842 0 0 0
0.0017543859649122807 -0.03517610831654398 0.43516856121404845 -0.28575577225705295 0 0 0
0.0017543859649122807 0.05125999082481846 0.4479343179185587 -0.13626794289785377 0 0 0
0.0017543859649122807 -0.25803915545801426 0.1274665727288288 0.10497915309329303 0 0 0
0.0017543859649122807 -0.3413959512537718 -0.4743574538874939 -0.36431181433072707 0 0 0
0.0017543859649122807 -0.01371872770693785 -0.23120377144022608 -0.4818481541634505 0 0 0
0.0017543859649122807 0.5487356533602448 -0.30538888784951596 -0.21842641734550533 0 0 0
0.0017543859649122807 -0.2072276914075365 0.24782651165175149 0.41330999134650737 0 0 0
0.0017543859649122807 -0.35637834486386827 -0.4437082849875395 -0.2627781306148325 0 0 0
0.0017543859649122807 -0.26546840901311813 -0.047180789871841614 -0.6318210532697232 0 0 0
0.0017543859649122807 0.31695562408905836 -0.09714229749133016 -0.2632463328497159 0 0 0
0.0017543859649122807 -0.09537874381197638 0.29536856005455914 0.5944823743388258 0 0 0
0.0017543859649122807 0.2519601257529244 0.13605416536553647 0.1685036866289408 0 0 0
0.0017543859649122807 0.020510791507944003 -0.37525416867861633 -0.15525537378180065 0 0 0
0.0017543859649122807 0.03707811401398299 -0.24046676915601 0.0016690881024775583 0 0 0
0.0017543859649122807 -0.021353233662466067 -0.41551921587660107 0.5502257987185213 0 0 0
0.0017543859649122807 0.42085190174037196 0.3829956524277313 -0.10559261951776559 0 0 0
0.0017543859649122807 -0.435887256383013 -0.047945031499235395 -0.29134822831806817 0 0 0
0.0017543859649122807 0.1067608372063707 -0.16630602046316872 -0.5037444677780396 0 0 0
0.0017543859649122807 0.37787863890845114 0.052478640938547615 -0.5022104099863908 0 0 0
0.0017543859649122807 -0.23732657873858848 0.3598538682946194 0.10730551235635352 0 0 0
0.0017543859649122807 0.33498912309981754 -0.4245939480612048 -0.292232864808359 0 0 0
0.0017543859649122807 -0.23317004899793653 0.23741349679729162 0.4787139745727718 0 0 0
0.0017543859649122807 -0.008354987411832373 -0.09663177776979046 0.36231818610332805 0 0 0
0.0017543859649122807 -0.4647221578371209 -0.22896399455861316 -0.19135035161767275 0 0 0
0.0017543859649122807 0.5325356271119899 0.41014068151787025 0.1625960748626287 0 0 0
0.0017543859649122807 0.5711660657012965 -0.164074891869351 -0.2811295356267703 0 0 0
0.0017543859649122807 0.41657614799167947 0.023016861154383863 -0.44256150459395244 0 0 0
0.0017543859649122807 0.03603904035586776 -0.40285986933041945 -0.46801791777104296 0 0 0
0.0017543859649122807 0.01939304616440708 0.03386958730331762 -0.3366880932470255 0 0 0
0.0017543859649122807 0.2606098423199184 0.6363491929495174 -0.004294609506063706 0 0 0
0.0017543859649122807 -0.5885340534360657 -0.11425532885993672 -0.12310309869949171 0 0 0
0.0017543859649122807 0.2680721150082787 -0.19092935080805784 -0.16602624166541802 0 0 0
0.0017543859649122807 -0.2564582631846166 -0.2391442361200691 0.08389744086713775 0 0 0
0.0017543859649122807 -0.5526871783631128 -0.22450239128746932 0.23382234882113567 0 0 0
0.0017543859649122807 0.6053663972334646 -0.19752423447275969 0.019241899374731298 0 0 0
0.0017543859649122807 0.4950344061592917 -0.2333411141211948 0.056541871811304226 0 0 0
0.0017543859649122807 -0.47766776693918317 0.20934221926822402 -0.0055245078922721335 0 0 0
0.0017543859649122807 -0.5523785418793951 -0.20800720939842637 0.08604537390735693 0 0 0
0.0017543859649122807 -0.34976725924713636 0.038954572042697776 -0.22420487871956202 0 0 0
0.0017543859649122807 -0.19435739244693806 0.22051743126166515 0.5925968364424027 0 0 0
0.0017543859649122807 0.2768422542879332 -0.2507329012463909 -0.23562726150434746 0 0 0
0.0017543859649122807 -0.08293511890566442 0.444891151791543 -0.21893720238513872 0 0 0
0.0017543859649122807 0.19431506721734418 0.467239743101893 -0.40270842832097037 0 0 0
