410
0
0.0024390243902439024 -0.09994525801633858 -0.23445316942538852 -0.33302973033688954 0 0 0
0.0024390243902439024 -0.3150851383074161 0.39409641798004047 -0.27041126868270665 0 0 0
0.0024390243902439024 -0.022246478836769112 0.1053666236326729 -0.6072004704705892 0 0 0
0.0024390243902439024 -0.28189732565936587 0.2980559658461932 0.1448959557148796 0 0 0
0.0024390243902439024 -0.14019940992540328 0.509484335536085 0.3167220650569225 0 0 0
0.0024390243902439024 -0.12885641452516683 0.08664350104027341 -0.5132480206920388 0 0 0
0.0024390243902439024 0.3658955515742079 -0.26909820428361864 -0.30639431624874613 0 0 0
0.0024390243902439024 0.475709004379527 0.22603957729706284 -0.020903260226881756 0 0 0
0.0024390243902439024 0.4311123646391251 0.23344964590914835 0.4708534423501458 0 0 0
0.0024390243902439024 -0.000537986539466123 -0.30471890764496373 -0.07632645591197298 0 0 0
0.0024390243902439024 -0.22816252838492282 0.5516356449651793 0.10720020617196978 0 0 0
0.0024390243902439024 -0.032343784910820315 -0.43776951587915597 -0.403598146672867 0 0 0
0.0024390243902439024 0.19113324271171722 0.021293792259905034 0.20363446327600312 0 0 0
0.0024390243902439024 -0.18029581845031875 -0.11227849873260322 0.5286573487283321 0 0 0
0.0024390243902439024 -0.12022976629416314 -0.25791820864525006 -0.24506772596906307 0 0 0
0.0024390243902439024 0.1423658703140092 0.5517729746891948 -0.1264235754149839 0 0 0
0.0024390243902439024 0.4861128501439133 0.11159964567783251 0.46100921173016707 0 0 0
0.0024390243902439024 0.009012340502956526 -0.2711436127998989 -0.2496840893909376 0 0 0
0.0024390243902439024 0.11766715599295482 0.4625096374623695 0.40224422074156524 0 0 0
0.0024390243902439024 0.17582340149657677 -0.013766987196925264 -0.34401134830311647 0 0 0
0.0024390243902439024 0.36749708968033334 0.22874742616544658 -0.35250553280422864 0 0 0
0.0024390243902439024 0.26516321736152143 -0.1990014887361132 -0.38083492676158465 0 0 0
0.0024390243902439024 -0.49007371781533465 0.2004442057978375 -0.3104755833019684 0 0 0
0.0024390243902439024 -0.43485056579060144 -0.39894175365683093 -0.09911376574456306 0 0 0
0.0024390243902439024 -0.2610179689595167 0.47406282303284347 -0.21727546760960909 0 0 0
0.0024390243902439024 -0.3446394231223847 0.22288775324881355 -0.29514049418930616 0 0 0
0.0024390243902439024 0.1354111856027416 0.17391151630691717 -0.611049471604711 0 0 0
0.0024390243902439024 0.2710827855185501 0.042462921470592135 -0.5164846343158387 0 0 0
0.0024390243902439024 -0.13247789348307537 0.5684637060089526 0.3375720719094425 0 0 0
0.0024390243902439024 -0.2327475479338805 0.08473818084575296 -0.41305733940282063 0 0 0
0.0024390243902439024 0.35119686826865937 -0.07646683529322353 -0.22553573590692685 0 0 0
0.0024390243902439024 -0.3158271853079262 -0.3720721877750651 0.4608427441021182 0 0 0
0.0024390243902439024 -0.6208803124963334 -0.08953531164510327 0.08031603425913689 0 0 0
0.0024390243902439024 -0.4165643806821519 0.22646978214129693 0.05989002775469351 0 0 0
0.0024390243902439024 0.27714957042812927 -0.15723587246444415 -0.1556147489663686 0 0 0
0.0024390243902439024 -0.01581588845589792 0.41174576338987046 -0.06972383992926726 0 0 0
0.0024390243902439024 -0.3921804313235253 0.31603715914740016 -0.3986290183580868 0 0 0
0.0024390243902439024 -0.2418303645682182 -0.46515301028764794 -0.4508238185516721 0 0 0
0.0024390243902439024 -0.1562323131685028 0.3537784633842047 0.1866359618775266 0 0 0
0.0024390243902439024 -0.1565373195399579 -0.31030039072391075 0.38743576837331456 0 0 0
0.0024390243902439024 0.13375656770108352 -0.602822868555857 -0.2380925619690196 0 0 0
0.0024390243902439024 0.29898537702516476 0.3837649828409057 0.35903509122148375 0 0 0
0.0024390243902439024 -0.41482843997017543 -0.3011892873506741 -0.44475694825684486 0 0 0
0.0024390243902439024 -0.5984233266133474 -0.06741881435507394 -0.26376452893353414 0 0 0
0.0024390243902439024 0.5615580477716715 0.36897090695504686 -0.050673104150736906 0 0 0
0.0024390243902439024 0.19022031409745818 -0.25432859064363633 -0.38383465449307813 0 0 0
0.0024390243902439024 -0.24860482882907395 0.02575709806818617 -0.5010702080480468 0 0 0
0.0024390243902439024 0.29240731963370376 0.24791015764344373 0.35020409733720326 0 0 0
0.0024390243902439024 -0.3584320571523303 0.5225752329501829 -0.21124561537118364 0 0 0
0.0024390243902439024 0.17614510742115386 0.26204186181235467 -0.4889538342266073 0 0 0
0.0024390243902439024 -0.005019750307150683 -0.05372129937749312 -0.33977492682257115 0 0 0
0.0024390243902439024 -0.34188608169911144 0.5387098766668121 0.26787632541922424 0 0 0
0.0024390243902439024 -0.45071393254086917 0.279223091113082 0.20766465371061923 0 0 0
0.0024390243902439024 0.08945724942890648 0.38676939344318567 0.4229910970700377 0 0 0
0.0024390243902439024 -0.028555448610620426 0.3517777672635042 0.5789499337824573 0 0 0
0.0024390243902439024 0.19728931666608815 -0.1609273073362815 0.5579480417243209 0 0 0
0.0024390243902439024 -0.16603688985521892 0.164770560954423 0.08768885657627341 0 0 0
0.0024390243902439024 -0.2953605762845114 0.11290014263164261 0.5771344074506677 0 0 0
0.0024390243902439024 -0.44107202441499666 0.1567483074209606 -0.05126402727496209 0 0 0
0.0024390243902439024 -0.5830084367838835 0.03990279778278319 0.22129362700575897 0 0 0
0.0024390243902439024 0.05263414436528186 -0.013484288544974975 -0.612897500137577 0 0 0
0.0024390243902439024 -0.0916197131099121 0.25547644566008293 -0.4073738877682557 0 0 0
0.0024390243902439024 0.03700063485039287 -0.05155119369995231 -0.6007095249705839 0 0 0
0.0024390243902439024 0.5874035336480328 0.2598442731134441 0.23547560757766792 0 0 0
0.0024390243902439024 0.5653854080336516 0.15784224328771873 0.19501837688805362 0 0 0
0.0024390243902439024 0.30073302561653803 -0.2635798795186293 -0.20989735025767536 0 0 0
0.0024390243902439024 0.3341410555823906 0.020571244825511915 -0.20178410017118042 0 0 0
0.0024390243902439024 0.044029258945382996 -0.20047661564003086 -0.15143325097932525 0 0 0
0.0024390243902439024 -0.2307704942143094 0.08585020098704527 0.3518795987772488 0 0 0
0.0024390243902439024 0.1789727043284549 0.21258406632935717 -0.42965823408842296 0 0 0
0.0024390243902439024 -0.2807669397207126 -0.049591954831861865 0.42550330574229756 0 0 0
0.0024390243902439024 0.21045489726192612 -0.3856755276272478 -0.5228654846997336 0 0 0
0.0024390243902439024 -0.27224824910463574 0.03068750805348367 0.031430773786759215 0 0 0
0.0024390243902439024 -0.38756807140847643 0.3492136297804891 0.42746456481351197 0 0 0
0.0024390243902439024 0.5569336922261664 0.2625200474209468 -0.2660142674709794 0 0 0
0.0024390243902439024 -0.12382440572205217 0.04355524103315823 -0.4037639902254729 0 0 0
0.0024390243902439024 -0.07324665635386825 -0.5739478473791044 0.08677233084918382 0 0 0
0.0024390243902439024 -0.20781874632754888 0.2107514224159543 -0.3644909579691275 0 0 0
0.0024390243902439024 -0.010163894146679514 0.42775182061352274 0.20276686968994104 0 0 0
0.0024390243902439024 -0.07842488140592242 0.011346498779698497 0.0261370701494231 0 0 0
0.0024390243902439024 0.3332589034504672 0.18293707304143406 0.23894588599381733 0 0 0
0.0024390243902439024 0.03543580884644021 0.027438485342812863 0.6512286007504176 0 0 0
0.0024390243902439024 -0.382202536641553 -0.5597553330115212 0.014565957430187973 0 0 0
0.0024390243902439024 -0.4921945207792069 0.14466640807896722 -0.3609947410544237 0 0 0
0.0024390243902439024 0.04910979740504358 -0.20776167648803154 0.5873934508892307 0 0 0
0.0024390243902439024 0.15253566763006368 0.5642642376906245 0.20070301171311028 0 0 0
0.0024390243902439024 -0.23349677638010108 -0.2692175815938675 0.46455780755916587 0 0 0
0.0024390243902439024 0.4282984944858934 0.04265570743496265 -0.18131230139696472 0 0 0
0.0024390243902439024 0.006249077995740802 -0.5398806650031794 -0.22313367218269994 0 0 0
0.0024390243902439024 0.5792092967308495 -0.008214561421039561 0.26961451218144483 0 0 0
0.0024390243902439024 0.03948193300365628 -0.285688731922567 0.2687645563389172 0 0 0
0.0024390243902439024 0.3811893061319437 -0.10041351979198664 0.41970616794445587 0 0 0
0.0024390243902439024 -0.28529222022613737 0.1221136731776085 0.4678968214931694 0 0 0
0.0024390243902439024 0.09550556288002629 -0.30045790500222314 -0.02249951682236533 0 0 0
0.0024390243902439024 -0.23140385245246875 0.532094967753029 0.34492791389158217 0 0 0
0.0024390243902439024 -0.15134193629684956 0.2984773990523667 -0.11603906555514676 0 0 0
0.0024390243902439024 -0.22589773394849133 0.46990751114008333 0.39442328378889335 0 0 0
0.0024390243902439024 0.525710206425366 -0.07363780143429403 -0.06990663284119038 0 0 0
0.0024390243902439024 0.10706857290470097 -0.3433451261387844 -0.1784168070082095 0 0 0
0.0024390243902439024 -0.037145222319800136 -0.1313025773019433 -0.4334157047369469 0 0 0
0.0024390243902439024 0.09942004409077958 0.25831184569529747 0.05994311926634524 0 0 0
0.0024390243902439024 -0.2375237225245794 -0.1687336826533912 0.3344326073556264 0 0 0
0.0024390243902439024 -0.12559199410048574 -0.2409451883805725 0.28565903272113147 0 0 0
0.0024390243902439024 -0.11467381632470178 0.42959989580720154 -0.08442366259451461 0 0 0
0.0024390243902439024 0.5159272927891394 0.04168614880756231 0.1710211780810333 0 0 0
0.0024390243902439024 -0.19216799782752958 -0.13578036564709356 0.27409078499225353 0 0 0
0.0024390243902439024 0.07524356128277176 0.23950342309495434 0.2249419902924733 0 0 0
0.0024390243902439024 0.07657032359745378 -0.19118450002635032 -0.2403242015132774 0 0 0
0.0024390243902439024 0.2557839030942571 -0.1848351533969482 0.2402266354237138 0 0 0
0.0024390243902439024 0.553761908848637 0.271862044803481 -0.11828126754392608 0 0 0
0.0024390243902439024 0.15368729310044918 0.35104573846682213 0.446313122004928 0 0 0
0.0024390243902439024 -0.5918111884134913 0.2154814586357672 0.22755305470484738 0 0 0
0.0024390243902439024 -0.3148059231864105 0.11989226429065486 -0.010258887584180004 0 0 0
0.0024390243902439024 0.3855056283117102 -0.3434735951742807 -0.02236237838317495 0 0 0
0.0024390243902439024 0.3135579749248649 -0.47349179434056415 -0.39632866319706456 0 0 0
0.0024390243902439024 -0.2586309492425147 0.3992259363348978 0.01822376562506036 0 0 0
0.0024390243902439024 -0.0374621232381068 0.15067008175102767 0.163318517366131 0 0 0
0.0024390243902439024 0.2616485508859005 0.16509194641907224 -0.13497894134227106 0 0 0
0.0024390243902439024 0.5978708107903231 0.03704920305598721 0.34380689002089365 0 0 0
0.0024390243902439024 -0.4666954447283039 -0.2191412784307521 0.0818446217215796 0 0 0
0.0024390243902439024 -0.023471693147665867 -0.3432511548934325 -0.5596712744569047 0 0 0
0.0024390243902439024 -0.5165454964105816 0.10638027346957384 0.27865997142417787 0 0 0
0.0024390243902439024 0.11385193313907402 0.5594330676115576 -0.15658670391865112 0 0 0
0.0024390243902439024 -0.10455588385994853 0.13376765519033357 -0.21457205886363806 0 0 0
0.0024390243902439024 0.014663226798260147 0.14637614101773538 0.24257290058577907 0 0 0
0.0024390243902439024 -0.4826354659324298 0.29943780915653284 -0.3419904036268162 0 0 0
0.0024390243902439024 0.09096104674980693 0.24481214551849906 -0.08598773707369606 0 0 0
0.0024390243902439024 -0.17306951195195433 -0.010076168783155695 -0.061460898347290516 0 0 0
0.0024390243902439024 0.25557557859851765 -0.19935891094740923 -0.27847006339043484 0 0 0
0.0024390243902439024 -0.05864785787974404 0.5710814432002848 0.08216702689671339 0 0 0
0.0024390243902439024 -0.25806055365554187 0.5220439747506666 0.22539838757806432 0 0 0
0.0024390243902439024 0.07961019063654669 -0.0898504033637315 0.20240868493422826 0 0 0
0.0024390243902439024 0.6421101726494087 0.11646084806148299 -0.050585013285706686 0 0 0
0.0024390243902439024 0.2487048943415206 -0.6122668358760339 0.004042825721592913 0 0 0
0.0024390243902439024 -0.21505523180580452 -0.44303210421509115 -0.11877573257837531 0 0 0
0.0024390243902439024 0.17312223834319215 0.2546056845307979 -0.23089711768268745 0 0 0
0.0024390243902439024 0.26346034002948476 0.571112483036305 -0.054992744978841615 0 0 0
0.0024390243902439024 -0.04957139832690228 0.18695672359929866 -0.10606480979616897 0 0 0
0.0024390243902439024 -0.32080284274672727 -0.45118869125513816 -0.37904299606429714 0 0 0
0.0024390243902439024 -0.23063910033867538 -0.1754837485862974 -0.5736146938838674 0 0 0
0.0024390243902439024 -0.06610478511913737 0.02074655432679166 -0.5038916496566371 0 0 0
0.0024390243902439024 -0.012300532095567182 0.23716859429890993 -0.14362910258186468 0 0 0
0.0024390243902439024 0.1515058952294332 -0.08321561212843324 0.0502406793148913 0 0 0
0.0024390243902439024 0.3482704978004536 0.4572496352278113 0.05542149722677868 0 0 0
0.0024390243902439024 0.17668193317111314 -0.34550036081005725 -0.39243622099588965 0 0 0
0.0024390243902439024 -0.043897479493920526 0.42956307358171564 0.2197940165416828 0 0 0
0.0024390243902439024 0.38726312412243374 -0.05713404587755079 0.38106899084881773 0 0 0
0.0024390243902439024 0.5660329591465232 -0.2841110544141126 0.2704693821605929 0 0 0
0.0024390243902439024 0.12099724342286686 -0.35483932674081137 -0.12061418699789762 0 0 0
0.0024390243902439024 0.30084463319633464 -0.15285193171424566 0.10680363721399282 0 0 0
0.0024390243902439024 0.20920798519260284 0.2152534107192416 0.4395220069631222 0 0 0
0.0024390243902439024 0.25363733110586656 -0.43722906491616276 0.02540678184380706 0 0 0
0.0024390243902439024 0.20051736401391046 0.26985419002346334 0.050504851854703735 0 0 0
0.0024390243902439024 -0.009005504571156248 0.3792691066437724 0.4552431894412023 0 0 0
0.0024390243902439024 -0.05037452095883209 -0.507696297344263 -0.45522411567583454 0 0 0
0.0024390243902439024 0.1895706989353494 -0.41954366293518996 0.3582883235559214 0 0 0
0.0024390243902439024 0.204197811698144 -0.35513327629405533 0.524049637868133 0 0 0
0.0024390243902439024 0.1529836347502508 -0.014617007500933586 0.469572657348607 0 0 0
0.0024390243902439024 -0.16419985255826203 -0.29077626373070126 0.005819771532234546 0 0 0
0.0024390243902439024 0.29534677621110245 0.1513817692778671 -0.04600851306721726 0 0 0
0.0024390243902439024 -0.44313345016144123 -0.151438698542746 -0.2665690347629386 0 0 0
0.0024390243902439024 0.32535702164028724 -0.33672590920839607 -0.4303075906155552 0 0 0
0.0024390243902439024 -0.2659216689819299 -0.019583005090183233 -0.07188077750707918 0 0 0
0.0024390243902439024 0.09830539753928001 -0.15734749653574373 -0.653454878005644 0 0 0
0.0024390243902439024 0.37620815891697584 0.21389486454769732 0.06895952228814085 0 0 0
0.0024390243902439024 0.45432550577288283 -0.48482305766692757 -0.08924452948588775 0 0 0
0.0024390243902439024 0.17094546711211311 -0.017225344974123653 -0.15246239760692867 0 0 0
0.0024390243902439024 -0.04622259067884393 0.4757295827495399 -0.3627678217510708 0 0 0
0.0024390243902439024 0.5533932233239505 -0.3127761388749603 -0.003927255611534041 0 0 0
0.0024390243902439024 -0.07805489893388455 -0.5815671025706077 -0.22782847905124534 0 0 0
0.0024390243902439024 -0.014984777100717623 -0.1833948699959405 -0.6270088082538422 0 0 0
0.0024390243902439024 0.6304272235544836 -0.1663127618095643 0.015037753188337943 0 0 0
0.0024390243902439024 -0.11319892870483228 -0.6327088633294466 0.20649775884547844 0 0 0
0.0024390243902439024 0.12581258761517938 0.4259893149401875 0.015939646859239584 0 0 0
0.0024390243902439024 -0.05838324910203941 -0.14053758129868518 0.4546071375654016 0 0 0
0.0024390243902439024 0.19245025569677268 0.48072455294095934 -0.15434263920244187 0 0 0
0.0024390243902439024 0.008837996885475126 -0.4934582333880172 -0.1582563327355361 0 0 0
0.0024390243902439024 -0.1837738165374814 -0.023162790785886317 0.39709241014977364 0 0 0
0.0024390243902439024 0.2057830129786693 0.5744800286721323 0.2869663145161108 0 0 0
0.0024390243902439024 -0.2258839291972939 0.29048298832109326 0.44731162529164087 0 0 0
0.0024390243902439024 -0.016995069593704587 -0.024125539420287678 -0.42015512839071023 0 0 0
0.0024390243902439024 0.3247754720517333 0.4839671207258849 0.039213810633874344 0 0 0
0.0024390243902439024 -0.15719820130791826 0.11560025264506345 -0.6267565915380453 0 0 0
0.0024390243902439024 -0.28802083959234415 0.539042836129199 -0.11560530008226448 0 0 0
0.0024390243902439024 -0.46306794127477646 0.341339570157613 0.1611417590890798 0 0 0
0.0024390243902439024 0.3184090398744166 0.19655896862380126 -0.42260238044254916 0 0 0
0.0024390243902439024 -0.15062295831036004 0.6503526071448088 0.04110959858229181 0 0 0
0.0024390243902439024 0.16705524330322227 0.6168646582490319 0.11673056687203626 0 0 0
0.0024390243902439024 0.12487538929615066 -0.544462043645535 -0.12281613208293815 0 0 0
0.0024390243902439024 0.4407634698499997 0.3002934919382404 -0.2851231572337267 0 0 0
0.0024390243902439024 0.19078819208386263 0.05042114107669631 0.2104908980802422 0 0 0
0.0024390243902439024 0.579612450464192 -0.2112164016314152 0.03799384033411082 0 0 0
0.0024390243902439024 -0.49345941028254026 0.38364145631183144 0.20607697885806267 0 0 0
0.0024390243902439024 -0.07310095395511343 0.3458265372633137 0.07106119825564827 0 0 0
0.0024390243902439024 0.21687826941354954 -0.32896346759274775 -0.14265807609900835 0 0 0
0.0024390243902439024 -0.051611249657242265 -0.0047550639476030936 0.5918913236471426 0 0 0
0.0024390243902439024 0.31458572019998254 -0.2537016443109035 0.020091338051004975 0 0 0
0.0024390243902439024 0.13654784447801058 -0.001192559465173624 0.31589515390714656 0 0 0
0.0024390243902439024 -0.06897839706382755 0.196019987453503 0.1452769772500558 0 0 0
0.0024390243902439024 0.3528932965515763 0.045388139343882 -0.42729498093377394 0 0 0
0.0024390243902439024 -0.40534966476437945 -0.27100904300835815 -0.3856929071097012 0 0 0
0.0024390243902439024 -0.31032405904742505 0.16800546343250017 0.48229971573850544 0 0 0
0.0024390243902439024 -0.07758138777131213 -0.19612008115359061 -0.6051586711634401 0 0 0
0.0024390243902439024 0.559839506886967 0.15083699797770778 -0.2738212588963256 0 0 0
0.0024390243902439024 0.6361509660866373 -0.0006778296803901133 -0.030685065840178837 0 0 0
0.0024390243902439024 0.08876353088876605 0.42276419034296503 -0.14274979884189312 0 0 0
0.0024390243902439024 0.6615511135662112 0.1453212120085901 -0.13370102366895792 0 0 0
0.0024390243902439024 -0.18976489702929472 0.09742331890680454 -0.008300729707330706 0 0 0
0.0024390243902439024 0.619212184752941 -0.23523976298278523 0.029530140173655354 0 0 0
0.0024390243902439024 0.4362396956432089 -0.526447741454138 0.10429074191225608 0 0 0
0.0024390243902439024 0.2961756410527665 -0.3003731778002492 -0.20099110360712819 0 0 0
0.0024390243902439024 0.1809086884322583 0.3311987694083389 -0.11417450405660626 0 0 0
0.0024390243902439024 0.3629664374116587 0.21191609082002644 0.30158631849911766 0 0 0
0.0024390243902439024 -0.20345759883502537 0.4089001394132665 -0.4937821827864819 0 0 0
0.0024390243902439024 0.05819596403237674 -0.5083484292363198 -0.23665108024776121 0 0 0
0.0024390243902439024 -0.35622078231477006 0.018798947679115514 0.36858232353238385 0 0 0
0.0024390243902439024 -0.21902965390767007 -0.5028734949893007 0.08113806318446892 0 0 0
0.0024390243902439024 -0.5508677979330753 -0.31749325702154374 -0.13947910626456247 0 0 0
0.0024390243902439024 -0.27426364249666935 0.39025938179645636 -0.45647486335098364 0 0 0
0.0024390243902439024 -0.3514657294855474 -0.3607988886993554 -0.21051500126761855 0 0 0
0.0024390243902439024 0.31489909299136015 -0.29467357523341225 0.06879336419293997 0 0 0
0.0024390243902439024 -0.32609094099533614 0.15189138308120492 -0.16681481928839928 0 0 0
0.0024390243902439024 -0.4242095100796333 0.0388840701235902 -0.5111171624725411 0 0 0
0.0024390243902439024 -0.30201175538582614 0.4043954313321432 0.28044947867094105 0 0 0
0.0024390243902439024 -0.4505076177305243 -0.3948685880526919 -0.3314883757077387 0 0 0
0.0024390243902439024 0.4766293336035741 0.15065793678094275 0.0635423926614995 0 0 0
0.0024390243902439024 0.025190381346968636 0.1791097410307302 -0.16575149553305862 0 0 0
0.0024390243902439024 -0.44750572606406835 -0.08374042919468454 -0.012391546852797574 0 0 0
0.0024390243902439024 0.007145124897629279 0.2460201875909088 -0.07548172885192977 0 0 0
0.0024390243902439024 0.19342135978001637 0.4785719780760831 0.1165470531663937 0 0 0
0.0024390243902439024 -0.2425637677138266 -0.44978532580030495 0.001036669893948664 0 0 0
0.0024390243902439024 0.11272665506972261 0.3406448375388562 0.3530561294205766 0 0 0
0.0024390243902439024 0.4643174108538535 -0.41583745859699045 -0.013539593925389093 0 0 0
0.0024390243902439024 -0.2682262387495198 -0.5038809720491455 -0.06863632826006599 0 0 0
0.0024390243902439024 0.37876869761824716 0.09214123551329388 -0.2934000594787472 0 0 0
0.0024390243902439024 0.314892608635724 -0.3245605919666313 -0.34643929321857325 0 0 0
0.0024390243902439024 -0.5180822831607311 0.1088229030079646 0.28172316921680995 0 0 0
0.0024390243902439024 -0.530994479726488 -0.3473867051909312 -0.12659370980480875 0 0 0
0.0024390243902439024 0.20108732528339016 0.0633772179703369 0.523793021727151 0 0 0
0.0024390243902439024 0.11816458459714409 0.45694945382968905 -0.1159907504183137 0 0 0
0.0024390243902439024 -0.4566111332249085 -0.3603481935473318 -0.05514064977021393 0 0 0
0.0024390243902439024 0.2645973438228248 0.6024131975627615 0.13261166298270477 0 0 0
0.0024390243902439024 0.13112169716692942 -0.4489835450680596 -0.23690387527205764 0 0 0
0.0024390243902439024 0.04120948248906072 0.4775813147810044 -0.22597265329474805 0 0 0
0.0024390243902439024 -0.40518981807288434 -0.03897313354404113 -0.07677127716060529 0 0 0
0.0024390243902439024 -0.5736686384884382 0.23474840424868854 -0.0034100742958379313 0 0 0
0.0024390243902439024 0.11417643381237438 -0.2623967319936541 -0.5859526403706581 0 0 0
0.0024390243902439024 -0.053957739102341355 -0.3884723689616104 -0.5516877226033499 0 0 0
0.0024390243902439024 -0.1146129942844751 0.5526234281011996 0.0035998872931042704 0 0 0
0.0024390243902439024 -0.13792957819318577 -0.6460684056622884 -0.13797657514333586 0 0 0
0.0024390243902439024 0.009934821393202085 0.16846175305210645 0.5245061414188397 0 0 0
0.0024390243902439024 0.34522778533324 0.260733791599401 0.4526112155073696 0 0 0
0.0024390243902439024 -0.29549070681149026 0.574528285571311 0.05090423474596697 0 0 0
0.0024390243902439024 0.34430010886718637 0.0016976815095831445 0.05159753517055546 0 0 0
0.0024390243902439024 -0.009002892944539265 -0.3964446110018816 -0.13277379843274692 0 0 0
0.0024390243902439024 0.39317304928049784 0.0050907500077609705 -0.23726218934289744 0 0 0
0.0024390243902439024 0.22225608823979734 0.15654988631668695 0.6000536329011513 0 0 0
0.0024390243902439024 -0.22883327009799873 0.08985608725560601 -0.3317309756073479 0 0 0
0.0024390243902439024 -0.43799830676824464 -0.07758693374254025 -0.14137782627610643 0 0 0
0.0024390243902439024 0.5342259284801233 0.21925082905651952 0.22575318649827855 0 0 0
0.0024390243902439024 0.33214885368859726 -0.36149582357557697 0.3697350604855732 0 0 0
0.0024390243902439024 -0.09282977779045912 0.19068496285947595 0.22156460983698076 0 0 0
0.0024390243902439024 0.3396271528350364 0.3508442402294855 0.381558560389797 0 0 0
0.0024390243902439024 -0.20888526433493732 -0.5318971424637358 -0.23510608700626742 0 0 0
0.0024390243902439024 -0.17720327104248296 0.299311946226371 -0.5039047114558424 0 0 0
0.0024390243902439024 -0.3453702898603346 -0.27716803871007945 -0.022558930783463285 0 0 0
0.0024390243902439024 0.22462069024871628 -0.06905335375421873 0.196841758409255 0 0 0
0.0024390243902439024 0.08505224985846031 0.2857070279427994 -0.04507236093971435 0 0 0
0.0024390243902439024 0.1856862876674536 0.13311020668431492 0.5908561558630298 0 0 0
0.0024390243902439024 -0.05440649473593142 -0.530187446704003 -0.13068357494722696 0 0 0
0.0024390243902439024 0.22726540155955505 -0.2429582774178788 -0.30991744172190516 0 0 0
0.0024390243902439024 0.029893375082722773 -0.2082066618879489 0.5170990084920726 0 0 0
0.0024390243902439024 -0.22313603199911963 -0.3206156691424121 -0.15127036685344325 0 0 0
0.0024390243902439024 -0.2566846496292972 -0.3718900987503845 0.3815854670979137 0 0 0
0.0024390243902439024 -0.14890170062333227 0.327012547026676 -0.14368898036663907 0 0 0
0.0024390243902439024 0.02117115415851451 -0.21157741177641137 -0.5569733495176283 0 0 0
0.0024390243902439024 0.03359191900672115 0.4319925753147475 0.3403577145733688 0 0 0
0.0024390243902439024 0.27466457879177675 -0.33949127795267486 0.47369403048196446 0 0 0
0.0024390243902439024 -0.25354872097393727 -0.2993071456233598 -0.22216443365126276 0 0 0
0.0024390243902439024 0.03570158029755052 0.6520639094249907 0.21917562159190757 0 0 0
0.0024390243902439024 -0.18433760929910167 -0.13186812955415228 0.10581773885634958 0 0 0
0.0024390243902439024 -0.3077307493937322 0.15385254029311668 -0.5629498507875177 0 0 0
0.0024390243902439024 0.1334225341715194 -0.5776536524607335 0.05104195192519769 0 0 0
0.0024390243902439024 -0.2807126704651205 0.24158220717515802 0.25303722369270415 0 0 0
0.0024390243902439024 -0.01164360355974214 -0.5133602760517283 0.3440347928244751 0 0 0
0.0024390243902439024 -0.11452387767411261 -0.015621887777211772 -0.5781057449397996 0 0 0
0.0024390243902439024 -0.6547016818027959 0.1995601946927978 0.02443160470771549 0 0 0
0.0024390243902439024 -0.21837827049092715 -0.3619234671747829 -0.14849809362632221 0 0 0
0.0024390243902439024 -0.07366966304800389 -0.009328425462430298 -0.6721969229885346 0 0 0
0.0024390243902439024 -0.09208018524274283 0.33649979715436557 -0.34065862349770915 0 0 0
0.0024390243902439024 -0.4440536624561136 0.40495099162018305 -0.33291015223166154 0 0 0
0.0024390243902439024 0.16378308248133475 -0.34322356417523786 0.351462731779956 0 0 0
0.0024390243902439024 0.4094154515386979 0.07536210404125307 -0.28894559839088085 0 0 0
0.0024390243902439024 0.18955238326325757 -0.24119828807675092 -0.49223879513693763 0 0 0
0.0024390243902439024 -0.06544088072277188 -0.4413757913597357 0.024588994766076937 0 0 0
0.0024390243902439024 -0.4427341187792505 0.15789811691176983 0.08341187028874085 0 0 0
0.0024390243902439024 -0.3212224973018744 0.09752861439386387 0.5365526786338068 0 0 0
0.0024390243902439024 0.40979425895832927 -0.12020731915143301 -0.37117952844970076 0 0 0
0.0024390243902439024 0.3083208058713781 0.003668699655470469 -0.5046194755891424 0 0 0
0.0024390243902439024 -0.1361852497516427 -0.46726118531484717 -0.03794277308233467 0 0 0
0.0024390243902439024 -0.1681381311191982 0.13099304550238652 0.615068298142627 0 0 0
0.0024390243902439024 -0.039152244240774195 0.2637621412843579 -0.26063687275565345 0 0 0
0.0024390243902439024 -0.5700702635078915 0.1338989135642777 -0.21751545740206682 0 0 0
0.0024390243902439024 -0.40570919616194745 0.22464660215805732 -0.13097689387561195 0 0 0
0.0024390243902439024 -0.13737663276131987 0.10539318508290024 -0.10070168293186253 0 0 0
0.0024390243902439024 0.07191291058083497 -0.05011535741825466 -0.03929097844825158 0 0 0
0.0024390243902439024 -0.10795169285651826 -0.1844224453606048 -0.5682965737725875 0 0 0
0.0024390243902439024 -0.2201388245068234 -0.1920325968059168 0.38813450439286706 0 0 0
0.0024390243902439024 0.11757436151486055 0.35412546242161586 0.44100348943065865 0 0 0
0.0024390243902439024 0.274858462636785 0.4164231475722734 -0.3377426218468983 0 0 0
0.0024390243902439024 -0.11691893881801735 -0.024446510400952616 -0.07283860901921772 0 0 0
0.0024390243902439024 -0.053704630054983715 0.33455672608423365 -0.0419984886330612 0 0 0
0.0024390243902439024 -0.030846299322937434 -0.5235916537196956 -0.17550095796763754 0 0 0
0.0024390243902439024 -0.06051691091021465 -0.5483132582795551 0.2662610588227756 0 0 0
0.0024390243902439024 -0.28758513987109635 0.2735470765170015 0.2591377414778254 0 0 0
0.0024390243902439024 0.11444806434602976 0.4696566174279111 0.3179622726248342 0 0 0
0.0024390243902439024 -0.009771088033700753 0.023207040952983767 0.5578793792779189 0 0 0
0.0024390243902439024 0.10494843112444646 0.02948400705816283 0.11032459007628664 0 0 0
0.0024390243902439024 -0.4504693585738366 0.032327776320117324 0.0019051635548792284 0 0 0
0.0024390243902439024 0.016597065003589588 0.0033842436190383717 0.2952755192183533 0 0 0
0.0024390243902439024 -0.5169851855848744 -0.031948014744138144 0.3566239673500464 0 0 0
0.0024390243902439024 -0.08589029675426309 0.33174770923577523 0.18196562687547443 0 0 0
0.0024390243902439024 0.21978725405349434 -0.2232358143012548 -0.10448175127936776 0 0 0
0.0024390243902439024 -0.2654792499896884 -0.49646415658811394 -0.1527330383828278 0 0 0
0.0024390243902439024 -0.08059234332248608 0.3264145997285481 -0.2677181734226001 0 0 0
0.0024390243902439024 0.048118152766523065 0.44361439699430166 -0.11351072995460489 0 0 0
0.0024390243902439024 0.28894348103231754 0.05513745542271818 0.3342288397721284 0 0 0
0.0024390243902439024 0.08669085322265317 -0.6660023101875088 -0.0235180332619453 0 0 0
0.0024390243902439024 0.5513961858041204 0.06534914758402749 0.07284700799317345 0 0 0
0.0024390243902439024 0.4069815457226192 0.037944904576359045 -0.46065273583933086 0 0 0
0.0024390243902439024 0.04172757779848503 -0.061345457730423734 -0.0715076509293271 0 0 0
0.0024390243902439024 0.39403130367895434 0.4016662816363544 0.24242556067470247 0 0 0
0.0024390243902439024 0.17947469246180792 0.18981488712164252 0.37288748993179377 0 0 0
0.0024390243902439024 0.4273063363075223 -0.15668913652279448 -0.3557466521725171 0 0 0
0.0024390243902439024 -0.26936340560504984 -0.06878096209342267 0.5573188101137582 0 0 0
0.0024390243902439024 -0.31915343856897654 0.45182211075438145 0.312138841245784 0 0 0
0.0024390243902439024 -0.3014263382245358 0.3497659354527222 -0.22283122723539614 0 0 0
0.0024390243902439024 0.6709206079220673 -0.03696785369096771 -0.052716146082944546 0 0 0
0.0024390243902439024 0.18293336310901856 0.07485470450767406 0.49896971473846535 0 0 0
0.0024390243902439024 -0.42543804421459486 0.1837982795158253 -0.3271780813348391 0 0 0
0.0024390243902439024 -0.20517059433467852 -0.37221911777233163 -0.38683368554503794 0 0 0
0.0024390243902439024 0.17870512566574967 0.35846924116879986 0.16906224479439927 0 0 0
0.0024390243902439024 0.2944832214115505 0.4150975981471777 0.4077887995091529 0 0 0
0.0024390243902439024 0.0645934212333749 -0.33702128490417393 0.22021440007792287 0 0 0
0.0024390243902439024 0.23619475259470793 0.4221263969322868 -0.23920974212814883 0 0 0
0.0024390243902439024 0.23511486952837682 -0.006617846583833433 0.46158375105964217 0 0 0
0.0024390243902439024 0.18493893293160893 0.043455541052876176 -0.22955583418172365 0 0 0
0.0024390243902439024 -0.3055517123543458 -0.5546651944126572 0.23224218865490984 0 0 0
0.0024390243902439024 -0.12392253233344587 -0.1659582516321782 -0.15747344780778028 0 0 0
0.0024390243902439024 0.08372023044055228 0.5419672793134256 0.055465581528485075 0 0 0
0.0024390243902439024 0.1338513914929938 -0.6525076189626577 -0.03192064362584005 0 0 0
0.0024390243902439024 -0.19952730959571507 0.31128888152859086 0.08718194544594628 0 0 0
0.0024390243902439024 -0.43978460256892776 0.2287362586643525 0.2862930720608945 0 0 0
0.0024390243902439024 -0.05344896413469354 0.09872203212185181 0.4438578943214392 0 0 0
0.0024390243902439024 0.12723985136631544 -0.19452409684872704 -0.21590341334770205 0 0 0
0.0024390243902439024 0.5833026915108631 0.0781564161076311 -0.08134514792744274 0 0 0
0.0024390243902439024 -0.16249473802496653 -0.2077901209426316 -0.4057438407493303 0 0 0
0.0024390243902439024 -0.39933919256855116 0.4656860276062824 0.27225714740176604 0 0 0
0.0024390243902439024 -0.1500108812204185 0.3006867756934618 -0.11233179093942491 0 0 0
0.0024390243902439024 -0.4587511170598437 -0.3072632427068118 0.2818335380309845 0 0 0
0.0024390243902439024 -0.009675088708544353 -0.6269852323008707 0.24105860800936163 0 0 0
0.0024390243902439024 0.20225724474529666 -0.41162457513809875 0.2983085801181443 0 0 0
0.0024390243902439024 0.4523555484299929 -0.0633999754010193 -0.4838444184041771 0 0 0
0.0024390243902439024 -0.17931884184372995 -0.16472266765128352 0.39032388643076327 0 0 0
0.0024390243902439024 -0.2788973501748551 -0.311678063872176 0.4585096747751004 0 0 0
0.0024390243902439024 0.5840330003854072 0.04513795394430902 -0.039868366045023966 0 0 0
0.0024390243902439024 -0.5408874157515383 0.13448099964793359 -0.02429696044986375 0 0 0
0.0024390243902439024 -0.45273267312106835 -0.20538022286897342 0.3760071745678572 0 0 0
0.0024390243902439024 -0.3670083529014763 0.37197803432107396 -0.17865820277729053 0 0 0
0.0024390243902439024 -0.5104675433169409 0.13537937596195124 -0.027504876674110428 0 0 0
0.0024390243902439024 0.14268521472226983 0.1684174410866546 -0.24243705954126443 0 0 0
0.0024390243902439024 0.14672580835183982 -0.23653085591481302 -0.12160214595671576 0 0 0
0.0024390243902439024 -0.4837959262940286 0.2950365168654798 -0.3705562444407183 0 0 0
0.0024390243902439024 0.45837231371527876 -0.20736741438504866 0.18281787153266701 0 0 0
0.0024390243902439024 -0.2701616958230983 -0.11285952226803082 0.14277838159623035 0 0 0
0.0024390243902439024 0.4507541390356613 -0.2001063850831263 -0.20775470581391023 0 0 0
0.0024390243902439024 -0.16709112627741632 0.31504178750245043 -0.3695342669181903 0 0 0
0.0024390243902439024 0.1914745379851248 -0.4278226253876446 -0.1768955763890123 0 0 0
0.0024390243902439024 0.15529484682796754 -0.13728224011397203 0.6206798679282864 0 0 0
0.0024390243902439024 0.06659014362433337 0.6205701508151152 -0.0932410065940114 0 0 0
0.0024390243902439024 -0.42431088727322797 -0.2250316642924699 -0.34015062621839726 0 0 0
0.0024390243902439024 0.3832414501820569 -0.07866319886785028 0.03649864442245394 0 0 0
0.0024390243902439024 -0.25200756104364846 0.4034207791596108 0.1776280119289535 0 0 0
0.0024390243902439024 0.20665590826185848 0.37008731922832655 -0.09157597961690166 0 0 0
0.0024390243902439024 0.047608071740468896 0.3434326983657601 -0.456911093991794 0 0 0
0.0024390243902439024 -0.2890866852014641 -0.36753118447097755 -0.10273620466501153 0 0 0
0.0024390243902439024 0.023409564177332236 0.6507745283423403 0.0049781168392741435 0 0 0
0.0024390243902439024 0.3079267161678524 0.5285036160867423 -0.2603267331569247 0 0 0
0.0024390243902439024 -0.055636036507683694 0.2380383753532293 0.18033260281648233 0 0 0
0.0024390243902439024 0.5163400825291093 0.18977759342322886 0.1271164078464572 0 0 0
0.0024390243902439024 0.5604686662593167 0.10837277994425436 -0.15144778662320293 0 0 0
0.0024390243902439024 0.16300529375013806 -0.60031981563903 -0.08179839980417317 0 0 0
0.0024390243902439024 0.12345592976773365 0.11564429499757667 0.4703062264054929 0 0 0
0.0024390243902439024 0.2966870240104969 -0.04065434456977447 -0.31089819562092963 0 0 0
0.0024390243902439024 0.46466727543447717 0.006083655688816385 -0.24142367249327307 0 0 0
0.0024390243902439024 0.2713146435056226 0.1549272181452189 0.05520634751238867 0 0 0
0.0024390243902439024 0.2865840374441989 0.0057096335314495905 -0.40842242559423503 0 0 0
0.0024390243902439024 0.22961759432315942 0.01679104000938749 0.3824778239566842 0 0 0
0.0024390243902439024 -0.023669006517876765 -0.5274611213488516 0.19276717171484264 0 0 0
0.0024390243902439024 -0.42468459046622786 -0.23411826836738936 -0.030891714106667842 0 0 0
0.0024390243902439024 -0.45465378361376985 -0.07129880470303628 -0.23219405851774502 0 0 0
0.0024390243902439024 0.2986408719217275 -0.31256185330607894 -0.200365851618201 0 0 0
0.0024390243902439024 0.3633852312615417 0.4780614011042587 -0.16549305077388077 0 0 0
0.0024390243902439024 0.36097229025928873 0.05134036472814127 -0.21531654638243983 0 0 0
0.0024390243902439024 -0.27600895724389307 0.02124760196252901 0.5888384015488909 0 0 0
0.0024390243902439024 0.5254536359825116 0.22628241891281872 -0.30538085225673356 0 0 0
0.0024390243902439024 -0.16093519146898155 -0.34018823540314536 0.421377135198701 0 0 0
0.0024390243902439024 -0.31236686564095617 -0.2847827265559969 -0.169403624380561 0 0 0
0.0024390243902439024 0.5549125623720131 -0.015754244398417508 -0.3010525473769056 0 0 0
0.0024390243902439024 0.15770506859433162 0.1822823933993847 0.4236466790518043 0 0 0
