560
0
0.0017857142857142857 -0.31229820279399195 0.31318267143661144 -0.4305137657099949 0 0 0
0.0017857142857142857 -0.32207222078577435 0.18680582352363906 -0.48538632363577844 0 0 0
0.0017857142857142857 -0.44446290072373645 0.35017182170755295 -0.3334172778947958 0 0 0
0.0017857142857142857 -0.568467356600774 -0.16812414007950657 0.21605007957611777 0 0 0
0.0017857142857142857 0.24079748925114292 -0.09305305981734571 0.05677102718798554 0 0 0
0.0017857142857142857 0.16000691055158528 0.4547951475742507 0.22511682186049797 0 0 0
0.0017857142857142857 -0.2861064113783806 0.03504548626586012 0.22159805008297032 0 0 0
0.0017857142857142857 0.18244582071977336 0.5923455901843107 0.1663494144747619 0 0 0
0.0017857142857142857 0.1477483186854615 0.4574692921982552 0.01888453494634658 0 0 0
0.0017857142857142857 0.6398377844753551 0.010557602778201856 0.25223172245431374 0 0 0
0.0017857142857142857 0.04477528898253061 -0.20204902902995137 0.1650048318106309 0 0 0
0.0017857142857142857 0.42177726970976537 -0.06728650564679178 0.15881950413396884 0 0 0
0.0017857142857142857 -0.3810544792676096 0.43673367539285607 -0.02287135816841129 0 0 0
0.0017857142857142857 -0.6596486454680993 -0.06354833603640403 0.1192908550101693 0 0 0
0.0017857142857142857 0.2331438229909648 0.5868346576406931 -0.20685813263492156 0 0 0
0.0017857142857142857 -0.2094964499510771 0.3518166990747323 -0.5186735945138224 0 0 0
0.0017857142857142857 0.11598942284406515 -0.25710130844766693 0.4100995491157711 0 0 0
0.0017857142857142857 -0.3927672293716555 0.20258102774546827 0.08302461574048517 0 0 0
0.0017857142857142857 -0.364172682554921 0.10241320647730545 0.5436191038801024 0 0 0
0.0017857142857142857 0.23129006251929246 -0.23601631596576353 0.5704500753646617 0 0 0
0.0017857142857142857 -0.35138324511550073 -0.40581481326332 0.2866624588612365 0 0 0
0.0017857142857142857 -0.07168604141865201 0.42278992256622666 0.2743231344215442 0 0 0
0.0017857142857142857 -0.12072279785604903 -0.07033992692726308 0.1567156089753734 0 0 0
0.0017857142857142857 0.3087271753361164 -0.2342510374763933 -0.20365681062494073 0 0 0
0.0017857142857142857 -0.11407962754840613 0.20768576396119534 0.19708236445256672 0 0 0
0.0017857142857142857 -0.610120006836634 0.20743353814466162 0.010000044556836512 0 0 0
0.0017857142857142857 -0.3794022012227665 0.36315914756871476 -0.37221738187304115 0 0 0
0.0017857142857142857 0.12810570356242218 -0.5289454989297633 0.1510216326024454 0 0 0
0.0017857142857142857 -0.2918385740973455 -0.1327912264751134 0.10225664793917771 0 0 0
0.0017857142857142857 -0.018598085164774864 0.2374938738692802 -0.024591559947120558 0 0 0
0.0017857142857142857 0.3920928547760982 -0.24457278676478242 0.2450090233693255 0 0 0
0.0017857142857142857 0.24412890434423215 0.43711076995719256 0.24015984888595554 0 0 0
0.0017857142857142857 -0.47434079365130827 -0.14334970181843218 -0.3443827308097998 0 0 0
0.0017857142857142857 -0.0035617214275536174 0.11716097153932092 0.2868783426565474 0 0 0
0.0017857142857142857 -0.15107879004748603 -0.31010449881121316 0.11149598434396313 0 0 0
0.0017857142857142857 0.009434924546767948 -0.015801137613188986 -0.24402344439282608 0 0 0
0.0017857142857142857 0.4711543694739258 -0.044974848841431186 -0.22544750331110697 0 0 0
0.0017857142857142857 0.3298214479762426 -0.3592057776922377 -0.04028211075646267 0 0 0
0.0017857142857142857 -0.296184830017564 0.3040742923410787 0.5291473981117613 0 0 0
0.0017857142857142857 -0.3963576469551534 -0.32741151834254084 0.26547758569440705 0 0 0
0.0017857142857142857 0.41379835530372955 0.1552912286014499 -0.42056202779305923 0 0 0
0.0017857142857142857 -0.16531084090704498 0.16450280658224695 -0.1077961549506074 0 0 0
0.0017857142857142857 0.5984712603481612 -0.28100194213461366 -0.08595018861287762 0 0 0
0.0017857142857142857 0.12069038144391561 -0.1416414975102976 0.556701009689969 0 0 0
0.0017857142857142857 0.46452747260729765 0.045992414527104564 -0.18269933781480338 0 0 0
0.0017857142857142857 0.05799357980827516 -0.01694387419996294 -0.5411932129179327 0 0 0
0.0017857142857142857 -0.4352731086419289 0.08102989928902135 0.25471675135519367 0 0 0
0.0017857142857142857 0.35879042002457684 0.5081569205907062 -0.07038160644329716 0 0 0
0.0017857142857142857 -0.030311377073887882 -0.3460997417290707 -0.08708672649116952 0 0 0
0.0017857142857142857 0.15268156753570186 -0.20647466468685202 0.4343512886417841 0 0 0
0.0017857142857142857 0.05981046005972533 -0.04451748245834974 -0.11695888127281208 0 0 0
0.0017857142857142857 0.05691849745154443 0.07298440069250008 -0.1694165974463229 0 0 0
0.0017857142857142857 0.20929019408858351 -0.35569122930985725 0.3551050123629114 0 0 0
0.0017857142857142857 -0.4969091227966107 -0.3381831275283053 0.2869254680221109 0 0 0
0.0017857142857142857 0.3140970504597392 -0.48550365376793386 -0.026083943581187933 0 0 0
0.0017857142857142857 0.12244815020249929 -0.21087963280481672 0.4117854379898309 0 0 0
0.0017857142857142857 -0.21483396494712986 -0.49634070372185307 -0.27911067848300736 0 0 0
0.0017857142857142857 0.018050542660633346 -0.21100010521484797 0.6312676777430705 0 0 0
0.0017857142857142857 -0.06666467864733763 0.06664252539438076 0.35763089682616445 0 0 0
0.0017857142857142857 0.46375338251041176 0.2561373862952274 -0.27241574152943926 0 0 0
0.0017857142857142857 -0.275095961659322 -0.2152348653969188 0.4722461514714242 0 0 0
0.0017857142857142857 -0.4921321697386199 -0.4021774435370519 0.2613433975709451 0 0 0
0.0017857142857142857 0.5221613485118427 0.28378505158559447 -0.26184443964391424 0 0 0
0.0017857142857142857 0.06320289574907312 0.044976122334843154 0.08077934085415131 0 0 0
0.0017857142857142857 -0.3388524928985779 0.03623032242092841 -0.4839356716811653 0 0 0
0.0017857142857142857 -0.28206000958239913 -0.3162771335269295 0.38617699702734404 0 0 0
0.0017857142857142857 -0.4517038181012883 0.10399493065481862 -0.48927737499255913 0 0 0
0.0017857142857142857 -0.025348520077145532 0.3225846911563253 -0.3933971427748117 0 0 0
0.0017857142857142857 0.2899125538464376 0.35054502048013997 -0.018414855580832324 0 0 0
0.0017857142857142857 -0.256524530923665 0.2336176956424713 -0.2691640236648215 0 0 0
0.0017857142857142857 0.22008491387888687 0.0656002284500237 -0.0746396298103409 0 0 0
0.0017857142857142857 -0.27505930163668696 -0.13592699741358122 0.11705168436616788 0 0 0
0.0017857142857142857 0.01687914757118624 -0.3501415771175519 -0.5448877161707005 0 0 0
0.0017857142857142857 0.1026769491173438 -0.0237958309627767 -0.06513217674925548 0 0 0
0.0017857142857142857 -0.05659360490608846 0.01199639273182539 -0.04476834978215944 0 0 0
0.0017857142857142857 -0.4210137175600529 0.34548229615650217 -0.17392962821159635 0 0 0
0.0017857142857142857 0.18073859774350598 0.37311425567541173 -0.5383210081796648 0 0 0
0.0017857142857142857 -0.2713175089913324 -0.3909430635441134 0.2205640567048783 0 0 0
0.0017857142857142857 0.09070992225242595 -0.05927455488638037 0.24933305168626346 0 0 0
0.0017857142857142857 0.23489738874652732 0.3150100396281003 -0.08281598980543989 0 0 0
0.0017857142857142857 0.42820546151305977 0.04041604832395735 0.3713797015322847 0 0 0
0.0017857142857142857 0.2827937178149743 0.2857418028298747 -0.38740913816151046 0 0 0
0.0017857142857142857 0.530443660574049 -0.027439809942293492 0.379825549312508 0 0 0
0.0017857142857142857 0.409342883618029 -0.2407955838663842 0.3480229020055091 0 0 0
0.0017857142857142857 0.00025324798254929785 -0.04247795278128986 0.07126451061341692 0 0 0
0.0017857142857142857 -0.5728274361830779 -0.025296500771475498 -0.20901277484740416 0 0 0
0.0017857142857142857 -0.11530190010089324 0.02850111020145745 0.079510394497999 0 0 0
0.0017857142857142857 -0.20128251634218855 -0.10702699460093021 0.5861949759620784 0 0 0
0.0017857142857142857 0.4104059986763995 0.09582804950077588 -0.2363517220296906 0 0 0
0.0017857142857142857 0.03598193898475525 -0.3746514453079828 -0.24362858118579128 0 0 0
0.0017857142857142857 0.4052399083882352 -0.14940221830532652 -0.47637212513456567 0 0 0
0.0017857142857142857 0.6753897136996471 0.07351325837377541 -0.007075324978157259 0 0 0
0.0017857142857142857 0.18087488667831778 -0.5336627784528303 0.3324108183250482 0 0 0
0.0017857142857142857 0.18597854939064815 -0.3026964883177792 0.4327682236422759 0 0 0
0.0017857142857142857 0.013856780189544575 -0.3647515584233967 -0.03216053333051158 0 0 0
0.0017857142857142857 0.2895262596987172 -0.5027671033871908 0.03714532221725974 0 0 0
0.0017857142857142857 0.24099769975049987 -0.41735762037413665 -0.03702517536213989 0 0 0
0.0017857142857142857 -0.14699392795929844 0.1908051203254787 -0.19701216195663387 0 0 0
0.0017857142857142857 -0.5044758001455846 -0.19431132440955876 -0.3355656594448773 0 0 0
0.0017857142857142857 -0.0947068198265911 0.670817584991043 0.12680878765423886 0 0 0
0.0017857142857142857 0.21003482781093943 0.0010045129178178718 0.1879527018595185 0 0 0
0.0017857142857142857 0.1298558515088882 0.4003169543557502 0.08064977665885913 0 0 0
0.0017857142857142857 -0.6646979014042095 0.08830865539098565 -0.08328664436763555 0 0 0
0.0017857142857142857 -0.16908441314477285 -0.48944018540855727 0.32022830649359746 0 0 0
0.0017857142857142857 0.12419757530737016 -0.1603022425254202 0.41820036763271495 0 0 0
0.0017857142857142857 -0.33304374452720736 -0.056895705242072867 0.4097152155623881 0 0 0
0.0017857142857142857 0.3296947081993064 0.033790884661586855 -0.08760708453129075 0 0 0
0.0017857142857142857 -0.18095506249846063 0.5426901692051894 -0.37753186403313566 0 0 0
0.0017857142857142857 0.30086867687489394 0.18295831976068408 0.5952030829511079 0 0 0
0.0017857142857142857 0.048885657828592256 0.1046495410770921 0.0761138639126292 0 0 0
0.0017857142857142857 -0.08037353005167745 -0.05987725355844903 0.14573063562886723 0 0 0
0.0017857142857142857 0.2565638984033373 -0.1250814159373112 -0.3146661782723048 0 0 0
0.0017857142857142857 0.509024835486912 -0.2410231659984975 0.3781664799392001 0 0 0
0.0017857142857142857 0.11264878561474344 -0.07400636791380369 0.17887703107660546 0 0 0
0.0017857142857142857 0.26595297927244066 0.22502080823420173 -0.009240829136664566 0 0 0
0.0017857142857142857 -0.09782242198076567 0.5467154673758289 0.07584994006486943 0 0 0
0.0017857142857142857 -0.24734711640711995 0.05810711236945536 0.33485206698479414 0 0 0
0.0017857142857142857 0.2683656838190769 0.22429429788466013 -0.5214975125594756 0 0 0
0.0017857142857142857 -0.0793720324140517 0.3977088983627553 0.007270786783400895 0 0 0
0.0017857142857142857 0.5229946669749518 0.33186527342946065 0.19771738794828236 0 0 0
0.0017857142857142857 -0.22025711897556585 -0.04979603277533417 0.4815628633370772 0 0 0
0.0017857142857142857 -0.11753717957279042 0.2552958275294079 0.15215298363524266 0 0 0
0.0017857142857142857 0.11982345576215198 -0.06407399509740003 -0.5447349847521179 0 0 0
0.0017857142857142857 0.022217539890185434 0.11799504036679057 -0.22545804845534032 0 0 0
0.0017857142857142857 -0.0018832386201888872 -0.2684388682571035 -0.5991590885938429 0 0 0
0.0017857142857142857 -0.5554848984799022 0.162082909788854 -0.22776375594644563 0 0 0
0.0017857142857142857 -0.23308935598972522 0.3914400063482963 -0.3015165684440328 0 0 0
0.0017857142857142857 -0.18803270005754416 -0.20140139441609436 -0.5662485453438575 0 0 0
0.0017857142857142857 -0.40195382082442016 0.24164869058811958 0.3099008785302416 0 0 0
0.0017857142857142857 -0.5682988869164834 0.3086529520848934 0.15264259792020957 0 0 0
0.0017857142857142857 -0.20262013182201763 -0.5566922943721333 -0.16432579849906237 0 0 0
0.0017857142857142857 0.4065109389563263 -0.5317073467554388 0.11045776087241169 0 0 0
0.0017857142857142857 -0.2719816690163924 0.12761113794441006 0.23862284826926822 0 0 0
0.0017857142857142857 0.2061960343245941 -0.1348644355650928 -0.35124763259108366 0 0 0
0.0017857142857142857 0.5048938075010367 -0.20846807466695544 -0.28987783544763446 0 0 0
0.0017857142857142857 -0.2595681525891043 -0.582545522659638 0.2553923023946816 0 0 0
0.0017857142857142857 0.11439987345315385 0.1325086039199445 0.28914720392345666 0 0 0
0.0017857142857142857 0.04908789969068196 -0.16493235744829174 -0.5300316567643597 0 0 0
0.0017857142857142857 -0.05432807422573279 0.25083680926295004 -0.2509330508604968 0 0 0
0.0017857142857142857 0.27461188624188354 0.3180793361722647 0.37655391308314906 0 0 0
0.0017857142857142857 -0.15561181568781804 -0.0011549106990444487 -0.5716833900526861 0 0 0
0.0017857142857142857 -0.055084980315417816 -0.6753526614455098 -0.02717462051832801 0 0 0
0.0017857142857142857 0.2890187914463446 0.03994609084989498 0.48857392433945807 0 0 0
0.0017857142857142857 -0.41435131312208834 -0.0005206128902488059 -0.14284841178185267 0 0 0
0.0017857142857142857 -0.05547113831938844 -0.4090189119595742 0.005336913162608175 0 0 0
0.0017857142857142857 0.1849153525523874 0.3863491295457541 0.18327473849018291 0 0 0
0.0017857142857142857 0.08383545129226726 -0.4692821512537637 -0.3717188482032872 0 0 0
0.0017857142857142857 -0.38735423177975203 -0.06915418967922646 -0.4283170864390689 0 0 0
0.0017857142857142857 -0.28299947237928724 0.19825092749388093 -0.5753046212499346 0 0 0
0.0017857142857142857 0.1704575872034914 -0.0499146868711136 -0.6445767651530572 0 0 0
0.0017857142857142857 0.014741206897631554 -0.5202972688787458 -0.044341756860489356 0 0 0
0.0017857142857142857 0.4226690625087721 0.0014132628704933113 0.18306229547114006 0 0 0
0.0017857142857142857 0.28910337526725693 0.11694392108867643 0.11183995834325529 0 0 0
0.0017857142857142857 0.14299106388660815 -0.04679094383306902 -0.2075618728898773 0 0 0
0.0017857142857142857 -0.258269286343303 -0.21109773236199897 0.023116672975009727 0 0 0
0.0017857142857142857 -0.03992908682891647 -0.6387723460025305 0.09040362771936267 0 0 0
0.0017857142857142857 -0.10852977431271427 -0.11773970395231573 0.444244201538425 0 0 0
0.0017857142857142857 0.2036906348946008 0.34756168586030356 0.009534559584081686 0 0 0
0.0017857142857142857 0.20825158077890532 -0.006785770912237556 0.3478740692516812 0 0 0
0.0017857142857142857 0.26864004619030457 0.5583761314313689 0.2664980993034442 0 0 0
0.0017857142857142857 -0.02978286399855018 0.27525090718656176 0.4204502419659534 0 0 0
0.0017857142857142857 -0.005220793140532909 -0.16120576128189384 0.5750137743735138 0 0 0
0.0017857142857142857 -0.46175464581277015 0.15374763436037928 0.03918153053812939 0 0 0
0.0017857142857142857 0.28583250468544374 0.10047880499293771 0.47138316022440313 0 0 0
0.0017857142857142857 -0.11371155327348967 -0.314564094915008 0.16019704762831183 0 0 0
0.0017857142857142857 -0.12783071540445592 0.5953462201969073 -0.16344140547543592 0 0 0
0.0017857142857142857 0.3636759052522383 0.41220798766317085 -0.304164582583156 0 0 0
0.0017857142857142857 -0.1818673144922925 0.10613622665007905 0.37948446542804515 0 0 0
0.0017857142857142857 0.29081968337819647 -0.5281187209761288 -0.005461137234364412 0 0 0
0.0017857142857142857 0.014035885919707303 0.5841781457367824 0.023692078689780693 0 0 0
0.0017857142857142857 0.4439398047884864 -0.07956191002188993 0.017911656192252066 0 0 0
0.0017857142857142857 0.4791929823806223 -0.26056666346144075 0.035004831614628217 0 0 0
0.0017857142857142857 0.6339309925467695 0.10778350115289932 0.19963042696306227 0 0 0
0.0017857142857142857 -0.25301223384406857 0.020809805286434765 -0.6141666255191256 0 0 0
0.0017857142857142857 -0.47911871484684976 0.09994891481659302 -0.01751464369797202 0 0 0
0.0017857142857142857 0.3787305519820468 -0.10040887419492764 0.2605952090448044 0 0 0
0.0017857142857142857 -0.09320061174232365 0.17816257051904738 0.09175733953572822 0 0 0
0.0017857142857142857 -0.18242218472095922 0.02654348584424576 -0.13564262714947395 0 0 0
0.0017857142857142857 -0.16865092742169002 0.3552657914571588 -0.19845453705287164 0 0 0
0.0017857142857142857 -0.6457566915756958 0.022111897848527618 0.06525620799110586 0 0 0
0.0017857142857142857 -0.2993618425898502 -0.14487247937981998 0.32013213549527514 0 0 0
0.0017857142857142857 0.41061423878584635 0.14912685043329796 -0.30471854954379657 0 0 0
0.0017857142857142857 0.3225466045451393 -0.24196802811035567 0.2117340681610214 0 0 0
0.0017857142857142857 -0.15195069708846087 -0.08627208345764739 0.3276963137774189 0 0 0
0.0017857142857142857 -0.07469104835385236 -0.45012365476778343 -0.20513013743571384 0 0 0
0.0017857142857142857 -0.1526413963065417 0.13078763978894484 0.4810151264009314 0 0 0
0.0017857142857142857 0.2541391415894967 0.43947021984150947 0.06654768917727427 0 0 0
0.0017857142857142857 0.3153972218437421 -0.1241515644707111 0.5661021365218529 0 0 0
0.0017857142857142857 0.294109688539908 -0.035426637138589026 -0.19091866564018573 0 0 0
0.0017857142857142857 0.17373054622967413 0.14060947866408097 0.23430027973816878 0 0 0
0.0017857142857142857 0.6456842664085988 -0.1104133701836692 -0.0293171212200215 0 0 0
0.0017857142857142857 0.4095936281626961 0.2988780990114837 0.4651904257979762 0 0 0
0.0017857142857142857 -0.1468224117412358 -0.4179638114593852 -0.4840571475088057 0 0 0
0.0017857142857142857 0.4527180710550974 -0.025265000423322123 0.2655587813359555 0 0 0
0.0017857142857142857 -0.27181045853956937 -0.41333088865332684 0.4267738126665527 0 0 0
0.0017857142857142857 0.3114980571084752 -0.30897338872592034 -0.4325988295571711 0 0 0
0.0017857142857142857 -0.2432738734035343 -0.13963691029339056 -0.44857408025975437 0 0 0
0.0017857142857142857 -0.1842692807032115 0.01310570038215441 0.3748415676839632 0 0 0
0.0017857142857142857 0.1832335711761213 -0.20252734168850192 -0.46786392035986635 0 0 0
0.0017857142857142857 0.2533332079103204 -0.14400573185423754 -0.08940652270450578 0 0 0
0.0017857142857142857 0.5301977565067939 0.03153161691197631 0.2569137845384626 0 0 0
0.0017857142857142857 0.1940006440151715 -0.008314636032287782 0.13150787989155446 0 0 0
0.0017857142857142857 -0.018497368106679388 -0.4956205689692856 0.20879804163884055 0 0 0
0.0017857142857142857 -0.0151216037031849 -0.027478258824841107 -0.3301748374681939 0 0 0
0.0017857142857142857 0.0001623991014109493 0.17940321662531356 0.30845325708733967 0 0 0
0.0017857142857142857 0.009525218167111995 0.046725919105661734 0.5231640074871502 0 0 0
0.0017857142857142857 -0.4727077937303673 -0.03130534271472246 -0.26477353684644517 0 0 0
0.0017857142857142857 -0.4008236043586085 -0.1359948419329366 -0.05621099051984206 0 0 0
0.0017857142857142857 -0.08335792260300037 -0.03096236164224059 0.39475010827410656 0 0 0
0.0017857142857142857 -0.5482706193633535 -0.15416516701800753 0.15483525959089756 0 0 0
0.0017857142857142857 0.023490536874278083 0.45218651766842793 0.3002223959488724 0 0 0
0.0017857142857142857 -0.3177934975207689 0.3824009846252254 0.4423108367785164 0 0 0
0.0017857142857142857 -0.38312945096836126 0.021097129863392454 0.5049201480304776 0 0 0
0.0017857142857142857 0.10220237204783884 0.16192184882912822 0.02293579965011274 0 0 0
0.0017857142857142857 -0.023652530181439823 -0.4466021338252488 -0.18011003514467774 0 0 0
0.0017857142857142857 -0.03677369498254163 -0.2507290508669662 -0.4949925355424745 0 0 0
0.0017857142857142857 -0.5261543762423176 0.14589560706431756 -0.21974925075467497 0 0 0
0.0017857142857142857 -0.22933736321031387 -0.1500592116876075 -0.28940542090042704 0 0 0
0.0017857142857142857 0.10380865866207346 0.33434029581852265 0.024931525370204915 0 0 0
0.0017857142857142857 0.3723435751543012 -0.2717110785156371 0.2181085136793932 0 0 0
0.0017857142857142857 -0.3921475564991844 -0.030154215644889047 0.26106379227507026 0 0 0
0.0017857142857142857 0.19128002119673435 -0.05186983033677052 -0.38072982954556867 0 0 0
0.0017857142857142857 0.04244676166256263 -0.6689411876210893 0.1466724131800232 0 0 0
0.0017857142857142857 -0.10956932001752503 0.41378881308708426 -0.4034996769651553 0 0 0
0.0017857142857142857 0.2545553423679768 -0.3468072646895041 -0.17114264381730585 0 0 0
0.0017857142857142857 0.08839071605384151 0.3374410178142584 -0.10960897728961738 0 0 0
0.0017857142857142857 0.18137745228404561 -0.5684201044947759 0.34207932672597446 0 0 0
0.0017857142857142857 -0.336810472790076 -0.028029230250602492 0.10517916144614883 0 0 0
0.0017857142857142857 0.6072399654685201 0.097026638719796 0.30645574942312664 0 0 0
0.0017857142857142857 -0.10944357277137383 -0.21440549897907216 -0.2884312741995671 0 0 0
0.0017857142857142857 -0.6061268729873336 -0.006198384426405258 0.08278699477451006 0 0 0
0.0017857142857142857 -0.058225354879608095 -0.5251876189239748 0.07536955693935171 0 0 0
0.0017857142857142857 -0.022639201479650154 -0.2367812006455665 -0.14360060833315225 0 0 0
0.0017857142857142857 0.37577762700180467 0.08754064333361485 -0.0512171903612973 0 0 0
0.0017857142857142857 -0.13944415465976423 0.05065224209048308 0.08483050803988983 0 0 0
0.0017857142857142857 0.6207972615434656 0.24073501306490153 -0.03960325587546166 0 0 0
0.0017857142857142857 0.06018830083930075 0.6388523070886465 -0.25813157380628415 0 0 0
0.0017857142857142857 -0.03602832375766147 0.009166289808900514 -0.34272411349143644 0 0 0
0.0017857142857142857 -0.5470626638456204 -0.022376584860988726 -0.25419757859898806 0 0 0
0.0017857142857142857 -0.08358360526255594 -0.12826711410106853 0.4987673104175637 0 0 0
0.0017857142857142857 0.23244804779566994 0.13014216530593886 -0.31457501324452347 0 0 0
0.0017857142857142857 0.013615180197825079 0.5517766756436795 -0.08314416917811158 0 0 0
0.0017857142857142857 -0.14003585575503721 0.062416232995926954 0.5471429650989894 0 0 0
0.0017857142857142857 0.2290725738052423 0.379976383079898 -0.09665032461311743 0 0 0
0.0017857142857142857 -0.10971783036195205 0.3157957367230257 -0.11541870872196758 0 0 0
0.0017857142857142857 -0.27786154628839704 0.21321854153867 0.24428660510643238 0 0 0
0.0017857142857142857 0.5233207175213664 -0.28014528113364123 0.3267028129780085 0 0 0
0.0017857142857142857 -0.11295241654188973 0.4120818806815307 -0.3653477608265114 0 0 0
0.0017857142857142857 0.18782896082283146 -0.06683982315870761 0.0029235974810952175 0 0 0
0.0017857142857142857 -0.05759406146974996 -0.14075152355796397 0.39366175037667844 0 0 0
0.0017857142857142857 -0.28757136128269306 0.2573475265448358 -0.12386495935394784 0 0 0
0.0017857142857142857 -0.09886149894741124 0.21825504863296033 -0.37180939976853283 0 0 0
0.0017857142857142857 0.2467761839799762 -0.19031290609081422 -0.06537334843418598 0 0 0
0.0017857142857142857 -0.29966086125038466 0.46908905762930514 -0.40809117602004835 0 0 0
0.0017857142857142857 -0.43871314334876066 -0.4527156974353963 -0.147926790763601 0 0 0
0.0017857142857142857 0.1542661475623618 -0.2699216429735942 0.05184739364064287 0 0 0
0.0017857142857142857 -0.004201237938937117 -0.3453714046353397 -0.3183680673463518 0 0 0
0.0017857142857142857 0.23239367947819617 -0.4614167708918993 0.2465907906898804 0 0 0
0.0017857142857142857 -0.5602829484250544 -0.1547654757416482 -0.3214677797369604 0 0 0
0.0017857142857142857 0.07380658025063902 0.23478324875392667 -0.020628259689809667 0 0 0
0.0017857142857142857 0.4164048758114962 -0.2689197248352965 0.16458194978021412 0 0 0
0.0017857142857142857 -0.07519136977674061 0.2691641095260241 -0.4673002561132492 0 0 0
0.0017857142857142857 0.30346681918356977 0.42711382396877157 0.25328844484822505 0 0 0
0.0017857142857142857 0.4253523222039641 0.03596137612635576 0.4472865434757787 0 0 0
0.0017857142857142857 0.11334409341275536 -0.16874815948055608 0.5242623766635199 0 0 0
0.0017857142857142857 -0.11214002930013615 -0.35807640846477845 -0.3727869125040805 0 0 0
0.0017857142857142857 -0.07027923486298916 -0.14623651160453144 -0.18155250046777766 0 0 0
0.0017857142857142857 0.42262744155024085 0.34556287279155806 -0.1872624603077098 0 0 0
0.0017857142857142857 -0.12535845460983877 0.022783824629522016 0.4400731870180094 0 0 0
0.0017857142857142857 0.27802579758015267 -0.38939838940051297 -0.21500800330294975 0 0 0
0.0017857142857142857 -0.5502167226154755 -0.13446327205219472 -0.22257781636222349 0 0 0
0.0017857142857142857 0.634809270306141 0.08498450035252995 -0.12100124745815445 0 0 0
0.0017857142857142857 -0.07176228131475834 -0.1801178363060515 0.27190399935299764 0 0 0
0.0017857142857142857 -0.43304168258513004 0.009320597452711679 -0.11681163597957989 0 0 0
0.0017857142857142857 0.3221687207174312 -0.5605488900551291 0.11876913002881662 0 0 0
0.0017857142857142857 -0.05481160324056111 0.3463667506091564 0.3675611907644854 0 0 0
0.0017857142857142857 -0.22414882038502132 -0.4325942076548298 0.26692735778380033 0 0 0
0.0017857142857142857 -0.3842809412797428 -0.31737728937833143 0.15374879704736294 0 0 0
0.0017857142857142857 0.5011441388884564 -0.4663273965966264 -0.06663619012324049 0 0 0
0.0017857142857142857 -0.32130913910897213 0.2775361834217528 -0.039988832019455654 0 0 0
0.0017857142857142857 -0.11901101585133302 -0.22240314238234318 0.004831915042193801 0 0 0
0.0017857142857142857 0.14104220223599628 0.652711176274523 -0.13580226163156284 0 0 0
0.0017857142857142857 -0.10863281828387479 0.22700910301315028 0.26751212088795934 0 0 0
0.0017857142857142857 0.6702784803832312 -0.0018794233830109418 -0.033609175330232215 0 0 0
0.0017857142857142857 0.48529707592209054 -0.1644944757478522 0.4546322876069867 0 0 0
0.0017857142857142857 0.21146548338012486 -0.22196574667454913 0.1161222165880588 0 0 0
0.0017857142857142857 0.2285585166034376 0.1668394139785247 -0.33116919705868847 0 0 0
0.0017857142857142857 0.14773616708344262 0.2516953746627456 0.27145709704669113 0 0 0
0.0017857142857142857 0.2709174415616866 0.26568274563389893 0.4840378742654901 0 0 0
0.0017857142857142857 -0.10833588726316713 0.5215632455711301 0.18129093403242036 0 0 0
0.0017857142857142857 -0.2684131617048532 -0.00417029863583465 -0.13723858312271353 0 0 0
0.0017857142857142857 -0.2904777274629671 -0.4618543454093214 0.13256456680452983 0 0 0
0.0017857142857142857 -0.23546391843367534 0.09296810136798118 0.5040915946535743 0 0 0
0.0017857142857142857 0.29935850241371403 0.578935022773629 -0.12970425502306165 0 0 0
0.0017857142857142857 -0.3252676840908724 0.5306891049794376 -0.18405234256986866 0 0 0
0.0017857142857142857 -0.02957214294631664 0.213603681008025 0.10102300259288116 0 0 0
0.0017857142857142857 -0.14511842186753798 -0.23842579720296816 0.6245161409748855 0 0 0
0.0017857142857142857 0.18372840594480605 -0.2322404427443979 0.44670912212820174 0 0 0
0.0017857142857142857 0.630643000563863 0.09066172485300605 0.2706630952386297 0 0 0
0.0017857142857142857 -0.185541249056304 -0.39153830205817747 0.16556666941379472 0 0 0
0.0017857142857142857 -0.1991498899064644 0.37487439363663017 0.010879143624870856 0 0 0
0.0017857142857142857 0.3790392676917782 0.01907410048353465 -0.032784811518114944 0 0 0
0.0017857142857142857 -0.35927152918963107 -0.4361610808710416 -0.37878599671284363 0 0 0
0.0017857142857142857 -0.5041955312463378 -0.2103872382217151 0.35832588237900115 0 0 0
0.0017857142857142857 -0.19271209234676243 -0.32139824371716 -0.07308203331462837 0 0 0
0.0017857142857142857 -0.027980450675860608 0.574042475324041 0.336424487617455 0 0 0
0.0017857142857142857 0.05704588450126777 -0.3513004978031088 -0.004697556398779242 0 0 0
0.0017857142857142857 0.23225645486374616 -0.5058506910103486 -0.37661760802793987 0 0 0
0.0017857142857142857 -0.22096638180998873 0.5582733824955209 -0.04009500053421396 0 0 0
0.0017857142857142857 -0.573182251332807 -0.25559028075060913 -0.14364666755879252 0 0 0
0.0017857142857142857 0.5069927119424011 0.13843459587337648 -0.33448491473315467 0 0 0
0.0017857142857142857 0.023691224081729335 -0.2307127756489495 0.391241395609348 0 0 0
0.0017857142857142857 0.36747428782856706 0.059672939246078305 0.3705528467691141 0 0 0
0.0017857142857142857 0.44561942755293066 0.3903356952781743 0.29060140927710093 0 0 0
0.0017857142857142857 -0.35226308446510135 -0.010500181419793399 0.280510025649933 0 0 0
0.0017857142857142857 -0.18825331713600607 0.09361157821062573 0.19502073889828955 0 0 0
0.0017857142857142857 -0.09464142109467073 -0.33502749917782654 -0.21429634889713978 0 0 0
0.0017857142857142857 -0.48673712342793485 -0.330513089919489 0.12488068527288465 0 0 0
0.0017857142857142857 -0.005390102650124202 -0.08037911627961995 -0.08776719749343061 0 0 0
0.0017857142857142857 -0.440736230104011 0.15147462682338317 0.4798623988640492 0 0 0
0.0017857142857142857 0.016748579173703804 -0.5013349147728396 -0.1811906887193113 0 0 0
0.0017857142857142857 0.21564352462444594 -0.508956603402873 -0.28568966731720624 0 0 0
0.0017857142857142857 0.41803332684640887 -0.3670340834913668 0.31152725936224634 0 0 0
0.0017857142857142857 0.21444874121755672 0.3935209407057255 -0.01769134594206224 0 0 0
0.0017857142857142857 -0.6001939654063948 -0.28606372447475187 0.023862488112403695 0 0 0
0.0017857142857142857 0.03509884319992785 0.2748898679285446 -0.43876654481195504 0 0 0
0.0017857142857142857 -0.4211756742430137 -0.49862917074868573 -0.029728101504361344 0 0 0
0.0017857142857142857 0.3903236792531653 -0.250346844751425 -0.2198327095552584 0 0 0
0.0017857142857142857 0.19012304212175102 0.4128748940319883 0.24532542244411296 0 0 0
0.0017857142857142857 0.055348979781679956 0.14544036138764224 0.39882958378017125 0 0 0
0.0017857142857142857 -0.006323046836127925 0.2472060505235849 -0.5874413683022973 0 0 0
0.0017857142857142857 0.0920776823741966 -0.0475497812167073 -0.49055003428281324 0 0 0
0.0017857142857142857 0.39970271087133963 -0.3853012037232308 0.06458888643011235 0 0 0
0.0017857142857142857 0.37730045079262753 0.07021761113502804 0.25036467553393726 0 0 0
0.0017857142857142857 0.3296879860087697 0.27190050827127543 0.5314691777400361 0 0 0
0.0017857142857142857 0.0918263852409357 0.3139331211634861 -0.17934471563429472 0 0 0
0.0017857142857142857 0.29020527509270233 0.21035404808529737 -0.5115528346351982 0 0 0
0.0017857142857142857 0.09206082323830016 -0.02924400145092012 -0.2719973316848597 0 0 0
0.0017857142857142857 -0.6451847501980628 0.0644046505086174 0.08440313254041928 0 0 0
0.0017857142857142857 0.5165408831005538 0.17707648180774496 0.30263839249460156 0 0 0
0.0017857142857142857 -0.09891788879379584 0.23188954208282433 -0.4566278694885117 0 0 0
0.0017857142857142857 -0.5713066786389055 -0.0035673225711187855 -0.12401245235793225 0 0 0
0.0017857142857142857 0.16041863740393017 -0.16300891564715267 -0.15497363731954028 0 0 0
0.0017857142857142857 0.5907021057544379 0.08966458340681555 0.28709581376638077 0 0 0
0.0017857142857142857 -0.13985195841842113 -0.24294812025448417 -0.5146491157482737 0 0 0
0.0017857142857142857 -0.22381167413868205 0.11359003168432896 -0.23910401198348064 0 0 0
0.0017857142857142857 0.05445767299725481 -0.6221188166096211 0.19191487985621303 0 0 0
0.0017857142857142857 0.08729611680788782 0.2734735226156445 0.040054877077820204 0 0 0
0.0017857142857142857 -0.0924683771321775 0.1637885452675028 0.36505718066869 0 0 0
0.0017857142857142857 0.05807939245422642 0.2019609503367803 -0.29138060746382294 0 0 0
0.0017857142857142857 -0.2743028679777962 0.0709652818298079 0.3440706335212498 0 0 0
0.0017857142857142857 -0.08458390571845371 0.2703648654294951 0.41878412020923655 0 0 0
0.0017857142857142857 0.11379261809574234 -0.01688155799927365 0.1911690947769797 0 0 0
0.0017857142857142857 -0.26016832071912804 0.05439918659739658 0.04429192444472822 0 0 0
0.0017857142857142857 -0.08777885986791678 -0.4383878892204703 -0.2949013332024403 0 0 0
0.0017857142857142857 -0.02171378821091493 0.015949684540474265 -0.6689038283368781 0 0 0
0.0017857142857142857 0.5889587852000426 -0.22269744808181152 -0.05423022345869059 0 0 0
0.0017857142857142857 0.32508185366892334 -0.5581179708475933 0.07173659965036985 0 0 0
0.0017857142857142857 -0.029178954599545698 -0.1882657663832733 -0.015718065778920907 0 0 0
0.0017857142857142857 0.2536873696951159 0.17553847481738794 0.015374129497084024 0 0 0
0.0017857142857142857 -0.08702674593520333 -0.44594095786435994 -0.12085174794910457 0 0 0
0.0017857142857142857 0.024886597632641744 -0.6015631964434419 -0.03298467459235836 0 0 0
0.0017857142857142857 0.1403429128579185 -0.3371096196779514 -0.23870463098556347 0 0 0
0.0017857142857142857 -0.3876352504550469 -0.13032759965551038 -0.08739867582149174 0 0 0
0.0017857142857142857 -0.16597050580712322 -0.32999090170698325 0.08066905255169508 0 0 0
0.0017857142857142857 -0.03477349755722509 0.04881342965811571 0.235427663516103 0 0 0
0.0017857142857142857 0.6643875140967214 -0.14831709785979827 0.03882245975363657 0 0 0
0.0017857142857142857 0.6091562156537814 0.15398513099677003 0.2850631833995881 0 0 0
0.0017857142857142857 -0.10091147800200859 0.025583076931254552 -0.5702989654087746 0 0 0
0.0017857142857142857 -0.1081825066241616 0.37525580621875504 0.421270801863222 0 0 0
0.0017857142857142857 0.2483335489965463 -0.6123318304344942 -0.17976280204353243 0 0 0
0.0017857142857142857 -0.05366997030110764 0.44972867260900845 -0.36984658559563155 0 0 0
0.0017857142857142857 -0.0402466530618228 0.26701071298558865 0.10019929356358642 0 0 0
0.0017857142857142857 0.32224252322344954 0.4829621373461564 0.05297590100105766 0 0 0
0.0017857142857142857 -0.6034329317234073 0.07584802797049629 -0.2191140087947782 0 0 0
0.0017857142857142857 -0.02164195590337336 0.3025521612627332 0.2444956003922081 0 0 0
0.0017857142857142857 -0.1631092433836526 -0.6059624967329992 -0.152098385882175 0 0 0
0.0017857142857142857 -0.6156622226165601 -0.2567596052961345 0.11852687643326268 0 0 0
0.0017857142857142857 -0.41343621452938223 -0.11054632350227679 0.2957001200818616 0 0 0
0.0017857142857142857 0.2694397638857702 -0.03796931424131476 -0.20702599885652442 0 0 0
0.0017857142857142857 0.3719559028099808 0.36053236436047364 0.35231746382244544 0 0 0
0.0017857142857142857 -0.1562224362577407 -0.041400051787623404 -0.48641494681543873 0 0 0
0.0017857142857142857 -0.01904594809651177 -0.16710912943347672 -0.20685830791090568 0 0 0
0.0017857142857142857 -0.31889743163339185 -0.3022669220587856 0.016010089997831378 0 0 0
0.0017857142857142857 0.4385780353060307 -0.29454527950129356 0.44302200016385157 0 0 0
0.0017857142857142857 -0.001504826949491883 -0.5557688146235238 -0.34647186717341716 0 0 0
0.0017857142857142857 0.17663103212342582 -0.03467551858789378 0.3346092806874467 0 0 0
0.0017857142857142857 -0.012359992764319726 -0.08355468525837433 0.08302097299924255 0 0 0
0.0017857142857142857 0.24759865306801043 -0.34307516079473055 0.43543171524833013 0 0 0
0.0017857142857142857 0.06952139028993583 -0.1675147979453335 -0.07054068105539561 0 0 0
0.0017857142857142857 -0.16446340918108726 -0.03132372010316535 0.2966665342624712 0 0 0
0.0017857142857142857 -0.002499187197567165 0.49765305394544257 0.15618231956756706 0 0 0
0.0017857142857142857 -0.07266354150107299 0.4759984095459036 -0.37493458012748065 0 0 0
0.0017857142857142857 -0.4180608980691673 -0.3205377312890346 -0.33733548448440964 0 0 0
0.0017857142857142857 -0.12233428633715868 0.5216417843206222 0.09370082712935486 0 0 0
0.0017857142857142857 -0.13365702569827523 0.2949713261496151 -0.5715963380155644 0 0 0
0.0017857142857142857 -0.09888473656540853 0.33413364336372414 0.1253090568320363 0 0 0
0.0017857142857142857 -0.47336261707959254 -0.06378461411868874 0.020293973722182394 0 0 0
0.0017857142857142857 0.22809385348182024 0.4832649839261793 0.1442221494458645 0 0 0
0.0017857142857142857 -0.3128088620631252 0.17981403495829434 -0.05831618361285563 0 0 0
0.0017857142857142857 -0.021046326025275838 -0.6208174933786206 0.2191987920063974 0 0 0
0.0017857142857142857 0.4619015207469038 -0.003053102346044219 -0.21046353731310083 0 0 0
0.0017857142857142857 -0.316929454231756 -0.4189714255522743 -0.28113753155059185 0 0 0
0.0017857142857142857 0.4566781634162506 0.016476960306580746 0.1930670353067294 0 0 0
0.0017857142857142857 0.016069891900132933 0.23308646945246214 -0.18511975255162663 0 0 0
0.0017857142857142857 -0.3132134570967395 -0.36642741603487816 0.4808182585661939 0 0 0
0.0017857142857142857 -0.3703599337850793 0.2726949273242335 -0.31841330063374534 0 0 0
0.0017857142857142857 -0.24976778727029522 -0.06887420243393927 0.343686343097048 0 0 0
0.0017857142857142857 0.27766608242685703 0.07927075776207898 0.057480072534515196 0 0 0
0.0017857142857142857 0.44312172294497265 -0.23350250902217096 -0.40894466274182417 0 0 0
0.0017857142857142857 0.040840728555835766 0.07769386866124947 -0.06763936799080925 0 0 0
0.0017857142857142857 0.03282645856942399 0.10539955771631321 -0.3356565942818181 0 0 0
0.0017857142857142857 -0.28546059059851303 0.2178006686214681 -0.06089220861091276 0 0 0
0.0017857142857142857 -0.40240777312662257 -0.2949057133432589 -0.05576671215787166 0 0 0
0.0017857142857142857 -0.070795365534774 -0.0912899813470981 -0.24326192716953693 0 0 0
0.0017857142857142857 -0.00046604318025326823 -0.5722294620914667 0.28493374000480276 0 0 0
0.0017857142857142857 0.4286627353342059 -0.2155843130925286 0.22039912067824588 0 0 0
0.0017857142857142857 -0.41954179862058977 0.2891516394143165 -0.42416365687352015 0 0 0
0.0017857142857142857 0.354923221698827 0.26659489473070547 0.02544957242482964 0 0 0
0.0017857142857142857 0.0465781854702708 0.33729469993833555 0.42730960851228844 0 0 0
0.0017857142857142857 -0.48216521291346215 0.2684255082625039 0.07874399006494696 0 0 0
0.0017857142857142857 -0.14147269773118706 -0.10258349048506615 -0.5032907331655643 0 0 0
0.0017857142857142857 -0.43732948668047367 0.1827050652726344 -0.231643223474098 0 0 0
0.0017857142857142857 -0.5074604648614784 -0.417967685866395 -0.2201417727280334 0 0 0
0.0017857142857142857 -0.25102841940491644 0.2770511663836875 0.3446781775872773 0 0 0
0.0017857142857142857 0.12064284315198183 -0.22677823487006346 -0.2777839190587568 0 0 0
0.0017857142857142857 -0.05031067858247516 -0.5368225302982648 -0.07491755685582065 0 0 0
0.0017857142857142857 -0.661812504143216 0.15814360974049257 -0.039429947084230164 0 0 0
0.0017857142857142857 -0.15619661011793565 0.005697133951880715 -0.5963004951211319 0 0 0
0.0017857142857142857 0.16065216070321311 -0.03825456322502092 0.08268660168288079 0 0 0
0.0017857142857142857 0.11059945537259064 -0.33822937260892233 0.42645061228291536 0 0 0
0.0017857142857142857 -0.2932496694605138 0.36344743595811424 0.4232274027270602 0 0 0
0.0017857142857142857 -0.45571544741911907 0.06290234832440579 0.3941816392082711 0 0 0
0.0017857142857142857 -0.06505532461499378 -0.513841400054252 -0.030665844546359122 0 0 0
0.0017857142857142857 0.14298096051517384 0.29190570927541354 -0.3270890501981534 0 0 0
0.0017857142857142857 -0.020657610963690946 0.03882938578829248 -0.30788527393594 0 0 0
0.0017857142857142857 -0.023484751391947542 -0.14840836602992172 -0.49028809479924823 0 0 0
0.0017857142857142857 0.025826489504923108 0.43612338617310764 0.33095310620647633 0 0 0
0.0017857142857142857 -0.028737471454516075 0.28953549307676646 -0.013475518665509086 0 0 0
0.0017857142857142857 -0.2697178215195518 0.14473193042876226 0.15599533510149616 0 0 0
0.0017857142857142857 0.23998347712918705 0.071764209133405 0.536970780828455 0 0 0
0.0017857142857142857 -0.5362903178175005 0.01088389581889091 -0.25999280194290786 0 0 0
0.0017857142857142857 -0.524921475855797 -0.23668236160070552 0.3849019001096757 0 0 0
0.0017857142857142857 0.059266690958885794 -0.5659093668054863 -0.09117738346272451 0 0 0
0.0017857142857142857 0.6551609218394904 -0.07768801730394018 0.03530123707210059 0 0 0
0.0017857142857142857 -0.19056618320735477 0.2926883746513428 0.2603478555864858 0 0 0
0.0017857142857142857 0.14875072754320146 -0.2661092968495604 -0.045061103856724405 0 0 0
0.0017857142857142857 0.09270081933659108 0.41168520170532275 -0.49418765704584 0 0 0
0.0017857142857142857 -0.3222104192978432 -0.27835605411185327 0.19005841512273594 0 0 0
0.0017857142857142857 0.07415103169598454 0.16595466318902083 -0.19923008357950803 0 0 0
0.0017857142857142857 -0.29233743677420526 -0.4735809694184909 0.37782302311800375 0 0 0
0.0017857142857142857 0.5125581992441548 0.28488715212898064 0.13409271434641695 0 0 0
0.0017857142857142857 -0.18117333680615327 0.6223650442102353 0.14892876416276615 0 0 0
0.0017857142857142857 -0.16426966668982806 -0.1516560850925705 0.019971932222432126 0 0 0
0.0017857142857142857 0.4915371068436195 0.3873963405195764 0.11535545219119445 0 0 0
0.0017857142857142857 -0.2013070864883434 -0.35293724739202037 0.06004883361850673 0 0 0
0.0017857142857142857 -0.5148139635904501 0.2744449546317572 -0.10353664168341678 0 0 0
0.0017857142857142857 -0.008888152912307979 0.019265462670792877 -0.23528319192751476 0 0 0
0.0017857142857142857 -0.38173915174460327 0.05700132199700667 -0.03650039681089922 0 0 0
0.0017857142857142857 -0.4516127186678668 0.3721008825112426 0.06043406872101665 0 0 0
0.0017857142857142857 0.36085948205425433 -0.33734011959242394 0.4078912728976421 0 0 0
0.0017857142857142857 0.1919754369260941 -0.34576300809803784 0.1251281521922195 0 0 0
0.0017857142857142857 0.01577058259504922 -0.3854795475594512 0.3130748760480053 0 0 0
0.0017857142857142857 0.3875916690083145 0.43205516885590206 0.223748555185371 0 0 0
0.0017857142857142857 -0.33414198101077724 0.1936093418415281 0.2380210326797754 0 0 0
0.0017857142857142857 0.21505390775217118 0.1825002455368693 -0.1701641376165729 0 0 0
0.0017857142857142857 -0.1249919913524363 0.3007727924181239 -0.2981363166054821 0 0 0
0.0017857142857142857 0.16867225018455026 0.09289733139980785 0.17991415711858424 0 0 0
0.0017857142857142857 0.34174794895332905 0.14074742794780887 0.4707282709049594 0 0 0
0.0017857142857142857 -0.15297097334477805 -0.21525838837833847 0.10341053805804926 0 0 0
0.0017857142857142857 0.012457985926022168 -0.1634501823498848 -0.4330161790488962 0 0 0
0.0017857142857142857 -0.29221923569301 0.12051169535989824 0.09994125123301055 0 0 0
0.0017857142857142857 0.1537985238816382 -0.14674687456601734 -0.225233556711929 0 0 0
0.0017857142857142857 0.13869794930180382 0.05802172801998989 0.5145092654092361 0 0 0
0.0017857142857142857 0.30712932568102436 0.18317854108539094 0.02737827447058902 0 0 0
0.0017857142857142857 -0.33996859385176964 0.4608305169736085 0.3155576138543812 0 0 0
0.0017857142857142857 0.05220289657092777 -0.03620784141709559 0.5948618627478394 0 0 0
0.0017857142857142857 0.32817810086643884 0.4121955630403022 0.024025916567889414 0 0 0
0.0017857142857142857 -0.10825394399238818 -0.23887217215913384 -0.10536094258325004 0 0 0
0.0017857142857142857 0.19790439214190655 0.3655059457484292 0.3590201720088146 0 0 0
0.0017857142857142857 0.016954717618291874 0.5388494123277207 -0.17591056099466587 0 0 0
0.0017857142857142857 -0.09258021642126452 -0.221722900628588 0.021337651031459178 0 0 0
0.0017857142857142857 0.560432147804515 0.1674155631029516 0.1449298582569394 0 0 0
0.0017857142857142857 0.2731174959360449 0.0061024622973117 0.31384118132465966 0 0 0
0.0017857142857142857 0.10916957046310534 0.622727777448226 0.024054126113422832 0 0 0
0.0017857142857142857 -0.21628307237674607 -0.1096451327034419 0.6292977549310149 0 0 0
0.0017857142857142857 -0.2579966102380827 -0.28305274279491954 -0.3676919066772971 0 0 0
0.0017857142857142857 0.41826664912580325 -0.07566541742744837 -0.3917017864803528 0 0 0
0.0017857142857142857 -0.3985792753857915 0.06916776490316177 -0.31606996282257277 0 0 0
0.0017857142857142857 0.1712605942108708 -0.455613972883528 -0.4834260337688322 0 0 0
0.0017857142857142857 -0.05435884858478872 -0.2703540555237021 0.3826863826508611 0 0 0
0.0017857142857142857 0.2117703337900261 -0.3768391901807612 0.2397576221343382 0 0 0
0.0017857142857142857 -0.03867643141557341 0.11254329535201026 -0.10858592461002416 0 0 0
0.0017857142857142857 0.22605197984042028 -0.13475260315809212 0.5935805413265661 0 0 0
0.0017857142857142857 -0.24845176169533284 -0.36988484473445987 0.09438407639595607 0 0 0
0.0017857142857142857 0.07458353160783002 0.4874446682514066 -0.18053284465445113 0 0 0
0.0017857142857142857 0.32290250679718624 0.2506016276638568 0.1399224831177857 0 0 0
0.0017857142857142857 -0.38134651101596534 0.40431522288575544 -0.08854641387358823 0 0 0
0.0017857142857142857 -0.05950273452467118 -0.1726669968881733 -0.2638586071958054 0 0 0
0.0017857142857142857 -0.018410634800338093 0.5075241284888623 0.4289050414128259 0 0 0
0.0017857142857142857 0.5134420507082388 0.19521491650857184 0.3256065724836126 0 0 0
0.0017857142857142857 -0.31010143225557285 0.42398360459761975 0.04616809177984049 0 0 0
0.0017857142857142857 -0.07654027608170362 -0.33792317010521195 -0.13540850646337096 0 0 0
0.0017857142857142857 -0.2864410166145755 -0.09120976506052303 -0.044497874727556674 0 0 0
0.0017857142857142857 -0.4335809081136755 -0.4510517367614329 -0.011703606480683968 0 0 0
0.0017857142857142857 -0.1350552553567482 0.16377493438005966 0.2928229413704414 0 0 0
0.0017857142857142857 -0.10817510080872318 -0.04099188509063173 -0.14069599697079443 0 0 0
0.0017857142857142857 -0.11193711690807155 0.006789387442918942 -0.31909330336546443 0 0 0
0.0017857142857142857 0.24024486018760188 -0.5546169691891814 -0.04733075016603653 0 0 0
0.0017857142857142857 0.1467489308623172 -0.637732966425187 -0.15135985096493274 0 0 0
0.0017857142857142857 -0.2701112028769178 0.18627098092819344 0.5328002068731555 0 0 0
0.0017857142857142857 -0.44938653717011806 0.19153595958974085 0.30297614282594004 0 0 0
0.0017857142857142857 -0.13103874963121415 -0.1907330644304515 0.5368321537261311 0 0 0
0.0017857142857142857 0.2941052321317572 0.2893628326199704 0.1275168973684056 0 0 0
0.0017857142857142857 -0.0952813340194979 0.5422740850082771 -0.02952301019589327 0 0 0
0.0017857142857142857 -0.06172510471044834 -0.40967138526806995 -0.3741805357705422 0 0 0
0.0017857142857142857 -0.48615068745394296 -0.2967519056183042 -0.36091499857787046 0 0 0
0.0017857142857142857 0.21285428891031877 -0.5253297024368617 0.046347533101653314 0 0 0
0.0017857142857142857 0.04712077284515603 -0.60870420285338 -0.20789775284827486 0 0 0
0.0017857142857142857 -0.05177965463465583 -0.39567242468382546 0.2775544878944199 0 0 0
0.0017857142857142857 0.1254271748430411 0.246590047441394 -0.08140442373483317 0 0 0
0.0017857142857142857 -0.23114852758230583 0.5743079620051047 0.15344068562483582 0 0 0
0.0017857142857142857 -0.1545379080927973 0.3838063276637728 -0.3043033121264946 0 0 0
0.0017857142857142857 -0.02081886593505175 0.40997133707578665 -0.030322086591515945 0 0 0
0.0017857142857142857 0.12692608459764002 -0.35085172512528756 -0.20216377738056412 0 0 0
0.0017857142857142857 -0.2235726640791776 0.42323538062152743 0.07832445574025541 0 0 0
0.0017857142857142857 0.4426436970348677 0.06058118631848337 0.1323940329813579 0 0 0
0.0017857142857142857 -0.37374516070118063 -0.17895049425046755 0.17701850469325098 0 0 0
0.0017857142857142857 0.28671561753417396 0.28105238241165825 -0.35440526227579144 0 0 0
0.0017857142857142857 -0.22170136524087317 0.3572932585227394 -0.09194162480613478 0 0 0
0.0017857142857142857 0.20008714216982293 -0.1417094943994538 -0.2862548923994355 0 0 0
0.0017857142857142857 -0.17891124177325618 -0.27681725347741165 -0.26738767775941824 0 0 0
0.0017857142857142857 0.058425697711100066 0.38627426954600375 0.45857107352691084 0 0 0
0.0017857142857142857 -0.3796543128944071 0.2894724468928907 -0.42592236600160566 0 0 0
0.0017857142857142857 0.21268364934149533 0.04411735724379452 -0.12957977163387477 0 0 0
0.0017857142857142857 0.34210097576440174 -0.12702294426160773 0.02333681120653286 0 0 0
0.0017857142857142857 -0.20190506944138742 -0.1067918749026637 0.048700177891273566 0 0 0
0.0017857142857142857 -0.34866945345676525 0.1488675844557791 -0.231894438514528 0 0 0
0.0017857142857142857 -0.18789565436464623 0.020508402235472546 -0.5262462722708154 0 0 0
0.0017857142857142857 0.6064522646169543 0.06949441484984846 -0.08817501329307062 0 0 0
0.0017857142857142857 -0.019578507827709726 -0.08765120063267397 0.12669047923306856 0 0 0
0.0017857142857142857 -0.1972906123259486 0.036236029940825976 -0.622131964520772 0 0 0
0.0017857142857142857 0.21272986832106694 -0.23883417082603922 0.1771334864983821 0 0 0
0.0017857142857142857 -0.1319494525779173 0.07571203183642039 -0.0452389823647759 0 0 0
0.0017857142857142857 -0.4563336707113006 0.16960958250170197 0.28015551345922235 0 0 0
0.0017857142857142857 -0.009620182460990645 0.43511729161095625 0.23402220051327574 0 0 0
0.0017857142857142857 0.17412429723429096 -0.44029142057982645 0.4803280265078026 0 0 0
0.0017857142857142857 0.038245243202587674 -0.262273917485028 0.0068005150338945105 0 0 0
0.0017857142857142857 0.2590944601208967 -0.2942074104718466 0.1457958799770857 0 0 0
0.0017857142857142857 -0.003313708189867529 -0.34377282509851764 -0.1373065605549889 0 0 0
0.0017857142857142857 0.021804699141064306 -0.16841835550307327 0.49059610389529407 0 0 0
0.0017857142857142857 0.4836727516021008 0.0592180134939839 -0.29054498579731486 0 0 0
0.0017857142857142857 0.1558861747108804 0.47755221512248436 0.3482734705096119 0 0 0
0.0017857142857142857 -0.07647778120292573 -0.28124973504716444 -0.5331669993659245 0 0 0
0.0017857142857142857 -0.1649462706161841 0.5191717059115285 -0.27943739047502725 0 0 0
0.0017857142857142857 -0.18737116938266124 0.19784310924749549 0.5512377229423109 0 0 0
0.0017857142857142857 0.18309729809056385 -0.23375084187490633 -0.4419986745506931 0 0 0
0.0017857142857142857 0.4087824692417726 0.5534313370082853 -0.021505997827085205 0 0 0
0.0017857142857142857 -0.5197805071322094 0.08153305774680267 0.1315615732610609 0 0 0
0.0017857142857142857 0.2964349512038238 0.09501068129111472 0.3463470601992582 0 0 0
