440
0
0.0022727272727272726 -0.04262018754855647 -0.3593148883659994 0.3209046289500854 0 0 0
0.0022727272727272726 -0.4216858057905484 -0.27911270422863294 -0.3732979855063138 0 0 0
0.0022727272727272726 -0.11953615683306736 0.11584712805832151 -0.606091672204347 0 0 0
0.0022727272727272726 -0.3252267508655049 0.23855855207064988 -0.30795373437873824 0 0 0
0.0022727272727272726 0.45407058534802397 -0.09503371052600833 -0.16668713723991208 0 0 0
0.0022727272727272726 -0.40824633433400365 0.16022681833199398 0.260032039701964 0 0 0
0.0022727272727272726 0.3950435761263417 -0.06581071242545505 -0.09238419934423779 0 0 0
0.0022727272727272726 -0.03758432231312592 -0.22239394478090926 -0.2315148548283202 0 0 0
0.0022727272727272726 -0.5460625667385773 0.1564059332112028 -0.3455079813861779 0 0 0
0.0022727272727272726 -0.08807608803393402 0.22231584414453343 0.3137284541983444 0 0 0
0.0022727272727272726 -0.5530987994993662 -0.26419117789715085 -0.1787805249144668 0 0 0
0.0022727272727272726 0.3102013696113939 0.11020664700119934 -0.11909759112266131 0 0 0
0.0022727272727272726 -0.07942106409988556 -0.406111610534797 0.43096655479883983 0 0 0
0.0022727272727272726 -0.3383766457091394 0.2627690919785383 0.33837589623599695 0 0 0
0.0022727272727272726 0.1357398975826373 -0.29704010740324016 0.22937697167961624 0 0 0
0.0022727272727272726 0.12846753640692724 0.1821873491793889 -0.6487277463856037 0 0 0
0.0022727272727272726 0.08396815864063008 -0.6151404365214266 0.12619536874173912 0 0 0
0.0022727272727272726 0.3886021024109548 0.27100909656870115 -0.21019931288225185 0 0 0
0.0022727272727272726 0.31217910775085483 0.016634724613193194 -0.013422301975230934 0 0 0
0.0022727272727272726 -0.32076203374759615 0.03501981635380979 -0.21729665802891165 0 0 0
0.0022727272727272726 -0.13478018464539732 0.3851008078163278 0.5395724884807674 0 0 0
0.0022727272727272726 -0.33649667009488143 0.37090020359959563 -0.2781037624669173 0 0 0
0.0022727272727272726 -0.5722397897224082 0.03724953699233748 0.26515934517261097 0 0 0
0.0022727272727272726 0.02906895987014144 -0.40642974422944145 -0.40809332215011596 0 0 0
0.0022727272727272726 -0.07886634949320075 0.054843349834359234 0.27328552719406024 0 0 0
0.0022727272727272726 0.07827775504890978 0.3486227576949482 -0.02140621327284145 0 0 0
0.0022727272727272726 0.1352265948277083 0.016190024137979445 -0.6268103867162821 0 0 0
0.0022727272727272726 -0.04553545925720149 -0.4630305973636785 -0.04655946814036529 0 0 0
0.0022727272727272726 0.11030076320294968 -0.33027272691781495 0.3453535767366289 0 0 0
0.0022727272727272726 0.1322233230836896 -0.3672528187712985 0.31422134907366467 0 0 0
0.0022727272727272726 -0.05689445606552545 0.04288860340930576 0.2864614008707511 0 0 0
0.0022727272727272726 -0.2083614289441978 0.2870365050961844 -0.0001844480793795517 0 0 0
0.0022727272727272726 -0.10351155784211409 0.48385037348954746 0.4330659610172646 0 0 0
0.0022727272727272726 0.05753966534188133 -0.2465307950316674 -0.3177219843900597 0 0 0
0.0022727272727272726 -0.4906675275609263 0.2470949120138846 -0.20441423244293866 0 0 0
0.0022727272727272726 0.09907957848481572 0.2520774604549301 -0.1756298074258147 0 0 0
0.0022727272727272726 -0.3196705034733545 -0.511673695278715 0.10658998503122669 0 0 0
0.0022727272727272726 -0.016243277408421554 0.4997351017974225 -0.4303223223204157 0 0 0
0.0022727272727272726 -0.5757501475587187 0.09366848075305725 0.01915007797701634 0 0 0
0.0022727272727272726 -0.32270399284436124 -0.30277251497365415 0.5074553795458224 0 0 0
0.0022727272727272726 -0.20328473668911065 -0.4500840288170589 -0.3655106217920773 0 0 0
0.0022727272727272726 0.20754428583740447 -0.11234890578092077 0.25248526008779026 0 0 0
0.0022727272727272726 -0.22024895931297053 -0.3782022624949445 0.011253967223412951 0 0 0
0.0022727272727272726 0.3229633217166523 -0.155109973799059 0.2183662415976714 0 0 0
0.0022727272727272726 -0.11933872935701527 -0.5447225474064624 0.38897437568625076 0 0 0
0.0022727272727272726 -0.09427364069515205 -0.1614375663141182 -0.08603056103993961 0 0 0
0.0022727272727272726 -0.5486587796434799 -0.054208065575932295 0.24466683376691548 0 0 0
0.0022727272727272726 0.19249831963315503 0.41473049207319224 -0.10303297297089677 0 0 0
0.0022727272727272726 0.11243823749420584 -0.25368090869672977 -0.4518941796288908 0 0 0
0.0022727272727272726 0.256953034902829 -0.024905820519524103 -0.5225053108731246 0 0 0
0.0022727272727272726 0.41635998296059423 -0.24340616101799778 0.27465164235132744 0 0 0
0.0022727272727272726 -0.11673919541598962 -0.41355817059403077 -0.33318900295520276 0 0 0
0.0022727272727272726 0.034977569867886776 0.15671698919740706 0.36755247191364854 0 0 0
0.0022727272727272726 0.34267717245210993 -0.43692642811251114 0.07876233026217577 0 0 0
0.0022727272727272726 -0.11450756293872236 0.33859398203469443 0.25292011652447055 0 0 0
0.0022727272727272726 0.12131073174106367 -0.30705231348972417 -0.5457348857423538 0 0 0
0.0022727272727272726 -0.06634275611465794 -0.41100550500023975 -0.42371305456714203 0 0 0
0.0022727272727272726 0.217519394653747 0.5101742272181272 -0.2719416591843206 0 0 0
0.0022727272727272726 0.46844086192861595 0.10586007125125182 0.26809836089274725 0 0 0
0.0022727272727272726 0.20899940471348813 0.4339106713867707 0.2773333794645033 0 0 0
0.0022727272727272726 0.013663625209584357 0.043046907101176354 -0.4711686797962538 0 0 0
0.0022727272727272726 0.11136376381657324 -0.40012766051712945 0.03903220084025853 0 0 0
0.0022727272727272726 0.19065680898582205 -0.15332657561289528 -0.28465613234280657 0 0 0
0.0022727272727272726 -0.4801730940615999 -0.30101720607855 0.15457516031823407 0 0 0
0.0022727272727272726 0.02456008726110155 0.06923261513233371 0.1950403396752522 0 0 0
0.0022727272727272726 0.47478972886762305 0.2809023543741092 0.03492899639601505 0 0 0
0.0022727272727272726 -0.052923192545148115 0.31576476979917245 -0.24295645336731442 0 0 0
0.0022727272727272726 0.04671343327358616 0.6844006203187114 -0.01036581157734213 0 0 0
0.0022727272727272726 -0.14060604793027312 0.02380894851191141 0.16658107973365543 0 0 0
0.0022727272727272726 -0.29443948817075605 0.1497106473022521 0.04168813643777646 0 0 0
0.0022727272727272726 -0.1104265777262932 -0.1275751250185524 0.47570513083582305 0 0 0
0.0022727272727272726 0.20962531371638854 -0.4201995332238326 -0.11343529111205808 0 0 0
0.0022727272727272726 -0.3296102360049895 -0.14252792463053518 0.015303312075852494 0 0 0
0.0022727272727272726 0.017402768056039287 0.3490475686567467 0.536169775606743 0 0 0
0.0022727272727272726 -0.5271094805351367 0.03010869585592247 0.23128678663357566 0 0 0
0.0022727272727272726 0.5719248358541953 0.18553283561514508 0.2812999497611261 0 0 0
0.0022727272727272726 0.22231464360328435 -0.2674029073853479 -0.42506182057821895 0 0 0
0.0022727272727272726 0.5573557665684934 0.01761590102407551 -0.2264891645872572 0 0 0
0.0022727272727272726 -0.4547384377204511 0.3557099253930906 -0.0393471429473578 0 0 0
0.0022727272727272726 -0.17535799403126404 -0.3858632235927875 -0.10903110876230368 0 0 0
0.0022727272727272726 0.0772761509830246 -0.2627808434279342 -0.02990642609376561 0 0 0
0.0022727272727272726 0.5016703296433713 0.28856294769785895 -0.006714226051548338 0 0 0
0.0022727272727272726 -0.4550395812635963 -0.2557756780485796 0.10170901338050278 0 0 0
0.0022727272727272726 0.38110541428219674 -0.4409834539440502 0.07782947795302964 0 0 0
0.0022727272727272726 0.3282447108734247 0.29428618406972834 -0.5116935775756941 0 0 0
0.0022727272727272726 0.30328444429541795 0.36561244644623225 -0.3496879367185962 0 0 0
0.0022727272727272726 0.33278635142157237 -0.2696968157423812 -0.49385246955007955 0 0 0
0.0022727272727272726 -0.07014389271157276 -0.017081309000956578 -0.5042277204118437 0 0 0
0.0022727272727272726 0.06415926708232615 -0.28752098477762206 0.20832452032407348 0 0 0
0.0022727272727272726 0.474399183704734 -0.3134851567705017 0.24069637633717006 0 0 0
0.0022727272727272726 -0.14870102238558397 0.25152356732891956 -0.37078319763533696 0 0 0
0.0022727272727272726 0.5554392442444598 0.25225301741742134 0.18586942017631203 0 0 0
0.0022727272727272726 -0.47388342062028604 0.09176071715607992 0.19101866146282187 0 0 0
0.0022727272727272726 -0.28110207608158344 -0.36396118719079373 -0.3504427628725807 0 0 0
0.0022727272727272726 0.016663658487609492 -0.05169250602492176 0.1630787222634405 0 0 0
0.0022727272727272726 0.44101665425305014 -0.1791945842296275 0.12647947746246274 0 0 0
0.0022727272727272726 -0.6150715433908546 -0.0901815634958032 0.10657566433707831 0 0 0
0.0022727272727272726 -0.3552939225048501 0.10918351155956339 -0.3021982604413435 0 0 0
0.0022727272727272726 -0.11519471116761071 0.07459857659838091 -0.33573169395951336 0 0 0
0.0022727272727272726 0.07208343364953164 -0.09329853159769899 -0.06854870872878753 0 0 0
0.0022727272727272726 -0.40838152501825437 0.15354740621584867 -0.27260824470077943 0 0 0
0.0022727272727272726 -0.6434049528766783 0.007913362392703354 -0.18226197523539733 0 0 0
0.0022727272727272726 -0.07939159325065331 -0.43924209430817424 -0.33819215174716727 0 0 0
0.0022727272727272726 -0.4449550715297058 -0.3281283896866956 -0.23700928269392685 0 0 0
0.0022727272727272726 -0.15807265277032542 0.5928830738698865 -0.09561777095981697 0 0 0
0.0022727272727272726 0.6211378902897096 -0.10299688598468756 0.08253951653300953 0 0 0
0.0022727272727272726 0.5005109872006953 -0.06538000257043143 -0.3440112813146324 0 0 0
0.0022727272727272726 -0.0993490592324668 0.17013413299099667 0.3039280325601605 0 0 0
0.0022727272727272726 -0.1821287901586292 -0.19217792738239214 -0.1549397957704751 0 0 0
0.0022727272727272726 0.007215315125914647 0.12705234918789998 0.24793760752691205 0 0 0
0.0022727272727272726 -0.2617787242130129 0.27989164616052675 -0.08785072670404108 0 0 0
0.0022727272727272726 -0.11829454712512484 0.45062527622376014 0.42157146205225904 0 0 0
0.0022727272727272726 -0.6170606566707124 -0.0771085199652414 -0.17526361722990735 0 0 0
0.0022727272727272726 0.29192974397364374 0.15797211264138403 0.487777002033782 0 0 0
0.0022727272727272726 -0.12314305879890562 0.27515506501191384 0.08452634426416418 0 0 0
0.0022727272727272726 0.010223989948301211 0.3980233139612829 0.4199883525636486 0 0 0
0.0022727272727272726 -0.05560784954177178 0.14669722897376797 -0.07268825396649616 0 0 0
0.0022727272727272726 -0.38467062851454203 0.5475310178126452 -0.010437479729024533 0 0 0
0.0022727272727272726 -0.40220087190240583 -0.2561267547288893 0.0789821814142033 0 0 0
0.0022727272727272726 0.033805980515864566 -0.40539996840230175 -0.4884885104723343 0 0 0
0.0022727272727272726 0.16597841681207912 -0.007437912080839379 0.15852257927318766 0 0 0
0.0022727272727272726 -0.20815324758766063 0.32786340887007365 -0.45944365259026704 0 0 0
0.0022727272727272726 -0.06182182928409183 0.22213149764367043 -0.336286628734151 0 0 0
0.0022727272727272726 -0.5031440704126001 -0.2833048860077878 0.18548548057275935 0 0 0
0.0022727272727272726 -0.18030899432253916 -0.17012856901252912 0.17782293726225612 0 0 0
0.0022727272727272726 -0.07115829909346708 -0.6463736185819631 -0.22045421795719122 0 0 0
0.0022727272727272726 -0.14646239041608078 -0.13204803593458245 -0.531502457801721 0 0 0
0.0022727272727272726 -0.5174506425726535 0.20003722603126997 -0.1686275446031843 0 0 0
0.0022727272727272726 -0.31804669795418034 -0.2616739234827906 -0.44871142694553295 0 0 0
0.0022727272727272726 0.2701669480281628 -0.03423271567768626 -0.39977891658384335 0 0 0
0.0022727272727272726 0.12790332110035257 0.5573079738180041 0.20686359030708226 0 0 0
0.0022727272727272726 0.1384389756659241 -0.3177545998832534 0.43170274548929655 0 0 0
0.0022727272727272726 -0.15363785070295516 -0.449153982727776 -0.1163596315713243 0 0 0
0.0022727272727272726 0.015289553503252578 0.029715747420317663 0.60290555916407 0 0 0
0.0022727272727272726 0.14008477364150176 -0.0397041982631841 -0.23240898793040893 0 0 0
0.0022727272727272726 -0.11922194681885516 0.013722360207663804 -0.18535253352812517 0 0 0
0.0022727272727272726 0.14107961967887053 0.13616591998523067 0.17763518161651629 0 0 0
0.0022727272727272726 -0.4837734826702219 0.22085669803041805 0.2705994808369951 0 0 0
0.0022727272727272726 -0.13397588441130195 -0.4895047226280883 -0.19516952320192368 0 0 0
0.0022727272727272726 0.0847832541002196 0.13944295188759348 -0.031837533839988795 0 0 0
0.0022727272727272726 0.30611191301087165 -0.2122684592868042 -0.35845761884835525 0 0 0
0.0022727272727272726 -0.4712352128847619 -0.10406219862076739 -0.24221859266234108 0 0 0
0.0022727272727272726 0.4615483757654334 0.11151342806617372 -0.23298816011986825 0 0 0
0.0022727272727272726 -0.10500800531539309 -0.019249683709607977 0.31471450573104953 0 0 0
0.0022727272727272726 0.4131299704468258 0.08335875055531253 0.436832342965575 0 0 0
0.0022727272727272726 0.6412529638683032 0.0218968763659826 -0.23630772461786365 0 0 0
0.0022727272727272726 0.331801909504174 -0.48533083886870193 -0.11638250641361432 0 0 0
0.0022727272727272726 0.0657403436268696 0.3697563130461405 -0.05776590860278802 0 0 0
0.0022727272727272726 0.23259998789367933 0.2672700723778712 -0.2203810280499879 0 0 0
0.0022727272727272726 -0.0649978532691979 0.30080111468222076 0.31908558141314847 0 0 0
0.0022727272727272726 0.4049206257691984 -0.47036056656947917 -0.3071460692451744 0 0 0
0.0022727272727272726 0.08014176424245227 -0.5640732907345172 0.2806498804032851 0 0 0
0.0022727272727272726 0.4238441488208686 -0.48849391370521306 -0.2079058194921194 0 0 0
0.0022727272727272726 0.32985065001707886 0.021170874227364272 0.29532976530218114 0 0 0
0.0022727272727272726 -0.2557378361479259 -0.49230438634774776 0.36252790006116553 0 0 0
0.0022727272727272726 0.6545162412687044 0.04293320581203309 0.21201413375057523 0 0 0
0.0022727272727272726 0.16613417880304948 0.2933536760446386 -0.18959024582323883 0 0 0
0.0022727272727272726 0.37398443574512263 0.27361607794167975 0.21278054999179882 0 0 0
0.0022727272727272726 -0.044761410523006986 0.07034491935814229 -0.19736109385546208 0 0 0
0.0022727272727272726 0.014163405381085441 -0.4544422662791139 -0.18733943745210124 0 0 0
0.0022727272727272726 -0.3107956673231076 0.3386476602391304 0.3126992051148841 0 0 0
0.0022727272727272726 -0.4331350041737996 0.07865812547318052 0.3960994402827389 0 0 0
0.0022727272727272726 -0.09353447738862611 0.20872178551981607 -0.5146677723156774 0 0 0
0.0022727272727272726 -0.1740856892177517 0.2905824414665064 0.1551620686791827 0 0 0
0.0022727272727272726 -0.14199937250401917 -0.47793857249077726 -0.0641714874501255 0 0 0
0.0022727272727272726 0.3544704719423203 -0.320822330262701 -0.46203411609206085 0 0 0
0.0022727272727272726 0.3677381685711566 0.10326451769034319 0.2122074452435413 0 0 0
0.0022727272727272726 -0.1924186820182085 0.45050325800205 -0.3018670587974918 0 0 0
0.0022727272727272726 0.13607136304842574 -0.12968016885990938 -0.4757186243132723 0 0 0
0.0022727272727272726 0.09013842256085829 -0.6123163520263606 -0.21837087930609317 0 0 0
0.0022727272727272726 0.12670547817315736 -0.5060634473790626 -0.010608013813304744 0 0 0
0.0022727272727272726 0.1654406438435795 0.05594919630499461 0.6459817144353763 0 0 0
0.0022727272727272726 0.32245501628798495 -0.13658953689475353 0.37024252216838344 0 0 0
0.0022727272727272726 -0.2878702504271484 -0.08481343079000926 -0.008735540053283699 0 0 0
0.0022727272727272726 -0.20806614553191985 -0.252761217072959 -0.15108329035344695 0 0 0
0.0022727272727272726 0.1285083822593516 0.3336801909574629 -0.2724319943550537 0 0 0
0.0022727272727272726 -0.5141109714280243 0.05234201905508497 0.08091109069724245 0 0 0
0.0022727272727272726 0.28030070109551136 -0.379247290898207 0.41398683314520246 0 0 0
0.0022727272727272726 0.38585066780714655 -0.2855048942684939 0.3998874561623701 0 0 0
0.0022727272727272726 0.025160834001889325 -0.08107021632995251 0.3935230615140664 0 0 0
0.0022727272727272726 -0.15793181788104868 0.6602736787382336 -0.10329910174868207 0 0 0
0.0022727272727272726 0.26139439210152593 0.0084138172793173 0.05223419576997115 0 0 0
0.0022727272727272726 -0.1007647459251853 -0.03781736155105396 -0.12977627484254387 0 0 0
0.0022727272727272726 -0.20674271505189148 0.2587043244072129 -0.11803252136331244 0 0 0
0.0022727272727272726 -0.5832389107983048 0.044198354855754976 0.020647969830862593 0 0 0
0.0022727272727272726 -0.10613868068048359 0.04525356819836555 0.39410481694309396 0 0 0
0.0022727272727272726 -0.10397583438268207 -0.21721773362831184 0.3287393606066013 0 0 0
0.0022727272727272726 -0.4960653914665623 -0.2790717389333108 0.10023070693569158 0 0 0
0.0022727272727272726 -0.31335515073709314 -0.10787237054644773 -0.3843371564206344 0 0 0
0.0022727272727272726 -0.2896004296645898 -0.3966455235421496 -0.3412203483134486 0 0 0
0.0022727272727272726 0.12838800773779135 -0.1764172285697803 -0.5943046997259823 0 0 0
0.0022727272727272726 -0.5087106357572719 -0.2945862096102131 0.1537409454577804 0 0 0
0.0022727272727272726 -0.1518955870858582 0.1608492413033726 0.2919070338626986 0 0 0
0.0022727272727272726 0.4369357703089691 -0.2035105035230709 0.15547602977434927 0 0 0
0.0022727272727272726 0.4121471883493575 0.14360406048243415 -0.435010452186478 0 0 0
0.0022727272727272726 0.3564816933595321 0.41117024739359026 0.2024309177412956 0 0 0
0.0022727272727272726 0.0465671401968389 -0.40371922176478525 -0.06565070314243338 0 0 0
0.0022727272727272726 -0.03603257631648288 -0.36665307380878953 0.42276216852960097 0 0 0
0.0022727272727272726 0.28132730014750346 -0.18627446647546464 -0.2533199662754759 0 0 0
0.0022727272727272726 -0.014656073242834656 0.08044590462198652 -0.06597923320654948 0 0 0
0.0022727272727272726 -0.324619798366827 -0.23954618421766244 0.43781792484717447 0 0 0
0.0022727272727272726 -0.19562480332022883 0.5888636490995648 -0.16773409352961674 0 0 0
0.0022727272727272726 -0.10842249075107072 -0.26070956398553874 -0.19913448184524604 0 0 0
0.0022727272727272726 -0.32081008799268707 -0.19081552918953582 0.2926601761886907 0 0 0
0.0022727272727272726 -0.023342396510779528 -0.09383523878791708 -0.24469911613505754 0 0 0
0.0022727272727272726 0.23375021669377224 0.09199196368721745 -0.3496625460418933 0 0 0
0.0022727272727272726 -0.6106170918470526 0.0530357541820851 -0.019461835485229003 0 0 0
0.0022727272727272726 -0.026288270992200085 -0.2868100409793067 0.5547691586470935 0 0 0
0.0022727272727272726 0.2334261530563482 -0.19318361649630422 0.17187418339520188 0 0 0
0.0022727272727272726 0.15289994997650747 0.32374504629792716 -0.1347516529096956 0 0 0
0.0022727272727272726 0.41540531911573764 -0.03628698407736482 -0.032352843854741346 0 0 0
0.0022727272727272726 -0.3843777106225153 0.26433054394514793 -0.15622447648063534 0 0 0
0.0022727272727272726 0.22562247454034035 0.23112665797638168 -0.6118778408789151 0 0 0
0.0022727272727272726 -0.19646388221134561 -0.05048205285849597 0.35419879492286316 0 0 0
0.0022727272727272726 -0.2125393768345165 -0.026263564577343197 -0.40988163184705867 0 0 0
0.0022727272727272726 0.28086460987039846 0.3673522963736609 0.19161583330755627 0 0 0
0.0022727272727272726 -0.34918942323682645 -0.3326050376400565 0.24118546849063607 0 0 0
0.0022727272727272726 0.1027663454238852 -0.5588458084797161 -0.04615440355569704 0 0 0
0.0022727272727272726 0.3745997751461548 0.21206995855296853 -0.11523056229683265 0 0 0
0.0022727272727272726 0.12422752167494318 0.1152599467885505 -0.20368408917761804 0 0 0
0.0022727272727272726 0.07991112990919891 -0.4155024185796274 -0.31525384932209066 0 0 0
0.0022727272727272726 0.4195393957813145 -0.04833949272593408 -0.07363340953684046 0 0 0
0.0022727272727272726 -0.2563407187268139 -0.0333225343401777 -0.4249325526078494 0 0 0
0.0022727272727272726 -0.21240413391540638 -0.009846186933091876 0.5631824777144318 0 0 0
0.0022727272727272726 0.580799394972178 0.19012684092765023 0.20005285412381885 0 0 0
0.0022727272727272726 0.11795461233482459 0.08175860364571609 0.5249482901920653 0 0 0
0.0022727272727272726 0.5109067691846787 0.11967630403912662 0.3156312622288511 0 0 0
0.0022727272727272726 0.3318759604841619 -0.42186227717193175 -0.2303255674858474 0 0 0
0.0022727272727272726 0.4362758639392224 -0.39956556656578385 -0.0034469278443579644 0 0 0
0.0022727272727272726 -0.5365890285135531 -0.22280845371374192 0.07261779867058234 0 0 0
0.0022727272727272726 0.3196811361596141 0.06028745151487721 -0.09386295831804024 0 0 0
0.0022727272727272726 -0.29004235192125893 -0.21761726265631304 -0.4871558603827341 0 0 0
0.0022727272727272726 0.09266180672471636 -0.17631261705030807 0.34805678717528066 0 0 0
0.0022727272727272726 0.3326915478378647 -0.021010179847944593 -0.46283505199367897 0 0 0
0.0022727272727272726 -0.663274389127729 0.0406042792553838 0.17965173456041914 0 0 0
0.0022727272727272726 0.14638918948577848 -0.5721827398888936 -0.19083067170416387 0 0 0
0.0022727272727272726 -0.2708866263498826 -0.07957959425671715 -0.17983580157524512 0 0 0
0.0022727272727272726 -0.058706897459075306 -0.5987171499009841 0.2798700037662638 0 0 0
0.0022727272727272726 0.3065050757268339 -0.32845307308258126 0.26530337392955905 0 0 0
0.0022727272727272726 -0.22189768028323859 -0.28532438310618047 -0.5785706934091391 0 0 0
0.0022727272727272726 -0.15559672010054915 0.030468103359396037 0.10507479063990499 0 0 0
0.0022727272727272726 0.19563118897338014 -0.3611238419759386 0.13720964926446363 0 0 0
0.0022727272727272726 0.11197135069055267 0.14616415656290885 -0.09986055638843887 0 0 0
0.0022727272727272726 0.1260630476207506 0.2823764646023878 0.4835453845782671 0 0 0
0.0022727272727272726 -0.3674996422351411 -0.2682227014351296 -0.4269281207286237 0 0 0
0.0022727272727272726 -0.5015036385332892 -0.38688125335725315 -0.20406086717226993 0 0 0
0.0022727272727272726 0.20121400559524058 0.6295205752577949 -0.05505465082270285 0 0 0
0.0022727272727272726 -0.04376317675643083 0.09845078694707092 0.589680335677951 0 0 0
0.0022727272727272726 0.5875282274267577 0.14680288843040354 -0.1435012219403944 0 0 0
0.0022727272727272726 0.2683893457576329 -0.2876665836330525 -0.19244251218929628 0 0 0
0.0022727272727272726 -0.3370261995205576 0.10283174604723368 0.04237958935536825 0 0 0
0.0022727272727272726 -0.5577975944770713 0.10524983006418329 -0.32265830161074865 0 0 0
0.0022727272727272726 0.24229944429885256 -0.1235213455975494 -0.6228319300265958 0 0 0
0.0022727272727272726 0.11032044963775237 0.45152939058033154 -0.022145575680685422 0 0 0
0.0022727272727272726 -0.41262665832786244 -0.16074269226568816 -0.3019202012807008 0 0 0
0.0022727272727272726 -0.24719897119315787 -0.10047737410625363 0.06505448499858599 0 0 0
0.0022727272727272726 -0.01508223003144395 -0.4823360574894746 0.0014786969267578125 0 0 0
0.0022727272727272726 -0.33040515080883376 -0.27052600261385407 -0.14177628448760776 0 0 0
0.0022727272727272726 0.43568822305478994 0.41630680144558374 0.19503195992233097 0 0 0
0.0022727272727272726 0.3192340547718296 0.4922694109180535 -0.09338189262185807 0 0 0
0.0022727272727272726 -0.0797163441513172 0.07232296513147139 -0.23406246361159389 0 0 0
0.0022727272727272726 -0.09274331860959684 -0.2974499770469943 -0.5901810884192529 0 0 0
0.0022727272727272726 -0.1986079676960522 -0.16546404927583255 -0.26338179327310457 0 0 0
0.0022727272727272726 -0.05116761796952733 -0.17528567373154316 -0.4808149589840433 0 0 0
0.0022727272727272726 0.28525176444865 -0.35553048611021626 0.38218447544634077 0 0 0
0.0022727272727272726 0.43902193151090596 -0.24202270518445768 0.47209818570101225 0 0 0
0.0022727272727272726 -0.3355356028597078 -0.11336841733916937 -0.5403790038378921 0 0 0
0.0022727272727272726 -0.06143586705613065 0.2578761183041627 0.24657702876432477 0 0 0
0.0022727272727272726 -0.04275279036415 -0.11788934457840139 0.10613169884326765 0 0 0
0.0022727272727272726 0.25131128333878644 0.25114745830322033 0.14066514921209047 0 0 0
0.0022727272727272726 -0.20134124717992222 0.2879406656347679 -0.44583618385031865 0 0 0
0.0022727272727272726 0.6190037253797598 -0.017188665933400148 -0.22760950569458407 0 0 0
0.0022727272727272726 0.19060714730350684 -0.33136395978810645 -0.2816849162013537 0 0 0
0.0022727272727272726 0.2500792922557885 -0.5217623663368569 0.005744186264935328 0 0 0
0.0022727272727272726 -0.3716078357183425 0.256726846653381 -0.06687407507054183 0 0 0
0.0022727272727272726 -0.1394843159202503 -0.2560334020659125 -0.08090343844184983 0 0 0
0.0022727272727272726 0.20729759587173924 0.3478963550904838 0.23639098399669575 0 0 0
0.0022727272727272726 -0.4239121943934735 0.3037132274008335 -0.11726261187688995 0 0 0
0.0022727272727272726 0.2987289719809095 -0.6107154637303208 0.02770307774171568 0 0 0
0.0022727272727272726 0.5449684043487426 -0.1714023563784214 -0.23619282263504224 0 0 0
0.0022727272727272726 -0.12055374480663812 0.48768071338739966 -0.27985092423581975 0 0 0
0.0022727272727272726 0.15964915421329842 -0.21540706691987654 0.40803004563486406 0 0 0
0.0022727272727272726 0.012041229656548955 0.5476262421229359 -0.3050215479077268 0 0 0
0.0022727272727272726 -0.42995016440958134 0.0467688518816463 0.3716295205121516 0 0 0
0.0022727272727272726 -0.12424065977124076 -0.017491536987534716 -0.46258270057505313 0 0 0
0.0022727272727272726 -0.25619516888704136 -0.17370860540389352 0.37388542666548 0 0 0
0.0022727272727272726 -0.3431378120008074 -0.19385182383378796 -0.024252145607340143 0 0 0
0.0022727272727272726 0.244672139321275 -0.5306786834973486 -0.009353466455086713 0 0 0
0.0022727272727272726 -0.00973349313245061 0.5961234000550906 0.11552346104218879 0 0 0
0.0022727272727272726 -0.4620181269061683 -0.41559556335150305 -0.2099130340005229 0 0 0
0.0022727272727272726 0.25806579229212223 0.33252235393732893 0.4559820342108423 0 0 0
0.0022727272727272726 -0.03819390009226491 0.6308360680649064 -0.22578097025681024 0 0 0
0.0022727272727272726 -0.05143222059778061 -0.5206416024240519 -0.2083931460403495 0 0 0
0.0022727272727272726 0.6455310929581805 -0.06656362921396969 0.10085819453605738 0 0 0
0.0022727272727272726 0.12421782938449799 0.273896697080286 -0.46911186384120696 0 0 0
0.0022727272727272726 -0.07367713356724699 0.23372535134888162 -0.16275016131994915 0 0 0
0.0022727272727272726 -0.22716331162306225 0.29372435581486417 0.3215964755435579 0 0 0
0.0022727272727272726 0.4050742170677073 0.10759712170399838 -0.06837680201806487 0 0 0
0.0022727272727272726 0.5668650048349153 0.06161424646439628 -0.16939556710107778 0 0 0
0.0022727272727272726 -0.34355402191821405 0.36508281585472463 0.12105243684618508 0 0 0
0.0022727272727272726 0.2617807078773715 -0.5936363277459709 0.1835969890994957 0 0 0
0.0022727272727272726 -0.03949078410808079 0.3742599513034745 0.09114732095353735 0 0 0
0.0022727272727272726 -0.5483510456752697 0.08015813563730419 0.0862685781438461 0 0 0
0.0022727272727272726 -0.38515143552103154 0.004904435059056884 -0.1805410340638627 0 0 0
0.0022727272727272726 -0.2760397646688313 -0.4913504859832305 -0.35873952281350097 0 0 0
0.0022727272727272726 -0.00406505901907024 -0.5800352317902319 0.003901716905566463 0 0 0
0.0022727272727272726 -0.06505080348027971 0.5632740721135711 -0.06724173052313709 0 0 0
0.0022727272727272726 -0.030874895394554656 -0.4762821916491407 -0.026526877904963816 0 0 0
0.0022727272727272726 0.2761412039317993 -0.5591877634150627 0.042435412080859256 0 0 0
0.0022727272727272726 0.5018585436753507 -0.2690477820112682 0.27482726082863534 0 0 0
0.0022727272727272726 -0.5440883812489293 0.11160991230348545 0.21279133606683995 0 0 0
0.0022727272727272726 0.06203838514127958 -0.4914242904063282 0.15805716720154728 0 0 0
0.0022727272727272726 -0.2659813370756387 0.5338285444349048 -0.19470863094192908 0 0 0
0.0022727272727272726 0.29120076639010256 -0.2599868837538174 -0.24167218995162384 0 0 0
0.0022727272727272726 -0.3687026146803413 0.2821727349634864 0.31128724118837636 0 0 0
0.0022727272727272726 0.32942724626168285 0.10981103809038117 0.27735530665021163 0 0 0
0.0022727272727272726 -0.11634247602603047 -0.021416708891997725 0.5274558005359717 0 0 0
0.0022727272727272726 -0.40310117031691056 0.0945417311107552 -0.31400001087846113 0 0 0
0.0022727272727272726 0.4897851192866337 -0.06814014306738517 0.021893134167595297 0 0 0
0.0022727272727272726 0.07855690275549736 -0.02047946060633567 -0.4989025966315441 0 0 0
0.0022727272727272726 -0.21544697242910268 -0.47430630120174333 -0.15650856919778736 0 0 0
0.0022727272727272726 0.12833048464012722 -0.2589651031024876 0.6192407440626058 0 0 0
0.0022727272727272726 -0.22457061090242794 -0.11167962291543256 0.25022415852443264 0 0 0
0.0022727272727272726 -0.5790742918713004 0.24906992396175195 -0.13029368890477427 0 0 0
0.0022727272727272726 0.367503915070863 0.12582808158899841 -0.38704633312039266 0 0 0
0.0022727272727272726 0.07235169179057298 0.1689077917829986 0.5660001801434887 0 0 0
0.0022727272727272726 0.10991176788210996 0.562785703988595 0.1570911932644863 0 0 0
0.0022727272727272726 -0.5300258347367494 0.13026703081726454 0.175268528997885 0 0 0
0.0022727272727272726 0.18239300408797882 0.16155356329644047 0.11463567886404413 0 0 0
0.0022727272727272726 -0.4915238843158683 -0.3498430544229916 0.021477254746792563 0 0 0
0.0022727272727272726 -0.45928618150576334 0.2539898084298181 0.4378673207690661 0 0 0
0.0022727272727272726 -0.36937005166335984 -0.3426321604965174 -0.04889962478029613 0 0 0
0.0022727272727272726 0.587882355487899 -0.2135287833616932 -0.2662653101972999 0 0 0
0.0022727272727272726 0.5467165263976314 -0.25781879359250426 -0.06712397824531187 0 0 0
0.0022727272727272726 -0.1523568298159573 -0.36000005682898073 -0.3690127146036359 0 0 0
0.0022727272727272726 0.3121135290865951 0.25892590193243714 0.1097616785643258 0 0 0
0.0022727272727272726 -0.001624759875522244 -0.3035942610852661 -0.46590750031413675 0 0 0
0.0022727272727272726 -0.21269897103964458 0.12859949275781118 0.46737451470509006 0 0 0
0.0022727272727272726 0.4301404402757447 0.5386349204054265 0.01393676949966725 0 0 0
0.0022727272727272726 0.429890141501253 0.33876512492969374 0.15623110930482842 0 0 0
0.0022727272727272726 0.4203240672345744 -0.08690419926757766 -0.5102482259705665 0 0 0
0.0022727272727272726 -0.01152278827796152 0.20216407289099603 -0.25280296193857815 0 0 0
0.0022727272727272726 -0.42662048368627087 0.44796147997575086 0.07440821782126118 0 0 0
0.0022727272727272726 -0.43062853458523737 -0.39492716467454325 0.32234033328440487 0 0 0
0.0022727272727272726 -0.3664780034184308 -0.10320000841283022 0.4948126699397105 0 0 0
0.0022727272727272726 0.36890458633661305 -0.28701002677481174 0.3824510243783232 0 0 0
0.0022727272727272726 0.38815480045229633 0.544878460037096 -0.13452162322437314 0 0 0
0.0022727272727272726 -0.0768735937376955 0.1473968584812536 -0.6509429429470222 0 0 0
0.0022727272727272726 -0.22049688613186538 0.41169156227916504 0.03308038502871281 0 0 0
0.0022727272727272726 -0.6433389208582303 -0.003503866873163154 0.18801105812948343 0 0 0
0.0022727272727272726 0.49961304450323885 0.020407746763694275 -0.44666961939351413 0 0 0
0.0022727272727272726 0.6321203944523203 0.12978895411578267 -0.16610362802826 0 0 0
0.0022727272727272726 -0.04198752287670276 -0.487294293858303 0.09372277014378637 0 0 0
0.0022727272727272726 -0.272636257698022 0.18520008107235517 -0.031569671159648406 0 0 0
0.0022727272727272726 -0.19456871270209752 -0.013583031753664139 0.11657617635393307 0 0 0
0.0022727272727272726 0.06777018993759387 0.039355450864209905 -0.2640730300928717 0 0 0
0.0022727272727272726 0.15619330638157716 0.4333213107834719 0.16885705618823915 0 0 0
0.0022727272727272726 0.05940908910092343 0.6710336660357633 0.04788608608551303 0 0 0
0.0022727272727272726 -0.2889473272933223 0.05162346363713839 0.5133186286194088 0 0 0
0.0022727272727272726 0.1810767411842199 0.19296735627333172 -0.4281968427785411 0 0 0
0.0022727272727272726 0.41148378592719254 -0.483426560679683 -0.10107780891255497 0 0 0
0.0022727272727272726 0.06413961737845505 -0.5040577486640125 0.2493594217921807 0 0 0
0.0022727272727272726 -0.03181639825740915 0.016060859260314087 -0.4068187900625739 0 0 0
0.0022727272727272726 -0.2445523915495007 -0.2580871658640578 0.2732520195027308 0 0 0
0.0022727272727272726 0.0068419770998477064 -0.4220737521175008 0.333181758915201 0 0 0
0.0022727272727272726 -0.004435506120759371 0.06737378646134229 -0.017528080183847397 0 0 0
0.0022727272727272726 -0.5333162541956028 -0.32550660611996846 -0.24201859572404322 0 0 0
0.0022727272727272726 0.23421392514580774 0.11587737770221997 -0.3513805754519103 0 0 0
0.0022727272727272726 0.18666441127867286 -0.40099321880393324 0.23275168777222452 0 0 0
0.0022727272727272726 -0.10560192392023546 -0.32553794997990526 -0.42202781999980976 0 0 0
0.0022727272727272726 0.421140905207786 0.4611789356694767 0.08389246750653574 0 0 0
0.0022727272727272726 0.2409308416501141 0.2241118898621951 -0.5705933558184503 0 0 0
0.0022727272727272726 -0.33795947232167894 -0.09988204731824411 0.11427078845325497 0 0 0
0.0022727272727272726 0.36506850102022664 0.44281744148256064 -0.25173819950029164 0 0 0
0.0022727272727272726 0.09096181135672281 -0.3937956627916644 -0.3470465988355156 0 0 0
0.0022727272727272726 -0.34053633550021595 -0.28354406445697805 -0.3208624121201684 0 0 0
0.0022727272727272726 -0.13277899801453139 -0.29256500745605063 0.013620537551469521 0 0 0
0.0022727272727272726 -0.31040432696877784 -0.07133779813698876 -0.08924909577182043 0 0 0
0.0022727272727272726 -0.2639412943146831 0.09437280151939607 0.42433598622458374 0 0 0
0.0022727272727272726 -0.46917855906339867 -0.44005321400144765 0.057519089088965844 0 0 0
0.0022727272727272726 -0.36482011408960224 -0.24323135100026613 -0.08062179817600447 0 0 0
0.0022727272727272726 -0.2595655125330052 -0.02837340906467796 0.10775469862723516 0 0 0
0.0022727272727272726 0.17997161520056623 -0.015547627705658963 -0.45242836757181 0 0 0
0.0022727272727272726 0.3156933370149102 -0.2738212462562752 0.07236391470274235 0 0 0
0.0022727272727272726 -0.019049418775725233 -0.6489890760676345 0.08976924694811236 0 0 0
0.0022727272727272726 0.6563858936694611 0.06815900918132463 -0.19716522464281472 0 0 0
0.0022727272727272726 0.298511373600388 -0.465821394412535 0.36987013662575013 0 0 0
0.0022727272727272726 -0.4236322197650789 0.4560885742927461 0.14823135185324038 0 0 0
0.0022727272727272726 -0.054976202509324223 0.44531731864714 0.3385577902335103 0 0 0
0.0022727272727272726 -0.39159219990191957 0.1145486864888911 -0.3086166940826213 0 0 0
0.0022727272727272726 -0.32966165422431065 -0.31852527517893536 0.22635778221609412 0 0 0
0.0022727272727272726 0.0339573406668508 -0.34495967169271674 -0.30080492113965285 0 0 0
0.0022727272727272726 0.1375626043804282 -0.2118764182799394 0.5471605034109916 0 0 0
0.0022727272727272726 0.4125314425951732 -0.06757722546055266 -0.05443206388169188 0 0 0
0.0022727272727272726 0.350024999547294 -0.28825456580414816 -0.43717851132595936 0 0 0
0.0022727272727272726 0.17027945855432874 0.38267691235361434 0.5000125204868281 0 0 0
0.0022727272727272726 -0.11763975670282364 -0.05812086843856986 -0.10240624479108154 0 0 0
0.0022727272727272726 0.46226276696851654 0.04653571183532965 0.3197147901979969 0 0 0
0.0022727272727272726 0.3537188622281617 0.44342931703364713 -0.3132780698286809 0 0 0
0.0022727272727272726 -0.1138307388780332 -0.2973804944749308 -0.5384505255869341 0 0 0
0.0022727272727272726 -0.20024058830547709 0.4421575991350305 0.14269152207427388 0 0 0
0.0022727272727272726 0.5858027192196957 0.0326225771796132 -0.23729684710018578 0 0 0
0.0022727272727272726 0.09987175213710806 -0.3387933314274645 -0.42711164051148903 0 0 0
0.0022727272727272726 -0.03222806250952654 0.30466647884048226 -0.4857216288115877 0 0 0
0.0022727272727272726 -0.28419694591673644 -0.1225146175214278 -0.352140298270872 0 0 0
0.0022727272727272726 -0.27397414953879434 0.3213147957660204 -0.2292604849697095 0 0 0
0.0022727272727272726 -0.07310104460149064 0.25735207234581353 0.5146973846154455 0 0 0
0.0022727272727272726 -0.2568147892299017 -0.4977933312030718 -0.16444145814552047 0 0 0
0.0022727272727272726 0.16335296346412995 0.1717453204257951 -0.48647703443282875 0 0 0
0.0022727272727272726 -0.02506325969036971 -0.20122640072014392 -0.2184359995344625 0 0 0
0.0022727272727272726 0.3381008439689592 -0.3167408765427524 -0.40735766600991224 0 0 0
0.0022727272727272726 -0.10228460047300551 0.27727353808626354 0.25910268439875445 0 0 0
0.0022727272727272726 0.007464145842560044 0.633478041204096 0.1657228040767785 0 0 0
0.0022727272727272726 -0.0820202045521394 -0.2250967134587047 0.30699924512641613 0 0 0
0.0022727272727272726 -0.07611830749916108 -0.009509507805349125 0.10343626430921209 0 0 0
0.0022727272727272726 -0.1452776212972913 -0.21024554362514788 0.526887873164753 0 0 0
0.0022727272727272726 0.4734955892360882 0.2045625235811495 0.16897816551283498 0 0 0
0.0022727272727272726 0.18506566445952224 0.09879906679980832 0.31219130824442315 0 0 0
0.0022727272727272726 0.022186504817730705 0.38996889305087923 0.09583622633587695 0 0 0
0.0022727272727272726 -0.10411041057405208 0.036471329680944665 0.17192402793765887 0 0 0
0.0022727272727272726 -0.12512650427042304 0.38392825603751746 -0.10972584193924487 0 0 0
0.0022727272727272726 0.12970095644908827 -0.47671244104816557 0.09013421851126947 0 0 0
0.0022727272727272726 0.5284187607844277 0.11436835041131244 -0.0687720126044843 0 0 0
0.0022727272727272726 0.3804655454742022 -0.20581856866048498 -0.220810072546799 0 0 0
0.0022727272727272726 0.047548149236156925 0.17948896499849867 -0.3170971150142359 0 0 0
0.0022727272727272726 0.10454426229874676 0.13417012321672137 -0.1662038629014192 0 0 0
0.0022727272727272726 -0.05869992223196122 -0.0035530500000054126 -0.03911452477953628 0 0 0
0.0022727272727272726 0.2598471273474095 -0.018982095053414166 -0.2486480684703253 0 0 0
0.0022727272727272726 0.18750441611117957 0.3223187527289526 0.04380347038675535 0 0 0
0.0022727272727272726 -0.31715435525028196 0.05404275227935739 -0.2028059620847274 0 0 0
0.0022727272727272726 -0.20024534327315882 0.2855306179453591 0.5863768153102067 0 0 0
0.0022727272727272726 -0.4871246645737989 -0.38260418372611193 0.1691199743295579 0 0 0
0.0022727272727272726 -0.030848610473179966 0.11759430902644825 0.1912003619501846 0 0 0
0.0022727272727272726 -0.173253424459053 0.008880722979652185 0.02528414152860174 0 0 0
0.0022727272727272726 -0.44763221174421314 0.02345387583295669 -0.38543902704801947 0 0 0
0.0022727272727272726 0.002108445926798459 0.3058004773173992 0.5844470630196733 0 0 0
0.0022727272727272726 0.22118905932216054 0.39911317633232923 -0.16101515759470308 0 0 0
0.0022727272727272726 0.2677367443139972 -0.3712284479093562 0.07023395522005228 0 0 0
0.0022727272727272726 0.5483008965626316 0.05929826089070565 -0.1366862247721793 0 0 0
0.0022727272727272726 0.0400651574040375 0.478565721970375 0.43665961825901656 0 0 0
