10
0
0.1 -0.1974917131377716 0.25911465899966546 -0.39859371397192894 0 0 0
0.1 -0.14819480948187874 -0.39324777334895866 -0.1636091067038098 0 0 0
0.1 0.07348703755986531 -0.18763866011384187 -0.10739313960716323 0 0 0
0.1 -0.33692541218772515 0.3647106094220453 0.09277490320894875 0 0 0
0.1 -0.016981324928324687 0.3727246565209397 -0.38795543056605536 0 0 0
0.1 0.6588869700466163 0.18471397400471723 -0.033591529866105495 0 0 0
0.1 0.280030946567779 -0.34469601372080005 0.5059428413169836 0 0 0
0.1 0.41765173766165536 0.11314337229730378 0.026034380925541233 0 0 0
0.1 0.04686345421494635 -0.42077308368571886 -0.09282987881514038 0 0 0
0.1 -0.3406188260383576 -0.08996854559252862 0.3482813194097666 0 0 0
