380
0
0.002631578947368421 -0.1828026610727195 0.2312981640346473 0.26473951353590264 0 0 0
0.002631578947368421 -0.08987107719918676 0.3104373298616574 -0.6011397683881318 0 0 0
0.002631578947368421 -0.3974314552720619 -0.11901994613380515 -0.26776152561752853 0 0 0
0.002631578947368421 -0.13372331208573082 0.3876280247366728 -0.3070827054073926 0 0 0
0.002631578947368421 0.1587459619396349 0.2172308358351111 -0.0828940278128418 0 0 0
0.002631578947368421 0.5604811150581402 0.1255265545215683 0.002742210722362657 0 0 0
0.002631578947368421 0.17521518971655434 0.3273476585118211 0.2586188473118105 0 0 0
0.002631578947368421 -0.12340959630072924 -0.09390302844366524 -0.0017039182661412716 0 0 0
0.002631578947368421 0.051671092185904294 0.5404172529896937 -0.12791526469204975 0 0 0
0.002631578947368421 -0.4536485783685541 -0.053767445644345206 -0.06554585582452256 0 0 0
0.002631578947368421 0.3231240295833157 -0.08320454026080708 -0.5727130947313352 0 0 0
0.002631578947368421 0.21030100250012893 0.18095897194702354 -0.45421371560350093 0 0 0
0.002631578947368421 -0.17533197116905364 0.21151305673077997 -0.2793696618008823 0 0 0
0.002631578947368421 0.1740913901755808 -0.3377134095938353 0.1304797360772555 0 0 0
0.002631578947368421 0.355363828980767 0.4270141887751962 -0.3798543051591828 0 0 0
0.002631578947368421 0.15204303448436798 -0.20443147958881713 0.2703120353512262 0 0 0
0.002631578947368421 0.5203150998362222 0.11770889756021369 -0.22920809007964585 0 0 0
0.002631578947368421 -0.03395554373579546 0.3258480418767202 0.5567884264270133 0 0 0
0.002631578947368421 0.12047081875647558 0.4089487893103145 -0.31038561813410726 0 0 0
0.002631578947368421 -0.06969387077287613 -0.24866959073075362 -0.022560670023934592 0 0 0
0.002631578947368421 0.23196043716167333 0.5291212870238255 -0.36194775637207044 0 0 0
0.002631578947368421 0.12704685577395566 -0.4972519704534252 0.14829231872974472 0 0 0
0.002631578947368421 0.21270078475361243 -0.34570854343134766 0.1306650853081796 0 0 0
0.002631578947368421 -0.5503063898179626 -0.13096208219483496 -0.23139131476914032 0 0 0
0.002631578947368421 -0.6175006297433021 0.11910332908961525 -0.16100858629372433 0 0 0
0.002631578947368421 -0.18035392822653049 0.16891239596897076 -0.0006979435822218573 0 0 0
0.002631578947368421 -0.6866085671305852 0.0040400426248331945 0.0381697530153615 0 0 0
0.002631578947368421 -0.1363995555721512 0.1565018042263152 -0.4447341909062796 0 0 0
0.002631578947368421 0.17921367839315122 -0.04486654343929082 0.29710848713102284 0 0 0
0.002631578947368421 0.027077179091546243 0.024101876698747884 -0.19481284487960782 0 0 0
0.002631578947368421 0.24476115438247162 -0.24133641249714044 -0.21225388686442087 0 0 0
0.002631578947368421 -0.08539586847046522 0.14113314952905193 -0.4505272157031086 0 0 0
0.002631578947368421 -0.48259913855250464 -0.014088603559222887 -0.4134898936782159 0 0 0
0.002631578947368421 -0.37894474910046033 0.47780669462704095 0.15349866061858888 0 0 0
0.002631578947368421 0.18692807513997742 0.22869549317298063 0.34185430902443353 0 0 0
0.002631578947368421 -0.3404404893701556 0.18207989032919292 -0.014645256705777137 0 0 0
0.002631578947368421 0.3794189356804692 -0.15129460780145165 -0.2906183024091771 0 0 0
0.002631578947368421 -0.29424719797455534 -0.35928721461315255 -0.25886686040682966 0 0 0
0.002631578947368421 0.2562225704865112 0.2743005163303495 -0.3517264926913797 0 0 0
0.002631578947368421 0.30582096250327856 0.34861576215200724 -0.21789058396970315 0 0 0
0.002631578947368421 -0.20239950457517528 -0.10179791818559893 0.44030164116357556 0 0 0
0.002631578947368421 -0.13108912776763396 -0.407794691745988 0.41883430551987993 0 0 0
0.002631578947368421 -0.3906990540131598 0.3500184906745863 0.32399938409832846 0 0 0
0.002631578947368421 0.5308449020803945 -0.2733700282465915 -0.20849222700157596 0 0 0
0.002631578947368421 0.274732781959479 0.003440854242604044 0.32603666556813304 0 0 0
0.002631578947368421 -0.14780248710356375 0.4373276717775419 0.37638620299241565 0 0 0
0.002631578947368421 -0.09198353779328797 0.16785990634564188 0.4226581924106414 0 0 0
0.002631578947368421 0.1899922830609759 -0.4585427201121604 -0.002344106722792526 0 0 0
0.002631578947368421 0.08478214727081142 0.11765891836674039 0.12966214695443246 0 0 0
0.002631578947368421 0.11088596398445053 -0.5112548828575696 -0.1676107651102903 0 0 0
0.002631578947368421 -0.5713814407150223 -0.269148155161329 -0.16131709521742288 0 0 0
0.002631578947368421 0.2783883542547092 -0.5083531956345644 -0.0942618222463898 0 0 0
0.002631578947368421 0.5446873724828138 0.1628692579285408 0.03797652848449537 0 0 0
0.002631578947368421 0.409513189725867 0.4847958005113952 0.2741055257619914 0 0 0
0.002631578947368421 -0.6123928795278647 0.14087732074557194 -0.03488304297004825 0 0 0
0.002631578947368421 0.10669003510951225 -0.12895401369403742 0.2500796285861336 0 0 0
0.002631578947368421 -0.018175200204852575 0.4100512202095349 -0.3848801398554239 0 0 0
0.002631578947368421 -0.19273600233258356 0.19562150584263266 -0.09965619154108125 0 0 0
0.002631578947368421 -0.5040587643205586 0.4522749051172888 0.01797918329910073 0 0 0
0.002631578947368421 -0.10361405998360787 0.21683886340941133 0.3520255838908135 0 0 0
0.002631578947368421 0.21347211272715055 -0.34112042414802807 -0.17456897968513316 0 0 0
0.002631578947368421 -0.2929195742540886 -0.49694105850695103 0.27027590712482985 0 0 0
0.002631578947368421 -0.5335340214449281 -0.09027311892146991 0.29270057088210727 0 0 0
0.002631578947368421 -0.06244373250871741 -0.34039383624083935 -0.09892970400645508 0 0 0
0.002631578947368421 0.4794526179457164 -0.11702933056184633 -0.09992958389355718 0 0 0
0.002631578947368421 0.4429921712119601 0.5126915034891687 0.09710439804083454 0 0 0
0.002631578947368421 0.11369502392772365 -0.14545155758703474 0.48129731592411407 0 0 0
0.002631578947368421 -0.07319695707901672 -0.1822132597078671 0.2288656670164719 0 0 0
0.002631578947368421 -0.4341221852468936 -0.3466128532334998 -0.31502289630997066 0 0 0
0.002631578947368421 -0.15295443998568217 0.3644333211430594 0.4132970055277313 0 0 0
0.002631578947368421 -0.05785749726772996 -0.32736297668238934 -0.1255331707962414 0 0 0
0.002631578947368421 0.493101554392783 -0.17870422735401628 -0.13398173463231988 0 0 0
0.002631578947368421 -0.059436405925360355 0.10410197951946565 0.6662588839943347 0 0 0
0.002631578947368421 -0.024283327597161685 -0.23066151898264917 -0.1254955881073959 0 0 0
0.002631578947368421 0.18499910885617019 -0.12509550059790836 -0.14440789904238258 0 0 0
0.002631578947368421 -0.07857641259584726 0.5223118198314586 -0.22274190321613413 0 0 0
0.002631578947368421 0.5263866041561519 0.12598013957378615 -0.10688990050401215 0 0 0
0.002631578947368421 0.40333045038845167 -0.1031100270513767 0.31106752232435364 0 0 0
0.002631578947368421 -0.27709121224392286 -0.22546138443172667 0.17050598099156766 0 0 0
0.002631578947368421 0.16236824847946807 -0.45907476716713747 -0.1844084437730987 0 0 0
0.002631578947368421 0.09629201274914369 0.09659217146414188 0.4452000797982566 0 0 0
0.002631578947368421 -0.265463289206398 -0.3103750116478678 -0.3967429476236599 0 0 0
0.002631578947368421 -0.34009226417992805 -0.10289652264280193 0.21168483732407894 0 0 0
0.002631578947368421 -0.2839837930112605 0.028307721848952364 -0.33993142061587966 0 0 0
0.002631578947368421 -0.06421951123477981 -0.27677635705246095 0.5498279575667827 0 0 0
0.002631578947368421 0.4229249163506406 -0.4168132788913556 -0.05529262788578797 0 0 0
0.002631578947368421 -0.07339404142863519 -0.3702263092780756 0.3605584904216455 0 0 0
0.002631578947368421 0.3368067321542674 0.06999623432375272 -0.3555174051390654 0 0 0
0.002631578947368421 0.24247898117636732 -0.21579621729383072 -0.4260115202116927 0 0 0
0.002631578947368421 -0.23554191541408756 0.08325503315082597 0.3458656148527736 0 0 0
0.002631578947368421 0.2378129462315766 -0.3342787521087431 -0.2745605338541127 0 0 0
0.002631578947368421 0.013705453786915166 -0.27235076942533776 -0.4477398017053742 0 0 0
0.002631578947368421 -0.5075943671831942 0.07072671980548051 -0.339089550744649 0 0 0
0.002631578947368421 0.032740107111257015 0.3779297259077828 0.33270779632546177 0 0 0
0.002631578947368421 0.27825381153525064 -0.49765243992297414 0.03251382096260631 0 0 0
0.002631578947368421 0.5535466892404342 -0.14151267110815463 0.31318837596434057 0 0 0
0.002631578947368421 -0.1700670563969591 0.4983122124530596 -0.34457889439353756 0 0 0
0.002631578947368421 0.2905264967284055 -0.3058891237035659 0.11081956659702258 0 0 0
0.002631578947368421 0.43093956784101434 -0.25269545354279865 0.2575553218576607 0 0 0
0.002631578947368421 -0.4751416479225533 0.05352986764360962 -0.10841896369491544 0 0 0
0.002631578947368421 0.24513955357492456 0.29850671552055447 0.28095352973383386 0 0 0
0.002631578947368421 -0.3709401452535798 0.17671230033509025 0.38937948034048225 0 0 0
0.002631578947368421 0.043797380673062686 0.3712096510122948 -0.44286583441438765 0 0 0
0.002631578947368421 -0.3444112548191192 0.13918810220777916 -0.4722880064639071 0 0 0
0.002631578947368421 0.2807018264228085 -0.4335535123711617 -0.3162744853298906 0 0 0
0.002631578947368421 0.20967881084195897 0.21203806033033643 0.5686552753916512 0 0 0
0.002631578947368421 0.1449537410495586 0.3712881788852951 -0.5625916553946081 0 0 0
0.002631578947368421 0.014268977437667531 -0.09578898197370801 0.5728668006949105 0 0 0
0.002631578947368421 -0.28236886382232773 0.3142107277851249 -0.03166447071587782 0 0 0
0.002631578947368421 0.5523116385804447 0.20486881196387544 -0.04517613056165135 0 0 0
0.002631578947368421 -0.3847032602973991 -0.21213349622594999 0.21565217577097817 0 0 0
0.002631578947368421 -0.05467716034871965 0.5857384533383837 0.1796783379576642 0 0 0
0.002631578947368421 -0.2186969940403125 0.5225618069066551 0.05681223054628008 0 0 0
0.002631578947368421 -0.16219671742487454 0.10975021955530294 0.0758532257772903 0 0 0
0.002631578947368421 -0.015173237177613059 0.37977644206880073 0.0616176882569053 0 0 0
0.002631578947368421 -0.22523702319232675 0.13096827177821216 0.6055316710586602 0 0 0
0.002631578947368421 -0.40722853027607253 0.0292595511102094 -0.4268248404464337 0 0 0
0.002631578947368421 0.2511920147431507 -0.33860234337781137 -0.42886347190197244 0 0 0
0.002631578947368421 0.2933345139716126 0.24076845905717834 0.34634621327492215 0 0 0
0.002631578947368421 -0.6493190584675206 -0.015465546874590999 -0.05486437080159314 0 0 0
0.002631578947368421 0.24178863027157116 -0.04734259173231332 0.5197331864962963 0 0 0
0.002631578947368421 0.09230852259328778 -0.2634659023288773 -0.38053775295248743 0 0 0
0.002631578947368421 0.44740231529352414 0.14592102778631694 -0.31069970990962203 0 0 0
0.002631578947368421 -0.43456784458452036 0.17478673359911245 0.37555487112311375 0 0 0
0.002631578947368421 -0.42634672757105363 -0.3687761943970303 -0.24073759941293557 0 0 0
0.002631578947368421 -0.17705493627688754 0.46254912853165453 0.4327379249187345 0 0 0
0.002631578947368421 0.14787236211086094 -0.14823635608290897 0.19829600007591094 0 0 0
0.002631578947368421 -0.5163947973046892 -0.3197752137140944 -0.07643152014319558 0 0 0
0.002631578947368421 -0.14893878420906095 -0.23379961224174986 0.43048113756751044 0 0 0
0.002631578947368421 0.2662294533477069 0.5152881670276127 -0.2954914176029341 0 0 0
0.002631578947368421 0.31766884326718176 0.1321165787702663 -0.2927192327194146 0 0 0
0.002631578947368421 0.00176721551378454 0.6440054603183111 0.02962064940065232 0 0 0
0.002631578947368421 0.47116776798283877 0.20236413488068955 -0.2836323489992068 0 0 0
0.002631578947368421 -0.15856497539731046 -0.42945322837211625 0.34614506002325146 0 0 0
0.002631578947368421 0.12061185431211043 -0.29417807346600416 -0.30550113339301943 0 0 0
0.002631578947368421 -0.1691594855020277 0.23285904794003304 -0.6248980057771486 0 0 0
0.002631578947368421 -0.11749854520855504 -0.23934298275868798 -0.12447188949743287 0 0 0
0.002631578947368421 0.16564529341707973 -0.03498939734989821 -0.47146725862318084 0 0 0
0.002631578947368421 -0.3592530916791129 -0.08444805656153487 -0.22636417866590644 0 0 0
0.002631578947368421 0.43950843372704124 -0.33501640563511265 0.2558652565419474 0 0 0
0.002631578947368421 -0.2665088126822943 -0.3058841627701193 -0.34174194412766146 0 0 0
0.002631578947368421 0.5867116427572425 -0.1961673104696426 0.24915810125895607 0 0 0
0.002631578947368421 -0.03781106498195299 0.15588671970096196 -0.44067178955171943 0 0 0
0.002631578947368421 0.010706828245587358 0.10472813644283804 0.6379725902312988 0 0 0
0.002631578947368421 0.06480985511333619 -0.02728983271156187 0.25091154366456925 0 0 0
0.002631578947368421 0.15949204177965695 0.42546511146115135 -0.06161402141343715 0 0 0
0.002631578947368421 -0.26869808846438875 -0.08475553216124948 0.6251783790687317 0 0 0
0.002631578947368421 -0.48632250328081233 0.05713842850442246 0.2554368682413641 0 0 0
0.002631578947368421 -0.5858570936831984 0.06836162742632465 -0.36039642637739183 0 0 0
0.002631578947368421 0.13034617417057215 -0.37916242576404063 0.4570411906976138 0 0 0
0.002631578947368421 0.09638182317017864 0.28132086936484463 0.5734955670348514 0 0 0
0.002631578947368421 -0.3962257462532723 -0.246098041808225 -0.41302534723060286 0 0 0
0.002631578947368421 0.33382972088943164 0.4313482562400124 0.39859340190421194 0 0 0
0.002631578947368421 0.4207749582268594 0.06533888775318034 0.366813283140903 0 0 0
0.002631578947368421 0.3678871718877796 0.3810026747392387 -0.04467089263222914 0 0 0
0.002631578947368421 -0.21828066868254611 0.3657424462728327 0.24834434942218173 0 0 0
0.002631578947368421 0.35762893939863427 -0.5057533206085529 0.2890497066213413 0 0 0
0.002631578947368421 -0.02861739975177248 -0.061081457107872904 0.6242001563346187 0 0 0
0.002631578947368421 -0.2385498919712952 -0.42731050981277896 -0.41625156700511473 0 0 0
0.002631578947368421 0.21463748229690455 -0.46560287380422394 0.07386504831730517 0 0 0
0.002631578947368421 -0.03493039770427923 0.5892179615574067 -0.18593099778643268 0 0 0
0.002631578947368421 -0.27546642201285126 0.097393757506979 0.4626722040520548 0 0 0
0.002631578947368421 0.6297198207895721 0.22980218362043459 -0.07524182795704352 0 0 0
0.002631578947368421 -0.15292628037456402 0.34072013385296257 0.5741640783536397 0 0 0
0.002631578947368421 0.6032375921194009 0.03126963239464725 0.21690269496431722 0 0 0
0.002631578947368421 0.1185734941149663 0.3504619699858836 0.07330991423845039 0 0 0
0.002631578947368421 0.1827277287671462 0.4559444339301283 -0.2979140945764981 0 0 0
0.002631578947368421 -0.08392710138975856 -0.4882550859758543 -0.28142824723858084 0 0 0
0.002631578947368421 0.3104406934230729 -0.2450956523308585 -0.20148839034227958 0 0 0
0.002631578947368421 -0.1437346728887642 -0.010279879822145713 -0.11038309588898057 0 0 0
0.002631578947368421 -0.4987155949613144 -0.21721243032923224 -0.258225732157264 0 0 0
0.002631578947368421 0.21145549910348058 0.2966071996221824 0.1980828031776008 0 0 0
0.002631578947368421 0.3042717895763678 0.4939632081545075 -0.09305325473338617 0 0 0
0.002631578947368421 -0.5273372949600561 0.12133547973481099 0.30640485122745925 0 0 0
0.002631578947368421 0.3021223323149113 -0.30573243624441016 -0.2615789740897036 0 0 0
0.002631578947368421 -0.3584187180489585 -0.17787539350020187 -0.3943958839166515 0 0 0
0.002631578947368421 -0.1389828167565106 0.4680105688269302 0.2833825249651795 0 0 0
0.002631578947368421 0.2511931977981641 -0.48205712312809273 0.1186467027259411 0 0 0
0.002631578947368421 0.1261495633445197 0.2439594737599838 -0.09725929225385548 0 0 0
0.002631578947368421 -0.2679638832324457 -0.34138116418855563 0.09217829046744906 0 0 0
0.002631578947368421 -0.05725785487132237 -0.24149313602812808 0.4745176322182639 0 0 0
0.002631578947368421 -0.2732749668123727 -0.4865060330889209 -0.1251863033301021 0 0 0
0.002631578947368421 0.37613232243467765 0.1472052122976506 -0.017294653023203214 0 0 0
0.002631578947368421 0.04277595464325665 0.3172596410463361 0.5487912238715755 0 0 0
0.002631578947368421 -0.5326746000567654 -0.09627644685825429 -0.07875510568073985 0 0 0
0.002631578947368421 0.10880958604120751 0.17498468159723654 -0.23693584899340905 0 0 0
0.002631578947368421 0.159006930521046 -0.6136189312319595 0.02397067583539569 0 0 0
0.002631578947368421 0.3309454467995973 0.0869309500286513 0.4899743755093267 0 0 0
0.002631578947368421 -0.2601536169529576 -0.22637311550602685 -0.30564994962251846 0 0 0
0.002631578947368421 -0.33141423586620594 -0.2424266127583725 0.40309390188540306 0 0 0
0.002631578947368421 0.3611384970384906 0.2414734743815739 0.22089572275704766 0 0 0
0.002631578947368421 0.1497820988835058 0.36628489761762045 -0.22664275659266706 0 0 0
0.002631578947368421 0.5677330537596653 0.11805489231425445 -0.23983005153526168 0 0 0
0.002631578947368421 -0.1194680079645552 0.6074055297602358 -0.09909830919196033 0 0 0
0.002631578947368421 0.019844678679160503 0.2928174275408934 0.11838306122075071 0 0 0
0.002631578947368421 0.24712942402030522 0.4319831945455442 -0.31991862946373234 0 0 0
0.002631578947368421 0.45492844521324877 -0.4634058584950839 -0.16878893763474137 0 0 0
0.002631578947368421 0.412475883225722 0.2313373973577642 -0.30356308810259497 0 0 0
0.002631578947368421 -0.04401413276820772 0.16323188194223515 -0.33553652645275606 0 0 0
0.002631578947368421 0.16908432869344892 0.4494168029069591 -0.0756203821969191 0 0 0
0.002631578947368421 -0.04763619382594783 0.10973273980490757 -0.09084908836130727 0 0 0
0.002631578947368421 -0.11026625596908751 0.37951931808274814 -0.13401985051823526 0 0 0
0.002631578947368421 -0.1735921894784334 0.29031029264344294 -0.5733367121253823 0 0 0
0.002631578947368421 -0.262509647179552 -0.30361362973243144 -0.37659744741747797 0 0 0
0.002631578947368421 -0.17334903518922937 0.18078319771770865 -0.033419361504588095 0 0 0
0.002631578947368421 -0.2808050257388684 -0.21018651747344624 -0.15168390969305995 0 0 0
0.002631578947368421 0.09988149689708337 0.1997844573560163 -0.09422795970705841 0 0 0
0.002631578947368421 0.23843990981425398 -0.5117042279582615 0.12567480823845306 0 0 0
0.002631578947368421 0.5101031853517475 0.09813406893411708 -0.2371197282265693 0 0 0
0.002631578947368421 -0.11819293984169787 0.6602470668514859 -0.11749137533176077 0 0 0
0.002631578947368421 0.2224874633025836 -0.5566162800268449 0.3447870842311871 0 0 0
0.002631578947368421 0.05114272009864223 0.17444991114680677 0.5954725373426945 0 0 0
0.002631578947368421 -0.22703331680189148 -0.5830885352555492 0.19800160431581232 0 0 0
0.002631578947368421 0.11185630054815454 -0.17695676589547898 0.24024041295599574 0 0 0
0.002631578947368421 -0.2214700724855149 -0.010966362227875297 -0.13037481190881922 0 0 0
0.002631578947368421 0.14315300606680467 -0.009768695472580824 0.1618374087028926 0 0 0
0.002631578947368421 0.09886206892542745 0.23356392326566727 0.2351586558373842 0 0 0
0.002631578947368421 -0.049644237617098054 -0.0378375789875591 0.6048695124843098 0 0 0
0.002631578947368421 0.052263749375320086 -0.5644873748234274 0.05432595570533476 0 0 0
0.002631578947368421 0.4036812855092256 -0.01721320284741678 0.022758396416619062 0 0 0
0.002631578947368421 -0.28818089219148274 -0.29690010219821483 -0.04584011806514766 0 0 0
0.002631578947368421 0.5182461709167896 -0.2844719704325907 -0.2200318997787755 0 0 0
0.002631578947368421 0.4783599032565457 -0.44495040731653945 0.16989699601164468 0 0 0
0.002631578947368421 -0.16906750638014004 -0.15659331699659654 -0.2378974937974545 0 0 0
0.002631578947368421 0.3694953027892501 0.5183653023329103 -0.10383832522289821 0 0 0
0.002631578947368421 -0.13653756309646162 -0.43690808827082933 -0.34327573248643894 0 0 0
0.002631578947368421 -0.2920649759254131 -0.2750806543851819 0.23705011162048967 0 0 0
0.002631578947368421 -0.2635334519383663 0.012419444063059353 -0.3206828293368921 0 0 0
0.002631578947368421 -0.12096921543843742 0.28540358140555305 -0.41566589021074624 0 0 0
0.002631578947368421 -0.07233134528772035 -0.466816203764595 0.1138798840374292 0 0 0
0.002631578947368421 0.48536015743420863 0.04611469238082523 -0.44251122335616727 0 0 0
0.002631578947368421 -0.316041037786009 0.24145733326671145 0.1655186272609979 0 0 0
0.002631578947368421 0.017601459341865248 0.07911120349308248 -0.6323716226703624 0 0 0
0.002631578947368421 0.13342973492028148 -0.5328421733459267 0.05330291965872044 0 0 0
0.002631578947368421 -0.2916886580356499 0.24328684200103862 -0.38179092338963927 0 0 0
0.002631578947368421 0.3499719445763539 -0.07288503400581543 -0.36778426639466216 0 0 0
0.002631578947368421 -0.3905662652579331 -0.2702178095720248 -0.4204927968721435 0 0 0
0.002631578947368421 0.4256417035716723 -0.35595543607586116 -0.20271139728401993 0 0 0
0.002631578947368421 0.1630309747163595 -0.30435462241467304 -0.5166392906939599 0 0 0
0.002631578947368421 0.25323436281565603 -0.5123455280801023 -0.19356824503428263 0 0 0
0.002631578947368421 -0.4898369116490373 0.12384190448284535 0.25328336485699054 0 0 0
0.002631578947368421 0.36363382560825896 0.1821988426921719 0.5430740962213647 0 0 0
0.002631578947368421 -0.3549108805055821 -0.40325559358833535 0.19658276995155463 0 0 0
0.002631578947368421 -0.07436700471979157 0.20718696000053985 0.5539586083120266 0 0 0
0.002631578947368421 0.23762096914652295 0.34729843797164295 -0.47048916075639124 0 0 0
0.002631578947368421 -0.06012338119474911 0.27953327229650693 0.47143528673209445 0 0 0
0.002631578947368421 -0.3620896396450043 -0.03553390803837807 0.06465508487147148 0 0 0
0.002631578947368421 0.30433562301798556 -0.4243106404665752 0.12774285617847603 0 0 0
0.002631578947368421 0.11465941832951092 -0.25729167736586067 -0.2230904104066247 0 0 0
0.002631578947368421 -0.403144353705384 0.22397346971206014 -0.37487968921178344 0 0 0
0.002631578947368421 -0.05252406532053396 -0.19682598925814493 0.3803246319117732 0 0 0
0.002631578947368421 -0.07296567670119221 -0.15395315491907488 0.3359782212564713 0 0 0
0.002631578947368421 -0.04781432040509167 -0.5080889741021722 -0.013223922712180468 0 0 0
0.002631578947368421 0.2990086710995924 0.5880131715642786 -0.20051588370680634 0 0 0
0.002631578947368421 -0.25981748401822546 -0.2509392595933674 0.5880492352859678 0 0 0
0.002631578947368421 0.5013729261452995 -0.24287095984165735 0.04880592524519222 0 0 0
0.002631578947368421 -0.315186198587452 -0.5299906575143307 0.2638484524855037 0 0 0
0.002631578947368421 0.21112436463006604 0.18194119039773068 -0.006476781826692184 0 0 0
0.002631578947368421 -0.4334458463217983 -0.27960850626772166 0.13006067610684846 0 0 0
0.002631578947368421 -0.48718772184350095 0.33579674271303916 -0.12212874301508342 0 0 0
0.002631578947368421 -0.1543447772497771 -0.46381946500666704 -0.22836753539210045 0 0 0
0.002631578947368421 0.2631900452509207 0.3830737344864861 -0.44326992804720855 0 0 0
0.002631578947368421 0.3797136636764496 -0.018735330675923683 0.3037759226248693 0 0 0
0.002631578947368421 0.06208112775430153 -0.2768841215199869 -0.018427129582365247 0 0 0
0.002631578947368421 -0.20096738048285342 -0.20037999035381635 -0.5828800176859359 0 0 0
0.002631578947368421 -0.09566487078151538 -0.36843695594419784 -0.4821535324430758 0 0 0
0.002631578947368421 -0.17452124557725518 -0.41828921335463976 0.3244208682719471 0 0 0
0.002631578947368421 0.46523430825203155 -0.36307584569895723 0.03821863512299184 0 0 0
0.002631578947368421 0.30750666239631164 -0.13462587516769978 -0.6037777166427053 0 0 0
0.002631578947368421 -0.26902451510677877 -0.37506496895234115 -0.2220869681287369 0 0 0
0.002631578947368421 0.361969522506338 0.21215600226187584 -0.5414303485535064 0 0 0
0.002631578947368421 -0.0551409666511272 -0.360978747918603 0.2821489832405499 0 0 0
0.002631578947368421 0.2937905348262933 0.2848800728967101 -0.5478257879861363 0 0 0
0.002631578947368421 -0.053998382550495785 -0.48220557981259654 -0.27772819688576555 0 0 0
0.002631578947368421 0.08831623504847567 0.4286621221436225 0.12758755137084715 0 0 0
0.002631578947368421 -0.05214562698674403 0.42991283986535545 0.22564008737185676 0 0 0
0.002631578947368421 0.01913249738524704 -0.6424653526856221 0.03303028401989195 0 0 0
0.002631578947368421 -0.42110946737705657 -0.4003501121084127 -0.2755997643818053 0 0 0
0.002631578947368421 0.1799347278891247 -0.6512873315460229 0.12914053537184017 0 0 0
0.002631578947368421 -0.2608327427255975 -0.21090662844751065 0.5975269375771217 0 0 0
0.002631578947368421 0.39970829063023305 -0.06929394068841528 0.41988421838253864 0 0 0
0.002631578947368421 -0.36586775720281206 -0.16086893973190858 -0.5106767368054888 0 0 0
0.002631578947368421 -0.2549237226176198 0.27799836362515445 -0.14570309531360484 0 0 0
0.002631578947368421 0.11337566143981667 0.051611070062715814 -0.22381264903275558 0 0 0
0.002631578947368421 0.3898477570115796 0.2931543456887379 0.13602588709766356 0 0 0
0.002631578947368421 -0.12745274954525712 -0.17553768140175408 -0.5196483842553656 0 0 0
0.002631578947368421 -0.13285138851316913 -0.029138362825457346 0.19276865413959093 0 0 0
0.002631578947368421 0.23292204467271432 0.41364968632233967 -0.3910260719810858 0 0 0
0.002631578947368421 -0.3283609472777488 0.4705679067413045 -0.319668618613432 0 0 0
0.002631578947368421 -0.4174232258994886 -0.32231120418048287 0.11770320246840184 0 0 0
0.002631578947368421 0.34260827599306487 -0.11308878348555149 -0.4963775889349772 0 0 0
0.002631578947368421 -0.16280438732974728 0.037988053198163986 -0.5838819473964973 0 0 0
0.002631578947368421 0.39003480900912146 -0.0667661636587574 0.4857595303629718 0 0 0
0.002631578947368421 0.23213192666383461 0.3624235046489424 0.00042304294498383114 0 0 0
0.002631578947368421 0.15726704170763164 0.23251580240236308 -0.2699088870099475 0 0 0
0.002631578947368421 0.41079888943829757 0.0023576832849829064 -0.22287968858879942 0 0 0
0.002631578947368421 -0.08955058864104051 -0.4839048015857304 -0.35921114982749996 0 0 0
0.002631578947368421 0.3566477537294386 -0.3012211031531235 -0.04223557353852988 0 0 0
0.002631578947368421 -0.2969738040537945 0.4069895570388525 -0.05665231196226132 0 0 0
0.002631578947368421 0.3424202515014324 0.2332042289229593 0.327228239055186 0 0 0
0.002631578947368421 0.2779526286058702 0.17783284555590864 0.5990209418374689 0 0 0
0.002631578947368421 0.2520272599180073 -0.2247917067797193 0.3201182520392215 0 0 0
0.002631578947368421 -0.2528704073913056 0.2807044833445014 -0.06405901168941451 0 0 0
0.002631578947368421 0.23599099168212656 -0.2959129170977636 -0.1061991187184946 0 0 0
0.002631578947368421 0.04495909713534152 -0.18200698892857495 0.3675253899966778 0 0 0
0.002631578947368421 -0.009049360869852632 -0.31377090910822447 -0.43795167116971884 0 0 0
0.002631578947368421 0.2626481668898685 0.6049663286934219 -0.02898845483937599 0 0 0
0.002631578947368421 0.32760234549147754 0.24490042794345304 0.26459247913985795 0 0 0
0.002631578947368421 0.02664901481195404 -0.07974660445839142 -0.49189059423011133 0 0 0
0.002631578947368421 0.1570250265497109 -0.46295072412354904 0.15413962244943807 0 0 0
0.002631578947368421 -0.08499161022436522 0.6222533643379117 0.26212855694675186 0 0 0
0.002631578947368421 0.318849913669449 0.1644288118697695 0.5712679268698773 0 0 0
0.002631578947368421 -0.4032707593116038 0.11592253968553312 0.4044626635559539 0 0 0
0.002631578947368421 0.5803232249178291 -0.14904320892880027 0.013035108911144087 0 0 0
0.002631578947368421 0.33333344410534016 0.3331171100685428 0.35700541030747646 0 0 0
0.002631578947368421 0.18324700741215003 -0.636234808691584 -0.08753028931169085 0 0 0
0.002631578947368421 0.035172679377824284 -0.27472589837236144 0.38125554930702865 0 0 0
0.002631578947368421 -0.10507410403206939 0.11745122977073069 -0.1166537537231741 0 0 0
0.002631578947368421 0.09363736097645456 0.17290329010961594 0.17899422293413167 0 0 0
0.002631578947368421 -0.47523588225725605 -0.16133653830076472 -0.051218190810177595 0 0 0
0.002631578947368421 -0.27697324758241537 -0.002429061668419489 -0.3027046627252683 0 0 0
0.002631578947368421 -0.10178907205220428 -0.563038148088524 -0.23535391704658915 0 0 0
0.002631578947368421 0.5249467468766766 -0.20330917813790772 -0.14515339683435552 0 0 0
0.002631578947368421 0.27950103828441203 -0.4095701127354519 -0.428704589464757 0 0 0
0.002631578947368421 0.2586802445218726 0.001612168602211688 -0.2423529840926881 0 0 0
0.002631578947368421 -0.17133920859049395 -0.08769612337346405 -0.1860331959662361 0 0 0
0.002631578947368421 0.35547559904165543 0.36307307148061885 -0.16236986286433072 0 0 0
0.002631578947368421 -0.6675118486004454 0.1282820235332023 -0.06392052210113601 0 0 0
0.002631578947368421 -0.412048037023896 0.01768629261449011 0.3436270171925372 0 0 0
0.002631578947368421 -0.22100470997569557 0.3665411423446317 -0.1223460122595084 0 0 0
0.002631578947368421 0.20420465250819916 -0.004821614222271725 -0.450503600162537 0 0 0
0.002631578947368421 -0.47513520854556396 0.4318918021791097 -0.1990355563855433 0 0 0
0.002631578947368421 -0.2310991048968578 -0.5933070146825319 0.24968342694300338 0 0 0
0.002631578947368421 -0.4005517364028079 0.014457050211794303 -0.3253068745939732 0 0 0
0.002631578947368421 -0.2126903440046726 -0.22304276437156847 -0.11884705541426845 0 0 0
0.002631578947368421 0.17379781649549347 0.3040779448415497 -0.25397498577848016 0 0 0
0.002631578947368421 0.4431391195616475 0.18206817604486125 -0.30617072356886604 0 0 0
0.002631578947368421 -0.6490755293737839 -0.14261553115030076 0.1799687804695984 0 0 0
0.002631578947368421 -0.38114121489634545 -0.4884973574028387 0.15333716244048598 0 0 0
0.002631578947368421 0.21065508853299603 -0.6215486021287694 -0.17797252972807953 0 0 0
0.002631578947368421 0.1341826217343647 -0.28731611917022504 0.39656489946158585 0 0 0
0.002631578947368421 -0.3400866275828021 0.08041208454767278 -0.24392745070450578 0 0 0
0.002631578947368421 0.08270360679815845 -0.051592941073186 -0.6173037732527358 0 0 0
0.002631578947368421 -0.618560067548704 -0.21945200809222892 0.054456840642820685 0 0 0
0.002631578947368421 -0.06262718369429719 -0.37880344444557007 0.4697387132203039 0 0 0
0.002631578947368421 0.22856180144678628 -0.49329991601795825 0.010324038352975346 0 0 0
0.002631578947368421 -0.08284949990952345 0.5788724442375162 0.3431697359237782 0 0 0
0.002631578947368421 0.4273182085642843 0.35237891494061074 -0.11619910255050905 0 0 0
0.002631578947368421 0.14359610941736356 -0.09898916048885081 0.42955052682677486 0 0 0
0.002631578947368421 0.017131458999942378 -0.5145552749255435 -0.03882514643551271 0 0 0
0.002631578947368421 0.1999167900637349 -0.5547576657091028 0.297464523570933 0 0 0
0.002631578947368421 0.3993148782805215 -0.10712250158946467 -0.2559219773804605 0 0 0
0.002631578947368421 0.17474540218648782 -0.41641055263883997 -0.08966450451438342 0 0 0
0.002631578947368421 0.563736476013558 0.017622708216953515 -0.16195959914682137 0 0 0
0.002631578947368421 -0.23820893988301475 -0.04356456964110411 0.32668456210391483 0 0 0
0.002631578947368421 0.36189653914523656 0.32336816905416765 0.055604501968814904 0 0 0
0.002631578947368421 -0.014615070157722426 -0.05480976243273801 -0.2619592280889304 0 0 0
0.002631578947368421 0.39756505220302746 -0.019211493485643678 -0.39307443214872073 0 0 0
0.002631578947368421 0.5539482438759221 0.3402260061300197 0.22031587958247084 0 0 0
0.002631578947368421 -0.26415074563683205 0.07708135890918547 0.191911126137834 0 0 0
0.002631578947368421 0.4604020193040355 0.24232463094992718 -0.4238302972672075 0 0 0
0.002631578947368421 0.25004244382289315 0.06121192540925513 0.14499197800993718 0 0 0
0.002631578947368421 -0.4507192794821876 -0.13790834647590675 0.1433794192415842 0 0 0
0.002631578947368421 0.3282588373412839 0.06965058978749676 0.006708165023218779 0 0 0
0.002631578947368421 0.4050799744834361 0.20231549504139154 0.38808302210656587 0 0 0
0.002631578947368421 0.008911481400235182 -0.14585176955993065 -0.5057098238782628 0 0 0
0.002631578947368421 0.22075024350391867 -0.3322084897027793 0.42796325163701865 0 0 0
0.002631578947368421 -0.15119226790726817 -0.19219650400396518 0.3921990249719332 0 0 0
0.002631578947368421 0.13508298646126526 -0.5126609822175244 -0.2244272983821621 0 0 0
0.002631578947368421 0.44149592874376226 -0.1354371841677371 -0.39938157031519134 0 0 0
0.002631578947368421 0.10991084797243393 0.0601291925203562 0.43398412296791633 0 0 0
0.002631578947368421 -0.36696575431129463 -0.07702542027893754 -0.35163917826091956 0 0 0
0.002631578947368421 -0.09487038618819295 0.012458491099530612 0.2036563344239092 0 0 0
0.002631578947368421 -0.6462667246328951 0.04004621019438812 0.19974161006544108 0 0 0
0.002631578947368421 -0.160508628177138 -0.4656827164546063 -0.028580129092883166 0 0 0
0.002631578947368421 -0.15834543515723126 -0.20047336426343007 -0.5789081774794388 0 0 0
0.002631578947368421 0.5607758382508946 0.13686630770593303 0.34784236540607966 0 0 0
0.002631578947368421 -0.07135418817428663 -0.27894665588063794 0.5774850445922682 0 0 0
0.002631578947368421 -0.34882582763559145 0.4456158555387003 -0.1937181450262832 0 0 0
0.002631578947368421 0.018069729665730585 0.5910657415150002 -0.014880778419478857 0 0 0
