400
0
0.0025 -0.0646025145806866 -0.4691753705648423 -0.13406364801666168 0 0 0
0.0025 0.4180075467981743 0.26805058378178653 0.14335848657522168 0 0 0
0.0025 0.06547020899471519 -0.34823761762758315 -0.4363705168606634 0 0 0
0.0025 0.10389626472615618 -0.37774881625837986 0.21622345827489686 0 0 0
0.0025 0.12470100033764343 0.006712287032690915 0.3064322564248478 0 0 0
0.0025 -0.5174751773442464 0.10297214391523564 -0.34990948466670874 0 0 0
0.0025 -0.14636979560464783 0.13842185908344934 -0.2748429201789239 0 0 0
0.0025 -0.16220668693485443 0.4190271391937226 0.4188009285326322 0 0 0
0.0025 0.23700463348869333 0.02947358512155345 -0.4040970275611455 0 0 0
0.0025 -0.29540361137404914 -0.22941661524433782 -0.5560552836163011 0 0 0
0.0025 -0.1968526168181366 -0.1333981135758725 -0.5768874579538662 0 0 0
0.0025 0.31827327689439233 -0.22593431098205632 0.0003895732631181511 0 0 0
0.0025 -0.527530098042795 0.38855300914393104 0.027798020483671596 0 0 0
0.0025 -0.20186110782015998 0.32592979891628465 0.021368328228897625 0 0 0
0.0025 0.010617690643335901 -0.33066301343626425 -0.3885662869148029 0 0 0
0.0025 -0.6491752190548802 0.04449384928700017 -0.19530112521586931 0 0 0
0.0025 0.036751185995821306 0.4611260903322654 0.28761026121357075 0 0 0
0.0025 -0.1948452148802619 0.027918344067828057 0.17895305920546262 0 0 0
0.0025 0.15595837976404098 0.2546116614572381 -0.09418535871429541 0 0 0
0.0025 0.5099175462082707 0.122359455721146 0.2189238687885733 0 0 0
0.0025 0.12619711808164172 -0.08598652553347924 0.02189672159376403 0 0 0
0.0025 0.16214892977856715 0.06188259469935206 0.1496145355437329 0 0 0
0.0025 0.6502836262726684 0.011210431138092376 -0.22012839976799295 0 0 0
0.0025 -0.09350591697485176 -0.4960007365141827 0.3541861794797735 0 0 0
0.0025 0.27001510002060275 -0.5042169461026825 0.11055003885968223 0 0 0
0.0025 0.12863311410714615 0.42981039332689724 0.5170827682488753 0 0 0
0.0025 -0.0971950853276975 -0.20233426892286216 0.4043133423967331 0 0 0
0.0025 -0.37524950428361853 0.06070614695458048 0.3465935459010376 0 0 0
0.0025 0.06933813744833121 0.051273718751499046 -0.24735453228019197 0 0 0
0.0025 0.3140169477743139 0.4841576134902379 -0.3035644229457997 0 0 0
0.0025 0.381282322233285 0.259159597723474 0.3203236742716678 0 0 0
0.0025 0.32834120446918275 0.2523354372165607 0.2658557196730449 0 0 0
0.0025 -0.26121374046993284 -0.44631068408308056 0.04837405576059695 0 0 0
0.0025 0.1629943507793523 0.4821005435416737 0.042785431285117324 0 0 0
0.0025 -0.06004857303499004 -0.12096269922260902 -0.0711900525593997 0 0 0
0.0025 -0.09486952085796113 -0.09595139078160621 -0.6185986864683081 0 0 0
0.0025 0.04835828298508869 -0.41853179974009674 0.4043929855822915 0 0 0
0.0025 0.3596983147511322 -0.250783755959284 -0.4608583828275171 0 0 0
0.0025 0.059071485227496195 0.4401756898047315 -0.24634410370604792 0 0 0
0.0025 -0.5431132161484814 0.09245382577589643 0.3693335484412419 0 0 0
0.0025 0.02914435391641564 0.0014942419473714206 -0.27131531721365176 0 0 0
0.0025 -0.036473043916506374 -0.08807838935056547 0.6310518756463255 0 0 0
0.0025 0.15272147404263706 0.5613314644438175 -0.20626775473620793 0 0 0
0.0025 0.028083746046974885 -0.1495742882674011 0.1419634828712872 0 0 0
0.0025 -0.027369535508966696 0.5914366842365563 0.0899223855883356 0 0 0
0.0025 0.12560619220224636 -0.40028795653503074 0.4926561996017446 0 0 0
0.0025 0.3954752605307625 0.014734419104631805 0.49983564464712094 0 0 0
0.0025 0.001986564735839662 0.18768167255233187 0.29488343739626505 0 0 0
0.0025 0.29946802796065203 -0.18834423423552538 0.0757375692180707 0 0 0
0.0025 0.19950811623008508 0.11382575155655936 -0.3158631899158168 0 0 0
0.0025 0.024752689652119214 -0.1180818631415172 -0.3027692613729283 0 0 0
0.0025 0.07169236313094551 -0.3645623034239977 -0.4511401088266385 0 0 0
0.0025 0.23963352341545432 -0.2369708380969412 0.007178067198780803 0 0 0
0.0025 -0.4110308988677785 0.22897735429674873 -0.2531809024312132 0 0 0
0.0025 0.2053497060365034 -0.308589394799158 -0.5381905120457486 0 0 0
0.0025 -0.14289206981302477 0.028732645828880746 0.641635853077063 0 0 0
0.0025 -0.2885446944383318 0.43605942614294957 -0.1830166601027396 0 0 0
0.0025 0.17780228634474743 0.35876302536027194 -0.28159556967727 0 0 0
0.0025 0.5641235313904408 0.015407827731993666 0.2779239267452208 0 0 0
0.0025 0.36860558310494473 -0.3557870629286642 -0.3449434470006139 0 0 0
0.0025 0.4641846404719739 0.12457389891669728 -0.2901200542707737 0 0 0
0.0025 0.06894148647065922 -0.01800188084350236 0.3746739304976937 0 0 0
0.0025 0.11045931463757845 0.5222452204133097 -0.09969383476722452 0 0 0
0.0025 0.21709099747327673 0.10292534728908133 0.3783280638923862 0 0 0
0.0025 0.4689302177778675 -0.26912598259632214 0.386403614809859 0 0 0
0.0025 -0.15442943498263142 -0.16921435938025864 0.31601076066813266 0 0 0
0.0025 -0.08655692629433608 0.18168028381856938 -0.3660173725488649 0 0 0
0.0025 0.5251018109616312 -0.3357734280816845 -0.24050897141744879 0 0 0
0.0025 0.5841652765112879 -0.030420713792288993 0.21155986750934 0 0 0
0.0025 0.17114640961192332 -0.09226504453868116 0.311406885081807 0 0 0
0.0025 0.0632428509331167 0.28011736937379655 0.42366097734252023 0 0 0
0.0025 -0.2992641370378362 -0.14988971528133213 -0.25492168502157697 0 0 0
0.0025 0.3005707924472131 0.26303762469573616 0.41896914983674566 0 0 0
0.0025 -0.13952830008465208 -0.3144569504137953 -0.1148142268601724 0 0 0
0.0025 0.05794760105555526 -0.030263241698074723 0.4967889594739459 0 0 0
0.0025 0.271758362853031 -0.3085443217692608 0.4413810552541136 0 0 0
0.0025 -0.27626438365009176 -0.42643476645003103 0.3408320533536546 0 0 0
0.0025 -0.2960749447090912 -0.35745372181445234 0.13717850477014754 0 0 0
0.0025 -0.259649017350848 -0.15331883222821205 -0.051942474411700565 0 0 0
0.0025 0.1027666841181699 0.30840115011718033 0.003225312527987653 0 0 0
0.0025 -0.3592989393317766 -0.492997098251683 0.28926226311069947 0 0 0
0.0025 -0.22542890081856817 0.24441773850567106 -0.2628929268324773 0 0 0
0.0025 -0.27970114438233823 0.5065609885758414 0.2823693738585638 0 0 0
0.0025 0.5420222701692523 0.31585404605719825 0.2530081946024128 0 0 0
0.0025 0.20957013804977828 -0.045858651485792296 0.08294116827722296 0 0 0
0.0025 0.19402876573057687 0.49669586391404247 0.07343632929436765 0 0 0
0.0025 0.39145913271794236 -0.4030956487386695 -0.11577110269534513 0 0 0
0.0025 0.4217819398249861 -0.18443196666926015 -0.3856559300751559 0 0 0
0.0025 -0.2823286746123353 -0.22577930923054243 0.042359238848022014 0 0 0
0.0025 -0.5742401308190942 -0.2901742333616551 -0.22372043934792663 0 0 0
0.0025 0.29211090693571795 0.49468055179557496 0.3381073334883663 0 0 0
0.0025 0.10148705038241337 -0.5210784685455098 0.3879426725233312 0 0 0
0.0025 -0.1148583970302467 -0.39343077138005816 -0.23000767347110085 0 0 0
0.0025 0.6049280180466752 0.03092804972490863 -0.06731255371332934 0 0 0
0.0025 0.5177346282637977 0.12086775973492786 0.3537271605791014 0 0 0
0.0025 0.3676804266497878 -0.46734973091671983 0.10998891345055237 0 0 0
0.0025 0.5759038835411872 -0.0970117632540801 -0.3336400717461502 0 0 0
0.0025 0.2663971218831405 -0.2698973066175303 0.3791677526292646 0 0 0
0.0025 0.22611611952382388 -0.36939103219672637 0.2285999134922791 0 0 0
0.0025 -0.44334339689630553 0.3782495237793629 0.04094468518366523 0 0 0
0.0025 -0.4136352757224915 0.009539344820402711 0.32325725054927024 0 0 0
0.0025 -0.08682225811113664 -0.04166378305123848 -0.6465884918574709 0 0 0
0.0025 -0.2872359711273296 0.062426894883485726 -0.29300017679726764 0 0 0
0.0025 -0.1957899416473352 -0.5488814892373532 -0.2592074867691112 0 0 0
0.0025 0.2815924055289955 -0.08216258933457253 -0.4748003510047993 0 0 0
0.0025 -0.2573320264620248 0.3680114515393013 0.3955982790986898 0 0 0
0.0025 -0.2715925761677583 0.20815625357685574 0.17112391173641506 0 0 0
0.0025 -0.03887211590849594 0.398658450301416 -0.48394876644569124 0 0 0
0.0025 0.3969226211730979 0.37651500094712864 0.4028837263570006 0 0 0
0.0025 0.1555339441678553 0.5537255388236377 -0.04456269772041902 0 0 0
0.0025 -0.25488636922760155 -0.5993033331293434 -0.055942462052956526 0 0 0
0.0025 0.16610115510447657 0.28577991161732064 -0.5125594269053576 0 0 0
0.0025 0.34199680956666373 -0.14457870066251255 0.5081332129346359 0 0 0
0.0025 0.49302540810500883 -0.1856563107780235 0.348307577463923 0 0 0
0.0025 0.35606060921034477 -0.1822187839577857 -0.12958947551980576 0 0 0
0.0025 0.21011880554463114 0.4281254847794844 -0.13252586108217984 0 0 0
0.0025 0.07006946461683664 0.3731690758590153 0.2754989007211557 0 0 0
0.0025 0.02193953954573922 0.5971994903662569 -0.33846329468410974 0 0 0
0.0025 0.39382437672229176 0.34433079097093716 0.35400559397245307 0 0 0
0.0025 -0.03713888127739652 -0.32192236571942523 0.41892027756361566 0 0 0
0.0025 0.42006576491039477 -0.11726604824930148 0.5275315110342436 0 0 0
0.0025 0.40328183875450246 -0.5434829061469382 -0.07337781288053072 0 0 0
0.0025 0.20372591355299796 -0.3156333608807254 -0.2148459422425583 0 0 0
0.0025 0.2225272886741944 -0.33837466129876637 -0.28652628142454034 0 0 0
0.0025 -0.4538394578317938 -0.07462277446301788 -0.1447450297993044 0 0 0
0.0025 0.17149847008422708 -0.380579727640113 0.08737512136731507 0 0 0
0.0025 -0.264018427863474 -0.5287457483467705 0.2512427522355956 0 0 0
0.0025 -0.11945271547426332 0.25098704487240553 -0.13047512317164026 0 0 0
0.0025 -0.06420525165946188 0.1488330846166688 -0.1898045485027362 0 0 0
0.0025 0.35251281654929917 -0.34556846451551065 -0.15680393795196257 0 0 0
0.0025 0.29027674925559377 0.12308648964048441 0.24555960155939693 0 0 0
0.0025 0.005340298562467652 0.5029624450896 0.2445032500369891 0 0 0
0.0025 -0.17273858886392762 0.13994360233407677 -0.37003100537222683 0 0 0
0.0025 -0.30552554398949083 -0.06621597646102469 -0.01393420372719181 0 0 0
0.0025 -0.041485241739855135 0.4185139356623268 -0.1427697274243915 0 0 0
0.0025 -0.1919421077690675 -0.41388208588005904 0.2148696659225402 0 0 0
0.0025 0.34348735127020863 -0.5643046610354182 -0.11580100771429191 0 0 0
0.0025 -0.09388738823110636 -0.25732827279113923 -0.22657707951359082 0 0 0
0.0025 0.2785871385124919 0.06411277076652946 0.15920332367585313 0 0 0
0.0025 0.04653708298881511 0.3400885804127816 0.2761131749700555 0 0 0
0.0025 0.5865843655874197 -0.3047596832150195 -0.02420269065761024 0 0 0
0.0025 0.293095489513012 0.34515130538234495 -0.06374666971825284 0 0 0
0.0025 0.39553592399994925 -0.03890472477052406 0.054798065801349626 0 0 0
0.0025 -0.23281368645999656 0.11014156850423742 -0.2668173854063256 0 0 0
0.0025 0.1459549119248249 -0.2904314207329537 0.604672044058141 0 0 0
0.0025 0.1044835976604224 0.32752826710537575 -0.5008242010638456 0 0 0
0.0025 -0.2600534935524083 -0.11411001979925521 -0.11351042250097862 0 0 0
0.0025 0.2380770120835104 -0.0032277473149786772 0.46224309770403316 0 0 0
0.0025 0.055026614182409644 -0.007205286502579952 -0.2935541696559526 0 0 0
0.0025 -0.34473912219405695 0.028416853772990806 -0.5425650704827717 0 0 0
0.0025 -0.1646914965339291 -0.10681401201330223 0.4473821106381293 0 0 0
0.0025 0.12635160062930073 0.3072839751601926 -0.5334820129159163 0 0 0
0.0025 -0.007458263229297092 0.1814569165347963 0.6664887688459042 0 0 0
0.0025 0.4064915584790252 -0.4048172996793545 -0.29479338302583674 0 0 0
0.0025 0.36340812517886295 -0.14944817231937932 0.10519977278261824 0 0 0
0.0025 -0.3837016945512344 -0.4255827934498609 0.09128365571536012 0 0 0
0.0025 0.24900092808831525 -0.09855434901359575 -0.33241953553205544 0 0 0
0.0025 -0.5016350778459783 -0.28667425266032026 -0.22435610756674007 0 0 0
0.0025 -0.22195338243469695 0.39641814374024176 0.20620379280870482 0 0 0
0.0025 -0.47458898932349636 -0.08623157358877344 0.21254837443034522 0 0 0
0.0025 0.0890051479696307 0.5587417535447916 -0.28817463027726503 0 0 0
0.0025 0.4453399812855456 -0.40447512176466033 -0.33686737011668566 0 0 0
0.0025 0.5267786802102205 0.36982936274569794 -0.22198977248442253 0 0 0
0.0025 0.062433192370775 -0.21745056172925425 -0.3137036420267689 0 0 0
0.0025 0.3475033132623283 -0.5361760869049844 -0.15926414489871699 0 0 0
0.0025 0.28964537096574233 0.2577524731164789 0.25728795324264625 0 0 0
0.0025 -0.08997992762522089 0.516164970776606 0.08597159262410248 0 0 0
0.0025 -0.18750761044076866 0.05365139863018589 0.35460094127658187 0 0 0
0.0025 -0.2747860089593019 -0.4247096410396987 -0.24257767993576262 0 0 0
0.0025 -0.4758085736182258 0.2448227330120889 0.1733602151253842 0 0 0
0.0025 0.21806622355138877 -0.340030185901875 0.3622574199833271 0 0 0
0.0025 0.08735594365792121 0.6074789302197601 0.056745801766631083 0 0 0
0.0025 -0.4944140270991595 0.22864728866074358 -0.31064323573697955 0 0 0
0.0025 -0.25916346656591926 0.5163247948973566 -0.3092510299112503 0 0 0
0.0025 -0.3735491775903302 0.24411194441480127 -0.33499619942265607 0 0 0
0.0025 0.3650071426900794 -0.26755642063342466 0.3256325414694314 0 0 0
0.0025 -0.19236725478190828 0.30480294381071177 0.11734579314798932 0 0 0
0.0025 -0.3737980432931279 -0.210063522784446 0.24678531965903108 0 0 0
0.0025 -0.3831894974630915 0.45848686768995245 -0.08934155811520159 0 0 0
0.0025 -0.4272658702178103 0.3197794738511587 0.2577725103430296 0 0 0
0.0025 -0.4730330633225528 -0.13088322030626623 0.18055482874861736 0 0 0
0.0025 0.03066788492895168 0.2355575562947102 0.5557429970862415 0 0 0
0.0025 0.31236030922139807 0.44327249568034816 -0.02318977298873912 0 0 0
0.0025 0.039490369134480785 -0.02461978999197659 0.4395581327191775 0 0 0
0.0025 -0.05894623166286685 0.09450415791857834 -0.4881282650370441 0 0 0
0.0025 0.41146074671046384 0.02939953202916537 -0.5570856613250055 0 0 0
0.0025 -0.05751954721992206 -0.2716744156554674 0.16731465685326824 0 0 0
0.0025 0.5618237667248557 0.006902687203490485 0.1395608497508637 0 0 0
0.0025 0.07498851501843326 -0.19213836042639465 0.6172558749010354 0 0 0
0.0025 0.05369215517247728 0.5836973222952335 -0.09615298417571926 0 0 0
0.0025 0.1297835776036949 0.20860213531141977 0.2858232714248695 0 0 0
0.0025 0.5556025963786824 -0.29935772078784706 0.13114219294474527 0 0 0
0.0025 0.3718890568629228 -0.5306830776336882 -0.2009239380308843 0 0 0
0.0025 0.34302094310498615 0.5246049743234302 -0.07445466487453245 0 0 0
0.0025 0.30665775568080317 0.18383924108293326 -0.40814830785141815 0 0 0
0.0025 -0.028051962031637304 0.13662223316746416 0.5913008763516987 0 0 0
0.0025 0.5909168163608601 -0.12630884014124136 -0.18136693368911622 0 0 0
0.0025 -0.4241773274988836 -0.04248846438296005 -0.34919200740497397 0 0 0
0.0025 -0.25238922978175815 -0.364501096072654 0.4751863782303342 0 0 0
0.0025 0.2853076851908707 0.24933392428119047 0.5649774556528986 0 0 0
0.0025 0.11515188471507373 -0.32554319553093997 -0.20755457266273364 0 0 0
0.0025 0.3831288317833933 0.416398872998385 0.23012724578462376 0 0 0
0.0025 0.06031604889976143 -0.02936730281567055 -0.04140620524627904 0 0 0
0.0025 0.2655471771548034 -0.5709722697556386 0.029529911092804426 0 0 0
0.0025 -0.1120825262506902 -0.270539473365898 0.19282817201763852 0 0 0
0.0025 -0.5032241796363559 0.12050306861206254 0.12030985767801324 0 0 0
0.0025 -0.36891359816384117 -0.5340236970279985 0.016473236279381905 0 0 0
0.0025 0.5905191334001604 -0.05210124954721121 -0.13457031748662163 0 0 0
0.0025 -0.44927452230609893 -0.11471409745669645 0.100423631167788 0 0 0
0.0025 0.3126574858019801 -0.15317909327513293 -0.21633632328048535 0 0 0
0.0025 -0.08843992699873622 0.004768046422688889 0.3178145549317533 0 0 0
0.0025 -0.5247427446521685 0.22947486756834995 -0.04119643494440402 0 0 0
0.0025 0.22994234033183922 -0.35804904210067123 -0.4298870610055764 0 0 0
0.0025 0.1247089359357573 0.5023874897479766 -0.27226958777604504 0 0 0
0.0025 0.38649028377501177 0.3264031445002682 -0.4277182526907498 0 0 0
0.0025 -0.33198119995492736 -0.3590417447678607 -0.12494551559878474 0 0 0
0.0025 -0.6036329062556988 0.009494962702597191 -0.28773828417426195 0 0 0
0.0025 -0.1386269364960244 0.31251599200717756 -0.18200640677967714 0 0 0
0.0025 0.5747148371031516 0.1012954573078098 0.076335960773579 0 0 0
0.0025 0.005925875816074212 -0.03186878658922508 0.5169665170851137 0 0 0
0.0025 0.15236974845173817 0.09865246943344326 0.5054491524698687 0 0 0
0.0025 0.35015380519184713 -0.37028980176470644 -0.4469257740292679 0 0 0
0.0025 0.47429314558569596 0.08786750095329071 0.020802219363205372 0 0 0
0.0025 -0.16142924981166465 -0.2139545230931013 0.07102099003572918 0 0 0
0.0025 0.5892768673544266 -0.08496968145951597 -0.2534954660407422 0 0 0
0.0025 0.33796888430153704 -0.19195266420485266 -0.040582014158231365 0 0 0
0.0025 0.0181641227734469 -0.14702082967866914 -0.5996961726578978 0 0 0
0.0025 -0.06494873974345648 0.1637079058977989 -0.3838302983432731 0 0 0
0.0025 0.1561803967135174 -0.4193188383030231 -0.1433037821199973 0 0 0
0.0025 -0.0924575872736405 0.4609878791628693 0.3429357089924286 0 0 0
0.0025 -0.2578964712211965 0.08949725987330027 -0.1732467843790027 0 0 0
0.0025 0.41444370919873613 -0.5179992051267593 -0.08428030060732175 0 0 0
0.0025 -0.49830587432671164 0.2784531370920394 -0.328682409203774 0 0 0
0.0025 -0.29421520344504287 -0.0816747778085006 0.08086802548040191 0 0 0
0.0025 0.04637527156298316 -0.24832969733615196 0.49609678850639766 0 0 0
0.0025 0.37465163861974865 -0.0845290730132713 0.02881356585691166 0 0 0
0.0025 0.23760810081122075 0.34921503128332804 -0.5400304239190848 0 0 0
0.0025 0.5431675391237001 0.38391585484197865 0.1603358642317872 0 0 0
0.0025 -0.2644246176782915 0.3666640670025402 0.1273909787224526 0 0 0
0.0025 -0.3339027316615731 0.0929237089893385 -0.2714839487830949 0 0 0
0.0025 0.4330122634330088 0.2672046934027659 -0.043905630551369666 0 0 0
0.0025 0.19000746177156522 0.22239695489415137 0.4512628294004592 0 0 0
0.0025 0.300002177967401 -0.26458332700872905 -0.22262066258396138 0 0 0
0.0025 -0.5092028112069972 -0.15927487747410243 -0.19985933790262556 0 0 0
0.0025 -0.5192193846971382 -0.30028128427851525 0.2877768509811606 0 0 0
0.0025 0.33245707023928106 0.4810947229619003 0.08643196379837345 0 0 0
0.0025 -0.02802290056173373 0.14181736118154253 -0.10793479421239724 0 0 0
0.0025 -0.05851692956929086 -0.04237135211648549 -0.21325658732402988 0 0 0
0.0025 -0.07949656565204008 -0.06393708722305824 -0.3527650921486939 0 0 0
0.0025 0.08343226222457241 0.2420674409559083 -0.17053888434418296 0 0 0
0.0025 0.02910728213703506 -0.33746860004425094 -0.46439579778282464 0 0 0
0.0025 0.11518661278569356 0.3215917331607701 -0.21908805615940058 0 0 0
0.0025 0.08610984298043164 -0.15121780201190546 -0.5800888642301895 0 0 0
0.0025 0.20249263550634147 0.47486471955955556 0.10406475511852967 0 0 0
0.0025 0.3067438150182278 0.44111285025197955 -0.06961241936089634 0 0 0
0.0025 0.10992297718437793 0.35389435255726176 0.28657533776282823 0 0 0
0.0025 0.1420208028444656 -0.3942300784947914 0.2176993326996435 0 0 0
0.0025 -0.06360702959320882 0.4309591751169867 0.23872867630542655 0 0 0
0.0025 0.22276607110551522 -0.5207723763643517 0.17992892011086536 0 0 0
0.0025 -0.31549953570537176 0.20982213669392324 -0.33630457286005655 0 0 0
0.0025 -0.16554969924589977 0.009936517421025585 0.2759793028537118 0 0 0
0.0025 0.25104100342959235 -0.43442499300206205 -0.27205446917437204 0 0 0
0.0025 -0.03203575560607781 0.15903109156922982 -0.49308925549309307 0 0 0
0.0025 -0.22430384522870025 -0.2515961843578903 0.0522311669036249 0 0 0
0.0025 0.24388551489560872 0.31250603097594837 -0.5248232356870474 0 0 0
0.0025 0.6497584986950004 -0.08129045955078937 -0.11419793729388153 0 0 0
0.0025 0.3068111711516816 -0.5079333876632804 -0.14727077151448545 0 0 0
0.0025 0.2557946202319726 0.11194105637737006 0.1024712697922975 0 0 0
0.0025 -0.22476141853540835 -0.12563139620210753 -0.255144954684954 0 0 0
0.0025 0.3910899545574207 0.5013520527366047 -0.2592038008206042 0 0 0
0.0025 0.436979660062482 0.2864279108540755 0.07410188900672975 0 0 0
0.0025 -0.3684079539969344 0.21271690969265544 0.4931345234917811 0 0 0
0.0025 -0.14121384857370295 -0.5724942273134382 0.32712719086699 0 0 0
0.0025 0.32468023792087586 0.5346967585232072 0.06262268525864736 0 0 0
0.0025 0.3409701236633086 0.08341786862648176 0.4859528614149797 0 0 0
0.0025 0.5159373275471772 -0.23470904939067655 -0.13498553389021103 0 0 0
0.0025 -0.44311984748162275 -0.22020391313907112 0.35424574671680875 0 0 0
0.0025 -0.24267149511431024 -0.4997368182431726 -0.0032959962117100833 0 0 0
0.0025 -0.35156582480448423 -0.3085510894231963 -0.2692655244018172 0 0 0
0.0025 -0.09678326839953982 0.24889528508121558 -0.6079424981954725 0 0 0
0.0025 0.5635373938383109 -0.22541598604488533 0.10578613285979803 0 0 0
0.0025 0.3396092641431198 -0.2433481965248221 -0.5023455632697749 0 0 0
0.0025 -0.08999518873790405 0.2821620576423071 -0.4027713910203772 0 0 0
0.0025 0.3027148676315815 0.38915336272460704 0.31286521435905174 0 0 0
0.0025 0.06148402371573222 -0.16671401244378986 -0.22477295145182452 0 0 0
0.0025 0.0619579140572329 -0.39450010298265364 0.3332430218624536 0 0 0
0.0025 0.20730797930499076 0.2523420287292103 -0.35996207850884165 0 0 0
0.0025 -0.6278109177093486 -0.2050588363860829 -0.20521241770126844 0 0 0
0.0025 0.060928221483279525 0.3294605272145631 0.22544633955589102 0 0 0
0.0025 -0.2603347535181974 0.4804903809173195 -0.11548383719224509 0 0 0
0.0025 -0.01395306208921044 -0.10589738701476831 0.3176041548775521 0 0 0
0.0025 0.12377652578457377 -0.4849410428458437 -0.08032538881888757 0 0 0
0.0025 -0.28252409305256326 0.40372097906552074 -0.07046368825443793 0 0 0
0.0025 0.045037299415168645 0.5648215999725944 -0.07988315454126503 0 0 0
0.0025 -0.004742227693826504 0.2838020690902342 0.6103741052084598 0 0 0
0.0025 -0.033669158453745206 0.5194787587414927 -0.3177837575110363 0 0 0
0.0025 0.03779448639294771 -0.5911238223976076 0.18185871072820448 0 0 0
0.0025 -0.2612471912030599 0.5993092594422136 0.18504665523991834 0 0 0
0.0025 0.5452704904833828 0.19893072881943122 -0.2855129350011699 0 0 0
0.0025 -0.36358768410759745 -0.13501933577866712 -0.30867715738180906 0 0 0
0.0025 -0.030300026554004933 -0.10841158792078046 -0.2972408659228459 0 0 0
0.0025 -0.2716593781256029 -0.29728876170252505 0.03513972838508972 0 0 0
0.0025 -0.2431402255680554 0.2510307436563831 0.2548757078751319 0 0 0
0.0025 -0.31606658446335856 0.009778590831104697 0.5098397379098293 0 0 0
0.0025 0.14649841269742744 -0.0075049719159527815 0.25467601375665166 0 0 0
0.0025 0.4054897077754512 -0.0951168819011808 -0.40742300629668565 0 0 0
0.0025 0.33545260227647156 0.40461597111398984 -0.4126214365182806 0 0 0
0.0025 0.31358166110552027 0.18646430014052517 0.46245070368288893 0 0 0
0.0025 -0.09427027518006381 -0.49060116965554096 0.2293899665959041 0 0 0
0.0025 0.27383416921143855 -0.014478839775759145 0.525727671730717 0 0 0
0.0025 0.568545036744103 -0.3330232675146287 0.16163716033165096 0 0 0
0.0025 0.34335334098682674 0.49807675164754167 -0.022523574536665782 0 0 0
0.0025 0.13342846164370098 -0.2526085560679911 0.5350624177347763 0 0 0
0.0025 0.1316914509846285 -0.4769917656036659 -0.4464458162438243 0 0 0
0.0025 -0.251029661386231 0.39667149709526345 -0.1872819426932316 0 0 0
0.0025 -0.19178047370642068 -0.17093952765237358 0.1956880618642767 0 0 0
0.0025 0.08707463477890172 -0.18040780990436237 -0.004362356657373788 0 0 0
0.0025 -0.4006688320017895 -0.24219825552505278 -0.402256249593767 0 0 0
0.0025 0.0033523762556062157 -0.1507952266836374 -0.549758056628741 0 0 0
0.0025 -0.6030254363777539 0.014630494079676428 0.23146683689664616 0 0 0
0.0025 -0.2428161024350573 0.4105811657605154 -0.45064919207873927 0 0 0
0.0025 -0.3273507316275364 -0.11450112804933138 -0.521406307974094 0 0 0
0.0025 0.28854247424169255 0.13692213629059358 0.05946092221373331 0 0 0
0.0025 -0.44301474021655335 -0.15271299180658054 -0.23720014055712008 0 0 0
0.0025 0.12141101992010975 -0.5648872384433317 0.3012394540180842 0 0 0
0.0025 0.09798341805866656 -0.22849519754078668 -0.13771168236382894 0 0 0
0.0025 -0.2498850961207212 0.2887786948454873 -0.392465154076867 0 0 0
0.0025 0.038943486294036246 0.3579199239662943 0.31638572947031407 0 0 0
0.0025 -0.09234697538045908 -0.1113759826227223 -0.4470447540977299 0 0 0
0.0025 0.01513596211579253 0.25646670826727536 -0.4661534019791046 0 0 0
0.0025 -0.0894748211538192 -0.5075419565986161 -0.04143280782029035 0 0 0
0.0025 0.09057789289997764 0.370706529097478 -0.3052649635145834 0 0 0
0.0025 0.3526938817421282 0.17402008412888947 -0.26611896686882525 0 0 0
0.0025 0.24360571948920187 0.6025054601940188 -0.13913299191947445 0 0 0
0.0025 0.6103686810872666 -0.2076937801874272 0.22469818880743422 0 0 0
0.0025 0.11145098136573824 -0.1748194725299586 0.15168257582682973 0 0 0
0.0025 -0.024264063570238262 -0.14746241320852616 -0.041304050232408566 0 0 0
0.0025 -0.23189149360680394 0.28577636183735367 -0.07673041521706188 0 0 0
0.0025 0.36867597634915117 0.4493863460956384 0.16792660084598104 0 0 0
0.0025 -0.08552813371641838 0.42207881045040346 0.09384995102529341 0 0 0
0.0025 -0.30824346371149797 -0.29468364940228864 -0.5004715729048211 0 0 0
0.0025 0.020595047273908162 -0.17236855026448464 -0.3160198407657047 0 0 0
0.0025 -0.11305860099955665 -0.2923373945913737 0.40776836842701153 0 0 0
0.0025 0.4256296799192563 -0.2951957857438301 -0.3256780110182733 0 0 0
0.0025 -0.4554183480051627 0.07565670931559124 -0.431886955553735 0 0 0
0.0025 -0.5244612256550295 0.08845092033300972 0.4103601929952132 0 0 0
0.0025 -0.08130098567996384 -0.13717066018993634 -0.13778174628164006 0 0 0
0.0025 -0.4749948840585935 -0.11174552858111714 -0.4890184979596455 0 0 0
0.0025 -0.09755302444291535 -0.0030333868194179683 -0.2875585144594 0 0 0
0.0025 0.19811005773746992 -0.5857184836374729 -0.15325013986181601 0 0 0
0.0025 0.21963123551141486 -0.39602996126556095 0.17443375617012363 0 0 0
0.0025 -0.2810415792565202 0.04770521176891679 0.47042093622173886 0 0 0
0.0025 -0.35629361041893626 0.0267588348629326 0.07194668936769624 0 0 0
0.0025 -0.15576223522130772 0.44127074852809206 -0.04986946499079455 0 0 0
0.0025 -0.23810190166588877 -0.47668687025771683 0.35449854140270026 0 0 0
0.0025 0.2726413037997461 0.016794949589291185 0.010482715301308752 0 0 0
0.0025 -0.14970332710578257 0.045310343939216395 0.13292896999146983 0 0 0
0.0025 -0.27257373583382494 0.5479371636589216 -0.1985161927588787 0 0 0
0.0025 -0.08463243113575546 0.2774567240211176 -0.3622056462184234 0 0 0
0.0025 0.5841125716875188 0.2962691101925544 -0.12078481732752448 0 0 0
0.0025 -0.07235111803166504 -0.6711993775146032 -0.07867801247980276 0 0 0
0.0025 -0.22041716169323033 0.15281540495935592 0.3833695339684593 0 0 0
0.0025 0.35163299114348434 -0.15995848253696127 -0.2893525110899605 0 0 0
0.0025 0.6398153793795033 0.0650125050535648 -0.10499160847193323 0 0 0
0.0025 0.3025054441684326 0.2759293909596766 -0.5185697253933979 0 0 0
0.0025 0.2693669667201104 -0.5808757517849111 0.09225547129859098 0 0 0
0.0025 0.26541464040032897 0.31625314100577895 -0.07562119550410655 0 0 0
0.0025 -0.23288214037283236 0.48383925559566543 0.39950560938808277 0 0 0
0.0025 -0.13690424035957474 -0.3078706552347704 0.5208474095566477 0 0 0
0.0025 -0.446013342279548 0.5051038579232323 -0.10227836069710824 0 0 0
0.0025 0.1257862899916935 0.5527589057250937 0.35336171019692847 0 0 0
0.0025 -0.10616753960558152 0.3548297674267562 -0.12840671430409953 0 0 0
0.0025 -0.14205487913270493 0.14128745524057543 -0.3343516702068919 0 0 0
0.0025 -0.05472600110879967 0.0945832245411718 0.5078262257206927 0 0 0
0.0025 -0.18604735337653433 0.11286220098489441 -0.6075604676414089 0 0 0
0.0025 -0.01842960246065679 0.2277535428115337 -0.0787933744237199 0 0 0
0.0025 0.016361907898375008 -0.48272134264148864 0.0959118778306887 0 0 0
0.0025 0.13967724096409442 0.16978444252972683 0.6287441980638162 0 0 0
0.0025 -0.095272070630048 0.3330604894580982 -0.4711214146183168 0 0 0
0.0025 0.08625288165069692 0.17578489672150144 -0.563228099151865 0 0 0
0.0025 0.12248089454622356 0.41391196481621767 -0.48040366916372895 0 0 0
0.0025 0.11535464907324333 0.20707968789823533 -0.40742481136480674 0 0 0
0.0025 0.14436719079930824 -0.1522644889509738 0.3139169741210055 0 0 0
0.0025 -0.6236039581735187 0.06514888803939453 0.14511716184694254 0 0 0
0.0025 0.5717879342863056 -0.1820709073212746 0.05022265144532126 0 0 0
0.0025 0.5115111823536768 0.13213710110410784 -0.16419090136133427 0 0 0
0.0025 0.1836655832230015 -0.04600057163252782 -0.3035893066092701 0 0 0
0.0025 0.6074529059716747 0.27024894604061217 0.0008838167609913057 0 0 0
0.0025 0.3459416715897963 0.051619971747279496 0.22652519215911085 0 0 0
0.0025 -0.07422245706004792 0.4918662414024343 0.32976144294814397 0 0 0
0.0025 -0.036971575229819253 -0.33583523722125574 0.509774192400019 0 0 0
0.0025 0.5759130132550373 -0.026114633554933656 0.272890655441706 0 0 0
0.0025 0.32490439882975164 0.34911777809126554 -0.06893087121903378 0 0 0
0.0025 -0.3173334557449816 -0.4139124690992739 0.42006493641011966 0 0 0
0.0025 -0.029822515103627375 -0.2966072221950116 0.5862155595965461 0 0 0
0.0025 -0.3429768684081279 -0.1749879377716195 0.17639043001554805 0 0 0
0.0025 0.29786758670495467 -0.012152986887932603 -0.4119934504895816 0 0 0
0.0025 -0.26474817699024444 0.1593478123376515 0.07002149200114419 0 0 0
0.0025 0.35025093026117293 0.10354831890656403 0.10906068752753437 0 0 0
0.0025 0.40066263618820847 -0.29522403892052623 -0.3728258361758817 0 0 0
