60
0
0.016666666666666666 0.24385906051775041 0.5299821799022553 0.1007513577618017 0 0 0
0.016666666666666666 -0.12290314479747046 -0.14957000463597386 -0.24137299560686562 0 0 0
0.016666666666666666 -0.48785449030608175 0.013803261089807855 0.29635792254195337 0 0 0
0.016666666666666666 -0.047304053443811056 -0.07604911829097452 -0.6391373131646908 0 0 0
0.016666666666666666 0.5647847557222824 0.16415856689702302 -0.04137984938626811 0 0 0
0.016666666666666666 0.3418347912547575 0.357836452710911 0.3850476003519205 0 0 0
0.016666666666666666 0.30818345876450104 0.4243616800356804 -0.05319118987392459 0 0 0
0.016666666666666666 -0.4476849737704522 0.006681231305560816 0.3292363510794502 0 0 0
0.016666666666666666 -0.1389843695693326 0.04376931444589998 -0.4111464730759889 0 0 0
0.016666666666666666 0.10254911085079048 0.5012475880596684 -0.11136151295595971 0 0 0
0.016666666666666666 -0.46612005615919316 0.4965277421795595 0.07200068620095434 0 0 0
0.016666666666666666 0.40606918313161877 0.05823581720899535 -0.28269812333312916 0 0 0
0.016666666666666666 0.016238328086230838 0.34773217239661874 0.4556758645901168 0 0 0
0.016666666666666666 0.5554336789742866 -0.10376006183688849 0.12259549070462022 0 0 0
0.016666666666666666 -0.20492022537334564 0.640651611329187 0.029425247978080455 0 0 0
0.016666666666666666 0.15691886055588486 0.3334979479796272 0.17879847587485959 0 0 0
0.016666666666666666 0.26944926662574237 0.5061523513686226 0.2537012333488335 0 0 0
0.016666666666666666 -0.11428146324986498 -0.6149700664758956 -0.17236780628054227 0 0 0
0.016666666666666666 -0.20353734586408154 -0.5519512538090217 -0.25230363831952346 0 0 0
0.016666666666666666 0.16723056945633824 -0.27910307215976177 0.33925507345523476 0 0 0
0.016666666666666666 0.025619566792131922 -0.21289760437426733 0.44014986259633176 0 0 0
0.016666666666666666 0.15512373901828458 -0.10171421130854655 0.5880231337276646 0 0 0
0.016666666666666666 0.5565103605910977 -0.36402938873632185 0.11452011526146137 0 0 0
0.016666666666666666 -0.059931581549323626 0.12237969133396719 -0.14348728594128252 0 0 0
0.016666666666666666 -0.4692992835461153 0.29989646470243786 0.165979594156169 0 0 0
0.016666666666666666 -0.6249131537664684 0.18877363488670873 -0.11804519186553915 0 0 0
0.016666666666666666 0.23256493826014518 -0.23723497151374853 0.11098247085671721 0 0 0
0.016666666666666666 -0.2337449150180506 0.5858673122612518 0.0673327501803403 0 0 0
0.016666666666666666 0.01876866730675827 0.2950464029235421 -0.31194665900919993 0 0 0
0.016666666666666666 -0.30443580684327837 0.2363311485717087 -0.033076692573342496 0 0 0
0.016666666666666666 0.14169517156870054 -0.6237031677095596 0.1530220279994733 0 0 0
0.016666666666666666 0.4099726197478219 -0.4449267400196934 0.057205885855895956 0 0 0
0.016666666666666666 -0.20140254356825385 -0.07981852451225263 0.18042758773702874 0 0 0
0.016666666666666666 -0.11698706273452027 -0.20090189576592116 -0.4909949310486859 0 0 0
0.016666666666666666 -0.39747218398435 0.1437227680611156 -0.3681555994268725 0 0 0
0.016666666666666666 -0.15548399800969218 -0.1068612967696527 -0.19850769120470355 0 0 0
0.016666666666666666 0.01357007144647789 0.08891474553794268 0.2983771546047739 0 0 0
0.016666666666666666 -0.03410250405259153 0.09649163382027386 0.2674404426360656 0 0 0
0.016666666666666666 0.04709058496001631 0.4463308433973718 0.4241730938451445 0 0 0
0.016666666666666666 0.09207474426747161 -0.10775910389757733 0.5134331432339252 0 0 0
0.016666666666666666 -0.3536269911284349 -0.07643392764625564 -0.49318953425267764 0 0 0
0.016666666666666666 -0.44178803161095276 0.012547397580197834 -0.05637637472468633 0 0 0
0.016666666666666666 0.032498270267631725 -0.4415985499936554 -0.3125826762930224 0 0 0
0.016666666666666666 -0.197244952655466 0.33205031614699926 0.5637184798678512 0 0 0
0.016666666666666666 0.012762272732562602 -0.40065102435061833 -0.01456789546209905 0 0 0
0.016666666666666666 0.42601793681788963 -0.19077520768335166 0.07035295813133122 0 0 0
0.016666666666666666 0.27955083371693634 0.10698346634417719 -0.26770492252459 0 0 0
0.016666666666666666 0.2917857428780603 -0.0777388107239894 -0.41798324024478006 0 0 0
0.016666666666666666 0.47152747186283844 0.03636858614696101 0.002987499023522169 0 0 0
0.016666666666666666 0.26559003862975084 -0.27753026441072354 -0.42670707015543025 0 0 0
0.016666666666666666 0.013981896498835905 -0.31629649089920603 -0.17141183280896882 0 0 0
0.016666666666666666 0.05910596723317177 -0.2550183940191886 -0.15064579917140114 0 0 0
0.016666666666666666 -0.3783146921788873 -0.43965012776363316 -0.06361932599443952 0 0 0
0.016666666666666666 0.3378582916781622 0.2899075563627658 0.276282906532894 0 0 0
0.016666666666666666 -0.5214158901425998 0.0032172003177241308 0.22422760982439321 0 0 0
0.016666666666666666 -0.31653796487249947 -0.04180211936780948 0.48799202921523316 0 0 0
0.016666666666666666 0.054023066521847844 0.19478168910851582 0.03857408366589513 0 0 0
0.016666666666666666 -0.20797792900056652 -0.31229854932009016 0.22235600607582962 0 0 0
0.016666666666666666 0.17030079142971044 -0.5728132636427647 0.07436931042988942 0 0 0
0.016666666666666666 0.12855642637410247 -0.0804929782465029 0.579022264612489 0 0 0
