830
0
0.0012048192771084338 0.15661680766397898 0.5740603442991651 -0.04746264559153671 0 0 0
0.0012048192771084338 -0.29610528546252146 -0.4767218037995559 -0.15180406445952235 0 0 0
0.0012048192771084338 0.29804680624115204 0.1177207348200458 -0.08884290122502511 0 0 0
0.0012048192771084338 0.29265600813830966 -0.2441590676607412 -0.43419001700486115 0 0 0
0.0012048192771084338 0.4090033004292422 0.49537405987590505 -0.1619694370902067 0 0 0
0.0012048192771084338 0.23029632241355405 0.5368215097088934 0.010516829704864908 0 0 0
0.0012048192771084338 -0.14250409137872122 0.3851553182155171 -0.26228268828416523 0 0 0
0.0012048192771084338 -0.271011886233152 -0.20073937733303582 0.24288403256092858 0 0 0
0.0012048192771084338 0.021429633400028732 -0.21042486230645344 -0.1905822429885148 0 0 0
0.0012048192771084338 0.135836950625581 0.09331923229286557 -0.44932282296038345 0 0 0
0.0012048192771084338 0.07470103802084892 0.43169526190850094 -0.04002505560477351 0 0 0
0.0012048192771084338 0.5135783593538118 0.0007530888443526947 0.3600880153612318 0 0 0
0.0012048192771084338 -0.2547517408019438 0.4234498538610082 -0.14577084542587582 0 0 0
0.0012048192771084338 -0.3265458881042968 -0.2664777861186819 -0.43779134424722416 0 0 0
0.0012048192771084338 0.3506842715549542 -0.2557027314893621 0.4010430878030875 0 0 0
0.0012048192771084338 0.07132581419025905 -0.02081056984258106 -0.39531979009917856 0 0 0
0.0012048192771084338 -0.03277164727961288 0.24709776535917627 -0.04371847219411632 0 0 0
0.0012048192771084338 -0.2521964674561231 -0.2702195474734843 -0.11947292252352255 0 0 0
0.0012048192771084338 -0.30185280110604157 -0.372577621769627 0.42288756352986534 0 0 0
0.0012048192771084338 -0.25919297887998277 0.4264439218995151 0.47293404714054993 0 0 0
0.0012048192771084338 -0.18896209930625582 -0.1648381731385964 -0.37809872129410393 0 0 0
0.0012048192771084338 -0.17860377432978036 0.31864036557153586 -0.42234739694506135 0 0 0
0.0012048192771084338 -0.29095010783863456 -0.1085779144424188 -0.2037002019335782 0 0 0
0.0012048192771084338 0.17694659615424174 0.4691418522619827 -0.25594637124973535 0 0 0
0.0012048192771084338 0.026641193492321334 0.03131395058983084 0.09936174639442318 0 0 0
0.0012048192771084338 0.09036275125530499 -0.26745356021169625 0.22238561899094308 0 0 0
0.0012048192771084338 0.011616450660566643 -0.052555191922059014 -0.41754871163344814 0 0 0
0.0012048192771084338 0.05640721885265911 -0.4867427913768082 0.3749725541103957 0 0 0
0.0012048192771084338 0.35639134716675136 -0.16469812596474354 0.10116290197189864 0 0 0
0.0012048192771084338 -0.27199342731346654 -0.06859331426775374 0.5823021632988412 0 0 0
0.0012048192771084338 -0.6355905009702408 0.07751081666430942 0.025735321749356336 0 0 0
0.0012048192771084338 0.43049650290455627 -0.3462794711362885 0.08193905037271795 0 0 0
0.0012048192771084338 0.15634288152115441 -0.5542196977155901 0.3383798458640377 0 0 0
0.0012048192771084338 0.6604675464405908 0.1938743366128204 -0.04134747247555947 0 0 0
0.0012048192771084338 -0.41708015309464236 0.09285194842180376 -0.3089139703494676 0 0 0
0.0012048192771084338 -0.25983295150401026 -0.31372662615359087 -0.03988907717924616 0 0 0
0.0012048192771084338 -0.07019943876400973 0.5471100615942236 -0.04693369568264098 0 0 0
0.0012048192771084338 -0.16811275551257007 0.19585382566308696 -0.49362180947154066 0 0 0
0.0012048192771084338 0.12695657551787923 0.028114920833943523 -0.2577224285318354 0 0 0
0.0012048192771084338 0.4436881076706248 -0.15186456895626907 -0.1927097838381932 0 0 0
0.0012048192771084338 0.27963465111944774 0.05098564477053756 -0.24338343705890894 0 0 0
0.0012048192771084338 -0.022364410902613572 -0.1626704513018816 0.29779667391270337 0 0 0
0.0012048192771084338 0.54419970888444 0.24173035102808563 0.17884176273279898 0 0 0
0.0012048192771084338 -0.1472085172731384 0.27050399486804705 -0.25927139625115764 0 0 0
0.0012048192771084338 -0.08136351196432573 0.031060349527536675 -0.1351896878525113 0 0 0
0.0012048192771084338 -0.23255725577620337 0.618930503159009 -0.1875436491176347 0 0 0
0.0012048192771084338 0.0867434721842298 -0.016444176787786362 0.1793950775506046 0 0 0
0.0012048192771084338 -0.20417462488181531 -0.22373728742254625 0.5404923042203145 0 0 0
0.0012048192771084338 0.29853092237940376 -0.25755847618168365 -0.5076865371594503 0 0 0
0.0012048192771084338 -0.240021476998918 -0.46610369697081033 0.24644741825634664 0 0 0
0.0012048192771084338 -0.4179069588253592 0.12136315727006167 0.07320543524933949 0 0 0
0.0012048192771084338 0.01001727583028622 -0.11728745847091517 -0.5379919536688652 0 0 0
0.0012048192771084338 0.6520510749756229 0.09926980477856986 -0.10387196582618226 0 0 0
0.0012048192771084338 0.14143350047652467 -0.37048966731393373 0.23545145080018823 0 0 0
0.0012048192771084338 -0.047977978817508676 -0.09801700289294757 -0.36154134929119086 0 0 0
0.0012048192771084338 -0.374044548875006 -0.24944721898859082 0.5202689280687863 0 0 0
0.0012048192771084338 0.5430715822462086 0.1413306645689761 0.21120125455473057 0 0 0
0.0012048192771084338 -0.03889665638486007 0.14783368272523495 -0.457946709415784 0 0 0
0.0012048192771084338 -0.3557715206562924 0.1080001284182487 0.2572741292827742 0 0 0
0.0012048192771084338 -0.008729833120024847 0.5615621979498177 0.22069815597610543 0 0 0
0.0012048192771084338 -0.21792767870669255 0.09726694648881128 0.5503504370268614 0 0 0
0.0012048192771084338 0.5365853184373859 -0.3757565323139488 0.20442508976699603 0 0 0
0.0012048192771084338 0.17068003405989593 0.3495706688946245 0.027165170728247413 0 0 0
0.0012048192771084338 -0.36025657231783254 -0.2306912722514056 0.043263670093417556 0 0 0
0.0012048192771084338 -0.3388133046015927 -0.09192955290209373 0.5277613101138929 0 0 0
0.0012048192771084338 0.00437835522227127 -0.6145692815850559 -0.25245988048436807 0 0 0
0.0012048192771084338 -0.08657107466284113 0.4362221861292719 -0.5307507362037727 0 0 0
0.0012048192771084338 -0.21390626465249865 -0.1840081465614863 -0.19070381132158165 0 0 0
0.0012048192771084338 0.36322594030207533 0.5296562721732027 0.14717102120667366 0 0 0
0.0012048192771084338 -0.07109246097160302 0.5207208684777835 0.38246257351205964 0 0 0
0.0012048192771084338 -0.0861348960785275 -0.13139477120119972 -0.5048609357446431 0 0 0
0.0012048192771084338 -0.20272326598073265 0.6312846446353791 0.11732402832065504 0 0 0
0.0012048192771084338 -0.2578929000707904 -0.15838642324114802 -0.33169911148504794 0 0 0
0.0012048192771084338 -0.21208442737592056 0.32442347797378324 0.12749570788265915 0 0 0
0.0012048192771084338 -0.2774605869991976 0.22348212380980637 -0.4665494294957904 0 0 0
0.0012048192771084338 -0.09838175360572991 -0.2361133250958356 0.5116554199509566 0 0 0
0.0012048192771084338 0.3484114211618006 0.05316404290826192 0.012818296960626854 0 0 0
0.0012048192771084338 -0.1716886528639943 0.40329053793766834 0.07071467346191965 0 0 0
0.0012048192771084338 0.11769443102296576 0.5265400687601154 -0.3085710738583517 0 0 0
0.0012048192771084338 -0.21252661738202208 -0.3186509004614497 -0.4481837233179295 0 0 0
0.0012048192771084338 0.386701085682153 0.2249021209119703 -0.27963727054996157 0 0 0
0.0012048192771084338 0.49152799537559794 -0.29245437120896584 0.1912410184319904 0 0 0
0.0012048192771084338 -0.17003366459006955 0.4914489513962579 0.02585925330640796 0 0 0
0.0012048192771084338 0.16712355923087321 0.07456105547010067 -0.023092309573555087 0 0 0
0.0012048192771084338 0.34530689223019206 0.6002336369397242 0.02120983031221233 0 0 0
0.0012048192771084338 -0.4609034274808597 -0.2776185276007669 -0.16367768099843646 0 0 0
0.0012048192771084338 -0.2667104142563674 -0.01975803846392589 0.6108163735151383 0 0 0
0.0012048192771084338 -0.1510226668976948 0.4103202173827549 0.11612673347430506 0 0 0
0.0012048192771084338 -0.06098982573263802 0.5786349101241112 0.2988762469950475 0 0 0
0.0012048192771084338 0.5523943665883275 0.15437452516665692 0.17912498665832985 0 0 0
0.0012048192771084338 -0.038544322201588155 -0.31850185403000153 0.03669193055668227 0 0 0
0.0012048192771084338 -0.3398696734529343 0.5860350358436442 -0.03193001987763311 0 0 0
0.0012048192771084338 -0.07475606861638924 -0.1710934840277509 0.1555949534498123 0 0 0
0.0012048192771084338 0.26663888263033136 0.5050675614410555 -0.08546877969225763 0 0 0
0.0012048192771084338 -0.3742667010229347 -0.29969458524164616 -0.370799730733286 0 0 0
0.0012048192771084338 -0.3076608873066663 0.06370287828581522 -0.18474687355828429 0 0 0
0.0012048192771084338 -0.3924281572117432 0.08237513095611479 0.44751192661324146 0 0 0
0.0012048192771084338 -0.5030732654367005 0.29717567618239904 -0.2280617404344719 0 0 0
0.0012048192771084338 -0.11021812155125686 0.4175735042069389 0.3555458617040666 0 0 0
0.0012048192771084338 -0.3496515636154961 -0.0732663763313892 -0.19843044652105207 0 0 0
0.0012048192771084338 -0.29402331500517315 0.3590532300482572 0.36431207986875785 0 0 0
0.0012048192771084338 0.3734797210111822 -0.26088341834243395 -0.3519598361703155 0 0 0
0.0012048192771084338 -0.2026094020076819 0.033512537741665564 -0.5827414289071745 0 0 0
0.0012048192771084338 0.03050989716934102 -0.06176825226604098 -0.39007507938655595 0 0 0
0.0012048192771084338 -0.5611408109307477 -0.20971884447061473 0.1504524292880727 0 0 0
0.0012048192771084338 -0.3705864985690708 -0.24959702876626877 0.2961887151911911 0 0 0
0.0012048192771084338 0.09350829429933254 -0.42625020807717945 0.04876664170904776 0 0 0
0.0012048192771084338 -0.21465257823972642 0.38958387293036195 -0.1455848608750893 0 0 0
0.0012048192771084338 -0.26366174124981634 -0.3545111934833232 0.5262384034610127 0 0 0
0.0012048192771084338 -0.025532437606454395 0.14073829438556856 -0.07086570381856022 0 0 0
0.0012048192771084338 0.09201264927965322 0.35952517391699473 0.28271125846833833 0 0 0
0.0012048192771084338 -0.23781112379817937 0.32535712206195 -0.46560431296111604 0 0 0
0.0012048192771084338 0.36373615279506016 -0.1220029041262716 0.06907193062257717 0 0 0
0.0012048192771084338 0.40097355033348875 0.25660817272712366 0.43401268103200935 0 0 0
0.0012048192771084338 0.24200430863423927 -0.03232033710248149 -0.27845711134392825 0 0 0
0.0012048192771084338 0.4220961290467646 0.2541250669391522 0.4132039821224484 0 0 0
0.0012048192771084338 0.5410109927299821 -0.13027487124206266 0.28612842276633443 0 0 0
0.0012048192771084338 -0.2799308040945299 -0.18720132492405295 0.3060661013362821 0 0 0
0.0012048192771084338 -0.07023518000164619 -0.16205734334424618 0.24512592472911293 0 0 0
0.0012048192771084338 0.17587458175811574 0.49707869067819055 -0.1207366836683276 0 0 0
0.0012048192771084338 0.31092726769270324 0.10421020152916691 -0.36093099600949985 0 0 0
0.0012048192771084338 0.5848682377487372 -0.029835780487668988 -0.1500800034049023 0 0 0
0.0012048192771084338 0.27416225980062164 0.15590348384773856 -0.4424310091777224 0 0 0
0.0012048192771084338 0.16661011056724262 0.16042643974276763 0.48452499241006197 0 0 0
0.0012048192771084338 -0.3858438154660953 -0.4327181306114106 -0.2615616119768418 0 0 0
0.0012048192771084338 0.6064093588684857 -0.04996122186339931 0.1763874402790919 0 0 0
0.0012048192771084338 0.4644700849696784 0.4672306283600019 -0.19453359822113053 0 0 0
0.0012048192771084338 -0.19201750013160188 0.476662858641067 0.21363248109428404 0 0 0
0.0012048192771084338 -0.5409922903608673 -0.04501892784563656 -0.03321739742493068 0 0 0
0.0012048192771084338 0.2196534653913984 -0.12490148630387962 0.15315791523892394 0 0 0
0.0012048192771084338 -0.2810288134096551 -0.3853189042399996 0.3656158704782989 0 0 0
0.0012048192771084338 -0.24888816481232656 0.4498474981531131 0.12165586275925187 0 0 0
0.0012048192771084338 0.20277807157091501 0.05144125221700577 -0.638404526970799 0 0 0
0.0012048192771084338 -0.19196077648176313 0.4217573066177434 -0.04301356808245754 0 0 0
0.0012048192771084338 0.15168368026138157 -0.10031184336852865 -0.1994619450823513 0 0 0
0.0012048192771084338 0.2348726906612706 0.17565427526063532 0.40519530413927307 0 0 0
0.0012048192771084338 -0.131967007039661 0.5753271081545975 0.007164583140340845 0 0 0
0.0012048192771084338 -0.17291166327968327 0.4676329015851768 0.007247302453854552 0 0 0
0.0012048192771084338 -0.12576763546992645 -0.17776815818665676 -0.3928612210033059 0 0 0
0.0012048192771084338 0.5605612382143754 -0.3920968194585823 -0.052279127257488685 0 0 0
0.0012048192771084338 -0.18797700921090116 0.42627440146618034 -0.050658393462173365 0 0 0
0.0012048192771084338 -0.4289583799589486 -0.45584074685787307 -0.07692768379645343 0 0 0
0.0012048192771084338 -0.03271250528110781 -0.09564733264371612 -0.4797548572322518 0 0 0
0.0012048192771084338 0.30408073549938586 0.09230314265956219 -0.30978494435439935 0 0 0
0.0012048192771084338 -0.281882478202546 -0.2825993897503437 0.07731784421756545 0 0 0
0.0012048192771084338 -0.2655545605852928 0.1689986514103895 -0.1168543402329225 0 0 0
0.0012048192771084338 0.2372242053511222 0.06723233956889962 -0.5631779922589825 0 0 0
0.0012048192771084338 0.510103830425794 -0.3029712945885168 -0.2322904621583526 0 0 0
0.0012048192771084338 0.4474292765935183 -0.19284069751351754 -0.4380077158660079 0 0 0
0.0012048192771084338 0.4618067190968993 -0.25754300496995935 0.20316586821554578 0 0 0
0.0012048192771084338 0.06147151180911706 0.22403942937454926 -0.3416214378536151 0 0 0
0.0012048192771084338 0.08277430952883275 0.23620717987598402 0.18317847207962734 0 0 0
0.0012048192771084338 -0.5666018569708156 0.15244797210229438 0.1982866525896881 0 0 0
0.0012048192771084338 0.52485039472605 -0.1954136535307501 0.11678318875959293 0 0 0
0.0012048192771084338 -0.1178549784899435 -0.5067011674775616 0.010986075425750915 0 0 0
0.0012048192771084338 -0.057634171675295484 -0.01842120389837983 -0.04618970081603447 0 0 0
0.0012048192771084338 0.22609015629796617 0.48919500951715306 0.010071353594084067 0 0 0
0.0012048192771084338 -0.2588819640643732 0.17786880284531564 -0.24597419633776596 0 0 0
0.0012048192771084338 0.30354392074854625 0.5483016875571377 0.10282052848760966 0 0 0
0.0012048192771084338 -0.0768707957170273 0.07339316270299243 -0.2859126215921943 0 0 0
0.0012048192771084338 0.3694735204137288 0.5239037710554962 -0.21942174072725198 0 0 0
0.0012048192771084338 -0.03492154946847695 -0.34758037946230724 -0.28301805106525385 0 0 0
0.0012048192771084338 0.4885312438872461 -0.18177953255134888 0.11124441958621945 0 0 0
0.0012048192771084338 -0.07520756429536794 -0.34189371993379064 -0.325741417551779 0 0 0
0.0012048192771084338 0.12896490895806975 -0.4362429212456777 -0.5182480010090633 0 0 0
0.0012048192771084338 0.47551079944910135 -0.452663810909089 0.18962961097363423 0 0 0
0.0012048192771084338 0.6650958720058493 -0.08920184169781219 -0.07126259729034475 0 0 0
0.0012048192771084338 0.23366747750002664 0.1946195030631039 -0.3263556783164315 0 0 0
0.0012048192771084338 -0.318032939451095 0.4574516784226797 -0.24210694044946063 0 0 0
0.0012048192771084338 -0.323774897934146 0.3214188813923617 0.06982200989281084 0 0 0
0.0012048192771084338 -0.026656613531159546 0.206342212882532 -0.11867831593573211 0 0 0
0.0012048192771084338 0.10828516579219072 0.34632757110691703 0.33134964653913956 0 0 0
0.0012048192771084338 -0.2245611121238115 -0.16838195870625325 -0.2023961388275361 0 0 0
0.0012048192771084338 -0.3223107247967848 0.10889499349868761 -0.5385673918795713 0 0 0
0.0012048192771084338 0.23261271664554423 -0.33472882225700973 0.45183587478442644 0 0 0
0.0012048192771084338 0.22834596168425922 -0.10959810736174619 -0.4650758262311874 0 0 0
0.0012048192771084338 -0.03812072783150501 -0.5698157881152798 0.3761562113834594 0 0 0
0.0012048192771084338 -0.3614869344618561 -0.24106067788617372 0.3462544934232068 0 0 0
0.0012048192771084338 -0.05687792530637934 -0.2029881528372959 0.614231609013424 0 0 0
0.0012048192771084338 0.34714888087566165 0.2354098645895163 0.04541999495440089 0 0 0
0.0012048192771084338 -0.44340819766923223 -0.20068481393222967 0.16123541663618413 0 0 0
0.0012048192771084338 -0.0433369381992884 -0.09091428230336776 -0.05017590252069026 0 0 0
0.0012048192771084338 0.38348141901859284 -0.3964480752375814 -0.16397482999374244 0 0 0
0.0012048192771084338 -0.3840878313040411 -0.40931760434433107 -0.18266652825657675 0 0 0
0.0012048192771084338 0.38814174649848343 -0.2358354205308461 -0.30667059187684853 0 0 0
0.0012048192771084338 0.19366104762904177 -0.43415384356351905 -0.3823610868853838 0 0 0
0.0012048192771084338 -0.1638350399705654 0.6230068858444375 -0.05209714430248801 0 0 0
0.0012048192771084338 -0.48739112236940185 0.05154171987486614 -0.36089750875491705 0 0 0
0.0012048192771084338 0.13813169333892344 -0.01668089285570016 0.039124382724344264 0 0 0
0.0012048192771084338 -0.4018126282019282 -0.040620802178269265 0.03667217873483557 0 0 0
0.0012048192771084338 -0.3320090328148334 -0.27550137053577517 -0.5325429398692779 0 0 0
0.0012048192771084338 0.06022378426404591 0.08501203373672638 -0.14125903867167394 0 0 0
0.0012048192771084338 -0.02698405775234778 -0.3176287043847727 -0.28251265653730556 0 0 0
0.0012048192771084338 -0.439517503215226 -0.3659848049563598 0.060065741406096024 0 0 0
0.0012048192771084338 0.6002911486810315 0.012549070387565229 0.31996756599650444 0 0 0
0.0012048192771084338 0.16494348086656088 -0.10063613811412511 0.08541468960447049 0 0 0
0.0012048192771084338 0.04670367379773484 -0.2739620456824329 0.1407091186641485 0 0 0
0.0012048192771084338 -0.12481763983341318 0.12194030494158405 0.6371678663247294 0 0 0
0.0012048192771084338 0.2718144019344561 -0.1083757005722444 0.4991960293666751 0 0 0
0.0012048192771084338 -0.047718619821109656 -0.1923515194908755 0.44426050898217057 0 0 0
0.0012048192771084338 0.17723555435616054 0.3104882013992342 0.3595518092900798 0 0 0
0.0012048192771084338 0.04576012347694706 0.2957496449472539 -0.6183288961345709 0 0 0
0.0012048192771084338 -0.2827027602835855 -0.20886684034933373 -0.5720969636920307 0 0 0
0.0012048192771084338 0.021638480366842527 0.32156867217833573 -0.25258818209454953 0 0 0
0.0012048192771084338 0.29774697535551564 0.3959589508372224 -0.3498149849462502 0 0 0
0.0012048192771084338 -0.2458730842673733 -0.09146547912508857 -0.25015733173238774 0 0 0
0.0012048192771084338 0.2032198947260881 -0.06682671672844158 0.4827486814806705 0 0 0
0.0012048192771084338 0.34899217432106644 -0.09742026183949273 0.12769637697567024 0 0 0
0.0012048192771084338 -0.1483309283312034 0.5883269204539848 0.28688837345003415 0 0 0
0.0012048192771084338 -0.027544328670244696 -0.2457607261533354 -0.04059384358423585 0 0 0
0.0012048192771084338 -0.4346948472376025 -0.3735882182950622 -0.20851413751905146 0 0 0
0.0012048192771084338 0.2830488235462226 -0.24946368793739157 -0.4103531288299415 0 0 0
0.0012048192771084338 0.11233284452821793 0.2961322913023308 0.5832256818166975 0 0 0
0.0012048192771084338 -0.502220446638366 -0.1137158029460811 -0.038788243745665835 0 0 0
0.0012048192771084338 0.0736015027292437 0.21987300215817276 0.38801706835028044 0 0 0
0.0012048192771084338 -0.08823766577290712 0.5616136320380763 0.24948879930215073 0 0 0
0.0012048192771084338 -0.207263257579719 0.3104657946988518 -0.2656831536670159 0 0 0
0.0012048192771084338 -0.20006048851519528 -0.0321698513139881 0.34383570580613493 0 0 0
0.0012048192771084338 0.6332476760817072 -0.17502767636788985 0.004484663973999588 0 0 0
0.0012048192771084338 -0.041277194241546904 0.17297864288417913 -0.547677041402452 0 0 0
0.0012048192771084338 0.4683387954561138 -0.17073592740959267 -0.42315324483631755 0 0 0
0.0012048192771084338 -0.4242466832376042 -0.2405521274137891 -0.43129442071676477 0 0 0
0.0012048192771084338 0.3355812762238102 0.2726061312178859 -0.36162785275157106 0 0 0
0.0012048192771084338 0.1464892779450579 0.09014283066347042 0.37121532688906816 0 0 0
0.0012048192771084338 -0.12058591124553096 0.518530095585025 -0.017624620941423006 0 0 0
0.0012048192771084338 -0.13472109919192848 0.26800065056570616 0.43678537485472596 0 0 0
0.0012048192771084338 -0.2402691961439085 0.24532798056012922 -0.5634301643820953 0 0 0
0.0012048192771084338 0.6419177229393028 0.06036602663162474 0.005397316585872263 0 0 0
0.0012048192771084338 -0.6158677391141708 0.06264565257530594 -0.2764311724746624 0 0 0
0.0012048192771084338 0.6069691660613658 0.0975966433498571 -0.08773603624202972 0 0 0
0.0012048192771084338 0.436555757950293 -0.3985890748514728 -0.08986768100367624 0 0 0
0.0012048192771084338 -0.6304233895744542 0.03168043305783084 0.27555193350022383 0 0 0
0.0012048192771084338 0.16690411075113698 0.2989701950773016 -0.42959155821839196 0 0 0
0.0012048192771084338 0.23359139308441096 -0.3446401088806756 0.16106992344590965 0 0 0
0.0012048192771084338 -0.3317395544087166 -0.06046542076092102 0.18092484925612612 0 0 0
0.0012048192771084338 -0.3576424129475051 -0.09592237349021242 0.5451798766405097 0 0 0
0.0012048192771084338 0.1699361893949516 -0.2582786660873705 -0.11223344707782797 0 0 0
0.0012048192771084338 -0.02678071707091609 -0.5567985416426835 -0.15576548504411555 0 0 0
0.0012048192771084338 -0.40422344271145305 0.059204637371561696 0.47082680273223365 0 0 0
0.0012048192771084338 -0.26571487416697404 0.35328769832483786 0.047803597174949315 0 0 0
0.0012048192771084338 -0.3981298668370096 -0.43193543368726334 -0.2105999885805751 0 0 0
0.0012048192771084338 -0.3256670752719743 0.05391464054775159 0.11543183480388425 0 0 0
0.0012048192771084338 0.29619820985589146 -0.04824755959551789 0.6090189394491649 0 0 0
0.0012048192771084338 0.5999798834571805 -0.1496209771971102 -0.2723312974351407 0 0 0
0.0012048192771084338 0.39395264560993765 -0.06573532561053938 -0.19087812170959825 0 0 0
0.0012048192771084338 -0.5316958973608241 -0.1348103469158315 0.0008511620142155809 0 0 0
0.0012048192771084338 -0.5085977734525196 -0.07553084831210856 -0.4018783576937785 0 0 0
0.0012048192771084338 0.18751978606840064 -0.04747234595660685 0.43237012829139415 0 0 0
0.0012048192771084338 0.23428844182484712 0.214137647971586 0.4991836416220547 0 0 0
0.0012048192771084338 -0.5210260566980228 -0.06629175282485984 -0.3005562543812966 0 0 0
0.0012048192771084338 0.1143445159235072 0.2515253821262435 -0.08808115688548941 0 0 0
0.0012048192771084338 0.12202042581237976 -0.07340668861165792 -0.5287070956110502 0 0 0
0.0012048192771084338 -0.05283578904109663 0.28631025437295776 0.3749653293122832 0 0 0
0.0012048192771084338 -0.3837576593155393 0.020808680537880115 0.5597126246565468 0 0 0
0.0012048192771084338 0.40848694992290735 -0.2738557222130065 0.24383385093558496 0 0 0
0.0012048192771084338 0.3638536040146476 -0.3603161188086945 -0.27692083550916513 0 0 0
0.0012048192771084338 0.0403465642567894 -0.400449681382467 -0.0204476580474266 0 0 0
0.0012048192771084338 0.08661946626168567 0.40334748869110737 0.46847762466111503 0 0 0
0.0012048192771084338 -0.11787305128569595 -0.32366959869592216 -0.43198436501115717 0 0 0
0.0012048192771084338 -0.3192227421804166 0.37710762275995474 -0.4454452826516019 0 0 0
0.0012048192771084338 -0.12363415996534927 0.5504230106257179 -0.08215347176028132 0 0 0
0.0012048192771084338 0.6753443196192869 -0.10221826360934602 0.0723589346479474 0 0 0
0.0012048192771084338 -0.03855686502057828 -0.04497681185264827 -0.36549739007289905 0 0 0
0.0012048192771084338 0.5204803758400378 -0.06329718848113491 0.2679964766297141 0 0 0
0.0012048192771084338 -0.35488220075308186 0.08070599335294777 0.15557319964921126 0 0 0
0.0012048192771084338 0.2970686524216901 -0.11936419426179433 0.5125098350193529 0 0 0
0.0012048192771084338 0.3839970556594641 0.29889600953430484 -0.4534863697737175 0 0 0
0.0012048192771084338 0.5558093345153309 -0.40067169131431013 0.025033006220413465 0 0 0
0.0012048192771084338 -0.3725463470592212 -0.17431288024289754 -0.07879459853398126 0 0 0
0.0012048192771084338 0.07070673744266742 -0.3801055070750156 -0.010630868468059959 0 0 0
0.0012048192771084338 -0.25130166846274865 -0.2528151378852331 -0.4380332594460482 0 0 0
0.0012048192771084338 0.3252000195398255 0.5096190640516958 0.12275328740447035 0 0 0
0.0012048192771084338 -0.2305752083513805 0.33596160796334085 -0.2839535133071192 0 0 0
0.0012048192771084338 -0.006456057831681516 -0.4420196081802224 -0.19547552174850275 0 0 0
0.0012048192771084338 0.555625548803987 0.2650757612677226 0.17475508947482257 0 0 0
0.0012048192771084338 -0.24196636331829516 -0.28911773409407093 0.48388097001127967 0 0 0
0.0012048192771084338 0.4496798390230317 0.18763897154112058 -0.22920335284693863 0 0 0
0.0012048192771084338 0.26272807008186744 0.19729177359052527 -0.4654225169861686 0 0 0
0.0012048192771084338 0.4054781839448787 0.11781900443962981 -0.16494334017447315 0 0 0
0.0012048192771084338 0.24037679085915584 -0.06843313169860121 0.22562276073670626 0 0 0
0.0012048192771084338 -0.21674292862644454 0.41799759906337486 -0.475693582307705 0 0 0
0.0012048192771084338 0.037233716274096516 0.6299022009654186 -0.14827093937987834 0 0 0
0.0012048192771084338 0.2213554437782265 -0.20572270270686263 -0.3899013181469324 0 0 0
0.0012048192771084338 -0.6612021310376014 0.08718043202430426 -0.1524077783801049 0 0 0
0.0012048192771084338 0.4036737230740533 -0.006134369277136543 0.36602076174775894 0 0 0
0.0012048192771084338 -0.10556979832205578 -0.29069848036180257 0.09091469693407542 0 0 0
0.0012048192771084338 -0.4524354698706037 -0.14608001585915978 0.05585326606309126 0 0 0
0.0012048192771084338 0.10433655759559347 -0.08659363875728815 0.12371058960960458 0 0 0
0.0012048192771084338 -0.3323414381970811 0.1385711233551878 0.13054744810341834 0 0 0
0.0012048192771084338 0.24168344783054582 0.08187169983061712 -0.619920709597005 0 0 0
0.0012048192771084338 -0.20674813255014238 0.46626099246211944 -0.14053251482282594 0 0 0
0.0012048192771084338 -0.11266341720031162 -0.581137763200071 0.24647252352640053 0 0 0
0.0012048192771084338 0.4343246356271384 0.033119309908275406 -0.04290417617747816 0 0 0
0.0012048192771084338 -0.1772033768938315 -0.3445213190248607 -0.04733042646078918 0 0 0
0.0012048192771084338 -0.6257257599937295 0.0007746283990584807 0.28884114412140527 0 0 0
0.0012048192771084338 0.2365760406888756 -0.028278572654276017 -0.22304937486948245 0 0 0
0.0012048192771084338 -0.10973924702484819 -0.5195892111109134 -0.3165055280471006 0 0 0
0.0012048192771084338 -0.24867110866229603 0.21405669531423993 -0.4447508462989148 0 0 0
0.0012048192771084338 -0.08093134583526332 -0.42791415413543404 -0.3344153357248569 0 0 0
0.0012048192771084338 -0.24862372165440988 -0.2319346394634868 -0.0977538026107259 0 0 0
0.0012048192771084338 -0.25301284981576444 -0.5677634225128901 -0.21440486939082232 0 0 0
0.0012048192771084338 0.42005899044797923 0.45562868432254094 0.19446118870803142 0 0 0
0.0012048192771084338 -0.3866177794461777 -0.12808610750722757 0.35637736685574845 0 0 0
0.0012048192771084338 -0.36034589395115646 0.3972763898828687 0.2439750520918225 0 0 0
0.0012048192771084338 0.18860177351707977 0.39459064198611776 -0.4883350966322241 0 0 0
0.0012048192771084338 0.2367060944637136 0.12713525137651752 0.1597968463109769 0 0 0
0.0012048192771084338 -0.16640039046851976 0.15815991695705345 0.5442591375938554 0 0 0
0.0012048192771084338 -0.02922068901677091 -0.2720449079183364 -0.00384026046758236 0 0 0
0.0012048192771084338 0.4216925567523462 0.10902962153275299 0.31807907414584374 0 0 0
0.0012048192771084338 -0.5827273512745997 0.1509115656095287 0.2363874746942438 0 0 0
0.0012048192771084338 0.497762204892043 0.051937482974409484 -0.1576098798781963 0 0 0
0.0012048192771084338 0.43045330729346165 -0.13464315792856227 -0.013340745413384618 0 0 0
0.0012048192771084338 -0.22565905266501132 -0.21621426193951226 -0.45000386787831065 0 0 0
0.0012048192771084338 -0.28758399299812576 -0.5717551488903092 0.1300968472050165 0 0 0
0.0012048192771084338 -0.24457644592206093 0.515438872402786 -0.32134525454402874 0 0 0
0.0012048192771084338 -0.37708989653977754 0.11028393949716454 -0.07860392746987785 0 0 0
0.0012048192771084338 0.37759257476787483 0.40692798628535354 -0.35336595594862064 0 0 0
0.0012048192771084338 -0.0601806141985444 0.25588472252656 0.23472934780108745 0 0 0
0.0012048192771084338 -0.08107922096105007 -0.12802420829002006 0.09199944476168455 0 0 0
0.0012048192771084338 0.3653578876890824 -0.11327926803906531 -0.28210743007340633 0 0 0
0.0012048192771084338 -0.43287273757347433 0.05932555781605058 0.12310444447436644 0 0 0
0.0012048192771084338 0.36464199307658124 -0.4376465786998386 -0.33935355512481563 0 0 0
0.0012048192771084338 0.4600383011178874 -0.13767203501334693 -0.402593564286638 0 0 0
0.0012048192771084338 -0.02000098926201529 -0.2655268767856015 -0.24511091889788897 0 0 0
0.0012048192771084338 0.04259943704085031 -0.030770796480491056 -0.6104450901725991 0 0 0
0.0012048192771084338 0.09870813246828193 -0.27558262597461913 0.29427461672220967 0 0 0
0.0012048192771084338 -0.10840438913682782 0.6180060642476567 0.12412813681474538 0 0 0
0.0012048192771084338 0.28945183512294603 -0.48345127019722606 -0.06084222819478862 0 0 0
0.0012048192771084338 0.06468700635025643 0.475415789031914 -0.17593032605177408 0 0 0
0.0012048192771084338 -0.19928221848639957 -0.5857579768766081 -0.229905316263007 0 0 0
0.0012048192771084338 -0.21817567412748745 -0.5316163307265039 -0.055525547749993596 0 0 0
0.0012048192771084338 0.17707535547465245 0.029988598353083165 -0.3254517349017405 0 0 0
0.0012048192771084338 -0.14677658890413753 0.322464839952083 -0.20416522944450902 0 0 0
0.0012048192771084338 0.5674587948167961 0.14450282548356178 0.3108515592094313 0 0 0
0.0012048192771084338 0.23207823595603944 -0.40432598884967985 0.2594593819989501 0 0 0
0.0012048192771084338 0.6696633509220233 -0.15779943975232832 -0.009889700480504067 0 0 0
0.0012048192771084338 -0.17045809717037974 7.279632502733514e-05 -0.18990167311560713 0 0 0
0.0012048192771084338 0.36918766585092516 0.5243889444015442 -0.20356198904681666 0 0 0
0.0012048192771084338 0.35110710148157764 0.5631624231020692 0.14252338998915476 0 0 0
0.0012048192771084338 0.2028408388823772 0.33765770313275467 -0.2640273995235255 0 0 0
0.0012048192771084338 0.14373102444052552 0.21253384661644206 0.09080594454363036 0 0 0
0.0012048192771084338 0.5196543893376931 0.14476984633154175 0.3710865027576062 0 0 0
0.0012048192771084338 0.18243071239540073 -0.3221999608289031 0.5069955128696498 0 0 0
0.0012048192771084338 -0.07490384831091552 -0.17389333797092196 -0.500647455164313 0 0 0
0.0012048192771084338 0.24149699272068811 -0.3906307208031556 0.32302992727513474 0 0 0
0.0012048192771084338 -0.5052379749804803 -0.32811662075875975 0.15906192193585456 0 0 0
0.0012048192771084338 0.2357613052245727 0.07764518714015843 -0.3896194016280462 0 0 0
0.0012048192771084338 -0.5635795883891146 -0.37610619737875056 -0.08601052404526688 0 0 0
0.0012048192771084338 -0.40597488176514973 -0.4642652929678709 -0.29372627573642873 0 0 0
0.0012048192771084338 -0.10214041011487413 -0.25006155975268174 -0.27409160143965167 0 0 0
0.0012048192771084338 0.37787620828421814 -0.2337174477635915 0.26222172050222375 0 0 0
0.0012048192771084338 0.5411288314004233 0.11952046516434128 -0.2528639101330949 0 0 0
0.0012048192771084338 0.3983984156908389 -0.005551008960285377 0.35881711113365217 0 0 0
0.0012048192771084338 0.6258667901590226 0.18156497097762195 -0.153056667337295 0 0 0
0.0012048192771084338 0.26288490774117657 0.334869174808616 -0.22594221431055447 0 0 0
0.0012048192771084338 -0.1050506005962879 0.3115079703993707 0.3326207034959431 0 0 0
0.0012048192771084338 0.0027005285473741354 -0.36071867056040136 0.37084255499496144 0 0 0
0.0012048192771084338 -0.10728271085964736 -0.16409423150939964 0.38601812067397634 0 0 0
0.0012048192771084338 0.3901825829540371 0.4182917748818652 0.3536759553117114 0 0 0
0.0012048192771084338 0.06110746405270191 -0.28919936014759184 -0.027003934540598667 0 0 0
0.0012048192771084338 0.15484078868698223 -0.25821844791899223 -0.2977100982895172 0 0 0
0.0012048192771084338 0.30168024311646946 -0.46339774750987756 0.04439949752749064 0 0 0
0.0012048192771084338 0.14847732952796674 0.4439685609716881 -0.16222321932688158 0 0 0
0.0012048192771084338 0.10209835861281072 0.11313089863033071 0.5438857146028596 0 0 0
0.0012048192771084338 0.5906207286694614 -0.10279961973553188 -0.058105231046570026 0 0 0
0.0012048192771084338 -0.08065139258351493 -0.09863421253318141 0.4127258046181115 0 0 0
0.0012048192771084338 0.45080076278475767 -0.006295986644710818 -0.14414418042005817 0 0 0
0.0012048192771084338 0.2224337404251552 0.33095003193355466 0.09391265336264391 0 0 0
0.0012048192771084338 0.11357534327553531 0.09177362953856393 0.22925066074722217 0 0 0
0.0012048192771084338 -0.647664054636192 -0.03195306696814084 -0.06177513385851999 0 0 0
0.0012048192771084338 -0.1371240004179884 -0.07457941880873559 -0.26027056994715403 0 0 0
0.0012048192771084338 0.22483673756535966 -0.4146620751962015 0.06800769758965242 0 0 0
0.0012048192771084338 -0.02710274729748693 0.08278608496386126 0.03980936293948492 0 0 0
0.0012048192771084338 0.267965784021279 -0.2709383407855847 0.42239998371937326 0 0 0
0.0012048192771084338 -0.5030853047315901 0.4298649886922882 0.1433927517841788 0 0 0
0.0012048192771084338 0.1800366704630365 0.39464941021772926 -0.4651645741537515 0 0 0
0.0012048192771084338 0.0720874847175973 0.004895608456900812 -0.41814464731238893 0 0 0
0.0012048192771084338 0.10904060804295634 0.20109863545156023 -0.5751961177872571 0 0 0
0.0012048192771084338 -0.4081325333420578 0.017008877335088445 -0.4882335322583788 0 0 0
0.0012048192771084338 0.13490605903748393 0.5721971661885911 0.14000514201375797 0 0 0
0.0012048192771084338 0.35271523368987107 -0.17928702483796038 -0.4405667969500156 0 0 0
0.0012048192771084338 0.19594880756502683 0.29490257938633446 0.08563346475498641 0 0 0
0.0012048192771084338 0.07298079227966169 0.41751018280154434 -0.43916366812891755 0 0 0
0.0012048192771084338 0.1780039478728353 0.0315769776045123 0.4713569197835266 0 0 0
0.0012048192771084338 -0.10578880555654856 -0.041809231925239616 0.2547793958901902 0 0 0
0.0012048192771084338 0.012429407498614625 0.25672135145247577 -0.6299087975396547 0 0 0
0.0012048192771084338 -0.030534480428026204 -0.43859441709789965 0.27651872667839383 0 0 0
0.0012048192771084338 -0.6269203958750824 -0.13703160559112265 -0.06456470849583718 0 0 0
0.0012048192771084338 -0.23429176855535233 -0.5446197252839174 -0.26386032187619374 0 0 0
0.0012048192771084338 0.1436552175365161 0.6317161004400326 0.061087260911877515 0 0 0
0.0012048192771084338 0.2228243938662911 -0.517115465613261 0.14912684120157177 0 0 0
0.0012048192771084338 0.07715920485267196 -0.40498889327028215 0.007593736895828621 0 0 0
0.0012048192771084338 -0.19552268380251278 -0.14148531164521613 0.3509730583827061 0 0 0
0.0012048192771084338 0.05998812618558406 -0.4037013671871873 -0.23369810636756108 0 0 0
0.0012048192771084338 -0.2854596760653118 -0.03529654957406621 -0.24417128730605467 0 0 0
0.0012048192771084338 -0.5679393324966557 -0.3369871362940181 -0.14007338987793552 0 0 0
0.0012048192771084338 0.23743462709671959 -0.10881338174549265 -0.5844183724405806 0 0 0
0.0012048192771084338 -0.1202489788811522 -0.14176616119682575 -0.6146478167201788 0 0 0
0.0012048192771084338 0.551744793088328 -0.3885639747106283 0.117153110068309 0 0 0
0.0012048192771084338 0.3338674721860384 0.1574117954760539 -0.5166243149065111 0 0 0
0.0012048192771084338 0.19377657365006556 0.12857133768099188 -0.2559868937292972 0 0 0
0.0012048192771084338 -0.18190002797160587 0.4524940335506076 -0.1679007690937517 0 0 0
0.0012048192771084338 -0.4685183786530554 -0.0595582517146265 0.15793096766650835 0 0 0
0.0012048192771084338 -0.22340612960183237 -0.6147221486730109 0.05887522307849691 0 0 0
0.0012048192771084338 0.17906906772864536 0.10096178218797106 0.4704617877129839 0 0 0
0.0012048192771084338 -0.017429620054167337 0.3963421950226707 -0.023443957896106822 0 0 0
0.0012048192771084338 -0.0645696741567451 0.3507535534698126 -0.0805888849159788 0 0 0
0.0012048192771084338 0.33266160187283556 0.18117564357549515 -0.0667533908527117 0 0 0
0.0012048192771084338 0.3881083392179553 0.24208001058316117 -0.4715083389215924 0 0 0
0.0012048192771084338 -0.4628058438395443 0.17433552220422954 0.38687240489778485 0 0 0
0.0012048192771084338 -0.3982463010691083 0.5590248440070944 -0.08663777305736793 0 0 0
0.0012048192771084338 0.35297543028719225 -0.3349846656068609 -0.20486649769186915 0 0 0
0.0012048192771084338 0.49887126465511406 -0.04558636565893016 0.11857344663702703 0 0 0
0.0012048192771084338 0.32558582592990754 0.5438757291093562 -0.1590048620236789 0 0 0
0.0012048192771084338 -0.42688503742831685 -0.03483099803495676 0.28897882319566054 0 0 0
0.0012048192771084338 -0.35904694232733914 -0.1818974858315687 0.16170597217200094 0 0 0
0.0012048192771084338 -0.25922675985442684 0.5251650992320176 -0.1194708014794309 0 0 0
0.0012048192771084338 -0.22663079731414856 -0.4014875450201912 0.464255916924159 0 0 0
0.0012048192771084338 0.16251380876635002 -0.4833728428289998 -0.3137946046567432 0 0 0
0.0012048192771084338 0.4287023139655874 0.3255012674274835 0.1742920588991759 0 0 0
0.0012048192771084338 0.34035185179497857 0.2926251157726966 0.20180719328567825 0 0 0
0.0012048192771084338 0.0068370889738340644 0.6259553811151983 -0.10314359334526178 0 0 0
0.0012048192771084338 0.2215903555130119 0.1556308898494837 0.6208855343476296 0 0 0
0.0012048192771084338 0.12056285664575486 -0.5826744460103961 0.20727225137627164 0 0 0
0.0012048192771084338 -0.11117862604763726 -0.44165386425144393 -0.17936798189042505 0 0 0
0.0012048192771084338 0.10537438641018682 0.016528137120514062 0.19386235103219077 0 0 0
0.0012048192771084338 -0.4954295864349992 0.41130520210972066 0.1143213566943518 0 0 0
0.0012048192771084338 -0.345454202475206 -0.08980444007370189 -0.5016495337199823 0 0 0
0.0012048192771084338 0.22059339082995594 0.32815163169345163 0.1008342638812718 0 0 0
0.0012048192771084338 0.16769037602452957 0.027011317782779244 0.35431956240129 0 0 0
0.0012048192771084338 0.4569233520439487 -0.1611066369933973 -0.08391795501938971 0 0 0
0.0012048192771084338 0.49595028889145065 0.2300785921028596 -0.27036954982059797 0 0 0
0.0012048192771084338 0.4743816823283723 0.07224772872721144 -0.2032666846248902 0 0 0
0.0012048192771084338 0.5138258153836602 -0.2628698643585169 -0.041317224046117006 0 0 0
0.0012048192771084338 -0.19475926482209205 0.041633894011467956 0.2024358582829454 0 0 0
0.0012048192771084338 0.401375689639369 -0.43158249381121 -0.08608693612669419 0 0 0
0.0012048192771084338 -0.2624981197285719 0.30600849189988594 0.42992231131485653 0 0 0
0.0012048192771084338 -0.060324976529608644 -0.11388833627201088 -0.25062055514006104 0 0 0
0.0012048192771084338 0.5014795580234438 0.2965308244475532 0.2726588498721059 0 0 0
0.0012048192771084338 -0.0614075881005013 0.415379675384237 0.3431944788344887 0 0 0
0.0012048192771084338 0.18383960203189664 -0.47183594323894795 0.06529026159712516 0 0 0
0.0012048192771084338 -0.05679613356466404 0.5618420919176901 -0.2819308082723092 0 0 0
0.0012048192771084338 0.22946272829454334 0.38082414983780993 0.3238120656590155 0 0 0
0.0012048192771084338 0.058112328195392846 -0.19609966168216025 -0.15542579023042524 0 0 0
0.0012048192771084338 0.06351211087979552 -0.0008065847543933493 0.3386854999731296 0 0 0
0.0012048192771084338 -0.404555736218148 -0.12495024080949975 0.1677378664565436 0 0 0
0.0012048192771084338 0.07634803208957154 0.10157828726631583 0.5752148820703278 0 0 0
0.0012048192771084338 -0.08880433391462325 0.2569063776802461 -0.40172298818567204 0 0 0
0.0012048192771084338 0.5321326939234803 0.25106198191188406 -0.280072384422151 0 0 0
0.0012048192771084338 0.32772327678517527 -0.020514770600089986 -0.08697225794263638 0 0 0
0.0012048192771084338 0.25260373776098377 0.040419793053101914 -0.4988032133978859 0 0 0
0.0012048192771084338 -0.4205936088051552 -0.23602078579909244 0.10301440840307656 0 0 0
0.0012048192771084338 -0.009018031797081853 0.24039828558325138 0.36067955581951816 0 0 0
0.0012048192771084338 0.11714670699101601 0.37130083836947625 0.5709066944463237 0 0 0
0.0012048192771084338 -0.2772455921417523 -0.3568380601391148 -0.002905511930783451 0 0 0
0.0012048192771084338 -0.01572345158206031 0.1291826984859829 0.05225106213051997 0 0 0
0.0012048192771084338 0.3203700115505931 0.2189190471521603 0.38118864241236144 0 0 0
0.0012048192771084338 -0.2073382276813439 0.5376010620259617 -0.046918612757907 0 0 0
0.0012048192771084338 -0.04475827513341229 0.31861798649151957 -0.46607005085186226 0 0 0
0.0012048192771084338 0.04963165409627956 -0.6152445492997022 0.02817166715649802 0 0 0
0.0012048192771084338 -0.2538043404842381 -0.25040234472179607 0.23256169251394784 0 0 0
0.0012048192771084338 -0.5058323940948184 0.19265815149973728 -0.2576898106434481 0 0 0
0.0012048192771084338 -0.5278244556007745 0.2802198750615985 0.06594555726991903 0 0 0
0.0012048192771084338 -0.13966557762070608 -0.3357882741964768 0.24318282380019293 0 0 0
0.0012048192771084338 -0.3540935108331822 0.39572628990520187 0.03553425355898946 0 0 0
0.0012048192771084338 0.6057754725740987 0.22184955482609267 0.2532519549795518 0 0 0
0.0012048192771084338 0.4439536767217307 -0.09128776978091344 -0.06856121659867317 0 0 0
0.0012048192771084338 -0.288611173815982 -0.4122808275022179 -0.47473631121633847 0 0 0
0.0012048192771084338 0.2832836472328205 0.3234726330564485 -0.08066133565438362 0 0 0
0.0012048192771084338 -0.5965436752937762 -0.16941970250860067 -0.22008554406376593 0 0 0
0.0012048192771084338 -0.03791304867741725 -0.2580115833986997 -0.31726834467011855 0 0 0
0.0012048192771084338 0.03750354191340592 0.11127436326647101 -0.4769346926709397 0 0 0
0.0012048192771084338 0.4152001648656516 0.1869830383644191 -0.20796023040797984 0 0 0
0.0012048192771084338 -0.640670836510621 0.13426940746668706 0.05901479206378754 0 0 0
0.0012048192771084338 0.03823011911237768 -0.46516687519505384 0.33958716817525225 0 0 0
0.0012048192771084338 -0.09004050767765157 0.29276967406789467 0.5302315103238059 0 0 0
0.0012048192771084338 -0.30235367225263 -0.21091613508632423 0.3973964012951276 0 0 0
0.0012048192771084338 -0.09907283534168113 0.42982618869891537 -0.12428060806127167 0 0 0
0.0012048192771084338 -0.3114263944379402 0.14277851605017247 -0.3242611656148705 0 0 0
0.0012048192771084338 -0.4901824759092706 0.18239158416581364 0.2953579089197927 0 0 0
0.0012048192771084338 0.1551599374287945 0.4737909330813993 0.32200848410416777 0 0 0
0.0012048192771084338 0.4853757520682052 0.10837354530404023 0.03230125754698808 0 0 0
0.0012048192771084338 0.5684190364446029 -0.2070651134989103 0.22999776490469648 0 0 0
0.0012048192771084338 -0.4807862375300672 0.32674592673715797 0.023088505200706048 0 0 0
0.0012048192771084338 -0.29426002638124715 -0.3724746059020301 -0.2206962000752806 0 0 0
0.0012048192771084338 0.03046810923497417 -0.12475903714654059 0.5798154525064072 0 0 0
0.0012048192771084338 -0.16079976345560418 -0.6049673565885899 -0.16325901157089048 0 0 0
0.0012048192771084338 0.22903468436498142 -0.1243744372782526 -0.33256900628092634 0 0 0
0.0012048192771084338 0.0614622684775909 0.04437520411930374 0.566951141266305 0 0 0
0.0012048192771084338 -0.3336561224203073 -0.33612223198209945 -0.2767436352301254 0 0 0
0.0012048192771084338 -0.17311475799021317 0.07045720239423119 -0.5013459669221438 0 0 0
0.0012048192771084338 0.1432924404500287 0.5267747985255307 -0.17693105187462307 0 0 0
0.0012048192771084338 -0.17893267097127039 0.0453136878415159 -0.3101009794262073 0 0 0
0.0012048192771084338 -0.20271894901670987 -0.4806815457343395 0.17246404021812833 0 0 0
0.0012048192771084338 -0.24799751529712294 0.45343872830076243 0.39980098765082983 0 0 0
0.0012048192771084338 -0.5436803080092962 -0.18459600298301881 -0.3706152716718124 0 0 0
0.0012048192771084338 0.33004860150909193 -0.07734557031157105 -0.5693724288615997 0 0 0
0.0012048192771084338 0.04392529354580114 -0.13808182210821826 -0.4819691651604326 0 0 0
0.0012048192771084338 0.03933730063651652 -0.5593392945660711 -0.20071990292917796 0 0 0
0.0012048192771084338 -0.3108712643050419 0.16317015006916982 -0.406160074870265 0 0 0
0.0012048192771084338 0.02887864285734658 0.6237846417047815 -0.12251683118045006 0 0 0
0.0012048192771084338 -0.006542710136845024 -0.4471438524506716 -0.3663733003740013 0 0 0
0.0012048192771084338 -0.058623838827773174 0.20938184891165998 -0.46905388216340466 0 0 0
0.0012048192771084338 0.44663263722885416 0.012780940569742532 0.20187827247892415 0 0 0
0.0012048192771084338 -0.15280968034913303 -0.19997165550305646 0.5841405611970388 0 0 0
0.0012048192771084338 0.006344510724723363 0.34305803292977183 0.4754147087708715 0 0 0
0.0012048192771084338 0.4990992997296065 0.3896806136872646 0.0779712899984793 0 0 0
0.0012048192771084338 0.06079254536365937 -0.35657188370625553 -0.36371830506507474 0 0 0
0.0012048192771084338 0.08898034461059907 -0.014296408634693445 -0.11271070853564752 0 0 0
0.0012048192771084338 -0.19959392315047897 -0.0925545394034163 0.34094226017811957 0 0 0
0.0012048192771084338 0.0754236780142683 -0.19200215958805805 -0.31909469404343327 0 0 0
0.0012048192771084338 0.10736500309560004 0.04478964997373407 0.0465979270320372 0 0 0
0.0012048192771084338 0.5739651941637777 -0.3140232183951108 -0.16902961696971813 0 0 0
0.0012048192771084338 -0.27368204729410983 0.4152590191342031 -0.24812216836380221 0 0 0
0.0012048192771084338 0.044941203344618576 -0.5008383073735565 -0.06113729225199235 0 0 0
0.0012048192771084338 -0.11670357504867834 -0.30714748212245263 -0.32068709295933306 0 0 0
0.0012048192771084338 0.33423514302987173 -0.2873747292311179 0.20801318455131546 0 0 0
0.0012048192771084338 -0.46286336722205645 -0.07732165751469268 0.20702732759581408 0 0 0
0.0012048192771084338 0.4876725450589477 0.4056521195758099 -0.13134100664320755 0 0 0
0.0012048192771084338 -0.06444684085668341 -0.11696439635282023 0.5283991676359897 0 0 0
0.0012048192771084338 0.2337373973103305 0.22141381396238083 -0.09306246359579938 0 0 0
0.0012048192771084338 -0.547701152796372 -0.40971367213275633 -0.02501083099804843 0 0 0
0.0012048192771084338 0.23642702762703025 0.5927300036739448 -0.14684558253401558 0 0 0
0.0012048192771084338 0.06512540045161158 -0.3972687287243131 0.13018184856055232 0 0 0
0.0012048192771084338 0.4659757199913445 -0.3994748505407258 0.04129136805035242 0 0 0
0.0012048192771084338 -0.20834127534616792 -0.6201558030236137 -0.004471099185493939 0 0 0
0.0012048192771084338 -0.2311640409332398 0.2506990976933415 0.4866329782338863 0 0 0
0.0012048192771084338 -0.21545446744097127 -0.11375697840105378 0.41242654226507935 0 0 0
0.0012048192771084338 -0.5599430872219989 0.15289024290396688 0.33172198461072044 0 0 0
0.0012048192771084338 -0.6735030795925079 -0.10001131776314572 -0.06909375856346167 0 0 0
0.0012048192771084338 -0.25671175391147866 0.30633423500909907 -0.04506413307788606 0 0 0
0.0012048192771084338 0.04442400068871301 -0.6534985352383104 0.010604176967763466 0 0 0
0.0012048192771084338 -0.06138061326247288 -0.610365685373522 0.2716356947850226 0 0 0
0.0012048192771084338 -0.5398133772282782 0.3577570472638855 -0.1566826224445912 0 0 0
0.0012048192771084338 0.30764491039694974 -0.42239810676706735 0.10868842906574903 0 0 0
0.0012048192771084338 0.38258396153842117 -0.317908657917999 0.20374012152669654 0 0 0
0.0012048192771084338 0.18146350507831036 0.34475163366202766 0.49933002587074193 0 0 0
0.0012048192771084338 0.2218714375157238 -0.05475292081366051 -0.12930314106905752 0 0 0
0.0012048192771084338 0.033733176965884154 0.1831009903861197 0.18804471556616295 0 0 0
0.0012048192771084338 0.07847857238690245 -0.2905741607265512 -0.09544823570151732 0 0 0
0.0012048192771084338 0.32867724628768913 -0.39853608164017557 0.18053778579490562 0 0 0
0.0012048192771084338 0.43404832090584383 -0.4656537543288239 -0.2295339769167962 0 0 0
0.0012048192771084338 -0.05229042374513988 -0.006504200249078791 0.37166484102059005 0 0 0
0.0012048192771084338 0.05398639215398954 -0.2591922949061504 0.3015808674477599 0 0 0
0.0012048192771084338 -0.15888417991098192 0.11624888318257932 0.31240844711072224 0 0 0
0.0012048192771084338 -0.0665215889184823 0.285134898357538 0.29869694338082214 0 0 0
0.0012048192771084338 -0.07820799359575481 0.629911087761412 0.15654290695514042 0 0 0
0.0012048192771084338 0.13321602957827874 -0.2510181067745498 -0.4441023447098348 0 0 0
0.0012048192771084338 0.5666412406066618 0.08704233744301564 -0.14069216679015842 0 0 0
0.0012048192771084338 0.37180445206661433 -0.10780427531074845 -0.09519935938158113 0 0 0
0.0012048192771084338 -0.010421874617473917 0.407327530823996 -0.24149146700965007 0 0 0
0.0012048192771084338 -0.5739273397274097 0.19356984887627762 -0.1807440446117627 0 0 0
0.0012048192771084338 0.05400093826113618 0.5375320357213311 0.09779465008490458 0 0 0
0.0012048192771084338 -0.10446954190882482 0.5472401838014612 -0.08136070855843829 0 0 0
0.0012048192771084338 -0.19851502353203754 -0.0134930681320363 0.36304198318156056 0 0 0
0.0012048192771084338 -0.1147882470709216 -0.22908576003427314 0.30119322863394693 0 0 0
0.0012048192771084338 -0.19895439299769604 0.14025590363966464 0.5612504698393276 0 0 0
0.0012048192771084338 -0.5156569934485642 0.020781117592592938 -0.22562597573513898 0 0 0
0.0012048192771084338 -0.10420742984198766 -0.027282849582869573 -0.2976098183556207 0 0 0
0.0012048192771084338 0.0486389374895033 0.23064772906949493 -0.026821379037381247 0 0 0
0.0012048192771084338 0.2314236103909204 0.4398886095473387 -0.320478185600404 0 0 0
0.0012048192771084338 -0.19112557031886943 -0.064646831596133 0.5073455748455968 0 0 0
0.0012048192771084338 -0.0016565912059826392 -0.16546460755786982 -0.24938714313348273 0 0 0
0.0012048192771084338 0.03092588126121234 0.5179793210929028 -0.24032468663228648 0 0 0
0.0012048192771084338 0.3125948777659493 0.46133034259530076 -0.030449667549265567 0 0 0
0.0012048192771084338 -0.5563307270597286 -0.3146678585040209 -0.22358040110256938 0 0 0
0.0012048192771084338 -0.45518614538582336 -0.09325543305999162 -0.3416921371577441 0 0 0
0.0012048192771084338 0.08173723415178102 0.06515970340186353 -0.09196707856666454 0 0 0
0.0012048192771084338 0.00708951845475175 0.4809742337580065 -0.43795084639147724 0 0 0
0.0012048192771084338 0.33826850180928547 0.4557816012567469 -0.11476852784094985 0 0 0
0.0012048192771084338 -0.1674720106776017 -0.08971147503309043 0.3736726676913917 0 0 0
0.0012048192771084338 -0.16484022747253102 0.07193107203084069 -0.5019907973057012 0 0 0
0.0012048192771084338 0.4417773580444855 0.31718881639744156 0.015021702002837577 0 0 0
0.0012048192771084338 0.5854660865812337 0.06521494257945612 -0.253125736093231 0 0 0
0.0012048192771084338 -0.06746099001119779 -0.19408979249598485 -0.1680716500546795 0 0 0
0.0012048192771084338 0.14873895404004633 0.09089358942286037 -0.5239574527997044 0 0 0
0.0012048192771084338 -0.15086864837383332 0.6654998282879074 0.10961528632021623 0 0 0
0.0012048192771084338 -0.03878840456268473 -0.6511879717381183 0.1423517157578104 0 0 0
0.0012048192771084338 0.29776858719188654 0.04574521934031515 0.06387001600935023 0 0 0
0.0012048192771084338 0.31095345471867825 -0.38408263291575434 -0.01167890187889166 0 0 0
0.0012048192771084338 0.4529735154924937 -0.022467628649610542 0.2521752449069493 0 0 0
0.0012048192771084338 -0.2087172445651384 -0.21044542326511362 0.6080441295534962 0 0 0
0.0012048192771084338 -0.12100658396608442 0.0003379474051369902 0.5987643793027838 0 0 0
0.0012048192771084338 0.2313953937010788 0.18438962937042808 -0.14560736113073633 0 0 0
0.0012048192771084338 -0.4634679839381686 0.3857475388588339 -0.14829768856716147 0 0 0
0.0012048192771084338 -0.11491723817533317 0.19955700601500564 -0.10822114458519562 0 0 0
0.0012048192771084338 -0.053716833634459 0.3204647202036242 -0.1848532473793048 0 0 0
0.0012048192771084338 0.06994086668297221 0.35485082622890596 0.2207586638222615 0 0 0
0.0012048192771084338 -0.40842496285576985 -0.14203464703563048 -0.5098067177350336 0 0 0
0.0012048192771084338 -0.4653295015783804 0.04454495211455734 0.230783001504308 0 0 0
0.0012048192771084338 -0.5308153553540569 -0.34462668825685067 -0.10391823781144395 0 0 0
0.0012048192771084338 -0.5003615961521674 0.315507399785203 0.04011889438319488 0 0 0
0.0012048192771084338 -0.08397880412490895 -0.3640811748163017 0.19678185683809735 0 0 0
0.0012048192771084338 0.05507013077928589 0.06879044868675327 0.622159525326903 0 0 0
0.0012048192771084338 0.40661646282741276 0.3307704631270227 -0.3915551885671971 0 0 0
0.0012048192771084338 0.18583170459002069 0.2057451426519842 -0.6146770072787637 0 0 0
0.0012048192771084338 -0.15533724487102496 -0.04644477888322084 -0.6538326112916913 0 0 0
0.0012048192771084338 -0.052858371467001695 0.23913756372847342 -0.35748566507142643 0 0 0
0.0012048192771084338 -0.11904537030412228 -0.4639793767917021 -0.3487484587302653 0 0 0
0.0012048192771084338 0.22021220816638987 -0.23483767184952348 -0.12371720605384318 0 0 0
0.0012048192771084338 -0.4072073732979629 -0.14656108537467916 -0.25580395842760234 0 0 0
0.0012048192771084338 0.20723165878916708 -0.2238625193246185 0.008105721554157407 0 0 0
0.0012048192771084338 0.06526817034340889 0.499223089659544 0.22158316069319964 0 0 0
0.0012048192771084338 -0.24905197941475055 -0.061836865020621405 -0.20260629588116832 0 0 0
0.0012048192771084338 -0.14390133263993257 0.12798480739226892 0.06118195020185492 0 0 0
0.0012048192771084338 0.34326038784815505 -0.24617363862041794 0.14619256361534758 0 0 0
0.0012048192771084338 -0.529690936969638 0.41029718781339547 0.0791123603136432 0 0 0
0.0012048192771084338 -0.24971438518140845 -0.5275645122616616 -0.06461613366345519 0 0 0
0.0012048192771084338 0.2461996628571132 0.4220778502369672 -0.32827844729909234 0 0 0
0.0012048192771084338 -0.21662201230276779 0.46717073478430593 -0.2199160097415461 0 0 0
0.0012048192771084338 -0.27360896404425294 0.014810679322121384 -0.3653253037349967 0 0 0
0.0012048192771084338 -0.12042079555057461 0.2148246639938926 -0.3319062501558744 0 0 0
0.0012048192771084338 -0.21240353756050215 0.2809226207671834 0.3541235977160073 0 0 0
0.0012048192771084338 0.37592960987600477 0.3508842300802815 -0.17713009962243031 0 0 0
0.0012048192771084338 -0.195944070788768 -0.07322348116280968 0.06006599307373061 0 0 0
0.0012048192771084338 0.25448219454308907 -0.06636454602783119 -0.022909563384069805 0 0 0
0.0012048192771084338 -0.514873256326011 0.05117985058081045 -0.17926070483117415 0 0 0
0.0012048192771084338 0.4806499163699525 -0.1930222162356912 -0.06234349559101883 0 0 0
0.0012048192771084338 -0.1744371726984364 0.018800192217716706 0.05731986240164551 0 0 0
0.0012048192771084338 -0.1739112861750944 -0.15797344447401554 0.6346042219084829 0 0 0
0.0012048192771084338 -0.2992750970080715 0.2640520664629759 0.44310584615210097 0 0 0
0.0012048192771084338 -0.01165158446829668 -0.31450010396185635 0.3120189200722498 0 0 0
0.0012048192771084338 0.3999298013308384 -0.3905122801629373 0.10015651150822215 0 0 0
0.0012048192771084338 0.5187103329235571 0.08269802425172679 0.3819275005789969 0 0 0
0.0012048192771084338 -0.38923495758427884 0.04965775185870015 -0.14767687570388452 0 0 0
0.0012048192771084338 -0.5101269606788518 -0.041271076570013915 -0.4532758658665326 0 0 0
0.0012048192771084338 -0.1002761579796402 0.6183162937473816 -0.19223287460344046 0 0 0
0.0012048192771084338 0.314239663844212 -0.2638407008835818 0.5399568721213093 0 0 0
0.0012048192771084338 0.19458375256828786 -0.17039252981581557 -0.14935757027102212 0 0 0
0.0012048192771084338 0.30996826332228405 0.28766708994417844 0.4509136508556601 0 0 0
0.0012048192771084338 0.21936251597744222 -0.3629199327362667 0.19381009171978603 0 0 0
0.0012048192771084338 -0.46591077811699844 -0.020320316942324633 -0.3755895645106455 0 0 0
0.0012048192771084338 -0.09272339792720145 -0.3238501038904596 -0.3943765876990003 0 0 0
0.0012048192771084338 -0.13784731907830183 -0.18820339267131483 0.02676576303820745 0 0 0
0.0012048192771084338 -0.41546165257294027 0.44357679333083727 0.25411526305932325 0 0 0
0.0012048192771084338 -0.08331227947736598 -0.2044421670833528 -0.1560240787800768 0 0 0
0.0012048192771084338 -0.03964679554253382 0.3312746438258565 -0.5797236197268023 0 0 0
0.0012048192771084338 0.06164231149292681 -0.22511407950277584 0.6426642021030612 0 0 0
0.0012048192771084338 -0.08873829986449276 0.539791152017924 -0.08300580662336005 0 0 0
0.0012048192771084338 0.23553412302407367 -0.0018109831918972526 0.18185650905130174 0 0 0
0.0012048192771084338 -0.5732768351775444 -0.2223482843633626 -0.012684136468170978 0 0 0
0.0012048192771084338 -0.0759642273229161 -0.2239391287159521 0.28880868696079065 0 0 0
0.0012048192771084338 -0.4145074482806549 0.3362882514761001 0.3727032987297222 0 0 0
0.0012048192771084338 0.3620540007410672 -0.001576862383481614 -0.498542757442684 0 0 0
0.0012048192771084338 0.29994096240504037 -0.02109666511630099 0.167061303025303 0 0 0
0.0012048192771084338 -0.26045437436196445 0.49293353515982286 0.044897361880580265 0 0 0
0.0012048192771084338 -0.5670120564388162 0.3588845704538932 -0.14638215775863977 0 0 0
0.0012048192771084338 -0.39566651121098784 -0.1657805296811431 0.26345693577610435 0 0 0
0.0012048192771084338 0.13080311315203297 -0.5000336245824247 -0.3608894568865765 0 0 0
0.0012048192771084338 0.12447053988294661 -0.24486471559091744 -0.2656327976906483 0 0 0
0.0012048192771084338 -0.15780261292448522 -0.10142813070053501 0.13678391366381407 0 0 0
0.0012048192771084338 -0.28597741660203424 -0.05429188440851605 -0.4975666273081726 0 0 0
0.0012048192771084338 -0.21769776439910998 0.0757119880750309 0.393764735699958 0 0 0
0.0012048192771084338 -0.18057961505272543 0.36275528639669197 -0.25145091038076756 0 0 0
0.0012048192771084338 -0.14839509119641683 -0.010743753856337964 -0.6289942952435286 0 0 0
0.0012048192771084338 0.4911561748424851 0.3853307351592546 0.10089849426035195 0 0 0
0.0012048192771084338 -0.060005483714179506 0.015543103626604647 -0.6162464245488205 0 0 0
0.0012048192771084338 -0.14553646622587735 0.2298042795069197 0.34357236025007054 0 0 0
0.0012048192771084338 0.43437295259202585 0.3881732193321919 -0.36475683994274866 0 0 0
0.0012048192771084338 -0.20338984310061717 -0.45819217590831 -0.20590705062200754 0 0 0
0.0012048192771084338 0.13631205763998788 0.06814674902186141 0.39483824485108887 0 0 0
0.0012048192771084338 0.3537601206006721 0.25677269768253835 0.2200788454781137 0 0 0
0.0012048192771084338 -0.3018382628256232 0.4403928457617056 0.3039817899644916 0 0 0
0.0012048192771084338 -0.4551067244870373 0.12319608432058698 0.26357069250739557 0 0 0
0.0012048192771084338 -0.040532632541003415 0.48152293883066194 0.4235259147138987 0 0 0
0.0012048192771084338 0.3692491372208726 0.546106786401475 0.20430566061260014 0 0 0
0.0012048192771084338 -0.2965136147655639 0.365417537349483 0.11440283282790473 0 0 0
0.0012048192771084338 -0.39895254849616096 0.33704085132702083 0.4281456103275038 0 0 0
0.0012048192771084338 -0.16295792103865728 -0.45049556973953164 -0.2041382570576864 0 0 0
0.0012048192771084338 0.21606813956920615 -0.06985649993470229 -0.4432911131552511 0 0 0
0.0012048192771084338 0.3980473553319568 -0.20147115566108803 0.32155599330390655 0 0 0
0.0012048192771084338 -0.046038225840227855 -0.583354164902366 -0.29974060942271635 0 0 0
0.0012048192771084338 -0.27047476461581027 0.19058486619539686 -0.1669418212964821 0 0 0
0.0012048192771084338 0.5386254029229701 -0.0870225450828689 -0.4008620392470749 0 0 0
0.0012048192771084338 0.3192976416120181 -0.11795361961756616 -0.4970293860993872 0 0 0
0.0012048192771084338 0.3291312324090857 -0.021041333564806 -0.4906460435851894 0 0 0
0.0012048192771084338 -0.4439140516815866 0.4443854439794371 -0.12967337534171292 0 0 0
0.0012048192771084338 -0.13651726746380016 -0.23746054685782111 -0.5558418678245298 0 0 0
0.0012048192771084338 -0.07731851464595967 -0.21106426284246085 0.1484565270047815 0 0 0
0.0012048192771084338 0.10006206713263624 -0.15891164632796612 -0.37881305317871694 0 0 0
0.0012048192771084338 -0.28475804436809504 0.26542409722779636 -0.4421421081974896 0 0 0
0.0012048192771084338 -0.1703346119403054 -0.24098716782698393 0.017348062052800678 0 0 0
0.0012048192771084338 -0.29645476206134747 0.3922405356605957 -0.45130940636785555 0 0 0
0.0012048192771084338 -0.03763274178219289 -0.1154545758137175 -0.12262414907306113 0 0 0
0.0012048192771084338 -0.31678139871833705 0.4819956730992583 -0.3502940594591971 0 0 0
0.0012048192771084338 0.42305543796005163 0.44600800538451585 -0.2491374253074792 0 0 0
0.0012048192771084338 0.3278502864420194 -0.4160406443543326 0.0312078061684545 0 0 0
0.0012048192771084338 0.3989754324361939 0.24969805763621455 0.13859658222016114 0 0 0
0.0012048192771084338 0.46500981627655935 0.3579434623867189 -0.1299824130539781 0 0 0
0.0012048192771084338 -0.41392149777216847 0.21853147727876662 0.3716669538131269 0 0 0
0.0012048192771084338 -0.32055244085056833 -0.2882050330268572 0.07614481751943546 0 0 0
0.0012048192771084338 0.5193429083928368 0.16810454477658673 -0.3433245009697851 0 0 0
0.0012048192771084338 -0.23387524196004733 -0.6220207947550863 0.16911173331581741 0 0 0
0.0012048192771084338 0.4414708164931776 -0.07669738928436942 -0.4007072985379675 0 0 0
0.0012048192771084338 -0.2453819326265009 0.10864719746429644 -0.48523547040136494 0 0 0
0.0012048192771084338 -0.1501517186779013 -0.5768089655785246 -0.2171059737714143 0 0 0
0.0012048192771084338 0.31345338460473304 0.5821928155499599 -0.140214628952801 0 0 0
0.0012048192771084338 0.18104557177318129 -0.46551500923366235 -0.04179772155555437 0 0 0
0.0012048192771084338 -0.3618800567239225 -0.06616374987811365 0.46622280863787763 0 0 0
0.0012048192771084338 0.42127052774447726 0.03065138366145669 -0.07969620853617322 0 0 0
0.0012048192771084338 -0.1921175811398355 0.2638211946953874 0.43618560123793 0 0 0
0.0012048192771084338 0.04075617080711076 -0.006236332269674072 0.19893196164879653 0 0 0
0.0012048192771084338 0.17335279935204512 0.20516931837213725 -0.48998533369519776 0 0 0
0.0012048192771084338 0.06916192973963231 0.06414327154724589 0.1276240329301818 0 0 0
0.0012048192771084338 0.18639171636673207 0.05541764445133527 -0.21729078696666876 0 0 0
0.0012048192771084338 0.06679142571836688 0.25039226735753506 -0.32693713958714277 0 0 0
0.0012048192771084338 -0.23617401008826439 0.3064084618148867 -0.2995738902344591 0 0 0
0.0012048192771084338 0.05567985806423188 -0.6647830392410968 0.04115133076667327 0 0 0
0.0012048192771084338 -0.43739004883058386 -0.03267645634258344 -0.16240049440111934 0 0 0
0.0012048192771084338 0.1396505874503359 -0.044622097844292184 -0.37110342995564777 0 0 0
0.0012048192771084338 0.1783287019139798 -0.1382413779868543 -0.4009836213685684 0 0 0
0.0012048192771084338 -0.05717359140484422 -0.33435676193267877 -0.36320232194227386 0 0 0
0.0012048192771084338 0.5291580436792793 0.13432193735733297 0.09704253270525044 0 0 0
0.0012048192771084338 -0.20016711098001827 -0.49844978721703026 -0.01871449253337479 0 0 0
0.0012048192771084338 -0.08093767544283666 -0.4421309276335567 -0.527734531132465 0 0 0
0.0012048192771084338 -0.015537348857695822 -0.07750370693091337 -0.6419880988468336 0 0 0
0.0012048192771084338 0.49608299308091575 -0.35649063473994175 -0.11676732534975451 0 0 0
0.0012048192771084338 -0.5063197488655173 0.3250894568892587 0.2871581504216552 0 0 0
0.0012048192771084338 0.43063464527291656 -0.2814724172681231 -0.06582894898752771 0 0 0
0.0012048192771084338 0.20706774759190247 0.027466455774208864 0.3724850779846253 0 0 0
0.0012048192771084338 -0.019659055513721414 -0.1454645473723559 0.1434566522302142 0 0 0
0.0012048192771084338 -0.4707106884028876 -0.44490921206335227 -0.10890942507420236 0 0 0
0.0012048192771084338 -0.02254165879893004 -0.28781669121273273 0.568032653533758 0 0 0
0.0012048192771084338 0.26661792743591795 -0.41575579049292916 -0.1245889659980884 0 0 0
0.0012048192771084338 -0.12453668313511693 0.0622455675324697 -0.1629086370227862 0 0 0
0.0012048192771084338 0.18117963885501517 0.13314820739338323 -0.3560575134436303 0 0 0
0.0012048192771084338 -0.06507984631138918 -0.5068498799169219 0.10527556978895457 0 0 0
0.0012048192771084338 -0.3507502394108404 0.39446718529518315 0.2754185456966362 0 0 0
0.0012048192771084338 0.3746129156978535 -0.40718219607945766 0.1273180384229452 0 0 0
0.0012048192771084338 0.2205806836730483 0.02113802720261229 -0.4894242292320382 0 0 0
0.0012048192771084338 0.0700044874245967 0.20578292427856124 0.2418945749115459 0 0 0
0.0012048192771084338 0.5222013660667869 -0.20025652624676465 0.3445649538890219 0 0 0
0.0012048192771084338 -0.44662548493791704 -0.136844628506033 0.4776037746106025 0 0 0
0.0012048192771084338 -0.598831674433091 -0.3325226489385374 -0.06553046694913427 0 0 0
0.0012048192771084338 0.019791068244157387 -0.446442335172694 0.036270112556315175 0 0 0
0.0012048192771084338 0.10645644846773944 0.12759276720083668 0.46346443697679984 0 0 0
0.0012048192771084338 -0.11422893616221697 -0.05703207730316201 -0.4957097352499149 0 0 0
0.0012048192771084338 0.10608178566866466 0.4185372398845706 -0.4091714587559613 0 0 0
0.0012048192771084338 0.34287747763785936 0.5653270116533264 -0.1009900776067443 0 0 0
0.0012048192771084338 0.028841279557260444 0.605677228015375 0.3154230951003051 0 0 0
0.0012048192771084338 0.24787693388274093 0.2837770485095089 0.26827889534180444 0 0 0
0.0012048192771084338 -0.010226329126212035 -0.3490327971249825 0.4398590636084904 0 0 0
0.0012048192771084338 0.4596044708416185 0.19247215518358574 0.3140029747129494 0 0 0
0.0012048192771084338 -0.045821330279543174 0.27999849398542626 0.2561338604883845 0 0 0
0.0012048192771084338 -0.06854410590354627 -0.38461470091855937 0.4297454747601085 0 0 0
0.0012048192771084338 -0.19361694675080462 -0.08926130379933289 -0.23783112059714467 0 0 0
0.0012048192771084338 -0.4009841778826241 -0.32667901427171375 0.36058138852352156 0 0 0
0.0012048192771084338 -0.5455233165789184 -0.35350743706279736 0.004872317234329371 0 0 0
0.0012048192771084338 0.3448692294007223 0.17541038136814194 -0.33142524785701594 0 0 0
0.0012048192771084338 -0.32780597172054504 0.4416198508475736 -0.10421701998610025 0 0 0
0.0012048192771084338 0.0015664190334509895 0.016549517833529273 0.11585594511527321 0 0 0
0.0012048192771084338 -0.03154533197299745 0.369681559245637 0.22281236490729708 0 0 0
0.0012048192771084338 -0.4196241258618536 0.18123608190988122 -0.3947904829308582 0 0 0
0.0012048192771084338 -0.2568062414611031 -0.19680348703407935 0.5217847604805249 0 0 0
0.0012048192771084338 -0.1350136349915842 0.28979189383161236 0.15023364480310175 0 0 0
0.0012048192771084338 0.39905726337619396 0.18466506979683264 -0.4493553357288289 0 0 0
0.0012048192771084338 -0.02917585953310213 -0.49791756937045367 -0.03622376566057038 0 0 0
0.0012048192771084338 0.5186186080534385 -0.1426722575444882 -0.27333347900958577 0 0 0
0.0012048192771084338 0.3213553168720701 0.3845821752648864 -0.23980349394136408 0 0 0
0.0012048192771084338 0.5193373635180435 0.25732689710063966 0.29216939611373116 0 0 0
0.0012048192771084338 0.16997440346284307 -0.11265696415229814 -0.49533373907898726 0 0 0
0.0012048192771084338 0.09131680151033322 -0.5324107542764965 -0.3023373359902481 0 0 0
0.0012048192771084338 -0.4083560353876475 0.14098227342029832 0.5084176405770006 0 0 0
0.0012048192771084338 0.23622456298801162 0.1088278501106805 -0.13348672389042923 0 0 0
0.0012048192771084338 -0.6068723774151953 -0.22198606127745646 0.17086160498736674 0 0 0
0.0012048192771084338 0.4931277528936537 -0.062202840505104405 -0.07037491242738703 0 0 0
0.0012048192771084338 0.056495392178332535 0.4254260382673038 -0.2792980289807529 0 0 0
0.0012048192771084338 -0.6187300652260598 0.06386484728530323 0.20751327859415142 0 0 0
0.0012048192771084338 -0.27259913592108187 0.09796770404545357 -0.20416867583251977 0 0 0
0.0012048192771084338 -0.1771286265775929 -0.5980007058959236 0.10611743510129504 0 0 0
0.0012048192771084338 0.3340991310730258 0.3477114911423043 -0.47803614133482203 0 0 0
0.0012048192771084338 0.0443128407111844 -0.02223662788197449 -0.3272579603022775 0 0 0
0.0012048192771084338 -0.08697025573995742 -0.15507663638997543 -0.10558454998809655 0 0 0
0.0012048192771084338 -0.26865185147331483 -0.31494511936624464 0.18409654095267064 0 0 0
0.0012048192771084338 0.27441309427105715 0.1859944087452057 -0.5509845798629399 0 0 0
0.0012048192771084338 -0.040575650154288996 -0.5020442809743836 0.0425471525912828 0 0 0
0.0012048192771084338 -0.34924468061276265 -0.2349323510709226 -0.3410960416885776 0 0 0
0.0012048192771084338 -0.5600209594702201 -0.09335528560138713 0.032556399675862914 0 0 0
0.0012048192771084338 -0.05708154753326841 -0.36405347985341013 -0.08119804164040666 0 0 0
0.0012048192771084338 0.23780131368170204 0.03391116957650935 -0.0976841710036914 0 0 0
0.0012048192771084338 -0.1476611844443008 -0.041588601802355345 -0.017860891207738018 0 0 0
0.0012048192771084338 0.3440395434610357 0.29340423895538414 0.5193550299291331 0 0 0
0.0012048192771084338 -0.27768815469910707 0.4648686083738277 0.20628791668234098 0 0 0
0.0012048192771084338 -0.09629120765609298 0.06502459670158889 -0.5966841476256233 0 0 0
0.0012048192771084338 0.3283631540343965 0.2564786048230622 -0.5466030368254813 0 0 0
0.0012048192771084338 -0.03814047761688627 -0.40884487543605846 -0.13618852782024388 0 0 0
0.0012048192771084338 0.14651294668123221 -0.05928326154851687 -0.570597236332177 0 0 0
0.0012048192771084338 -0.5491168969326051 -0.02184547404838666 0.3871094080170019 0 0 0
0.0012048192771084338 0.3259276822566641 0.1917177159853041 -0.013298139708743434 0 0 0
0.0012048192771084338 -0.009798105853832666 -0.15205430058644437 0.47646882734343327 0 0 0
0.0012048192771084338 -0.43096828073669796 0.005655833348717443 -0.1949739046459461 0 0 0
0.0012048192771084338 -0.26981377660516875 0.31049440833779646 0.5426543657607404 0 0 0
0.0012048192771084338 0.044319526196678394 -0.12812774346679404 -0.13294578103955895 0 0 0
0.0012048192771084338 -0.09725014635161854 0.06702868784719326 0.3221993792946121 0 0 0
0.0012048192771084338 0.11553904510848906 0.039558026812565636 0.19070564134844603 0 0 0
0.0012048192771084338 -0.4048279351236335 0.052358725112786185 -0.54639088024755 0 0 0
0.0012048192771084338 0.12377000894493581 -0.6128887432762132 -0.20553787418062286 0 0 0
0.0012048192771084338 0.44169305297335415 -0.21638808897239584 0.2526454424533964 0 0 0
0.0012048192771084338 0.035036607844038045 0.6090012633022727 0.30295815898429224 0 0 0
0.0012048192771084338 0.10535863545470114 -0.15318681978547194 -0.41279293508290116 0 0 0
0.0012048192771084338 0.011591366669618486 0.5970732851480847 0.30622745218072733 0 0 0
0.0012048192771084338 0.23513386316558404 -0.032797934237414984 0.5387361249956245 0 0 0
0.0012048192771084338 -0.026690164306675264 -0.30322906096426616 0.01535644376572068 0 0 0
0.0012048192771084338 -0.5062855628965075 -0.07384605986045813 0.19803997601482107 0 0 0
0.0012048192771084338 0.4513782406286479 0.10322596263921939 -0.400989259265777 0 0 0
0.0012048192771084338 -0.08858987175274992 -0.07996008582786072 -0.5758572166452889 0 0 0
0.0012048192771084338 -0.11837472902750142 -0.14953457658439456 -0.10317102306855136 0 0 0
0.0012048192771084338 -0.042595333451006134 -0.36639182652410723 0.22974581067946184 0 0 0
0.0012048192771084338 -0.6255312626804767 0.12329001002068761 -0.1645632454784309 0 0 0
0.0012048192771084338 0.11492841191785956 -0.40428630024297896 -0.49736810471357706 0 0 0
0.0012048192771084338 -0.019854585479835766 -0.2069128033686544 -0.45597683026372515 0 0 0
0.0012048192771084338 -0.582844372824101 0.05226427921578945 -0.32565270295649756 0 0 0
0.0012048192771084338 -0.27436404678123977 -0.013010286418308202 -0.3588765989469925 0 0 0
0.0012048192771084338 0.011599527670937462 -0.08919584089800484 0.01759945161317742 0 0 0
0.0012048192771084338 -0.3412452217163869 0.32345094499783406 -0.0948014057603266 0 0 0
0.0012048192771084338 -0.27160347473767865 0.5377957708481125 0.2748364266656032 0 0 0
0.0012048192771084338 -0.18699032543159524 -0.4422841878012673 -0.1260976157953111 0 0 0
0.0012048192771084338 -0.3131852832559108 0.14289394249849582 -0.43606200783831395 0 0 0
0.0012048192771084338 0.16848320413729834 0.520025984174181 -0.18060179488288544 0 0 0
0.0012048192771084338 0.42393579106994594 0.08214328751795363 -0.304457636026729 0 0 0
0.0012048192771084338 0.2544708996453142 0.30497473712914774 0.04249112139248367 0 0 0
0.0012048192771084338 0.17213948529339143 0.01628025745681191 -0.5101540849502957 0 0 0
0.0012048192771084338 -0.211872675725617 0.167208559070392 -0.4870901864148478 0 0 0
0.0012048192771084338 0.4571922332294058 0.016526424937016466 -0.09365770385394463 0 0 0
0.0012048192771084338 -0.2810066950585364 0.18475257874246606 0.600243824297382 0 0 0
0.0012048192771084338 0.22608029226087992 -0.018094424456959034 -0.2720525931870843 0 0 0
0.0012048192771084338 0.25725924317223026 0.18872552692222735 -0.2654644660579415 0 0 0
0.0012048192771084338 -0.48025089819626876 -0.35472654726375064 0.23128576014690638 0 0 0
0.0012048192771084338 0.2759007847270424 0.23425181738013803 -0.3687793228109429 0 0 0
0.0012048192771084338 -0.20332809201225568 -0.009361299545936543 -0.15390012821538024 0 0 0
