910
0
0.001098901098901099 -0.431036126085445 0.24517173830002725 0.3861262959231571 0 0 0
0.001098901098901099 0.12348456788201503 -0.6749182204528299 -0.09678290585669926 0 0 0
0.001098901098901099 0.1443993472073472 -0.37884687462873184 -0.4573892852856008 0 0 0
0.001098901098901099 0.037174644846456974 -0.23789650776374355 0.5317206339988624 0 0 0
0.001098901098901099 0.12562782934904831 -0.23198158468534102 -0.6280571495864032 0 0 0
0.001098901098901099 -0.06110685842939305 -0.24071087999053034 0.4917469947242763 0 0 0
0.001098901098901099 0.22941304141989238 -0.5617180950678919 0.08113165269718713 0 0 0
0.001098901098901099 -0.04468105844431385 -0.2927585341127719 0.2717914888634429 0 0 0
0.001098901098901099 0.17089008979535228 0.3081625139317391 -0.5431615201078714 0 0 0
0.001098901098901099 -0.18273590773705442 0.19012552390065832 -0.0135425746372485 0 0 0
0.001098901098901099 0.6100533301408084 0.09158649374741067 -0.08541713332894452 0 0 0
0.001098901098901099 -0.09688993632416965 -0.2397338709153528 -0.455617975475056 0 0 0
0.001098901098901099 0.4907619130266562 0.035450262545441924 -0.1835976482643945 0 0 0
0.001098901098901099 0.009162337634169713 0.36182353638988884 -0.4488943499037534 0 0 0
0.001098901098901099 0.30618732808362303 -0.4391259362946101 -0.32177602412334655 0 0 0
0.001098901098901099 -0.06704109764860433 0.09418594352440042 0.1814994384467691 0 0 0
0.001098901098901099 0.04596256925956829 0.11143169296939712 0.33462446719848915 0 0 0
0.001098901098901099 0.37913813384096384 0.2635878428137437 0.41164097052556353 0 0 0
0.001098901098901099 0.260815740480122 -0.25125053117253454 -0.26455832006323365 0 0 0
0.001098901098901099 -0.22416060484596176 -0.36533406724205547 0.24703891543274986 0 0 0
0.001098901098901099 -0.0038350893052579967 -0.08509269590813412 -0.042626479361269703 0 0 0
0.001098901098901099 -0.33346211145188925 -0.5361516247609088 -0.24350693547851907 0 0 0
0.001098901098901099 0.3391946516595697 -0.4818789189637077 0.225689859734977 0 0 0
0.001098901098901099 0.27854445059422084 0.3213161367480603 -0.17243511404667292 0 0 0
0.001098901098901099 -0.08554061462484006 -0.41424785467984754 -0.39078308265359896 0 0 0
0.001098901098901099 0.03520069557971592 -0.0008316990237833896 0.41950406375255317 0 0 0
0.001098901098901099 0.5680018210035803 0.03785241002279676 -0.030498141241670818 0 0 0
0.001098901098901099 -0.3468252416704832 -0.35634337630210833 -0.22344293750798408 0 0 0
0.001098901098901099 0.1429454262586827 -0.5412711329021758 -0.051378292296375125 0 0 0
0.001098901098901099 0.17641582668829064 -0.45729170277257447 0.38370462018592766 0 0 0
0.001098901098901099 -0.2598995431546135 -0.08236903434135355 0.1186826060537101 0 0 0
0.001098901098901099 -0.22644038867831953 0.09817511836083463 -0.6198015291067805 0 0 0
0.001098901098901099 -0.2909290555820518 -0.5139100939034108 0.27232151607829147 0 0 0
0.001098901098901099 0.03884823101893711 -0.2512939487713325 -0.5704485625071806 0 0 0
0.001098901098901099 0.14920775982440068 0.13266450009306993 0.20671642570181656 0 0 0
0.001098901098901099 0.04571198216591945 0.07908386277539893 -0.34040529907714645 0 0 0
0.001098901098901099 -0.289842412337406 -0.11353284102924956 -0.47152734200588625 0 0 0
0.001098901098901099 -0.13577403989554152 -0.1221195628106831 0.4255244971661011 0 0 0
0.001098901098901099 -0.013870276437501942 -0.05274401500410843 -0.520703710356715 0 0 0
0.001098901098901099 -0.12750228985708464 0.13798744153444273 0.6271752660867645 0 0 0
0.001098901098901099 -0.42322874178260467 -0.11889397038918637 0.0961322553971559 0 0 0
0.001098901098901099 -0.3275911155009851 0.15005404988691687 0.3566395956247434 0 0 0
0.001098901098901099 -0.1196647829376238 -0.23215248661263177 -0.15251554921080657 0 0 0
0.001098901098901099 -0.1342449394507354 -0.04727592252964647 0.12713203760715003 0 0 0
0.001098901098901099 0.3393850962560925 -0.15657930224707617 0.2604475662160679 0 0 0
0.001098901098901099 -0.07649678747268608 -0.014346372728906036 0.6106391495898916 0 0 0
0.001098901098901099 -0.10242433057780864 -0.19079809790016716 0.09645221882910926 0 0 0
0.001098901098901099 0.11891570696794602 -0.2806659613526784 0.5909809804556212 0 0 0
0.001098901098901099 0.11776285001119363 -0.25904109397730096 -0.5763391428210255 0 0 0
0.001098901098901099 0.5580246548284388 -0.08716116307684954 -0.09114464868587015 0 0 0
0.001098901098901099 -0.6200876519981139 -0.0018007335998858627 0.09239211115958745 0 0 0
0.001098901098901099 0.04780160040374153 -0.12921883737943704 -0.41040150823762345 0 0 0
0.001098901098901099 0.0665030524551181 -0.17473382936029275 -0.5507681935980612 0 0 0
0.001098901098901099 -0.08420611131532349 0.004798097255070505 -0.07501329798985903 0 0 0
0.001098901098901099 -0.20718576480259895 0.5104787897915278 -0.36628150201301163 0 0 0
0.001098901098901099 0.07347747083908386 -0.22851080775431543 -0.21131739375895373 0 0 0
0.001098901098901099 -0.511858871229226 0.2531010316126483 0.33173719731387674 0 0 0
0.001098901098901099 -0.43514168316989005 -0.11786291322544112 0.5188382335241425 0 0 0
0.001098901098901099 -0.12545354939883357 0.5922477348452976 -0.30915857386047935 0 0 0
0.001098901098901099 0.5265972216818285 -0.06310605273354926 0.19815235482944865 0 0 0
0.001098901098901099 -0.02438335033934858 -0.5172558544526558 -0.15088195583145883 0 0 0
0.001098901098901099 0.49919269696858465 -0.09483560283026805 0.12351260243588244 0 0 0
0.001098901098901099 0.5099238664324133 -0.09804363792702475 0.36016954653519784 0 0 0
0.001098901098901099 0.47437792592057987 -0.23089084264472728 0.16259008014565388 0 0 0
0.001098901098901099 0.3136890194285557 0.5694014985275062 0.22251466842125978 0 0 0
0.001098901098901099 0.3545633783914934 -0.28622961637425587 -0.039063213147733124 0 0 0
0.001098901098901099 0.3184502632777832 0.45760403532950383 0.19559121677772673 0 0 0
0.001098901098901099 -0.3018588308348958 0.5205989588852785 0.173088613712056 0 0 0
0.001098901098901099 -0.4309187506916063 0.19622131690180133 -0.28656805013286407 0 0 0
0.001098901098901099 -0.43791484176284373 0.38254694593205896 -0.35227901028895825 0 0 0
0.001098901098901099 -0.11530774666767145 -0.05957321362347627 0.1508262190981687 0 0 0
0.001098901098901099 0.4603900065365676 0.04575082019608294 -0.35054780604126395 0 0 0
0.001098901098901099 0.065319829667296 0.5465710805014443 0.2891197646605331 0 0 0
0.001098901098901099 0.08173104035491142 -0.5084253661021487 -0.1359178421623235 0 0 0
0.001098901098901099 0.3915120982490607 -0.3678290049150872 -0.12874358688860812 0 0 0
0.001098901098901099 0.4388337330462285 -0.3891175018755374 0.3351366156624409 0 0 0
0.001098901098901099 0.11360928828747453 0.30283808169847404 -0.15512394542434427 0 0 0
0.001098901098901099 0.12907692898361353 0.40252583325449603 -0.3826847506588165 0 0 0
0.001098901098901099 -0.12308909771886331 0.04761277653071787 0.36642192457896117 0 0 0
0.001098901098901099 -0.4565624921103516 0.4074413144878659 -0.12942643413931812 0 0 0
0.001098901098901099 0.3803086531789146 -0.5288184643703271 0.02104594009568533 0 0 0
0.001098901098901099 -0.22856679946285496 0.2853672685735782 0.0990228879686791 0 0 0
0.001098901098901099 0.4475658380589004 0.36920208441154884 -0.029114906103545276 0 0 0
0.001098901098901099 0.09767452908725571 -0.38602041135374104 0.29058927650352506 0 0 0
0.001098901098901099 0.5191708914764506 0.4464188997136693 0.03750488200192995 0 0 0
0.001098901098901099 0.06907789403268395 0.161759433169941 0.6065080854010444 0 0 0
0.001098901098901099 0.5592697110756328 0.16006466323256646 -0.18919853417957513 0 0 0
0.001098901098901099 -0.10092142344919235 0.13932510450801405 0.5781709833466965 0 0 0
0.001098901098901099 -0.610681905167325 0.05789081928127433 -0.24718233950482832 0 0 0
0.001098901098901099 -0.11000937262713278 -0.5115456872040098 -0.3795134270148974 0 0 0
0.001098901098901099 0.14271183415401692 -0.13868383578080395 0.4759974381916206 0 0 0
0.001098901098901099 0.13077774204920956 -0.16387494977619668 -0.10715413402865678 0 0 0
0.001098901098901099 -0.044189336178451645 -0.43951159882838026 -0.11510441014575518 0 0 0
0.001098901098901099 -0.03543379028368068 -0.4501177028212879 -0.2948361274678154 0 0 0
0.001098901098901099 0.11588342968362551 -0.046561581036091745 -0.39770470013747666 0 0 0
0.001098901098901099 0.3528395015341256 0.3976262275015732 -0.0740495771583793 0 0 0
0.001098901098901099 0.14609955889267448 0.1766692028408366 -0.2748466516234781 0 0 0
0.001098901098901099 -0.49608088263497746 0.3031967285445202 -0.03267654920947713 0 0 0
0.001098901098901099 -0.12231390944354101 0.1511587744499006 0.18898151593445278 0 0 0
0.001098901098901099 0.2795147148877151 0.5210485577570626 0.16269704666439247 0 0 0
0.001098901098901099 -0.2505719532896884 -0.47989093675555766 -0.08231499408159718 0 0 0
0.001098901098901099 -0.24844978602888074 0.4570379135620193 0.14331676681439715 0 0 0
0.001098901098901099 0.02089291534598193 -0.22991997216022703 0.5102397146381271 0 0 0
0.001098901098901099 -0.32166513320659806 0.38978818108741703 -0.16332945446367156 0 0 0
0.001098901098901099 0.35972214628880544 -0.051175996496289226 -0.053592184515762885 0 0 0
0.001098901098901099 0.5612228672487971 0.27678000275643594 -0.26614980888171724 0 0 0
0.001098901098901099 0.6647690144170904 0.0810459405524799 -0.1208684577102767 0 0 0
0.001098901098901099 0.3535522796333714 0.5327722698505639 0.14230699802985744 0 0 0
0.001098901098901099 0.4833775712928924 0.42166472574238184 0.1642569380362034 0 0 0
0.001098901098901099 -0.048164717957225205 0.33840715581393116 0.1528588252880179 0 0 0
0.001098901098901099 0.34972296445530865 -0.15887869155233023 -0.2186798584053545 0 0 0
0.001098901098901099 -0.15558881831738303 -0.23487484914722018 0.09176980884317586 0 0 0
0.001098901098901099 -0.17168254839556635 0.6448912818014574 0.06695394686753223 0 0 0
0.001098901098901099 0.21759684335689558 -0.15289205959296998 0.41635674429868075 0 0 0
0.001098901098901099 -0.0987727691508767 0.1496297235748701 -0.4213283935258391 0 0 0
0.001098901098901099 0.4458242832412889 0.4470345765115082 -0.2542319353785671 0 0 0
0.001098901098901099 -0.1760576313592979 -0.4779866180619303 0.17871889926651244 0 0 0
0.001098901098901099 -0.12309964651311384 0.0226830630025041 0.2487153968638832 0 0 0
0.001098901098901099 0.2732069394265037 0.5253268822331258 0.11738949612122833 0 0 0
0.001098901098901099 -0.10713463963231376 -0.3718479358682471 -0.5315085368458348 0 0 0
0.001098901098901099 0.05546207602679441 -0.44160051679426215 -0.06978748618402884 0 0 0
0.001098901098901099 -0.5276596222174337 -0.08203703442831042 0.33299319494440827 0 0 0
0.001098901098901099 0.4773139970942524 -0.4120952680495996 -0.22218206257237672 0 0 0
0.001098901098901099 0.21483550418587194 0.4337065215984986 -0.11383465381850759 0 0 0
0.001098901098901099 -0.221824652528917 -0.567749587011534 0.20266691878350535 0 0 0
0.001098901098901099 -0.4715811517587753 -0.1274158380547922 0.32603398413368284 0 0 0
0.001098901098901099 0.025759338776060507 0.22782425008395651 0.4033922259073758 0 0 0
0.001098901098901099 -0.06034199680747753 0.2394043324355985 0.48009833035927935 0 0 0
0.001098901098901099 0.2495511358781992 -0.3951861978086764 -0.1746746736154475 0 0 0
0.001098901098901099 0.09594514635318607 -0.1880653244212755 0.6480438904214938 0 0 0
0.001098901098901099 -0.02299138640533895 -0.39336990851960146 0.03621511025059197 0 0 0
0.001098901098901099 -0.35056833169308643 -0.40070341599460935 0.0075458742383553955 0 0 0
0.001098901098901099 0.5384130088575049 -0.09092856664369346 -0.2859720129395842 0 0 0
0.001098901098901099 0.13129875518670175 0.3951819951618326 -0.5333385018731379 0 0 0
0.001098901098901099 0.11134409826515969 0.18680596501387212 0.2156239867296651 0 0 0
0.001098901098901099 -0.15119323031240778 0.6116188442695828 -0.011943008744145396 0 0 0
0.001098901098901099 -0.0637916036867587 0.558283285338517 0.15934737774188457 0 0 0
0.001098901098901099 -0.3230597340097492 0.06318346662168492 0.2530381412319756 0 0 0
0.001098901098901099 -0.4527429391559753 -0.09498075674014074 -0.10802077739520419 0 0 0
0.001098901098901099 -0.3351573000932046 0.09034848092387865 0.5851430033112182 0 0 0
0.001098901098901099 0.09083193189592642 0.5687407551139602 0.123208944692532 0 0 0
0.001098901098901099 0.4755009540397849 0.09483410700268538 -0.027303964802154475 0 0 0
0.001098901098901099 -0.16392088759026033 0.49473896295970254 0.28901152127867485 0 0 0
0.001098901098901099 -0.2191210953352325 0.4478124243282934 0.010263659670488041 0 0 0
0.001098901098901099 0.2794124631062176 0.12489406038249802 0.5522148607793175 0 0 0
0.001098901098901099 0.05376422147166329 -0.6456397573309117 -0.06229263099731418 0 0 0
0.001098901098901099 0.31744011872969446 0.6103925547200306 0.03667024219021305 0 0 0
0.001098901098901099 -0.009732489992431629 -0.34760908487020303 0.08078077936253934 0 0 0
0.001098901098901099 0.08862946425917466 0.16786565737632927 -0.03831301706022945 0 0 0
0.001098901098901099 -0.13173047928072004 -0.394979346022145 -0.5149841278948099 0 0 0
0.001098901098901099 0.42858886504033894 0.42654859099979026 0.08973634816643401 0 0 0
0.001098901098901099 -0.057066088215895795 0.4559144979271499 -0.4922002538445608 0 0 0
0.001098901098901099 0.4694474972538506 0.2201714083972795 0.12621333094121856 0 0 0
0.001098901098901099 0.2227449439856605 -0.07489285545454233 -0.2941716114287266 0 0 0
0.001098901098901099 0.12327844614828691 0.23001250725548691 0.18754216366440235 0 0 0
0.001098901098901099 0.07921161634085132 -0.4405359172899363 0.4973982432188952 0 0 0
0.001098901098901099 -0.053483076659613556 0.44618919198175006 -0.39507677348640313 0 0 0
0.001098901098901099 0.4779162583738372 -0.32168652433039746 -0.19498140630892116 0 0 0
0.001098901098901099 0.02026244465228331 -0.019450822834375037 0.686494889840079 0 0 0
0.001098901098901099 -0.10528088250981149 -0.332969093337608 -0.06595199192423629 0 0 0
0.001098901098901099 0.3874493503877821 0.27792359950494994 0.06008961770032404 0 0 0
0.001098901098901099 -0.45351145510564217 -0.23069164314303126 -0.39256361940828677 0 0 0
0.001098901098901099 -0.5273994320248118 -0.03046947321936308 -0.19536603078753303 0 0 0
0.001098901098901099 -0.4287690471072616 -0.049523301846369036 0.3541017916563664 0 0 0
0.001098901098901099 0.4942102584474105 -0.21535903752461233 -0.190437636819615 0 0 0
0.001098901098901099 -0.35133820078579564 -0.10452343488429384 -0.5288047876633578 0 0 0
0.001098901098901099 -0.21709557978310198 -0.5142464219149983 0.034473199920376146 0 0 0
0.001098901098901099 -0.020963290324131304 -0.2342100642963101 -0.5075069623474029 0 0 0
0.001098901098901099 -0.336372579248874 0.4152472555003005 -0.35954281897839396 0 0 0
0.001098901098901099 0.27438472648042506 0.018596094716360555 -0.6157271850095166 0 0 0
0.001098901098901099 -0.5614586911830292 0.18762897416769103 -0.04868940149892195 0 0 0
0.001098901098901099 0.010678873773091986 0.06956566092364212 -0.4742665549494237 0 0 0
0.001098901098901099 0.5522942341898766 0.26005778696142073 0.14313436389817147 0 0 0
0.001098901098901099 -0.2338477176225771 0.5610422216586226 -0.11719435387486923 0 0 0
0.001098901098901099 0.3625500851680173 -0.15132223121512794 -0.1218719452893604 0 0 0
0.001098901098901099 0.26592607337477886 0.24645419897707777 -0.06484783251978452 0 0 0
0.001098901098901099 0.10070097181701054 -0.044573817886464674 -0.6706483272511558 0 0 0
0.001098901098901099 0.43656302971235195 0.26660322794852 0.1325373307057369 0 0 0
0.001098901098901099 0.39498570677332673 -0.29110790951114657 -0.03817217089986523 0 0 0
0.001098901098901099 0.4777723449548973 -0.23249840286242562 0.3186339739266929 0 0 0
0.001098901098901099 -0.34498414713418035 -0.27586855920166825 0.2242318217224626 0 0 0
0.001098901098901099 -0.07890591561817521 -0.4203879670587712 -0.3881823940356665 0 0 0
0.001098901098901099 0.41971957789379816 0.28714038229673117 0.4041779445399472 0 0 0
0.001098901098901099 -0.42237181840148763 -0.20585029432382482 -0.21574257469799396 0 0 0
0.001098901098901099 0.055918771510420545 0.2438323387213676 0.2549943315232637 0 0 0
0.001098901098901099 -0.2509536648198866 -0.542426124098139 0.28207424853808327 0 0 0
0.001098901098901099 0.1077430749441848 0.41642945569859574 0.4402240264730328 0 0 0
0.001098901098901099 -0.3557750642424484 0.23988038358364663 0.13848675113462758 0 0 0
0.001098901098901099 -0.33167779429713873 -0.4498458741679062 -0.19063378350037047 0 0 0
0.001098901098901099 -0.5623979203159621 -0.03470766063194409 0.3352380309612406 0 0 0
0.001098901098901099 0.4374966003368805 0.1844131178319315 0.04458867357095486 0 0 0
0.001098901098901099 -0.5592568154662997 0.086361947277153 -0.05435668295048806 0 0 0
0.001098901098901099 -0.02814779961327502 0.513065762526632 -0.2731716315563528 0 0 0
0.001098901098901099 0.44853323369723674 -0.3003732287676134 0.32902629444956677 0 0 0
0.001098901098901099 -0.5351939942971433 -0.2231932386997638 0.3236154298957183 0 0 0
0.001098901098901099 0.42553298760261277 -0.13608596511796134 -0.2788751595363777 0 0 0
0.001098901098901099 0.11271997685778606 -0.4052543381548951 -0.4502550032122718 0 0 0
0.001098901098901099 0.33742238771659144 0.05266610770029482 0.5798239377458999 0 0 0
0.001098901098901099 0.020599324162749868 0.20655188386929393 0.132572820267124 0 0 0
0.001098901098901099 0.21186299660333055 -0.4811083196417996 -0.17586942239772588 0 0 0
0.001098901098901099 0.4007160522494358 0.45252939270825804 0.23685525912333155 0 0 0
0.001098901098901099 0.5089760603183614 -0.013684153246419173 0.03283850504285047 0 0 0
0.001098901098901099 -0.42909127727681107 -0.4120530207814163 0.13821626022970668 0 0 0
0.001098901098901099 -0.4586490194088054 0.2385663834848081 0.3408335276602957 0 0 0
0.001098901098901099 0.18263561080890156 -0.150930521177293 0.03350822432535804 0 0 0
0.001098901098901099 0.2010260845802245 0.2814184652023623 0.21601488563330856 0 0 0
0.001098901098901099 -0.01469117025130416 -0.5524564602684917 -0.015388543023132816 0 0 0
0.001098901098901099 -0.54197984762131 -0.3231911339765958 0.06518567010964052 0 0 0
0.001098901098901099 -0.426917783079575 0.05906496714219142 -0.16276802623433684 0 0 0
0.001098901098901099 0.3125839596954146 -0.0025087449059904773 0.12453651394831779 0 0 0
0.001098901098901099 0.3750186318246498 -0.033721412260619595 -0.5013737478921552 0 0 0
0.001098901098901099 0.37408791455936424 -0.5298487495171292 -0.02313334141725446 0 0 0
0.001098901098901099 -0.2647829175899813 0.2709328257083398 -0.20376710534327402 0 0 0
0.001098901098901099 -0.01900337833601003 0.5362141844478568 -0.2166048052088674 0 0 0
0.001098901098901099 -0.043628951774642814 -0.10984396758134038 -0.07956542098559014 0 0 0
0.001098901098901099 -0.08481060762470768 0.4043266262829672 0.5229484126427887 0 0 0
0.001098901098901099 0.27772429183889524 -0.10317376647482501 -0.13774167227764308 0 0 0
0.001098901098901099 -0.44434348798832657 -0.3218799970314524 -0.1001151177902643 0 0 0
0.001098901098901099 -0.3354209341418852 0.13079424741749968 0.1842118655532295 0 0 0
0.001098901098901099 0.16025766415560852 0.4237561194831424 0.4586415967071651 0 0 0
0.001098901098901099 0.30511624338835314 -0.015901596775427844 0.6019780495921327 0 0 0
0.001098901098901099 0.22424907590421825 0.3054450820019796 0.3967765700313533 0 0 0
0.001098901098901099 0.0785988898846022 -0.1803720246789031 0.07420119328209358 0 0 0
0.001098901098901099 0.5089066576383993 0.269143848468956 0.032514168205173 0 0 0
0.001098901098901099 -0.5590241867334125 0.040578541640100774 0.38064487758787297 0 0 0
0.001098901098901099 0.014107042286482487 0.6608416289662303 0.1509039231639571 0 0 0
0.001098901098901099 0.12367333950369105 0.5219500245876016 0.3463492930299453 0 0 0
0.001098901098901099 -0.12653335914713051 0.23056426712719943 0.2048478862457842 0 0 0
0.001098901098901099 -0.41877528889370663 0.00997021779199131 0.019181729286208718 0 0 0
0.001098901098901099 0.03709425061336374 -0.052058988880297634 0.5989087342503637 0 0 0
0.001098901098901099 0.2079627758957128 0.5094743870041191 -0.12052816841626446 0 0 0
0.001098901098901099 -0.34889680403349266 0.0031351884589587067 0.4952641259962987 0 0 0
0.001098901098901099 -0.5407094060605119 0.020615383478138086 0.21561267946436535 0 0 0
0.001098901098901099 -0.10545334285448356 -0.3505632173738449 -0.4844685042884475 0 0 0
0.001098901098901099 -0.18956865539957155 -0.21749286512114663 -0.3244872382930411 0 0 0
0.001098901098901099 -0.5968132955591526 -0.18077492908186277 -0.053157829607217294 0 0 0
0.001098901098901099 0.02272407256875066 0.6079783435222235 -0.18330332182454223 0 0 0
0.001098901098901099 0.4143544362624709 -0.45529619518333475 0.24000468030814462 0 0 0
0.001098901098901099 0.518610338379844 -0.1487300959219358 -0.13255025157364056 0 0 0
0.001098901098901099 -0.2084959262884528 -0.46724005943872865 -0.010126766727486039 0 0 0
0.001098901098901099 -0.5389423304970593 -0.027865371227199728 0.1828634787976673 0 0 0
0.001098901098901099 0.49580668750955686 0.026072193329463325 -0.016172251523841902 0 0 0
0.001098901098901099 -0.20968228165987027 -0.5232268266693128 -0.35805200999401365 0 0 0
0.001098901098901099 -0.612177331898046 0.04057771301805475 0.20435923280253498 0 0 0
0.001098901098901099 -0.22868370036009875 -0.5095433457426417 -0.09619205230487245 0 0 0
0.001098901098901099 0.041123005006120525 -0.25786688266944413 0.26176588270615886 0 0 0
0.001098901098901099 0.29499342549418756 0.5278847119324848 -0.31732830670533857 0 0 0
0.001098901098901099 -0.3089063266579985 0.3747646995108225 0.1346051007116065 0 0 0
0.001098901098901099 -0.3174475165290553 -0.44440539886299524 0.2957892415382836 0 0 0
0.001098901098901099 0.1245825831946263 0.35854243552854537 -0.3915231462626135 0 0 0
0.001098901098901099 0.5881143240118673 -0.319922884940807 0.13690009664171698 0 0 0
0.001098901098901099 -0.026312995378847997 -0.42835248859678804 -0.32588030540339363 0 0 0
0.001098901098901099 -0.01614632008425049 0.42131967691542505 -0.16314808120800828 0 0 0
0.001098901098901099 0.006072165433515965 0.12824264786024983 0.11950044084264813 0 0 0
0.001098901098901099 0.3008153252751414 0.4858864261907311 -0.2030221269111875 0 0 0
0.001098901098901099 -0.2811730263678417 -0.0635385176174125 -0.3852219404619592 0 0 0
0.001098901098901099 0.09958961342965991 -0.2091152956504091 0.100930823555382 0 0 0
0.001098901098901099 0.09691425083009365 0.5782010260031585 -0.2584442943067981 0 0 0
0.001098901098901099 0.18420926937665918 -0.2702661896173892 -0.40680420863948363 0 0 0
0.001098901098901099 0.23282696566252029 -0.1892178519823143 -0.15278803068242322 0 0 0
0.001098901098901099 -0.34479191440344353 -0.19390053779920582 0.3659278035812672 0 0 0
0.001098901098901099 -0.4786361051418395 0.3855289715687167 -0.09462552754073264 0 0 0
0.001098901098901099 -0.2294717015178088 0.0942059902826227 0.14985203878979375 0 0 0
0.001098901098901099 0.4877458188093752 0.36186349038112015 -0.18471307407791623 0 0 0
0.001098901098901099 -0.5676179279766976 -0.10784312568314335 0.16718732374965484 0 0 0
0.001098901098901099 -0.16550207833042363 0.5187161673629749 0.09252976573369354 0 0 0
0.001098901098901099 0.4856088167437515 0.47787250994502944 -0.01272075077662874 0 0 0
0.001098901098901099 0.08647939800890728 0.16399075889006573 -0.2909553304239317 0 0 0
0.001098901098901099 -0.35398808255579667 -0.25553911348517616 -0.2724111756596561 0 0 0
0.001098901098901099 -0.09397006253763536 0.2857240240041894 -0.28827276562203985 0 0 0
0.001098901098901099 0.590478890792574 0.30507938473026924 -0.12311299795234718 0 0 0
0.001098901098901099 -0.3087404782758271 -0.09904775670392996 -0.34882779459061514 0 0 0
0.001098901098901099 -0.25366380587535897 -0.502063474658983 0.2270985719982884 0 0 0
0.001098901098901099 0.24500858242357135 -0.3470596858369525 0.35260765880170714 0 0 0
0.001098901098901099 -0.38507497608750724 -0.1594536443085045 -0.44079767668062386 0 0 0
0.001098901098901099 0.04576677203374639 0.17210091832899715 0.6632007127975608 0 0 0
0.001098901098901099 0.1762727280863458 -0.05594553901873288 -0.06874658030746174 0 0 0
0.001098901098901099 0.039145089453876805 0.47005095840112965 -0.21484873117814068 0 0 0
0.001098901098901099 0.3145888157522469 0.009022458799563675 0.019501282269448104 0 0 0
0.001098901098901099 -0.10942893745301327 0.008315958799530844 -0.48111673272271155 0 0 0
0.001098901098901099 0.2211561169706931 0.23195690374828318 -0.15435752388999963 0 0 0
0.001098901098901099 -0.0765886590788004 -0.07411793395411849 0.14908324129044562 0 0 0
0.001098901098901099 -0.3951756568358983 -0.03543133616878162 0.4748928831764431 0 0 0
0.001098901098901099 -0.11262967378261685 -0.574412584752735 -0.3481665894967074 0 0 0
0.001098901098901099 -0.10387572038404697 0.21873032797688277 0.1967136625970905 0 0 0
0.001098901098901099 0.23538023339822853 0.36008560060077155 0.4945014187609004 0 0 0
0.001098901098901099 0.11424286591249311 -0.6178641694368014 -0.1883133337615238 0 0 0
0.001098901098901099 -0.16434200282285116 -0.3393057244314343 -0.5395821262930038 0 0 0
0.001098901098901099 -0.1322396573862146 -0.39821679294092377 0.3958926794145188 0 0 0
0.001098901098901099 0.10033132786640732 0.07511265194911157 -0.17234681942167157 0 0 0
0.001098901098901099 -0.1884913743104905 0.35707213829055756 0.5389909067455092 0 0 0
0.001098901098901099 -0.3553756860866482 -0.49956625397084786 -0.03528085133975074 0 0 0
0.001098901098901099 0.01636888341954344 -0.059138234608256846 -0.2648414572613534 0 0 0
0.001098901098901099 0.026784483747057487 0.6689020292461189 0.0266464619669288 0 0 0
0.001098901098901099 0.5273460779791963 -0.03726146403657844 -0.09634606843590926 0 0 0
0.001098901098901099 -0.31700612727231703 -0.15226001654441979 0.4182809902269731 0 0 0
0.001098901098901099 -0.03418025294151585 0.23134156915674295 -0.30812854727594796 0 0 0
0.001098901098901099 0.40194158622410575 0.15365941967677488 0.5266347456965544 0 0 0
0.001098901098901099 0.06435789097363892 -0.13262748439423108 -0.032356472846749765 0 0 0
0.001098901098901099 0.5657594773478258 -0.08727695441986995 -0.2182351714038436 0 0 0
0.001098901098901099 0.36801786519632484 0.2181052863491648 -0.3267176136216891 0 0 0
0.001098901098901099 0.14637318295836965 -0.6113840560484695 -0.11635467799611487 0 0 0
0.001098901098901099 0.2980479962791697 0.3084314651668668 -0.061547817041664885 0 0 0
0.001098901098901099 -0.5359106898695721 0.2521086821092667 0.2766737226700145 0 0 0
0.001098901098901099 0.3027717571822875 0.3506418015768553 -0.42689868943590586 0 0 0
0.001098901098901099 -0.036974682141817934 -0.49230895775533207 -0.045484952582879386 0 0 0
0.001098901098901099 -0.29185320563704525 0.12030075915830866 -0.008248613707309138 0 0 0
0.001098901098901099 0.21967956079493947 0.4781598775820139 0.3011227569056794 0 0 0
0.001098901098901099 -0.19720195673286206 -0.43248897430774447 0.12370174641147491 0 0 0
0.001098901098901099 0.6040186946205998 0.20252323284723237 0.24028372771136908 0 0 0
0.001098901098901099 0.18444648661719065 0.36053469263979415 0.22658367034797403 0 0 0
0.001098901098901099 -0.5470704057192995 0.06368144492078603 0.1952636407431611 0 0 0
0.001098901098901099 0.391382133733213 0.3559821252277333 0.040297078568443806 0 0 0
0.001098901098901099 -0.1736810228039119 0.5084615867198166 -0.034737391812046936 0 0 0
0.001098901098901099 -0.5185483392182054 0.38191793097824756 0.1296779543153877 0 0 0
0.001098901098901099 0.3796542076845806 0.3279512812674101 -0.13659130873111835 0 0 0
0.001098901098901099 0.21002637682339975 -0.3503626050808789 0.11747213674320356 0 0 0
0.001098901098901099 -0.41612095159628987 0.44286943262376605 -0.019400454995016966 0 0 0
0.001098901098901099 -0.5227145112891926 0.15997115964200906 0.1441862932505677 0 0 0
0.001098901098901099 0.10236515822867479 -0.2250912698845112 -0.585587262740642 0 0 0
0.001098901098901099 -0.07098243979316844 0.3838226852018715 -0.30259724275959315 0 0 0
0.001098901098901099 -0.37547835720604933 -0.22403060974558325 -0.4298869759080301 0 0 0
0.001098901098901099 -0.45521936636172666 -0.20658594493561652 -0.03617937865597258 0 0 0
0.001098901098901099 -0.4833451023023797 -0.33050011623654774 0.2830413132774638 0 0 0
0.001098901098901099 -0.4631451743091172 -0.3596378382356922 -0.08847082675309798 0 0 0
0.001098901098901099 0.4861479400169422 -0.28121508502990805 -0.19234874802772997 0 0 0
0.001098901098901099 0.07708330612959481 0.32693238681334635 0.4016601879499158 0 0 0
0.001098901098901099 0.4320954868311294 -0.33613031643639807 0.42161840536042056 0 0 0
0.001098901098901099 0.06684385796776798 0.20869192980621157 -0.46726453936815415 0 0 0
0.001098901098901099 -0.19876314947079632 -0.18743451411803494 -0.16444128113697146 0 0 0
0.001098901098901099 -0.18027956085708643 -0.21839242423445002 -0.4489818416743912 0 0 0
0.001098901098901099 -0.14365077149028846 0.178122335382766 0.2893598031047793 0 0 0
0.001098901098901099 0.06135602567163732 0.08942136374135702 0.2645398043886651 0 0 0
0.001098901098901099 0.08368082641226227 0.310818499812311 0.15248441375788155 0 0 0
0.001098901098901099 -0.23734425203228973 -0.5291929017511343 -0.31627225969331374 0 0 0
0.001098901098901099 -0.08746001425817027 -0.2786719361086836 0.22881901696107657 0 0 0
0.001098901098901099 0.3769876049048842 0.20335568339824306 -0.4884884915611204 0 0 0
0.001098901098901099 -0.23054370726488205 -0.1729784749640215 -0.5413286468912829 0 0 0
0.001098901098901099 -0.16748749173096925 -0.06642977706499799 -0.5662562913428196 0 0 0
0.001098901098901099 0.25786758115379443 -0.044661721268917896 -0.6398170384793724 0 0 0
0.001098901098901099 -0.4229286105445298 0.4662512053321047 -0.2568270020795498 0 0 0
0.001098901098901099 0.1755195111311929 -0.14871363448162953 -0.07379868484166263 0 0 0
0.001098901098901099 0.19723857886613946 0.07507456107357534 -0.04926278796253024 0 0 0
0.001098901098901099 0.4186177394956293 -0.530731477527828 -0.14249742330522558 0 0 0
0.001098901098901099 0.06057888819139891 0.3284570110626299 0.6005594277051405 0 0 0
0.001098901098901099 0.30967091856552176 0.3554851007273703 0.255346906048897 0 0 0
0.001098901098901099 -0.18891504528982797 0.13238539663110102 -0.14878772334995394 0 0 0
0.001098901098901099 -0.30311771280882466 -0.04673953148550606 0.00907244177677093 0 0 0
0.001098901098901099 -0.048504284508817136 0.5134215768178327 0.4282171134363743 0 0 0
0.001098901098901099 0.4788985808775782 0.14661026335280597 0.1418970551344136 0 0 0
0.001098901098901099 0.14405520417756038 0.06226113881579063 0.5780339580064955 0 0 0
0.001098901098901099 -0.3148370036430594 0.2929652731413519 -0.2698046266062235 0 0 0
0.001098901098901099 0.3193038477394166 0.04518504852233834 0.3628532417083465 0 0 0
0.001098901098901099 0.5897792144979738 -0.07118401993354243 0.21574990050653914 0 0 0
0.001098901098901099 0.4412384692449321 0.07430048566939611 0.28336787390887025 0 0 0
0.001098901098901099 -0.23451930067840257 -0.14499641159440949 -0.30455980518321457 0 0 0
0.001098901098901099 0.33504454254551097 -0.3757665594671203 -0.04592037419719403 0 0 0
0.001098901098901099 0.16650945944779624 -0.4568471252460627 0.27539765524720367 0 0 0
0.001098901098901099 -0.15182700995064227 -0.22630261635313192 -0.3501421730660161 0 0 0
0.001098901098901099 0.2546597835265973 0.32562131120001364 -0.17366975940096382 0 0 0
0.001098901098901099 0.43647746589837083 0.3209444083702675 -0.09503169270089036 0 0 0
0.001098901098901099 0.06400342067988399 -0.4845540435891317 -0.2924948384515041 0 0 0
0.001098901098901099 0.45530081286493895 0.23600552242768386 0.28798591187689027 0 0 0
0.001098901098901099 0.21622013222892614 -0.026248065560468627 -0.5381924450938403 0 0 0
0.001098901098901099 -0.4014931916970077 0.33182128974864045 0.2925318409025832 0 0 0
0.001098901098901099 -0.6627602193066899 -0.009507240940496247 -0.1570817322992316 0 0 0
0.001098901098901099 -0.08344017314038882 0.3216457722755973 0.08011431655540818 0 0 0
0.001098901098901099 -0.5195153472861486 -0.11681153833751812 0.01590237906596316 0 0 0
0.001098901098901099 0.4818482972549266 -0.05481660266413848 0.2269935040229808 0 0 0
0.001098901098901099 -0.4153621300048406 -0.05489494745944285 0.3837384628790893 0 0 0
0.001098901098901099 0.12294190848835072 0.6235204568989087 0.23545686386528036 0 0 0
0.001098901098901099 0.04798195362158801 0.47707097747825133 0.2695278184678763 0 0 0
0.001098901098901099 -0.5039925890865311 -0.18461459493757051 0.43374837479721934 0 0 0
0.001098901098901099 0.28958906838269666 -0.2916399906016706 0.07302688427106278 0 0 0
0.001098901098901099 0.3075468720630652 0.22684418577860627 -0.20009613863482711 0 0 0
0.001098901098901099 0.28857763462857206 -0.4714610812174762 -0.09255743805341897 0 0 0
0.001098901098901099 0.2743510779290327 -0.26800343733852716 -0.15133796096765315 0 0 0
0.001098901098901099 -0.23524906416479235 -0.3150475584421854 -0.018803299112621803 0 0 0
0.001098901098901099 0.5496014383998058 -0.18629854115837635 -0.06513005361537014 0 0 0
0.001098901098901099 -0.28000116059598046 -0.10244707489531181 -0.42139647670111247 0 0 0
0.001098901098901099 0.35165212975894977 -0.24571146746539807 -0.5158017782221802 0 0 0
0.001098901098901099 -0.18903995093574522 -0.550605074516231 -0.23700333938426535 0 0 0
0.001098901098901099 0.11853568835225503 0.5241432997861699 -0.1951994782184559 0 0 0
0.001098901098901099 -0.30636120705238895 -0.03961690862194128 -0.1973288280836402 0 0 0
0.001098901098901099 0.2560260324088553 0.5441010579205864 -0.15580004922888765 0 0 0
0.001098901098901099 -0.17121524927641868 0.16968277329833795 0.6011721022373049 0 0 0
0.001098901098901099 0.06063780028164644 -0.22180951713216124 0.31621729266576576 0 0 0
0.001098901098901099 0.34061269418883267 -0.04607007758669606 0.1540081510125238 0 0 0
0.001098901098901099 -0.4146921338120283 -0.4974446739017159 -0.2153041090160404 0 0 0
0.001098901098901099 -0.18447494979899284 0.1649621759148338 0.4149710702011435 0 0 0
0.001098901098901099 0.32969773804028646 0.10933980330521072 -0.060791967408951736 0 0 0
0.001098901098901099 0.24930403238597224 -0.033489496785569235 0.2829262173581591 0 0 0
0.001098901098901099 0.1414889958703655 -0.13698117291259262 -0.5297963188922182 0 0 0
0.001098901098901099 0.22745434257885913 -0.23841452212498251 0.1905205887778143 0 0 0
0.001098901098901099 0.04652421802035627 0.39049121794651864 0.42185892213355236 0 0 0
0.001098901098901099 0.14597320175596512 0.6064874073499178 -0.2072984201251263 0 0 0
0.001098901098901099 0.03643282866627827 -0.03967406915793379 0.06650715174133166 0 0 0
0.001098901098901099 -0.29480825938648036 -0.5518628239249301 0.1956819510180947 0 0 0
0.001098901098901099 0.32819436651594164 0.48975046463152816 -0.2879492193757773 0 0 0
0.001098901098901099 -0.24691221904476848 -0.29128727201810195 0.12104911042230534 0 0 0
0.001098901098901099 0.5111118073328713 0.22290824931344919 0.13701834675908292 0 0 0
0.001098901098901099 0.5085518484920288 0.09613452471078002 -0.05791258124567187 0 0 0
0.001098901098901099 0.15227600393705495 -0.10648440883941088 0.5897089902576078 0 0 0
0.001098901098901099 0.10710544380378306 0.6507045226850432 -0.06884047272551037 0 0 0
0.001098901098901099 -0.5810586217056558 0.27030488657621493 -0.196036060637669 0 0 0
0.001098901098901099 0.4727189912744967 -0.29002806216861754 0.04954621590207663 0 0 0
0.001098901098901099 0.42268851909566013 0.2953429071069656 -0.1641922407144713 0 0 0
0.001098901098901099 -0.020704637175667853 -0.3828741464002172 0.357476326390821 0 0 0
0.001098901098901099 -0.3666975692882797 0.42635918149004975 0.19403040015967007 0 0 0
0.001098901098901099 -0.2264592106933602 -0.2413532126338037 0.5487629978208882 0 0 0
0.001098901098901099 -0.06527506420060064 -0.4469177220681478 -0.3679148875337606 0 0 0
0.001098901098901099 -0.27502387968105335 0.2671877521123289 0.006333351632363547 0 0 0
0.001098901098901099 -0.3384047412027764 -0.3360478306794102 -0.46242283938326784 0 0 0
0.001098901098901099 0.2909186180456592 -0.22129318458539612 0.2322269400969698 0 0 0
0.001098901098901099 0.4284269085257408 0.120510087125887 -0.3460877123765556 0 0 0
0.001098901098901099 -0.2812018957540417 -0.3590233780355626 0.15315587058947422 0 0 0
0.001098901098901099 0.2741532196969549 0.14807505657909922 -0.1940916936449174 0 0 0
0.001098901098901099 -0.549768930736382 -0.14710797870105102 -0.3341045369662845 0 0 0
0.001098901098901099 0.08458696070195737 -0.4734137942856798 0.3605651328603545 0 0 0
0.001098901098901099 0.14186311050106717 -0.08337310414938243 0.21981607641308334 0 0 0
0.001098901098901099 -0.09393347419393161 0.3073886942869681 -0.3097369391920542 0 0 0
0.001098901098901099 -0.5506385916395228 -0.22934907735093904 0.06624138191193024 0 0 0
0.001098901098901099 -0.015865675417878554 -0.2578736258659757 -0.12879046272453593 0 0 0
0.001098901098901099 -0.020987306848419252 0.20749678487693896 -0.06771815687332433 0 0 0
0.001098901098901099 0.3790313738849616 0.23959996830406566 0.4858778092449877 0 0 0
0.001098901098901099 0.5067576017500659 0.09725547732334687 0.015680066230456192 0 0 0
0.001098901098901099 -0.19258789361133807 -0.4779915615349773 0.2460719011819352 0 0 0
0.001098901098901099 -0.11986841976067909 -0.17209723190085208 0.016080062371622277 0 0 0
0.001098901098901099 0.08750239117502359 -0.5251019284879015 0.16512177547177567 0 0 0
0.001098901098901099 -0.5289335895968387 -0.3010176827934104 -0.09917848959038082 0 0 0
0.001098901098901099 0.27622380417577547 0.11118682839326649 0.10365852745861612 0 0 0
0.001098901098901099 0.28051025449537015 -0.4322278851706685 -0.021754155729994555 0 0 0
0.001098901098901099 0.2014976486692103 0.4630056673597837 0.009692434708505424 0 0 0
0.001098901098901099 0.5121866609598769 -0.02210164950120278 -0.006799094996424452 0 0 0
0.001098901098901099 -0.2784133260938981 0.3769601180292946 0.41819529402096384 0 0 0
0.001098901098901099 0.18240605832948772 -0.04032791606352746 -0.3930542243817147 0 0 0
0.001098901098901099 0.009239628131726324 -0.23747653659023954 -0.01672963683797129 0 0 0
0.001098901098901099 -0.4965321709944798 -0.24935256654784088 -0.24814056358513348 0 0 0
0.001098901098901099 -0.41267857567622057 0.0027859127721568287 0.015093523893451269 0 0 0
0.001098901098901099 -0.2896758051595083 0.07563858858739662 0.48240935655596917 0 0 0
0.001098901098901099 0.5539940575163271 0.015601700287542323 0.3991406773291605 0 0 0
0.001098901098901099 0.6201198221670763 0.28020159028692865 -0.06348234207445982 0 0 0
0.001098901098901099 -0.1495835225748231 -0.11206024449725843 -0.41039260460458343 0 0 0
0.001098901098901099 0.4758643298176578 0.3943293936121011 0.13527977217468914 0 0 0
0.001098901098901099 -0.21533041454414617 -0.5057750185928532 0.12190191487835927 0 0 0
0.001098901098901099 0.029376354483098683 0.4179519065674867 -0.18158027755126777 0 0 0
0.001098901098901099 -0.35139481018479524 0.24869024975811024 0.35213134866099965 0 0 0
0.001098901098901099 -0.36701157154297387 0.19281135076052172 0.0034565901960330867 0 0 0
0.001098901098901099 -0.00023149071468300895 -0.11923915212927796 -0.4870202275987325 0 0 0
0.001098901098901099 -0.44366750188810467 0.2204546700273945 0.4839783455074804 0 0 0
0.001098901098901099 -0.031323087814392046 -0.5240295565595247 0.36928305598040106 0 0 0
0.001098901098901099 -0.48278858314822165 0.008388343708976554 0.49364556495522494 0 0 0
0.001098901098901099 -0.32994705501521626 -0.1502361135812701 -0.45184728721145995 0 0 0
0.001098901098901099 0.2509419844961957 0.23954410240928284 -0.17928934741104607 0 0 0
0.001098901098901099 0.15359597385481916 0.5241419945406482 0.11728600045441846 0 0 0
0.001098901098901099 0.33137927788678745 -0.12816265157717663 0.5747205604549704 0 0 0
0.001098901098901099 0.27594237342005273 0.5449233844725568 -0.16862858461205768 0 0 0
0.001098901098901099 0.4691231487977847 0.3928748616497234 0.03770869528581837 0 0 0
0.001098901098901099 -0.21943542165721683 0.5917722686563948 0.14200381793120412 0 0 0
0.001098901098901099 0.06280045074359247 -0.0402730825361588 0.6453233627740287 0 0 0
0.001098901098901099 -0.25523006170805573 0.48318811690511465 0.1271319302805987 0 0 0
0.001098901098901099 -0.04420853838202662 0.22485527559960222 -0.4025527955227116 0 0 0
0.001098901098901099 0.43120679683079083 0.0874533434164097 -0.258055033026982 0 0 0
0.001098901098901099 -0.04856159668024417 0.333441556250321 -0.5607671293565937 0 0 0
0.001098901098901099 0.4297013767205887 -0.18984089023847933 -0.07628587569059264 0 0 0
0.001098901098901099 0.44297307655751594 -0.27237593250849684 -0.08951791529501506 0 0 0
0.001098901098901099 -0.4420523755410464 0.19277781486605228 -0.05790474773604577 0 0 0
0.001098901098901099 -0.41233380919454665 0.5048236278375738 0.0975163067048835 0 0 0
0.001098901098901099 0.015515426704472831 0.4633922396663596 0.06739664755992325 0 0 0
0.001098901098901099 0.3604527736100822 0.15221834964180514 -0.21855457215933016 0 0 0
0.001098901098901099 0.22466578477117768 0.3135342998464271 0.0793057768052723 0 0 0
0.001098901098901099 0.4073312986066122 0.21447103147419877 -0.2787044236584023 0 0 0
0.001098901098901099 0.21157334360780375 -0.0977567823569829 -0.44242597996655003 0 0 0
0.001098901098901099 -0.5224139452277888 0.4012090596321445 -0.016503610228847845 0 0 0
0.001098901098901099 -0.6106899899103022 0.0723870879892465 -0.05044411065300677 0 0 0
0.001098901098901099 0.233487294421531 0.15597351441125873 -0.16256388787602372 0 0 0
0.001098901098901099 0.1157912266735822 0.10159681406951736 0.11156432598746659 0 0 0
0.001098901098901099 0.04110242333536907 -0.3077188400764232 0.32629951613115893 0 0 0
0.001098901098901099 -0.27088139595096034 0.5315637216262655 0.12805335787894254 0 0 0
0.001098901098901099 0.1675948365826407 0.08639488224665814 -0.29343206993126314 0 0 0
0.001098901098901099 -0.5470791008698115 -0.3546278351610712 -0.058786677111550945 0 0 0
0.001098901098901099 -0.6091194660915026 -0.2591825586437065 0.0667233814815238 0 0 0
0.001098901098901099 -0.23230589136591898 -0.1445998275145093 -0.5255997308828391 0 0 0
0.001098901098901099 -0.5131254588853992 -0.4127802974721095 0.20143562369373613 0 0 0
0.001098901098901099 -0.015519168548330789 -0.34321814037599435 -0.5635326974643065 0 0 0
0.001098901098901099 0.4475730024894151 -0.41707153034981 -0.25196493080346133 0 0 0
0.001098901098901099 0.5006802964007097 0.0791501641626214 0.06785611690662567 0 0 0
0.001098901098901099 -0.06489235062463712 -0.1290490025857264 0.6325360637360439 0 0 0
0.001098901098901099 -0.10808371304130057 0.22730004543640825 -0.2686891398708328 0 0 0
0.001098901098901099 0.02971101541295717 0.4080423485530132 0.04020872607826262 0 0 0
0.001098901098901099 -0.2758282345349165 -0.18285503807915962 -0.1423053278215971 0 0 0
0.001098901098901099 -0.10414094443361774 0.5731251762499309 0.18630573259611768 0 0 0
0.001098901098901099 -0.5228782002744873 0.010557015264234469 -0.3792182510071447 0 0 0
0.001098901098901099 0.3513235875265791 -0.12024687652694975 -0.38037499977024253 0 0 0
0.001098901098901099 0.1204255335694874 0.20048876973817892 -0.21399336970327507 0 0 0
0.001098901098901099 0.5925894303357463 -0.23516826759662102 -0.24588247913045821 0 0 0
0.001098901098901099 0.09718045783715941 0.5418212154104846 0.01747951336005588 0 0 0
0.001098901098901099 0.0813522909832371 -0.28030133303635985 0.43617800962516146 0 0 0
0.001098901098901099 0.09587688786049806 -0.46085417696958136 0.007968921919408073 0 0 0
0.001098901098901099 -0.41370629531238806 -0.164741211919292 -0.3149690262769056 0 0 0
0.001098901098901099 -0.2769800744652886 -0.42262293904609033 -0.17924560054251734 0 0 0
0.001098901098901099 -0.2626196795651705 0.05895668246155359 -0.3905811157195229 0 0 0
0.001098901098901099 -0.43554297667536557 -0.012225388896332417 -0.3597760513587024 0 0 0
0.001098901098901099 -0.16286227883617405 0.19786054466568567 -0.13072496663420502 0 0 0
0.001098901098901099 -0.36819979711600587 0.4786037980700379 -0.222368496267762 0 0 0
0.001098901098901099 -0.38188445026459666 0.47444930479749425 -0.0001400097280598619 0 0 0
0.001098901098901099 -0.0824856346463248 -0.2451575468305844 0.4185876602431993 0 0 0
0.001098901098901099 -0.3616342992451153 0.17429314186606173 0.1791002124958698 0 0 0
0.001098901098901099 0.44990638483388895 0.30374910969588287 0.1448694050248345 0 0 0
0.001098901098901099 -0.12603139415416845 0.3673210134510684 -0.09024661087483707 0 0 0
0.001098901098901099 -0.1105781784018082 0.2961061049300952 0.2977273547930931 0 0 0
0.001098901098901099 -0.6022660195304013 0.11304989177449251 -0.31820869546817176 0 0 0
0.001098901098901099 0.4545200740752383 -0.09947824704887201 -0.272630512095646 0 0 0
0.001098901098901099 -0.38467722980105873 -0.34553980805548024 -0.14392475167988444 0 0 0
0.001098901098901099 0.2647547308444989 0.3591560838857958 0.11965161199210553 0 0 0
0.001098901098901099 0.0967108416642755 -0.5113919906384392 -0.0022324512851644596 0 0 0
0.001098901098901099 0.1474283668919739 0.21807796129294557 -0.048580729831807085 0 0 0
0.001098901098901099 0.600733915521898 -0.14894888075574036 0.19812141508701056 0 0 0
0.001098901098901099 -0.36336548226918064 0.4382021712367469 0.18293201566203354 0 0 0
0.001098901098901099 -0.17226170434868895 0.23198014629445662 0.20952043927056793 0 0 0
0.001098901098901099 -0.17364108613781082 -0.5582638762406776 -0.03772419363295932 0 0 0
0.001098901098901099 -0.5827433046073425 -0.17385051934685813 -0.12703559855119398 0 0 0
0.001098901098901099 -0.4175142534882776 -0.3846598808986335 -0.34925404431192375 0 0 0
0.001098901098901099 0.3835958488322216 -0.08714531326066456 0.5441557831696817 0 0 0
0.001098901098901099 -0.19363531298730366 0.45967739612665987 -0.2642465467811113 0 0 0
0.001098901098901099 -0.1721243931573099 -0.23663118934565924 0.6147225188058003 0 0 0
0.001098901098901099 0.04150975302438037 0.5881333491160451 0.2770672308441891 0 0 0
0.001098901098901099 0.03144923726879162 0.6537499597643667 0.04138279154172961 0 0 0
0.001098901098901099 -0.17550298515798662 -0.10218067745945987 -0.3359210046782103 0 0 0
0.001098901098901099 0.30005608081112317 0.18200604563496978 0.3246522550980951 0 0 0
0.001098901098901099 0.33827678124850874 -0.3758756735639098 0.059709929533860166 0 0 0
0.001098901098901099 -0.32977060533254027 -0.47445057934917695 0.1659815293034554 0 0 0
0.001098901098901099 -0.0972165736497308 -0.046806509332341865 -0.5007679570223293 0 0 0
0.001098901098901099 0.01200509405448634 0.14980052744310737 0.3746501169806216 0 0 0
0.001098901098901099 -0.6022930491773054 0.0912203078452188 0.03806612335726661 0 0 0
0.001098901098901099 -0.17497797052539588 -0.3006035307912787 0.07091790802132213 0 0 0
0.001098901098901099 0.29715646652901684 0.20524772905158584 0.30724598414633575 0 0 0
0.001098901098901099 -0.14880596480603886 0.052463664876677814 0.5634744642070918 0 0 0
0.001098901098901099 0.4666214559307192 0.1365802750687976 -0.08015199153404609 0 0 0
0.001098901098901099 0.10009996443012767 0.018081740814029156 -0.6674713579771065 0 0 0
0.001098901098901099 0.42617291632748927 0.33851946137191496 -0.14259813038686756 0 0 0
0.001098901098901099 -0.275904491063151 0.4507367353130074 0.3167376524377835 0 0 0
0.001098901098901099 0.043982207037225295 -0.5874828524371498 -0.3529758971073097 0 0 0
0.001098901098901099 0.23672981727660822 -0.29764411152433284 0.13010684081304227 0 0 0
0.001098901098901099 -0.13147656119046733 0.08255209641416061 -0.5271488961847071 0 0 0
0.001098901098901099 -0.334994143070282 -0.312730892433985 0.37126145413725226 0 0 0
0.001098901098901099 0.05950111598478987 0.23997482268527814 0.4821077476095632 0 0 0
0.001098901098901099 -0.033051550845267716 0.33113511897163994 -0.32439423262872025 0 0 0
0.001098901098901099 -0.024942466650399977 -0.4410216371118803 0.27812936549569955 0 0 0
0.001098901098901099 -0.31271094602861926 0.1926227083531346 0.05272391157129438 0 0 0
0.001098901098901099 -0.3085593225777895 -0.1567758318232378 -0.566786270059924 0 0 0
0.001098901098901099 0.34790370805894305 -0.5768772049963515 -0.13403803789460264 0 0 0
0.001098901098901099 -0.1897787973185799 -0.5405291031365581 0.27398193581482205 0 0 0
0.001098901098901099 -0.19164757759348977 0.3366857384955261 0.5320467295128383 0 0 0
0.001098901098901099 0.008767139570450581 -0.44758589527683046 0.3594224004780069 0 0 0
0.001098901098901099 -0.6392135491226428 -0.1935875273471322 -0.08012802985943522 0 0 0
0.001098901098901099 0.22917808903415537 -0.36237665791499957 0.21733195913957318 0 0 0
0.001098901098901099 0.015176114811678024 -0.2622873340360641 0.22895231997798074 0 0 0
0.001098901098901099 0.21790439759074282 -0.4215169715208358 -0.048209766633997744 0 0 0
0.001098901098901099 -0.41541617244044593 -0.039605171276341805 -0.048534419894529175 0 0 0
0.001098901098901099 -0.11879077647106588 0.6452149971233081 -0.007780443881108266 0 0 0
0.001098901098901099 0.5582004532056531 0.24356702775426925 0.03347837306101236 0 0 0
0.001098901098901099 0.311604636740414 -0.45095619773920087 -0.09766314992697996 0 0 0
0.001098901098901099 -0.6227732230241836 -0.16304367947065446 -0.07168299014009966 0 0 0
0.001098901098901099 0.3813622311625078 -0.2770389765239714 -0.1873493872882042 0 0 0
0.001098901098901099 0.3828248765695128 -0.4053297553821544 0.04986341872427457 0 0 0
0.001098901098901099 0.4440866614875541 0.2930260974471051 0.11098797896899497 0 0 0
0.001098901098901099 0.0018142580301647115 0.3235465706893915 -0.21934183852552272 0 0 0
0.001098901098901099 0.1539920581281666 0.5952542532208681 0.242925663121064 0 0 0
0.001098901098901099 0.29719644667297584 0.11994177317857506 -0.09982922426262478 0 0 0
0.001098901098901099 0.2662834237939725 -0.23309825010674912 0.2941856570940816 0 0 0
0.001098901098901099 0.32422919001280204 -0.34902973165073053 -0.44304062645168985 0 0 0
0.001098901098901099 0.06320395165754515 -0.11072629826863158 0.5302708395084658 0 0 0
0.001098901098901099 0.10183300517931551 -0.320773225479091 -0.3593883117308863 0 0 0
0.001098901098901099 0.40726091067998216 0.0948143981926263 -0.3315900462016759 0 0 0
0.001098901098901099 -0.11034317224703753 -0.16007025466115612 0.31590959980000216 0 0 0
0.001098901098901099 -0.5681049569640718 -0.31494260432057175 -0.04502499222713424 0 0 0
0.001098901098901099 -0.2103797780652621 0.20110701160631142 -0.5038083611816354 0 0 0
0.001098901098901099 0.5762207732957132 0.19190653702423402 0.33263244023156535 0 0 0
0.001098901098901099 0.4213609726737812 -0.05207503050639116 -0.08067741362077543 0 0 0
0.001098901098901099 0.1024465651965486 -0.15442663220267822 -0.5983764237918954 0 0 0
0.001098901098901099 -0.048988481549583705 0.30012412512257025 0.2698045565459108 0 0 0
0.001098901098901099 -0.16925535684635618 -0.36150546987985693 -0.10951750091850589 0 0 0
0.001098901098901099 -0.43858506158998234 -0.20777279280712596 -0.11600075056029012 0 0 0
0.001098901098901099 0.09921621678230058 -0.06161708993731122 -0.5294249149815923 0 0 0
0.001098901098901099 0.10046864613580792 -0.6684800836773493 -0.13015086383290458 0 0 0
0.001098901098901099 -0.11834045931928366 -0.32633390399675755 -0.07352440425115125 0 0 0
0.001098901098901099 0.3277272101761138 0.1031358475487976 0.027879374940465808 0 0 0
0.001098901098901099 -0.24504027232053216 -0.44325097355645326 0.2728051466842141 0 0 0
0.001098901098901099 0.4761770185428177 -0.2244832731166502 -0.3280122310612526 0 0 0
0.001098901098901099 0.08156208159829999 0.278202103038763 -0.24938470368262397 0 0 0
0.001098901098901099 0.093679214543406 -0.1626617068880855 0.5676025154841506 0 0 0
0.001098901098901099 -0.6448214522664484 0.14072518703239748 -0.18899726288562527 0 0 0
0.001098901098901099 0.45318903411116906 0.17984004983178908 -0.35593858286170277 0 0 0
0.001098901098901099 0.10350400465955911 -0.02538234763551194 -0.17777997532565923 0 0 0
0.001098901098901099 0.22002009319854354 0.6238661733531822 0.002966742846350043 0 0 0
0.001098901098901099 0.04554766293305212 0.07849322441067803 -0.36021336362487966 0 0 0
0.001098901098901099 0.06865886893172342 0.028773247997314295 0.5485665437327563 0 0 0
0.001098901098901099 0.28592360521204313 0.10737422700999504 0.5490440364469543 0 0 0
0.001098901098901099 -0.06433321844886258 -0.39601920396937756 -0.5506244108280473 0 0 0
0.001098901098901099 -0.2926179415473518 -0.5219409735539946 -0.22431290112406943 0 0 0
0.001098901098901099 -0.16372176430829963 -0.07571929056601942 -0.07160189913977452 0 0 0
0.001098901098901099 0.44030091196972315 -0.24013865621902553 -0.4220792364881283 0 0 0
0.001098901098901099 0.15038283000602026 -0.16204458119825108 -0.5678459254578464 0 0 0
0.001098901098901099 0.3117951849203003 0.08868059058879077 0.03203020328505018 0 0 0
0.001098901098901099 -0.035658435603667285 -0.2363026029387192 0.5654594713761795 0 0 0
0.001098901098901099 -0.14628417288614695 0.6071788517544833 0.11906931735242668 0 0 0
0.001098901098901099 -0.1752509831077953 -0.49128946377387395 -0.3868273336900636 0 0 0
0.001098901098901099 -0.44917484260722773 -0.06777073313414127 -0.33648931661658077 0 0 0
0.001098901098901099 0.09987802050598078 0.6075972012543338 -0.21304120138835184 0 0 0
0.001098901098901099 -0.11526450739317268 0.5653523063615672 0.19243687886167873 0 0 0
0.001098901098901099 -0.3128279965152554 -0.31294396916721096 -0.2673001824664574 0 0 0
0.001098901098901099 -0.03342521218903185 0.2422268404706474 -0.41331928628327774 0 0 0
0.001098901098901099 0.17300401153815548 0.06937306530361101 -0.6133022877596007 0 0 0
0.001098901098901099 -0.46892923368907724 0.11404542426944497 -0.48620597725644615 0 0 0
0.001098901098901099 -0.10260785023965122 -0.0125723743060426 -0.3768246030158616 0 0 0
0.001098901098901099 -0.2681580975283384 0.46075907960336554 0.27766628483823813 0 0 0
0.001098901098901099 0.46739436393341766 0.020733365024702573 -0.06662368563627334 0 0 0
0.001098901098901099 -0.16409387266864137 -0.3178436866169971 -0.46281337706997233 0 0 0
0.001098901098901099 0.14636447057758645 0.6423697195820012 0.1627928780598962 0 0 0
0.001098901098901099 0.17550233742557167 0.27992182363429713 -0.5991288166239024 0 0 0
0.001098901098901099 -0.004242652149930443 0.09074677953440378 -0.2689785159102528 0 0 0
0.001098901098901099 0.6223184816572032 -0.04168886947200587 0.07646562947200895 0 0 0
0.001098901098901099 -0.22449852690301983 -0.35350669552676245 -0.3089470790375305 0 0 0
0.001098901098901099 0.36324265152152097 0.45099394414116034 -0.23306871960803327 0 0 0
0.001098901098901099 -0.03125158804777048 -0.05892633185993056 0.30942424048465217 0 0 0
0.001098901098901099 0.168920703380624 -0.21190610877444044 -0.4954116368173811 0 0 0
0.001098901098901099 0.5263671930147586 -0.4123858638709217 0.15764459553062402 0 0 0
0.001098901098901099 -0.13381506491136644 -0.042720135466152075 -0.4924444766323846 0 0 0
0.001098901098901099 0.4390830042199142 0.38532895460473193 0.21662266998190624 0 0 0
0.001098901098901099 0.07497060899041966 -0.16503298939828356 -0.5301917196774014 0 0 0
0.001098901098901099 0.2742930493445061 -0.3141933969970965 -0.4421549993137389 0 0 0
0.001098901098901099 -0.09541964268269473 0.5703494496648784 -0.3559434668516457 0 0 0
0.001098901098901099 0.38704638371415034 -0.0299102278745818 0.4930330632696898 0 0 0
0.001098901098901099 0.2714469448337563 -0.28873265249029445 -0.3427586785697223 0 0 0
0.001098901098901099 -0.4747680606524508 -0.18240176422331636 0.06851753978884742 0 0 0
0.001098901098901099 0.27785839664603407 0.18828012269587102 -0.11744516947418111 0 0 0
0.001098901098901099 -0.24465055559863422 -0.1436059945460861 0.34139086545536157 0 0 0
0.001098901098901099 0.5968340669734576 0.08039903599539723 -0.14801374603710316 0 0 0
0.001098901098901099 0.2785676688119876 -0.44368523236414614 -0.4208022429445182 0 0 0
0.001098901098901099 0.33402566172973375 -0.36486348127657986 0.1231037071654255 0 0 0
0.001098901098901099 0.4023975564403374 0.3973482383564898 0.04485253905740806 0 0 0
0.001098901098901099 -0.49861843143308865 -0.08903388625720143 0.4222715281789553 0 0 0
0.001098901098901099 -0.012587650069671861 0.5987635887427024 0.17985192371079914 0 0 0
0.001098901098901099 -0.1463591102756431 -0.5632548508934992 -0.017380379090005584 0 0 0
0.001098901098901099 0.09206710281974415 0.49868005792050846 0.09292356375932215 0 0 0
0.001098901098901099 -0.30243452942727156 0.2594846906085976 0.5158246127638384 0 0 0
0.001098901098901099 0.24180965740684243 0.2601336234668465 0.11205108689123694 0 0 0
0.001098901098901099 -0.6083417409962089 0.2788206081494957 0.024109082981721538 0 0 0
0.001098901098901099 0.49056108385055786 -0.16466692046938092 0.42635613717344595 0 0 0
0.001098901098901099 0.13106816839267546 0.5449556394443469 -0.020240806994075777 0 0 0
0.001098901098901099 0.0177435562727032 0.11480677628840434 -0.12211223144170585 0 0 0
0.001098901098901099 0.364474425848895 0.5761969651552131 -0.04339835872888923 0 0 0
0.001098901098901099 0.3556137996546496 -0.12086232215422782 -0.37745483908428706 0 0 0
0.001098901098901099 0.018309415997370664 -0.47914619357076543 -0.2978796069798052 0 0 0
0.001098901098901099 -0.520704262181555 -0.125341332426889 -0.002618195273257212 0 0 0
0.001098901098901099 -0.4684531069746208 -0.27863218873020834 0.29688103029732327 0 0 0
0.001098901098901099 -0.5491034940296501 -0.16424858587971103 -0.009359310631854757 0 0 0
0.001098901098901099 -0.21961353883663506 0.31212907077234736 0.3208183910434817 0 0 0
0.001098901098901099 -0.2632585414740431 0.15090590801930243 -0.4765503842924842 0 0 0
0.001098901098901099 -0.05151934636614196 0.2551615996657669 0.6326946827708709 0 0 0
0.001098901098901099 0.4980339047454346 -0.32848952363549755 -0.257721595544489 0 0 0
0.001098901098901099 -0.5994500070363155 0.18979356443499387 -0.09676611781724526 0 0 0
0.001098901098901099 0.24963994855703894 0.09902550309087786 0.05387298521412703 0 0 0
0.001098901098901099 0.5534197246086345 -0.13297394741224125 0.177094053311676 0 0 0
0.001098901098901099 0.024146863922985994 0.6623345261348824 -0.1974186921720933 0 0 0
0.001098901098901099 -0.506165484695322 -0.3134427023225448 -0.07306838260507685 0 0 0
0.001098901098901099 0.28312791050906394 -0.42706657258189606 0.28580190982652837 0 0 0
0.001098901098901099 -0.2545540220420219 -0.007368288232651507 -0.18904843560519552 0 0 0
0.001098901098901099 0.017700244312583737 0.41459833076756686 0.552481823768856 0 0 0
0.001098901098901099 -0.3558814245553945 0.05669868935147215 0.42892188785282653 0 0 0
0.001098901098901099 0.03460576184902867 -0.21762730577249448 -0.6060684705403758 0 0 0
0.001098901098901099 0.4516891677268366 -0.37655614938742876 0.08066392798404032 0 0 0
0.001098901098901099 0.14792127564685773 -0.11239676622051484 0.09094479585520512 0 0 0
0.001098901098901099 -0.12806930200546238 -0.4035692679540347 0.028567855066526277 0 0 0
0.001098901098901099 0.23783886086859482 0.12393342167939302 -0.23548413710131785 0 0 0
0.001098901098901099 0.019562954628081566 0.4925582898086852 0.42791325474902636 0 0 0
0.001098901098901099 -0.518776364171832 0.4472828476992312 0.09971737599338432 0 0 0
0.001098901098901099 -0.2066479442160028 -0.17833385411802968 0.5990062796809845 0 0 0
0.001098901098901099 0.017911302504082068 -0.45712401434896716 0.27634337985064816 0 0 0
0.001098901098901099 0.21446678598688326 -0.20830998314771154 -0.4168878940138853 0 0 0
0.001098901098901099 0.16596683340646523 -0.2650830585342054 -0.5374460627400848 0 0 0
0.001098901098901099 -0.2024402884657197 0.3673627769985645 -0.4520029567204617 0 0 0
0.001098901098901099 -0.015040654781666832 -0.08025239886318425 0.08200926051690563 0 0 0
0.001098901098901099 0.17865177283752876 -0.2812994724045467 0.1824690114978228 0 0 0
0.001098901098901099 -0.32241818933795463 -0.12228967027792623 0.5984527401997193 0 0 0
0.001098901098901099 -0.1629827999090363 -0.04389963752190085 0.1741160518921785 0 0 0
0.001098901098901099 -0.32978941171599524 -0.049842682917643585 -0.17335878994673945 0 0 0
0.001098901098901099 -0.057710361173451095 0.32762143478786593 -0.32228808730010394 0 0 0
0.001098901098901099 0.02340565462075692 0.5312400179975862 0.18775269281979506 0 0 0
0.001098901098901099 0.4190627351246483 -0.003028077526443191 -0.1935613175721494 0 0 0
0.001098901098901099 -0.4145354580599631 0.21259073081315621 -0.30839391617594286 0 0 0
0.001098901098901099 0.2076828160467341 0.32758562784490697 0.43504669750438346 0 0 0
0.001098901098901099 -0.3491053311386891 0.20950548050615034 0.2873437845976806 0 0 0
0.001098901098901099 0.25455731790541647 -0.4957560090151733 0.02389508132078173 0 0 0
0.001098901098901099 0.10725562624891137 -0.10449211796384211 0.4363949258672942 0 0 0
0.001098901098901099 -0.6719486697418696 0.011044579720718144 -0.11606508762197983 0 0 0
0.001098901098901099 -0.29608492497513833 -0.023304754463722793 0.2786341376659834 0 0 0
0.001098901098901099 -0.6078896619129809 -0.2837774146702734 -0.03617229631610505 0 0 0
0.001098901098901099 -0.08782873491822422 0.2576705453948834 0.1211014381633389 0 0 0
0.001098901098901099 0.17996140343781197 -0.0831163612483694 0.34365105395800216 0 0 0
0.001098901098901099 -0.07106720495698457 0.1962472584922333 0.28010639947616484 0 0 0
0.001098901098901099 0.38237312786022826 0.24075464023201548 -0.2595066737700468 0 0 0
0.001098901098901099 -0.12418774022235157 0.6296267657904686 0.17949150320173127 0 0 0
0.001098901098901099 -0.5057346092936168 0.0048832745675086555 0.4049450800057249 0 0 0
0.001098901098901099 0.20666005245351388 -0.4238906557303114 0.21113624847311213 0 0 0
0.001098901098901099 -0.03860808783947783 0.27130702932573403 0.2921862054753527 0 0 0
0.001098901098901099 0.454062749098097 -0.21027381015596416 0.35916707766220773 0 0 0
0.001098901098901099 -0.48420137784249534 0.2210947785141693 0.20150551448287432 0 0 0
0.001098901098901099 -0.13618498827205727 -0.33464754679081776 -0.2997438934520253 0 0 0
0.001098901098901099 -0.12571557633371264 0.29987696543930215 0.3900884534648036 0 0 0
0.001098901098901099 -0.28411121897256386 -0.3644786264959272 -0.19689123864767288 0 0 0
0.001098901098901099 0.16541235258251222 -0.17154491075776435 0.21944044103850854 0 0 0
0.001098901098901099 -0.2891623309535945 0.41838766258251586 0.2352447217180538 0 0 0
0.001098901098901099 0.2535079397758691 -0.13116016876502123 0.5451015078515138 0 0 0
0.001098901098901099 0.012993882478831287 0.25782903842774924 -0.1571637330924996 0 0 0
0.001098901098901099 0.40544491974138763 0.37179578731938584 -0.0019381104861798135 0 0 0
0.001098901098901099 0.39282825046977365 0.09024057515908881 0.134242264874816 0 0 0
0.001098901098901099 -0.2152835571513014 0.15965840560832456 0.37371503514178955 0 0 0
0.001098901098901099 0.5776197093331578 0.16865521080555473 0.31753954318462113 0 0 0
0.001098901098901099 0.5865352441469531 -0.19764104830723753 0.13474949311390977 0 0 0
0.001098901098901099 -0.007129957414792052 -0.5518281027222456 0.08206181863007349 0 0 0
0.001098901098901099 -0.21044161790847565 -0.35555035975225796 0.4259511332131317 0 0 0
0.001098901098901099 0.20418298506565666 -0.5067089589430313 -0.33067342445661463 0 0 0
0.001098901098901099 -0.5006390023739851 -0.3721525958447291 0.10154231399706737 0 0 0
0.001098901098901099 0.11398969888380012 0.35238586988839016 -0.4242975379207578 0 0 0
0.001098901098901099 -0.3209228457790558 0.558209481360092 -0.09560403038671382 0 0 0
0.001098901098901099 0.3232971400390706 -0.22991158546386783 0.2421597697224363 0 0 0
0.001098901098901099 -0.33775727535907935 -0.3557896491447573 0.0667655738687332 0 0 0
0.001098901098901099 0.05756171777369668 0.0260227902812108 0.07040354303768204 0 0 0
0.001098901098901099 -0.2898056897136244 0.06507086390340072 0.6080416848779395 0 0 0
0.001098901098901099 -0.07152177989997731 0.369779286811683 -0.1469108570229219 0 0 0
0.001098901098901099 -0.384711430889346 0.47914553282432676 0.3199517710355338 0 0 0
0.001098901098901099 -0.22326414953867577 0.5303171917242127 -0.001762984087926744 0 0 0
0.001098901098901099 0.4041629481745917 0.3778895583183526 0.2546268925031829 0 0 0
0.001098901098901099 0.5222667065898002 0.15466200769615465 -0.33096014782974204 0 0 0
0.001098901098901099 -0.2161317267814499 -0.44023727594335876 0.44661269219243915 0 0 0
0.001098901098901099 0.18640373874021238 -0.08370866768743135 0.1804345864298504 0 0 0
0.001098901098901099 -0.07711135187365242 -0.09987196996839412 0.6712591701623268 0 0 0
0.001098901098901099 0.06716352592398303 -0.2872203969929868 -0.551510743425669 0 0 0
0.001098901098901099 0.3286871774055326 -0.25817868681725825 0.33383582990622257 0 0 0
0.001098901098901099 -0.13076432081350467 0.4413361689208958 0.37982536352185564 0 0 0
0.001098901098901099 0.07702221553901113 -0.15988952144929647 0.30493498102429045 0 0 0
0.001098901098901099 -0.4326917792633332 -0.3676099044905345 0.11900037576368416 0 0 0
0.001098901098901099 0.11377815601061514 0.3705194631220671 -0.27474768803581573 0 0 0
0.001098901098901099 0.5361372138736205 0.10492324558071962 0.3913210595305931 0 0 0
0.001098901098901099 0.010995638973627318 0.047755097793120226 -0.07560300831073297 0 0 0
0.001098901098901099 -0.029201313998840996 0.5558466464259337 0.08196795423482656 0 0 0
0.001098901098901099 -0.4950507631998879 -0.22310229193368442 -0.02237117187940633 0 0 0
0.001098901098901099 -0.4861158852926398 0.3223829075420543 0.00554748868943807 0 0 0
0.001098901098901099 -0.01674250538993517 0.31906535896254185 -0.03078549680643594 0 0 0
0.001098901098901099 -0.4170952758805263 0.12980235776410914 0.45408185365259507 0 0 0
0.001098901098901099 0.16453407145743756 -0.42767544708666516 -0.3231502120376247 0 0 0
0.001098901098901099 0.4813000479874751 0.4352236314660716 -0.16834541740557182 0 0 0
0.001098901098901099 0.057760758392918915 0.4346588337070266 -0.4219179148837429 0 0 0
0.001098901098901099 0.31588740361890794 0.20326689044339946 0.26612319878842133 0 0 0
0.001098901098901099 0.23411709579672 -0.39545197771105967 0.5169798523763347 0 0 0
0.001098901098901099 0.14733921292177704 -0.07124878862846275 -0.35799023229308957 0 0 0
0.001098901098901099 0.14285289511825625 -0.3776864279877432 -0.08175170777061766 0 0 0
0.001098901098901099 -0.026690081583716545 0.3901250461258063 -0.14741575858532366 0 0 0
0.001098901098901099 0.1826585817305724 -0.3717477670260511 0.34730881919264933 0 0 0
0.001098901098901099 0.030924584312222617 0.25902345727721765 0.08853726959175355 0 0 0
0.001098901098901099 -0.19900299202408075 -0.16018129440112394 -0.16312760685610805 0 0 0
0.001098901098901099 0.3901423674928077 0.09127114118011041 0.050526692188349605 0 0 0
0.001098901098901099 -0.13016687268989877 0.3568188518608561 0.4619138465178692 0 0 0
0.001098901098901099 0.3528327085355283 -0.28721063336428093 0.2319266572666744 0 0 0
0.001098901098901099 0.17045861998984177 0.47706201047852237 0.1370972526784825 0 0 0
0.001098901098901099 0.11980043687074823 -0.4727590507391521 -0.12136069781073609 0 0 0
0.001098901098901099 -0.058381002359506204 -0.39025967494229297 0.261225310471235 0 0 0
0.001098901098901099 0.17062702350907014 -0.6220016059533165 -0.24872976638916094 0 0 0
0.001098901098901099 -0.37362996194829307 0.0036681456911218354 -0.5071406017416087 0 0 0
0.001098901098901099 0.10188983839143194 -0.49118804235789393 0.07111906435791927 0 0 0
0.001098901098901099 0.3876049842557842 -0.14190513748880956 0.03313095170252836 0 0 0
0.001098901098901099 0.6145391962477929 -0.016852180013114944 -0.2787337063476488 0 0 0
0.001098901098901099 0.29149356113035635 0.23122229084019585 -0.2211117593929824 0 0 0
0.001098901098901099 0.12520050816610268 0.15986038793812238 -0.22795547958670997 0 0 0
0.001098901098901099 0.5469659459604307 -0.025489365975718936 0.4141046430664089 0 0 0
0.001098901098901099 -0.1333164821715896 -0.3093099691086441 -0.2875315119594018 0 0 0
0.001098901098901099 -0.05339173344016936 0.00834057441383523 -0.28851702441163607 0 0 0
0.001098901098901099 -0.01717239378920879 -0.4138845044659553 0.3887179126823786 0 0 0
0.001098901098901099 0.029139489176165295 0.5476142236980079 0.19038919283627082 0 0 0
0.001098901098901099 0.4364659983766924 -0.19978745967330155 -0.45374975883865726 0 0 0
0.001098901098901099 -0.37564997612906487 -0.408265934431568 -0.26778745703296647 0 0 0
0.001098901098901099 -0.3058433368010124 -0.34363481211910357 0.012450973132261744 0 0 0
0.001098901098901099 0.0595086199880233 -0.2846624801943217 -0.3469991255026757 0 0 0
0.001098901098901099 -0.267190060643444 -0.43675118102877586 -0.15956227194437042 0 0 0
0.001098901098901099 -0.6161101405952457 -0.08671503936915279 0.20061967125738736 0 0 0
0.001098901098901099 -0.3637256259802328 0.01870886364003727 0.27863051339142797 0 0 0
0.001098901098901099 0.21508654645435893 -0.5208798427166977 -0.030267279721266124 0 0 0
0.001098901098901099 0.5456724335302248 0.03382887879047558 0.27985902841543797 0 0 0
0.001098901098901099 -0.39526892879355613 -0.37401741957219725 0.2885843643422649 0 0 0
0.001098901098901099 0.3722458888035382 -0.30695599228683407 -0.3133553162311119 0 0 0
0.001098901098901099 -0.00990730220610835 0.19674399889764735 -0.1868439190196883 0 0 0
0.001098901098901099 0.3339384671976391 -0.33290947229852735 0.34193666190915306 0 0 0
0.001098901098901099 -0.08271147866292519 0.21915742380849404 0.1970346427130285 0 0 0
0.001098901098901099 -0.43550552799924835 0.37475498689779035 -0.3776041717015718 0 0 0
0.001098901098901099 -0.16745104012539197 0.5003288386574863 -0.05913413508272999 0 0 0
0.001098901098901099 0.425448692433895 -0.05010845907101178 0.46291213413957366 0 0 0
0.001098901098901099 0.17549516547741167 0.28093212508295956 -0.17813411864520554 0 0 0
0.001098901098901099 0.18296219832446775 -0.5314254841901872 0.18232554015611838 0 0 0
0.001098901098901099 0.1595370659395626 -0.48711143839415694 -0.233072930724141 0 0 0
0.001098901098901099 -0.21008693890462515 -0.1032972111509199 -0.31360609059122124 0 0 0
0.001098901098901099 0.1585271810938116 0.4558034860193383 -0.18754269151253203 0 0 0
0.001098901098901099 0.23116898261669627 -0.5446478005532536 0.1257725590905135 0 0 0
0.001098901098901099 0.16796476233002217 -0.10984688405138862 -0.6463395145858455 0 0 0
0.001098901098901099 0.10102294054081742 0.34890839509244453 0.19921165980575828 0 0 0
0.001098901098901099 0.670877677278768 0.1040929413707797 -0.04735606794413965 0 0 0
0.001098901098901099 0.4636553995134885 0.2158868712799927 0.09796677725682455 0 0 0
0.001098901098901099 0.1727573722862214 0.005478227239044288 0.19033825767802762 0 0 0
0.001098901098901099 -0.0013016603354168582 -0.09833672359333152 -0.29584284790073384 0 0 0
0.001098901098901099 -0.6260414403407191 0.016979910203759715 0.14856023130824952 0 0 0
0.001098901098901099 0.193227251315341 0.4154741489640527 -0.08270112696103989 0 0 0
0.001098901098901099 -0.07010906750188968 -0.1993582070807283 0.27570612611798684 0 0 0
0.001098901098901099 -0.04507404672466624 -0.005349413802866364 0.684970348102691 0 0 0
0.001098901098901099 0.5832409171043476 -0.04531142699050051 0.010380355305685245 0 0 0
0.001098901098901099 0.212614570874992 -0.02480952925874077 -0.3048892043901429 0 0 0
0.001098901098901099 -0.4113473240028261 -0.24005077134415068 -0.11683779599172478 0 0 0
0.001098901098901099 0.5813681562860271 -0.195257132946025 -0.02083559101851188 0 0 0
0.001098901098901099 0.45081939012820227 -0.4580559655048045 0.15631846313443523 0 0 0
0.001098901098901099 0.3808622153509557 -0.12842703190519375 -0.33677401384921934 0 0 0
0.001098901098901099 0.05280361094764395 0.41772773457509493 0.10138053333476293 0 0 0
0.001098901098901099 -0.17091488084896791 -0.6583604203764981 0.049026582493267815 0 0 0
0.001098901098901099 0.31268096953712826 0.610834778454818 0.06053325770211853 0 0 0
0.001098901098901099 -0.05120042458527719 -0.2411126048867801 -0.011115228717689756 0 0 0
0.001098901098901099 -0.3388076661367958 -0.39974468178915384 -0.1391481048009838 0 0 0
0.001098901098901099 -0.006272044140402142 0.583081668166187 0.05101000947951382 0 0 0
0.001098901098901099 0.10197373009948273 -0.04627010789314143 0.3822898815474013 0 0 0
0.001098901098901099 0.10336357274548373 -0.4036923704079902 0.3617846990328879 0 0 0
0.001098901098901099 -0.2077725055336366 -0.28928160589576957 0.41212599014997386 0 0 0
0.001098901098901099 0.5274100469371132 0.2885439249397212 -0.2784057494672843 0 0 0
0.001098901098901099 0.11451143089150177 -0.32466500958111044 -0.09927980528421887 0 0 0
0.001098901098901099 -0.027663139224024746 -0.08467610701741762 0.06107307893086595 0 0 0
0.001098901098901099 0.10391028181566558 -0.3433674786882025 -0.39671691817043686 0 0 0
0.001098901098901099 0.00037105776128422045 -0.5833264972658073 -0.3118635331768611 0 0 0
0.001098901098901099 0.3755963325359185 0.31396038762622397 0.39344163710122293 0 0 0
0.001098901098901099 0.37399850636677334 -0.3291926154363606 -0.37928298708054303 0 0 0
0.001098901098901099 -0.5510750149844196 0.17372767457389104 0.3331415437600971 0 0 0
0.001098901098901099 -0.051701491254054446 -0.47267821050385844 0.5025028958844804 0 0 0
0.001098901098901099 0.12379148966928825 0.2534328162240205 -0.3104786674020455 0 0 0
0.001098901098901099 -0.46939755209668493 0.1890547516923215 -0.06589053606764327 0 0 0
0.001098901098901099 -0.16880660143821283 -0.3049980987061983 -0.31813720579447774 0 0 0
0.001098901098901099 0.004369380117026185 0.13548946459025632 -0.2891310238264286 0 0 0
0.001098901098901099 0.42158645076161966 -0.21582474719754688 0.34600704487384043 0 0 0
0.001098901098901099 0.10590491533122987 0.1432253882455647 0.5227508603291237 0 0 0
0.001098901098901099 -0.12534428037558654 0.12976969139379801 -0.22846850532113105 0 0 0
0.001098901098901099 0.3121388046321777 -0.12779417310056865 -0.07378231451662814 0 0 0
0.001098901098901099 -0.24387795904703902 -0.03507474516521979 0.4693192790398191 0 0 0
0.001098901098901099 -0.43971458479929526 0.023065249565512362 0.2321836514623206 0 0 0
0.001098901098901099 -0.053195710142688014 -0.25406597647276596 -0.2917101860878916 0 0 0
0.001098901098901099 -0.11329034190391145 -0.13248704867002567 0.4794148862159086 0 0 0
0.001098901098901099 0.48040161056721065 -0.07486809277994172 0.03242491453062513 0 0 0
0.001098901098901099 0.1833136947637191 0.5437477730284572 -0.13393205934657998 0 0 0
0.001098901098901099 0.08690591175930816 0.35064433403003353 -0.5618271713067012 0 0 0
0.001098901098901099 -0.1810887624284207 0.24643694271048747 -0.4709431026799145 0 0 0
0.001098901098901099 0.080853114852748 -0.25770256943772446 0.5264679220954005 0 0 0
0.001098901098901099 -0.1040653172692309 0.07621055756931965 -0.6235291005053878 0 0 0
0.001098901098901099 0.2561343576135227 0.3120906493473042 0.09508663923718987 0 0 0
0.001098901098901099 -0.09603872266224148 -0.4425485048056675 0.07260297212287266 0 0 0
0.001098901098901099 0.21125331627318353 -0.010691819890621245 0.5483132640738454 0 0 0
0.001098901098901099 -0.3204602374132414 0.20012387372356727 -0.282301085419931 0 0 0
0.001098901098901099 0.0021286496260799824 0.20929107802701535 0.29494742575520805 0 0 0
0.001098901098901099 0.4012007140938504 -0.16851817797226418 0.43301589859882716 0 0 0
0.001098901098901099 0.14425532805180435 0.514264861942962 0.11772633927637963 0 0 0
0.001098901098901099 -0.05944411734481523 -0.24899654481925793 -0.5263281050518919 0 0 0
0.001098901098901099 0.07021586355783159 0.3641551665965319 0.016180506346044423 0 0 0
0.001098901098901099 -0.34913352415114673 -0.13184251832537922 -0.532130830314974 0 0 0
0.001098901098901099 -0.3532791345723251 0.24677763690853635 0.3044605536929315 0 0 0
0.001098901098901099 0.6646280978640124 -0.07774022075550495 0.13561721342286934 0 0 0
0.001098901098901099 0.15054080023276983 0.2297549373357712 -0.3618376660753397 0 0 0
0.001098901098901099 0.2480699094324222 0.15213896265320456 -0.33598450361997506 0 0 0
0.001098901098901099 -0.26896374607796186 0.021178707996052728 0.03521094134117072 0 0 0
0.001098901098901099 0.47548160503936227 0.10840174521391835 -0.06512513943073239 0 0 0
0.001098901098901099 0.13669444792428306 0.297343542459286 0.05933505071637153 0 0 0
0.001098901098901099 0.32496986218338064 0.5597336704326717 -0.05975823955162573 0 0 0
0.001098901098901099 -0.2781860523053121 -0.2868801507400094 0.32688492138095254 0 0 0
0.001098901098901099 -0.04523922192213401 -0.6890696245255146 -0.02779836935391435 0 0 0
0.001098901098901099 -0.3512747557249126 0.5441277142553447 -0.035384661974906195 0 0 0
0.001098901098901099 0.19571017679711664 -0.2863981933937548 -0.0028014052762054455 0 0 0
0.001098901098901099 -0.0826603280653275 0.06172596999422702 -0.16364993409192363 0 0 0
0.001098901098901099 -0.014188407524699052 0.007180995746050568 0.48272254936422776 0 0 0
0.001098901098901099 0.021513765853882406 0.3055317325326143 -0.4008373578213472 0 0 0
0.001098901098901099 -0.4049306243592376 -0.4109854458200032 0.30321234004708303 0 0 0
0.001098901098901099 -0.3756746737934478 -0.36524592814962403 0.06081094362715669 0 0 0
0.001098901098901099 0.07118649073077646 -0.6649082136860377 0.012149441848530696 0 0 0
0.001098901098901099 0.2561843945284791 0.22400213033403904 -0.005237501095287747 0 0 0
0.001098901098901099 0.534050427691538 0.032127547417920475 0.14167868047732318 0 0 0
0.001098901098901099 -0.09924865478489883 0.13437547091660826 -0.4207665887467818 0 0 0
0.001098901098901099 0.3793386899388758 0.4625691932663347 0.13296025690540517 0 0 0
0.001098901098901099 0.3148887256886985 0.5436314902917178 -0.202065265979304 0 0 0
0.001098901098901099 0.43730995517596694 0.08297271746836488 0.03319267554924074 0 0 0
0.001098901098901099 -0.38679421286756266 0.3191327315586352 -0.22754603267983084 0 0 0
0.001098901098901099 0.13639050400311684 -0.27659294127868944 0.17232643973206985 0 0 0
0.001098901098901099 -0.06460099999858164 -0.32560708657750886 -0.3943529108482276 0 0 0
0.001098901098901099 0.342570763720988 0.33299072005985264 0.255347137187674 0 0 0
0.001098901098901099 -0.4537081949086243 -0.3970488718663327 0.22544899748874347 0 0 0
0.001098901098901099 0.02231499506831532 -0.295543409386212 0.008641492051109857 0 0 0
0.001098901098901099 0.22996722701003694 -0.41231763902603835 0.020996679681968482 0 0 0
0.001098901098901099 -0.46736626825668 0.29453436437862374 -0.2126366323668885 0 0 0
0.001098901098901099 0.24322584640579187 0.4185753490293945 -0.34497468877928233 0 0 0
0.001098901098901099 -0.5284781821401215 -0.02396291800925773 -0.14838940319104063 0 0 0
0.001098901098901099 0.14120456119862462 -0.3688250263124632 0.4080912781870625 0 0 0
0.001098901098901099 -0.242943292097494 -0.3668049836583293 -0.4997260849650068 0 0 0
0.001098901098901099 0.4114705611072404 -0.39121497233339037 0.38454484501416913 0 0 0
0.001098901098901099 0.46965353195825105 -0.25882235010049764 0.3335420978790788 0 0 0
0.001098901098901099 0.3350422209332941 0.07191884070222498 0.24842456347592365 0 0 0
0.001098901098901099 0.4619489125044092 -0.3221429772226082 0.3943853694524264 0 0 0
0.001098901098901099 -0.26341754459497346 0.43573229068549996 -0.16523727716690564 0 0 0
0.001098901098901099 -0.12564140105019825 0.4577276390926666 -0.05116883481866474 0 0 0
0.001098901098901099 0.13634911916937809 -0.009130123297483198 -0.049388281018697806 0 0 0
0.001098901098901099 0.4242868764233915 -0.34932975615152245 0.11183167138921388 0 0 0
