460
0
0.002173913043478261 -0.33200392497336206 0.37806570030715864 -0.06444138358438384 0 0 0
0.002173913043478261 -0.49689618319721374 0.23133768969833376 0.08753259298209555 0 0 0
0.002173913043478261 -0.621640357042713 -0.11582529865507853 0.16055218186432868 0 0 0
0.002173913043478261 -0.37776885295344137 -0.4145876604996225 0.028123417401369484 0 0 0
0.002173913043478261 0.007581354227795557 -0.5010064696655604 0.252198059142515 0 0 0
0.002173913043478261 0.49992694723965625 -0.18128767541355245 0.18858941528345077 0 0 0
0.002173913043478261 -0.1382451716447262 -0.5976393751502246 0.12603509285588418 0 0 0
0.002173913043478261 -0.3391646726300316 0.10693358494294569 0.0607588656193953 0 0 0
0.002173913043478261 0.6700694517151429 0.09168375448054779 -0.06733044981717806 0 0 0
0.002173913043478261 -0.21328861373197439 0.27403810307160303 -0.18145270224740556 0 0 0
0.002173913043478261 -0.013775679738504572 0.12428263722949756 -0.5622977547951605 0 0 0
0.002173913043478261 0.23833798733609746 -0.2633646486901263 -0.12000651192273706 0 0 0
0.002173913043478261 -0.5334722946701922 -0.3618224559160757 0.12028264215607672 0 0 0
0.002173913043478261 -0.19822265677943124 -0.07059773132923211 0.2821031799030729 0 0 0
0.002173913043478261 0.000709097522490553 -0.290461147313383 -0.39583265551382363 0 0 0
0.002173913043478261 0.10029908783061368 0.1711735989258903 0.21171645209880666 0 0 0
0.002173913043478261 -0.10104607615850102 -0.10990147590995372 0.5651714744711658 0 0 0
0.002173913043478261 -0.11704778824930905 0.5417983623146575 0.1471380919895071 0 0 0
0.002173913043478261 0.02333134469804406 -0.1362157947647347 0.6675667606242792 0 0 0
0.002173913043478261 0.21645033190910898 0.40776822163325216 -0.18130821443344908 0 0 0
0.002173913043478261 -0.21127158258940368 0.37243599310062675 -0.057568324501162005 0 0 0
0.002173913043478261 0.2392713034772461 0.531714305822232 -0.3293896592096428 0 0 0
0.002173913043478261 -0.14510847203244276 0.2613004065284744 -0.4868247008581118 0 0 0
0.002173913043478261 0.632856529181506 0.09881559055396867 -0.2289349021916042 0 0 0
0.002173913043478261 0.5124698361686696 -0.10028978655931477 0.4032287337486208 0 0 0
0.002173913043478261 0.04314635423196429 -0.005393959480552608 -0.5444423590260071 0 0 0
0.002173913043478261 -0.0077922799277895215 0.040486765869272925 0.007840354558416621 0 0 0
0.002173913043478261 0.1838495673366131 -0.11076827611654678 0.5955989115271084 0 0 0
0.002173913043478261 -0.36249563081061204 0.5414534585906174 0.2094509990013527 0 0 0
0.002173913043478261 -0.6508181754384937 0.1691666404494724 0.14256494418562699 0 0 0
0.002173913043478261 -0.3758199190496654 -0.2951222909294842 -0.26098421747533807 0 0 0
0.002173913043478261 0.4228998669444485 -0.06534075038529877 -0.2547636254210712 0 0 0
0.002173913043478261 0.2904863797944712 0.22931985581653333 0.009906770860335543 0 0 0
0.002173913043478261 0.25006713860471236 0.35556630769256986 -0.5094429291583913 0 0 0
0.002173913043478261 0.5766606917099955 -0.07573396692695286 0.3613992800547758 0 0 0
0.002173913043478261 -0.17847350660445577 0.07481872097381988 -0.6190014552786856 0 0 0
0.002173913043478261 -0.16484143571611695 0.5307103026678753 -0.15824840096398973 0 0 0
0.002173913043478261 -0.02287550245181822 0.32269961641884526 -0.524329781382368 0 0 0
0.002173913043478261 -0.17417145331889766 0.34431435426618845 -0.43701594325576315 0 0 0
0.002173913043478261 0.34548262204760305 0.40337824680813233 0.026786298610301684 0 0 0
0.002173913043478261 -0.2833392658676746 -0.07715787213157582 0.5993308568608103 0 0 0
0.002173913043478261 -0.47075547012765334 -0.3350199876890006 -0.0018753234327203933 0 0 0
0.002173913043478261 -0.23312860070884214 -0.1528471366159208 -0.0937632530614306 0 0 0
0.002173913043478261 -0.6054474063281149 0.2974249822597134 -0.1428642003665375 0 0 0
0.002173913043478261 -0.33138996485261746 0.3044611222469715 -0.13647331184071618 0 0 0
0.002173913043478261 -0.12962497953838847 0.5713132613696384 0.36555388966105634 0 0 0
0.002173913043478261 0.340998001716372 0.4532078639963016 0.3720958613669895 0 0 0
0.002173913043478261 -0.2492005150715156 0.2862430100256638 0.5220377772963355 0 0 0
0.002173913043478261 0.033433258587518555 0.48782607561513314 0.16811255829251204 0 0 0
0.002173913043478261 0.21276500023729503 -0.02379583061681425 0.16062600382795508 0 0 0
0.002173913043478261 -0.5020434799066997 -0.22814889969052035 0.10995219227848607 0 0 0
0.002173913043478261 -0.3399670686304503 0.15672355361401952 -0.22730895577102017 0 0 0
0.002173913043478261 0.25671554694095755 -0.49474701463601206 0.06361743494354695 0 0 0
0.002173913043478261 0.33263318563576116 -0.4961805221596541 -0.08848330665373695 0 0 0
0.002173913043478261 -0.03197799392777261 -0.32558399842649777 -0.043312133248242464 0 0 0
0.002173913043478261 -0.36161096335982634 -0.06967715271503695 -0.48202847387757797 0 0 0
0.002173913043478261 0.5000183284705448 0.21898755239081824 -0.05812128639102546 0 0 0
0.002173913043478261 0.2766457243336299 -0.05444322034651781 -0.0916131469721678 0 0 0
0.002173913043478261 0.243342157807619 -0.17028172636879366 -0.20614110760814006 0 0 0
0.002173913043478261 0.24987944156248768 -0.4053773568796743 -0.17870085505627592 0 0 0
0.002173913043478261 -0.24479257618838202 -0.25968218432079504 -0.002107812930637908 0 0 0
0.002173913043478261 0.3572043484608505 -0.3272917175056283 -0.06719733264195904 0 0 0
0.002173913043478261 0.4810191040540371 -0.4442358729928806 -0.14774650209589643 0 0 0
0.002173913043478261 0.22206916741178973 -0.048571033986499736 0.23430203958626894 0 0 0
0.002173913043478261 0.15612941469492736 -0.3511888559168399 0.5354039664894235 0 0 0
0.002173913043478261 -0.04181325720850202 -0.3021929426570882 -0.5488458760160004 0 0 0
0.002173913043478261 -0.3576519650299604 -0.25269737697269345 0.004775267588694425 0 0 0
0.002173913043478261 -0.5912999289682118 -0.16746149572627925 -0.021716357373465056 0 0 0
0.002173913043478261 -0.5302507564768103 0.33362894493590467 -0.27525377980967086 0 0 0
0.002173913043478261 -0.4977086133724835 0.29652650109110346 0.3010988206254113 0 0 0
0.002173913043478261 -0.45795542164518616 -0.31761192190612814 -0.32910849153637595 0 0 0
0.002173913043478261 -0.09165100805175491 0.17994304203989092 -0.49229527220450076 0 0 0
0.002173913043478261 0.5238129192836694 0.36727093068568495 0.07474689858327023 0 0 0
0.002173913043478261 0.31803595210371227 0.2508867965940503 -0.30556952528415426 0 0 0
0.002173913043478261 0.20644757189325136 -0.16020795905371094 -0.32181005067285934 0 0 0
0.002173913043478261 -0.11955426753833771 0.6400860514971133 -0.23073834021907125 0 0 0
0.002173913043478261 0.04923740576526412 -0.5119372304891291 0.11200172496295745 0 0 0
0.002173913043478261 -0.09526289991269757 -0.10376350563040386 0.3395551275746259 0 0 0
0.002173913043478261 0.08115816940584472 0.5454284005372274 -0.35421616559866165 0 0 0
0.002173913043478261 0.5321354362904772 -0.04278193246025518 0.16951220959548513 0 0 0
0.002173913043478261 0.6081533827525325 0.2442950939841491 -0.019713173547354166 0 0 0
0.002173913043478261 0.07194669258854373 0.3017167565059799 -0.1300721382574769 0 0 0
0.002173913043478261 0.18374928677086272 0.48543975896026476 0.38838058784098684 0 0 0
0.002173913043478261 -0.37514292584915293 0.2782831076199534 0.3543409711178279 0 0 0
0.002173913043478261 0.3248500622252409 -0.23041508915712097 0.23149401605009853 0 0 0
0.002173913043478261 -0.2690766707390376 -0.12194753804735896 0.4868587566129287 0 0 0
0.002173913043478261 -0.5549383790077014 0.08388763452014278 0.28710843485627313 0 0 0
0.002173913043478261 -0.11357183329931206 0.1409358946321875 -0.5894160534656014 0 0 0
0.002173913043478261 0.5823831528393645 0.31123017033886163 0.1863096964363474 0 0 0
0.002173913043478261 0.02452927399473837 0.22572975424407823 -0.13408886667824776 0 0 0
0.002173913043478261 0.28139368733213965 0.47047491528046026 0.30180535804532616 0 0 0
0.002173913043478261 -0.34166378804374736 0.5475789178765041 0.17729145136980953 0 0 0
0.002173913043478261 -0.47201668662019647 -0.12167492839211472 -0.38371472024325876 0 0 0
0.002173913043478261 -0.19259519476076828 -0.41821785390856403 -0.06498867032530861 0 0 0
0.002173913043478261 0.47591231636586545 -0.1637144256679468 0.444079144157443 0 0 0
0.002173913043478261 0.3724622034992317 -0.362553420500793 0.20419582323273572 0 0 0
0.002173913043478261 -0.3079293031098949 0.5640913542844171 0.1866212171777418 0 0 0
0.002173913043478261 0.30035669296039985 0.00837790300136076 0.16606630138732792 0 0 0
0.002173913043478261 -0.3016373731703198 0.1470182699142329 -0.20381071424590308 0 0 0
0.002173913043478261 -0.15777186157811615 0.38959950546144784 -0.44417742854942893 0 0 0
0.002173913043478261 0.007451753254520469 -0.35723110687780296 -0.5479352011756273 0 0 0
0.002173913043478261 -0.07287364112731844 0.004472067893135088 -0.22340233651555327 0 0 0
0.002173913043478261 -0.40930974874480147 -0.22260093396677946 -0.4941395930519916 0 0 0
0.002173913043478261 -0.30087622762712923 0.28653781163581693 -0.36915107487278415 0 0 0
0.002173913043478261 0.16707694241647164 0.44955080968414696 -0.4693407976671679 0 0 0
0.002173913043478261 0.009151696161267773 -0.14002088461453013 -0.5298611616710481 0 0 0
0.002173913043478261 0.21297523686250686 0.5382996413522757 0.2529714247983417 0 0 0
0.002173913043478261 -0.029006613616450513 0.17067478467281824 0.6648123849173819 0 0 0
0.002173913043478261 0.1862346101584969 0.2566598324312952 0.578099648419143 0 0 0
0.002173913043478261 -0.5465445228885766 0.4239106950874007 -0.042240415213547794 0 0 0
0.002173913043478261 0.18730974763189429 -0.002603227728358563 -0.32190657867875894 0 0 0
0.002173913043478261 -0.30311637421923115 0.27232619789660106 -0.032022494958582955 0 0 0
0.002173913043478261 0.4064222652297348 -0.30242753797937516 -0.08233681112940866 0 0 0
0.002173913043478261 -0.4137019219650091 0.5262402960609868 -0.07100336465089074 0 0 0
0.002173913043478261 0.13735249000041566 0.0888728368334333 -0.01500007470545323 0 0 0
0.002173913043478261 0.2587135540354343 -0.04715284029057322 0.2063768256934981 0 0 0
0.002173913043478261 -0.19313354273103903 -0.2263845516037052 0.2550003152189093 0 0 0
0.002173913043478261 0.06109560560515777 -0.2597930748861345 0.2240567808988456 0 0 0
0.002173913043478261 -0.07256569777303098 -0.32257371676586805 0.5911592148515308 0 0 0
0.002173913043478261 0.07280985998442883 0.4895230020626538 0.2136735054623899 0 0 0
0.002173913043478261 0.3872807396944057 0.31694644592099624 0.4671821689988111 0 0 0
0.002173913043478261 -0.2749484897957454 -0.3443964615997537 0.31555327429634394 0 0 0
0.002173913043478261 -0.10867623741394816 -0.36963261584286966 0.2540002720538259 0 0 0
0.002173913043478261 -0.2930623800110161 -0.2014012934960161 -0.37525689860684613 0 0 0
0.002173913043478261 -0.05060044415359568 -0.0036077371538449543 0.420176413748263 0 0 0
0.002173913043478261 0.22124324410468707 -0.5331917033229677 0.2647028096423668 0 0 0
0.002173913043478261 0.4371745831050348 -0.2539102889408655 0.03549073157095531 0 0 0
0.002173913043478261 -0.10100282284967378 -0.4730244363714395 0.13539975249618139 0 0 0
0.002173913043478261 -0.11016308521354597 0.055541367858142565 0.5161709028692365 0 0 0
0.002173913043478261 0.4914333655041628 0.12394666890671412 0.3248620581657432 0 0 0
0.002173913043478261 0.3024917594279145 0.040667052928849416 0.1914972504983403 0 0 0
0.002173913043478261 -0.0907725376867807 -0.33489325868084147 -0.10874085444468254 0 0 0
0.002173913043478261 0.03270170876114034 0.4334552261537255 0.2680473141315359 0 0 0
0.002173913043478261 -0.24810737435409672 -0.16437150716965102 -0.460629735200084 0 0 0
0.002173913043478261 -0.31484715819211795 0.3549442209033744 -0.4710061734483999 0 0 0
0.002173913043478261 0.34341201938503807 0.27068262368057805 -0.037453708611269725 0 0 0
0.002173913043478261 0.6799178969277423 0.04170652040732873 -0.10898237650829211 0 0 0
0.002173913043478261 0.22715456920269433 0.3455198837743611 0.3393204423399184 0 0 0
0.002173913043478261 0.519405468379888 0.3160434808179842 -0.1706976419605117 0 0 0
0.002173913043478261 0.23440674599055103 0.006923034400863912 -0.6283902060086087 0 0 0
0.002173913043478261 -0.6011162485740601 0.0020843784848021273 0.25277731206684645 0 0 0
0.002173913043478261 -0.5268732088175069 -0.13589508810172704 -0.09901668480753474 0 0 0
0.002173913043478261 -0.4366013242277608 -0.2653985536766917 0.12235693220286417 0 0 0
0.002173913043478261 0.01934882704183087 0.09652723605111431 0.08943095935972985 0 0 0
0.002173913043478261 0.1870360418135966 0.1437276323974313 -0.11288559836663897 0 0 0
0.002173913043478261 0.18737002638947947 0.2524092827480063 0.12887815123268384 0 0 0
0.002173913043478261 0.17659252395664218 -0.27454172152698386 0.3283419065950529 0 0 0
0.002173913043478261 -0.06259504549862438 -0.12107270880170817 -0.22851446004211404 0 0 0
0.002173913043478261 -0.2881391517701658 0.2930836570780775 0.06615157684303534 0 0 0
0.002173913043478261 -0.29197187707375954 -0.4868935146087728 0.19417049030709949 0 0 0
0.002173913043478261 -0.15401456239958133 0.5262024918914244 0.21373899274351302 0 0 0
0.002173913043478261 -0.2948081310420063 -0.3598277302044179 0.20229817324863522 0 0 0
0.002173913043478261 0.466073214822141 -0.15539185723920337 0.2085263335989298 0 0 0
0.002173913043478261 0.04102514738007187 -0.20704684136619161 -0.18159319892726986 0 0 0
0.002173913043478261 -0.1293565429779452 -0.3327869290962874 0.11366186299971172 0 0 0
0.002173913043478261 0.3935814090287732 -0.37861175785915363 -0.09359318124560047 0 0 0
0.002173913043478261 -0.2731402074089009 -0.3474988336976783 -0.42307389652182564 0 0 0
0.002173913043478261 0.0432927774921647 -0.6321691848431366 0.18920751454648593 0 0 0
0.002173913043478261 -0.5896011751053586 -0.06233015944055562 -0.16932465889083914 0 0 0
0.002173913043478261 0.5111563552205745 0.35660426235929915 -0.28754852415661003 0 0 0
0.002173913043478261 0.002385815224000595 -0.12567107451760082 -0.6360501692109134 0 0 0
0.002173913043478261 -0.03135321088857413 0.09727330957517416 -0.36929063383397914 0 0 0
0.002173913043478261 -0.4413584161834124 -0.0014538534445058052 0.49392583694494113 0 0 0
0.002173913043478261 -0.027841900242165974 -0.030563715921521722 -0.5287717921130065 0 0 0
0.002173913043478261 0.07656590324400972 -0.1126389169543727 0.4589441160781928 0 0 0
0.002173913043478261 0.4491056920329444 -0.19704634777995003 0.23808080150556674 0 0 0
0.002173913043478261 -5.334437134107834e-05 0.32486196675150647 0.5673054697005827 0 0 0
0.002173913043478261 -0.37003119307263505 0.02267731653246878 0.41064510126858567 0 0 0
0.002173913043478261 -0.22896893362654006 0.4277662169911989 0.00475834257988758 0 0 0
0.002173913043478261 0.5488611427073049 0.3501218457742006 0.058416117149716354 0 0 0
0.002173913043478261 -0.34353105129312506 -0.08752782560652349 -0.19882657025994274 0 0 0
0.002173913043478261 0.2730771520451073 -0.5084339414045898 -0.0673531366385927 0 0 0
0.002173913043478261 0.4597264166373071 0.3535408108983945 -0.017182423874064854 0 0 0
0.002173913043478261 0.2935575932821122 0.2830253654637756 0.10090398361654081 0 0 0
0.002173913043478261 -0.304037845480367 0.18370471447438788 -0.011059283352261093 0 0 0
0.002173913043478261 -0.17238773700317378 -0.12221984623375554 -0.19250211365850328 0 0 0
0.002173913043478261 0.2149762026689049 -0.09391313290154477 -0.3063920411525392 0 0 0
0.002173913043478261 -0.3289656993255811 -0.10830855050562284 -0.4170306667691508 0 0 0
0.002173913043478261 -0.34293060074819737 0.13572073054020767 0.3431146942148488 0 0 0
0.002173913043478261 0.05766859008931555 0.5924743525901476 -0.3106707868715627 0 0 0
0.002173913043478261 0.0316233526197969 0.3788427951759658 -0.4585316605916426 0 0 0
0.002173913043478261 -0.41736418532719155 0.41476931330865685 -0.13900982036429854 0 0 0
0.002173913043478261 -0.31948286348369637 0.18167542478708254 0.362348306599581 0 0 0
0.002173913043478261 0.08618062899426475 -0.4885038504269641 0.008672693731144229 0 0 0
0.002173913043478261 -0.4059059856235346 0.49162188280423386 0.04593450116141995 0 0 0
0.002173913043478261 0.15600397707405655 -0.06813188749239327 0.2982695413806473 0 0 0
0.002173913043478261 0.12906913015996663 0.3933093967789626 -0.11235612378573723 0 0 0
0.002173913043478261 0.5117088938971376 0.2559925761415809 -0.2612667561069578 0 0 0
0.002173913043478261 -0.5252278348617971 0.1450665490154958 -0.33936059272499586 0 0 0
0.002173913043478261 0.3656419372109313 -0.23494259631967274 0.5390377000824245 0 0 0
0.002173913043478261 -0.09368559142527605 -0.4635561567530728 -0.3141280219809981 0 0 0
0.002173913043478261 0.347939513729701 0.4359780462283216 -0.39916695668841906 0 0 0
0.002173913043478261 -0.3704196700655455 -0.16992933330564106 0.3251407545430995 0 0 0
0.002173913043478261 -0.01070213806138707 0.24533164618971362 0.09599113513225845 0 0 0
0.002173913043478261 0.09528917923552636 0.016306429346778402 0.06251228329051611 0 0 0
0.002173913043478261 -0.13108673811233257 0.1453933860743077 0.045388212348332894 0 0 0
0.002173913043478261 -0.5093804551288982 0.09472251321628228 -0.25526399111553055 0 0 0
0.002173913043478261 -0.23897349794795647 -0.2046393418358138 0.37450785900572975 0 0 0
0.002173913043478261 0.21440969460991274 -0.5122956836152568 -0.37384688163478164 0 0 0
0.002173913043478261 0.49016952193652347 0.12973532085396264 -0.45070243863403325 0 0 0
0.002173913043478261 -0.3462945400652695 -0.13456871122141678 0.48480578492589776 0 0 0
0.002173913043478261 0.11953071591986096 -0.40935854930367827 -0.2010739630149633 0 0 0
0.002173913043478261 0.45640735795734505 0.22428712228034986 -0.3684855457655705 0 0 0
0.002173913043478261 -0.03623076522178221 -0.3085402235797547 -0.36925862033612467 0 0 0
0.002173913043478261 0.4699728567750041 -0.3473574300773811 0.05641916016039564 0 0 0
0.002173913043478261 0.28171284383387807 -0.6301103532404713 -0.04577937455853559 0 0 0
0.002173913043478261 -0.5333193739295364 0.21329179076968738 0.37270906478705523 0 0 0
0.002173913043478261 0.08539425758161542 0.3565879556938412 0.30609353439408254 0 0 0
0.002173913043478261 0.2427735899526409 0.5339703611700247 -0.04232518964793113 0 0 0
0.002173913043478261 0.4544685764218341 0.09537274980434336 0.1959915861019029 0 0 0
0.002173913043478261 -0.10257054073884267 -0.6233592000807912 0.18208587202287208 0 0 0
0.002173913043478261 0.3181861314478025 -0.19028260311032633 0.4092369238607468 0 0 0
0.002173913043478261 -0.214651795102482 -0.08148663959043612 -0.5258904959237076 0 0 0
0.002173913043478261 -0.043042876344922834 0.6172970983786837 0.19652233532404978 0 0 0
0.002173913043478261 -0.20988243039281113 0.47443729780845095 -0.21569072449699198 0 0 0
0.002173913043478261 -0.40698202689209034 0.01501117903737635 -0.25935641744233756 0 0 0
0.002173913043478261 -0.5591971360794977 0.06574898721054437 0.3598265393582898 0 0 0
0.002173913043478261 -0.259657101884041 0.06015658200481468 0.6358127774236646 0 0 0
0.002173913043478261 -0.18260118721987742 -0.33142760463930654 0.5692499727457428 0 0 0
0.002173913043478261 -0.46744314228467315 0.18833029984740757 0.18138137425463707 0 0 0
0.002173913043478261 0.2034905268877379 -0.0018304802617375316 -0.2447548839104939 0 0 0
0.002173913043478261 -0.23921704076194356 -0.28247563416989785 -0.06886056971467064 0 0 0
0.002173913043478261 -0.04854262845371746 0.024033254678435482 -0.4250582805043898 0 0 0
0.002173913043478261 0.08137846897208872 0.28431957539194447 -0.5503576063572105 0 0 0
0.002173913043478261 -0.450091245466458 0.013932217577876245 -0.40038040793129237 0 0 0
0.002173913043478261 0.577814657509145 -0.08124570366258572 -0.2724456589555698 0 0 0
0.002173913043478261 0.0025510775692043934 0.014698505768326068 0.6098084143181195 0 0 0
0.002173913043478261 -0.17964503507876214 -0.37617360611245243 0.5411386775816949 0 0 0
0.002173913043478261 0.2890092408372217 0.45469212433247697 -0.1364304140583742 0 0 0
0.002173913043478261 0.002621677047910426 -0.5178448643708032 -0.11658897523297089 0 0 0
0.002173913043478261 -0.4383760959391179 -0.27217299444961035 -0.3445987966610624 0 0 0
0.002173913043478261 0.021220217289413104 -0.45221958631932013 0.47269283196252615 0 0 0
0.002173913043478261 0.1608052052899973 -0.1470458858695164 0.46047357856468385 0 0 0
0.002173913043478261 0.20104880623287125 -0.1495363898778168 0.6117076881725445 0 0 0
0.002173913043478261 0.08469989003390467 0.5211357811807181 -0.055694836555647186 0 0 0
0.002173913043478261 -0.1816140229178422 -0.12397253569854874 -0.007455167390242155 0 0 0
0.002173913043478261 -0.01009111989951258 0.6121914534695826 -0.12618819895465755 0 0 0
0.002173913043478261 -0.44496377162586326 -0.16024305194378863 0.2199996641062238 0 0 0
0.002173913043478261 -0.46469195107416184 0.1537488119657942 0.4632653643422635 0 0 0
0.002173913043478261 0.48482287100109905 -0.3198816436147045 0.022223832069152714 0 0 0
0.002173913043478261 -0.2580456793257221 0.2153752106001004 -0.4673273647054276 0 0 0
0.002173913043478261 -0.36532892651664656 0.2524526298101682 0.3831438639301687 0 0 0
0.002173913043478261 0.06545479406255295 -0.07960795475766269 0.3792747968501239 0 0 0
0.002173913043478261 0.440317821986023 0.4330500433186728 -0.24008123702931605 0 0 0
0.002173913043478261 -0.21421719010341697 0.23994982697584744 -0.4355940948739936 0 0 0
0.002173913043478261 0.071466093174419 -0.28077289475164496 0.2815722897627043 0 0 0
0.002173913043478261 0.10799850018400849 0.20554094992041452 0.41405520895941894 0 0 0
0.002173913043478261 -0.04591133147728841 0.06920608144694967 0.17940832370271653 0 0 0
0.002173913043478261 -0.47906495508761326 0.10011142296139995 0.22459029957322516 0 0 0
0.002173913043478261 -0.14689775763307567 0.16756364184687833 -0.22885428798608384 0 0 0
0.002173913043478261 -0.5081836532402574 -0.2848269778038774 0.05601105068122914 0 0 0
0.002173913043478261 -0.12106573876180093 0.22010085430564155 0.6045458522247682 0 0 0
0.002173913043478261 -0.09351577648653099 0.018611854408052485 0.08628300630169466 0 0 0
0.002173913043478261 0.06315793152107899 0.25413596567647495 -0.5476638938931864 0 0 0
0.002173913043478261 -0.3457327968502605 0.07029438098245581 -0.2628463660827907 0 0 0
0.002173913043478261 0.28972872673706995 0.10114943736404397 -0.4516788190693009 0 0 0
0.002173913043478261 0.22656941636648892 -0.456959876087272 0.25606074339245205 0 0 0
0.002173913043478261 -0.17150364863744555 -0.424252636240424 0.4113679302817185 0 0 0
0.002173913043478261 0.23443011499094588 -0.27830104724082405 -0.568583645096801 0 0 0
0.002173913043478261 -0.008885649861743691 0.5613718886815742 0.3210493295120142 0 0 0
0.002173913043478261 -0.15390323299252268 0.038453213028780395 -0.018768564792486984 0 0 0
0.002173913043478261 0.4953884837863969 -0.09672197471871206 0.27660994673592837 0 0 0
0.002173913043478261 -0.3595490750388131 -0.5254747150726091 0.1768444686379242 0 0 0
0.002173913043478261 -0.6632416354108385 0.06544945483689095 0.02821506469742706 0 0 0
0.002173913043478261 -0.18788770857051276 0.16847589235854404 -0.4715555596864464 0 0 0
0.002173913043478261 0.6177335711549622 -0.13150190244691515 -0.21526702484617255 0 0 0
0.002173913043478261 -0.5823930396688655 -0.023280112835122612 0.06440916981996749 0 0 0
0.002173913043478261 -0.018277097649454822 0.12273847979862045 0.2857272452366234 0 0 0
0.002173913043478261 -0.5920531311743473 0.19419136738970388 -0.16605517951680562 0 0 0
0.002173913043478261 0.018239249232345895 -0.5308645660576424 0.2079279704048067 0 0 0
0.002173913043478261 0.6403962189586963 -0.07622421893654197 0.2397540361604188 0 0 0
0.002173913043478261 0.14936425344340906 0.5506815311241153 0.302447169905478 0 0 0
0.002173913043478261 0.03061013984788726 -0.4428857073714141 0.38563460060799637 0 0 0
0.002173913043478261 0.05833607504163027 0.4851415748519506 0.27981353258611014 0 0 0
0.002173913043478261 0.13867691083190686 -0.43743082564043434 -0.31623357510639466 0 0 0
0.002173913043478261 -0.017626165983744002 -0.17171441389970826 0.6471624908971169 0 0 0
0.002173913043478261 -0.3605940612903762 0.11856175803309248 0.15576776917785853 0 0 0
0.002173913043478261 0.47426492160137307 0.0003357455765485882 -0.042402432593088575 0 0 0
0.002173913043478261 0.6260643561227466 0.24277481081502983 0.08941618141321053 0 0 0
0.002173913043478261 -0.455143274945152 0.4742010616866143 0.03535833107219301 0 0 0
0.002173913043478261 0.3816387235515108 -0.26451937098166944 0.09056846543603732 0 0 0
0.002173913043478261 0.5821020362372386 0.32415505101663095 0.13509559599824336 0 0 0
0.002173913043478261 0.06905577625901672 0.06521973794273614 -0.5849075348197171 0 0 0
0.002173913043478261 -0.6268072737788087 -0.04052510145420211 0.050860172883471354 0 0 0
0.002173913043478261 0.45679831794005105 0.26435145481173483 -0.016486581336489812 0 0 0
0.002173913043478261 -0.2934964321734336 -0.17258244249553548 -0.37043490227621634 0 0 0
0.002173913043478261 -0.24308938470456526 -0.3461785176922879 0.23142440784802612 0 0 0
0.002173913043478261 0.05924783867204105 0.029801261980179593 0.43138371336661196 0 0 0
0.002173913043478261 0.509651377355447 0.30822682256952866 -0.3071958330586264 0 0 0
0.002173913043478261 -0.440054291952487 0.3764901559303578 0.1206111505368127 0 0 0
0.002173913043478261 0.1035644602228173 -0.43513557458261987 0.46302316330892257 0 0 0
0.002173913043478261 0.48177370163612715 -0.31225317432282707 0.1553592251890927 0 0 0
0.002173913043478261 0.3328100827540641 -0.3519710892317616 -0.3516660501449866 0 0 0
0.002173913043478261 -0.21115181861486298 -0.23775905197853528 -0.4753529269318475 0 0 0
0.002173913043478261 0.5082942918438442 -0.4003098585193383 -0.2203190988413799 0 0 0
0.002173913043478261 -0.07508489312354487 0.5114007670936427 -0.16446346448929175 0 0 0
0.002173913043478261 -0.23303503499164474 -0.38172893594138235 0.044708608646820795 0 0 0
0.002173913043478261 -0.23158382869009878 -0.3316472966240686 -0.3605438856089429 0 0 0
0.002173913043478261 -0.020695582752166805 0.6816205085251731 -0.0009971648122791804 0 0 0
0.002173913043478261 0.28733897101651384 0.22156225622548253 0.013727776528727817 0 0 0
0.002173913043478261 0.09869349725592812 -0.3073369819104067 -0.48879880171341267 0 0 0
0.002173913043478261 -0.4058924611613045 -0.16634997371204382 0.3932529624933533 0 0 0
0.002173913043478261 -0.4852742116120143 0.05827882387406746 0.4166815779198493 0 0 0
0.002173913043478261 0.20115786827335008 -0.2645000218259537 -0.4311370973008179 0 0 0
0.002173913043478261 0.06497463489842173 -0.24277567119638513 0.16660080413101 0 0 0
0.002173913043478261 0.15939650786924547 -0.255950225866033 0.18650563848893692 0 0 0
0.002173913043478261 0.3876791163022816 0.5567855894322139 0.12099196223279186 0 0 0
0.002173913043478261 0.26098188851199183 0.39061518657564553 0.14442752786684404 0 0 0
0.002173913043478261 -0.22240257483378667 0.6372195195230337 -0.11989456291733581 0 0 0
0.002173913043478261 -0.042420306122476256 -0.5610044143435066 0.3900759858127396 0 0 0
0.002173913043478261 0.4293819035377553 0.17313334775999184 0.25621344046765876 0 0 0
0.002173913043478261 0.41082841899736794 0.007597185540606071 0.12556385776357462 0 0 0
0.002173913043478261 0.49741415244039033 0.32563177420270306 -0.3045515663018671 0 0 0
0.002173913043478261 -0.3231945103593869 0.18129527082059171 0.008231398285902355 0 0 0
0.002173913043478261 -0.5193357134606547 -0.3593368400294619 0.049038082484380685 0 0 0
0.002173913043478261 -0.4431371160581248 -0.23115687945832017 0.14031901582315245 0 0 0
0.002173913043478261 -0.07140922259620971 -0.636371132659284 0.0017719703044004117 0 0 0
0.002173913043478261 -0.09180976301666997 -0.07875079867336576 0.3377005029431779 0 0 0
0.002173913043478261 -0.577704458707705 -0.06147896202040898 0.12351894512515271 0 0 0
0.002173913043478261 -0.14745245491940864 0.427843355648132 0.28097607488930787 0 0 0
0.002173913043478261 -0.6497475198229202 0.0979463994931495 -0.09096604465135776 0 0 0
0.002173913043478261 0.38135148481428177 -0.5367499278321797 0.02662739990048149 0 0 0
0.002173913043478261 -0.4929478977032338 0.20536694462682162 0.13325532313799895 0 0 0
0.002173913043478261 -0.22914743573574953 0.4721624213512182 0.2656061548656648 0 0 0
0.002173913043478261 -0.5329886841375071 -0.11353226366278006 0.1930547180550976 0 0 0
0.002173913043478261 0.09350932559044005 0.16592109519413353 0.4228148966982142 0 0 0
0.002173913043478261 -0.23743004672425638 -0.06543954761758326 0.3752962355224675 0 0 0
0.002173913043478261 -0.5591164790812225 -0.3114187824092487 -0.13004187746557033 0 0 0
0.002173913043478261 -0.23696840205439892 0.2866925771011077 0.26889919979218396 0 0 0
0.002173913043478261 -0.11519616378637525 -0.01711233246045697 -0.6738319661640512 0 0 0
0.002173913043478261 0.07472464212267972 -0.16299090519671794 -0.3360818884245527 0 0 0
0.002173913043478261 0.5356709029429415 0.25451261576806516 0.182725255508962 0 0 0
0.002173913043478261 -0.005689584221870699 -0.4105769154366482 -0.4657453368916938 0 0 0
0.002173913043478261 -0.1606959157329313 -0.015660437668808765 -0.24072254486907188 0 0 0
0.002173913043478261 -0.5391604878443054 0.16778290398169207 -0.04309639392417493 0 0 0
0.002173913043478261 0.3199837133383168 0.24742310388725333 0.5571211222641356 0 0 0
0.002173913043478261 -0.04708981760345999 0.6653288760581724 0.06682382792567686 0 0 0
0.002173913043478261 0.32186470545738866 -0.34337125038990624 -0.07453725092468318 0 0 0
0.002173913043478261 -0.2938818919978243 -0.003910048595207711 -0.551038719246038 0 0 0
0.002173913043478261 -0.1167437425074991 -0.28674880984899237 -0.4038091085398531 0 0 0
0.002173913043478261 -0.2036081568121638 0.47321980508214706 0.2565848616353626 0 0 0
0.002173913043478261 0.3656237091729628 -0.2750331112674119 -0.0009984652595825105 0 0 0
0.002173913043478261 -0.1804950645730883 0.1413394853727737 -0.2303304882885208 0 0 0
0.002173913043478261 -0.41780171688465717 0.41004498463923683 -0.13511297379418935 0 0 0
0.002173913043478261 -0.27981237491542027 0.03932246465936258 -0.3650736710851874 0 0 0
0.002173913043478261 0.016672362332409738 0.2960459275606855 0.25173970893904923 0 0 0
0.002173913043478261 0.2790727014493641 0.21274266509907722 0.5546503162507855 0 0 0
0.002173913043478261 0.4560945842723837 -0.2729996916170618 0.38253585818393787 0 0 0
0.002173913043478261 0.2172950154401378 0.42110451428237783 0.33444387940260123 0 0 0
0.002173913043478261 0.13764603678886062 -0.19680830931018234 0.4198162512305406 0 0 0
0.002173913043478261 0.31712004907918445 -0.09255533158451136 -0.034961879346122576 0 0 0
0.002173913043478261 -0.21726788583019965 -0.1980757212249572 0.5826019324026872 0 0 0
0.002173913043478261 0.21278399163247239 -0.34424650726862305 -0.11202580545811419 0 0 0
0.002173913043478261 0.18204404565810361 0.5075617518144996 0.2777270924523478 0 0 0
0.002173913043478261 -0.012893630263330813 -0.3425598736448142 0.15816118400269358 0 0 0
0.002173913043478261 -0.1929109860986368 0.2434681877182674 0.28928985938021096 0 0 0
0.002173913043478261 -0.05314054124310173 -0.08502458115440012 -0.28037409619104564 0 0 0
0.002173913043478261 0.04245518271636929 0.16123225848277756 -0.40589582475001257 0 0 0
0.002173913043478261 0.2515550349143505 0.242315212557131 0.3764112834131187 0 0 0
0.002173913043478261 -0.24014556617330704 -0.24384695943353962 -0.4048620528372505 0 0 0
0.002173913043478261 -0.3157967812494313 0.41500972488254084 0.4105372082928405 0 0 0
0.002173913043478261 0.1511918696381548 0.2980827290529907 0.29488150491420306 0 0 0
0.002173913043478261 0.11168097059890035 -0.34936685918864485 0.5007936071703916 0 0 0
0.002173913043478261 -0.3767124936503646 0.4199707602194201 0.14648429769239144 0 0 0
0.002173913043478261 0.12162811659156804 0.09287787597440703 0.31970170636203027 0 0 0
0.002173913043478261 0.30387246156042297 0.5760739174340719 -0.12499607679545596 0 0 0
0.002173913043478261 -0.02391754007304749 -0.17151468881857204 0.032183005486992024 0 0 0
0.002173913043478261 -0.19066824040641397 0.013430053996534713 0.6089588254896855 0 0 0
0.002173913043478261 -0.21857294751984171 0.28114894884629194 0.5513688939895511 0 0 0
0.002173913043478261 -0.5202239867768707 -0.29431747437174255 -0.2501339638548206 0 0 0
0.002173913043478261 -0.4065493591131771 -0.4468814974613157 0.1777075629590986 0 0 0
0.002173913043478261 -0.13474963563475426 0.6089338964673242 0.09514402606532617 0 0 0
0.002173913043478261 0.22370235359350374 -0.10898142637923988 -0.041090136945641474 0 0 0
0.002173913043478261 -0.36150806730164564 -0.027801871802810497 0.04037854422304309 0 0 0
0.002173913043478261 0.05417612418034368 0.3174271661513463 -0.6139258075904401 0 0 0
0.002173913043478261 0.3911525523631716 0.1867343706393189 0.19818123442569438 0 0 0
0.002173913043478261 -0.2807629173474732 0.35132334724466313 0.1531081279313303 0 0 0
0.002173913043478261 0.2970220848290542 -0.42977353166894133 0.12372387523709895 0 0 0
0.002173913043478261 0.2569150213780845 0.2506740744453506 -0.5419392199109264 0 0 0
0.002173913043478261 -0.3653662109754447 -0.2715955285135862 0.48616188204344774 0 0 0
0.002173913043478261 0.004372947078501858 -0.15949356887259986 0.09736103903121608 0 0 0
0.002173913043478261 0.4771662477114624 -0.002103034277002478 -0.0997352947039641 0 0 0
0.002173913043478261 -0.2670663971100697 0.21863996996082044 0.511702087819391 0 0 0
0.002173913043478261 -0.40688111029622653 0.08331058865950579 -0.3144444025904626 0 0 0
0.002173913043478261 0.411047171542564 -0.49238613348383226 0.22648927373854738 0 0 0
0.002173913043478261 0.6418891370316141 0.2568203696358857 0.027684881517657058 0 0 0
0.002173913043478261 -0.15775920140249827 0.03155022166267869 0.4658981685941514 0 0 0
0.002173913043478261 0.10562230889396108 0.25258039717192426 0.19109185053812142 0 0 0
0.002173913043478261 0.10235536275061348 0.4968334038480145 0.16189472218401013 0 0 0
0.002173913043478261 0.400584788708261 0.4955865057540001 -0.10656488087207279 0 0 0
0.002173913043478261 -0.2131070092400137 0.3699156431206303 -0.40173107321168794 0 0 0
0.002173913043478261 -0.40092022769429175 0.158618572444222 -0.3862012186606622 0 0 0
0.002173913043478261 0.06802394877674009 -0.21928205760362346 0.07129887769935779 0 0 0
0.002173913043478261 0.29092116283180897 -0.23253504436874106 -0.23590786888438983 0 0 0
0.002173913043478261 0.35735589406193685 -0.10678540429093429 0.4605622872542008 0 0 0
0.002173913043478261 -0.02145110369875756 -0.46504774455600867 0.3327009212791454 0 0 0
0.002173913043478261 -0.00039332701009282735 0.6680461053957797 0.11317394874945727 0 0 0
0.002173913043478261 -0.12605280978362016 -0.4328608977613835 0.3390227613058908 0 0 0
0.002173913043478261 -0.13080188015846728 -0.1650515885409194 0.6414805231622231 0 0 0
0.002173913043478261 0.09193399084063511 0.4744990598331299 0.4652551131601615 0 0 0
0.002173913043478261 -0.3764242711133778 0.2346339924950693 -0.45378381680774627 0 0 0
0.002173913043478261 -0.36641350100269166 0.0564664331081895 -0.42961702381565564 0 0 0
0.002173913043478261 0.28896586580247424 0.21817126872734607 -0.5720453290271886 0 0 0
0.002173913043478261 -0.45701423689371234 0.5132147521763244 -0.07675861288352878 0 0 0
0.002173913043478261 -0.18296877716874904 0.083479593076712 -0.5738118670444913 0 0 0
0.002173913043478261 0.10037568884583237 0.2173633664556871 -0.5975657441771767 0 0 0
0.002173913043478261 0.3683712763463491 -0.4545260770048277 -0.19685078191294955 0 0 0
0.002173913043478261 0.14227480109115104 -0.2725529607483716 0.055155142767094295 0 0 0
0.002173913043478261 0.6040860568873115 0.028945019813764142 -0.3389089502303217 0 0 0
0.002173913043478261 -0.22116939971787633 0.6217179017271866 0.15275563863130157 0 0 0
0.002173913043478261 -0.16764046350414571 -0.2939026735044237 0.5599681024844446 0 0 0
0.002173913043478261 0.07044331781851783 -0.35781455355379127 -0.0077635205474166245 0 0 0
0.002173913043478261 -0.22075000158923166 -0.24066541789248375 0.07371516806805482 0 0 0
0.002173913043478261 -0.20858716039913944 -0.3361816923980888 0.010505244812082657 0 0 0
0.002173913043478261 0.49916840169068627 -0.11688330812552743 -0.059739923604273985 0 0 0
0.002173913043478261 -0.1192252971953759 0.5774209855221407 -0.3496584873807152 0 0 0
0.002173913043478261 0.5817113857611415 0.167392004118447 0.2231968804953267 0 0 0
0.002173913043478261 0.2996803947627539 -0.46624573187972956 -0.15786724119907278 0 0 0
0.002173913043478261 -0.0963971203156949 -0.22773086900555495 -0.3246335535018517 0 0 0
0.002173913043478261 -0.38190407791222836 -0.08691038741279047 -0.42957433906398446 0 0 0
0.002173913043478261 0.22427445266116097 -0.08261819397367988 0.07536564204297004 0 0 0
0.002173913043478261 0.15743058524295875 -0.5283458207382608 0.10119457413559985 0 0 0
0.002173913043478261 -0.16585255608233296 -0.14611880982544004 -0.2662576822665272 0 0 0
0.002173913043478261 0.5460468348520906 0.3797788540609606 -0.084572386612378 0 0 0
0.002173913043478261 -0.0429249322876034 -0.2424827817912236 0.4753222921040271 0 0 0
0.002173913043478261 0.1722088869617298 -0.09571106068590464 -0.260733517305859 0 0 0
0.002173913043478261 -0.192558129221612 0.16667733386116756 0.16847047617949504 0 0 0
0.002173913043478261 -0.39083125813303665 0.28618993444276686 0.14858286747959534 0 0 0
0.002173913043478261 -0.5617673349069426 -0.036198831876313495 0.2906352185725772 0 0 0
0.002173913043478261 0.18384256433576845 0.47844655266812736 0.09064538445472231 0 0 0
0.002173913043478261 -0.5946522290081607 0.35250529953028403 0.04420705137958028 0 0 0
0.002173913043478261 0.35135612578740244 0.487460649335647 0.029202320216984642 0 0 0
0.002173913043478261 0.05234881824396277 0.4235011614221958 -0.42614327655979023 0 0 0
0.002173913043478261 -0.2673548421736741 0.5122391464969349 -0.3503093993930019 0 0 0
0.002173913043478261 0.4076299357097542 0.0017223112716034691 0.2877510460742489 0 0 0
0.002173913043478261 -0.3889309536188432 -0.39764177616078 -0.08474721186647058 0 0 0
0.002173913043478261 0.10039544301612023 0.17655869777289138 0.20992504031420237 0 0 0
0.002173913043478261 0.299821554219883 0.25497360925181867 -0.03211219704070963 0 0 0
0.002173913043478261 0.34820115762987375 -0.08549924725820798 -0.2592936001426172 0 0 0
0.002173913043478261 0.08524316945036639 -0.09611498361222595 -0.338902107176782 0 0 0
0.002173913043478261 0.15044115903259359 0.3339524216025771 -0.516621016000609 0 0 0
0.002173913043478261 0.06814903842825894 0.0032233196437816097 -0.6352177084206171 0 0 0
0.002173913043478261 0.40218640241348563 -0.15431355455868798 -0.44009697032944173 0 0 0
0.002173913043478261 -0.06273599380723141 0.587658309187243 -0.04801296681459426 0 0 0
0.002173913043478261 0.2515532399135451 -0.3862701533387039 0.48253552979735265 0 0 0
0.002173913043478261 -0.2818493457221258 0.612252018903513 -0.09799580691257827 0 0 0
0.002173913043478261 0.2478670604685051 0.23329427178251513 -0.0017850502221229043 0 0 0
0.002173913043478261 -0.4610096088711258 -0.00821062070296716 0.2643425730098399 0 0 0
0.002173913043478261 0.3424647836118374 -0.42967540123787223 -0.1632311096276044 0 0 0
0.002173913043478261 0.27127674459103024 -0.37526587009529194 0.486484607761079 0 0 0
0.002173913043478261 0.18409151968909696 0.46620762456926945 0.14123320122842747 0 0 0
0.002173913043478261 0.2721004588952998 0.055292409847489725 0.2981606573625733 0 0 0
0.002173913043478261 -0.05978414842891676 0.30811119594931924 0.1117621274700725 0 0 0
0.002173913043478261 -0.6218567383810835 0.04382237651479873 0.16243346040835713 0 0 0
0.002173913043478261 0.24459530796094944 -0.4347958167576909 0.4580103209559051 0 0 0
0.002173913043478261 0.15400450306907254 0.26262795198208877 0.4817426910768938 0 0 0
0.002173913043478261 -0.4653901323873166 0.46958065608434213 -0.12019789878660701 0 0 0
0.002173913043478261 -0.5294723347710611 0.3984148107372179 -0.04534002925502229 0 0 0
0.002173913043478261 0.03840665791832565 -0.07259142444263349 -0.5003161355483345 0 0 0
0.002173913043478261 0.1252809484351138 -0.25075882743801653 -0.22615518459873926 0 0 0
