320
0
0.003125 -0.2996137660455937 -0.3087624608912367 -0.13853267706488107 0 0 0
0.003125 -0.43090713091877986 0.41373191453342345 0.25780992261961483 0 0 0
0.003125 -0.10498727894110241 -0.6096752856075003 -0.2576619227930745 0 0 0
0.003125 -0.3855020936983295 -0.18813156279161833 -0.045404028659283016 0 0 0
0.003125 -0.2787876521052948 0.21523960847102674 0.47050571394789786 0 0 0
0.003125 -0.04682276647759447 0.29798311186399506 -0.4987585762027043 0 0 0
0.003125 0.0015096661067549454 0.43306250768657667 -0.4024388359542232 0 0 0
0.003125 -0.06425783695414404 -0.1458888514438978 -0.6302124574641972 0 0 0
0.003125 -0.345355861484023 -0.27663193264813546 0.10962099828267513 0 0 0
0.003125 -0.10941945825667149 -0.3386467759838565 -0.07095892165555788 0 0 0
0.003125 0.04134438790679941 -0.5794701956222658 0.11102155841454281 0 0 0
0.003125 -0.09925323990665123 -0.2879682162143975 -0.59817511798007 0 0 0
0.003125 -0.3284723746109723 -0.5821755675194777 0.02679185884221721 0 0 0
0.003125 0.3353883751194826 -0.46328730566255144 0.05339763947010059 0 0 0
0.003125 0.32374379949779425 -0.011834765779105428 -0.45120483597696615 0 0 0
0.003125 -0.07756587453132385 -0.6672445343248234 0.04670676408798118 0 0 0
0.003125 0.41249399372542067 -0.15096489390863363 0.4553147710470094 0 0 0
0.003125 -0.13461064334807918 -0.16545109512990314 -0.6262600282677805 0 0 0
0.003125 0.3011482888617344 0.11882133505296297 -0.039545396474924166 0 0 0
0.003125 0.12182491698342006 -0.46883815581959815 0.3110351169016871 0 0 0
0.003125 0.21379731117889839 0.21958326317689683 -0.08853304738187201 0 0 0
0.003125 0.2319291241588112 -0.2248408072326642 -0.18593450688259258 0 0 0
0.003125 0.1641449522978506 0.06590665110353106 -0.1970752256964046 0 0 0
0.003125 -0.07652766314137645 -0.24468062958730402 -0.05700961812617152 0 0 0
0.003125 0.2371427023311521 0.07091029185574402 0.03096751415641897 0 0 0
0.003125 -0.09877346094462466 0.6315471432053361 -0.18608412381379502 0 0 0
0.003125 0.3042408588201265 0.04258790333823822 0.5320090446098372 0 0 0
0.003125 -0.3628371273481443 0.4773240895275084 0.3423244608383898 0 0 0
0.003125 0.09426519487502726 0.15607527433345095 -0.632300145225871 0 0 0
0.003125 -0.04502752575489005 -0.14928839386271117 -0.40488514735058306 0 0 0
0.003125 0.3606276947169327 0.4325351525721587 -0.13113564815369463 0 0 0
0.003125 0.2827205386176635 -0.21893764654001197 0.27462622200072134 0 0 0
0.003125 0.2627919506653796 -0.3425355780078106 -0.3064430804739469 0 0 0
0.003125 0.35072604614820524 0.17191914666690417 -0.009738547097206252 0 0 0
0.003125 -0.08275751766942797 -0.46424092740986134 -0.020169123844137132 0 0 0
0.003125 -0.42149655385995677 -0.01964650308269078 -0.2817192174478553 0 0 0
0.003125 0.20825459840335997 0.07046459607393708 0.21582924102649892 0 0 0
0.003125 0.06955318629790286 0.4931800345739414 0.23810953757706124 0 0 0
0.003125 -0.31306688422814727 -0.07795981940298087 0.46394014766401104 0 0 0
0.003125 -0.09668006513716233 -0.2908410163582606 0.1682074132643197 0 0 0
0.003125 -0.3371549286484108 0.0069119087843035314 -0.4114473796413315 0 0 0
0.003125 -0.4278243484419698 0.4118657994052911 -0.32586390086601813 0 0 0
0.003125 0.16168746653457694 -0.2367364734507051 -0.6047528932144691 0 0 0
0.003125 0.142690439055368 0.655766058503145 0.07790235611758536 0 0 0
0.003125 -0.4984380633278154 -0.1327648583273508 -0.1960281440306852 0 0 0
0.003125 -0.4573284527550905 0.20693631798085924 -0.4010355114769889 0 0 0
0.003125 0.30808932188731813 -0.04152509355014517 -0.041655399647492874 0 0 0
0.003125 0.3368570712337615 -0.04991816134444915 -0.24744866888270867 0 0 0
0.003125 0.24223941486575828 -0.3816311707677486 0.12357095374243253 0 0 0
0.003125 0.2941305976422266 -0.4110391049726237 -0.44619859198487943 0 0 0
0.003125 -0.202573246784583 0.48446998867706637 0.033883491354032194 0 0 0
0.003125 0.02054621953590643 -0.37261951519375236 -0.2585115215721125 0 0 0
0.003125 -0.058864262751339706 -0.29614008350186255 0.29108721759810235 0 0 0
0.003125 0.049962762658681464 -0.24537255584702314 0.6117479500597257 0 0 0
0.003125 -0.3323329298970335 0.024360197610228857 -0.2117917436343664 0 0 0
0.003125 0.2913606818585885 -0.4375955194765654 0.07697773513446339 0 0 0
0.003125 -0.22783263805336698 -0.044644549958527305 -0.11938271883395618 0 0 0
0.003125 0.5402115271709961 -0.3432532127228901 -0.25771877585331887 0 0 0
0.003125 0.5684391095041098 -0.04066535264744212 -0.3823915071551916 0 0 0
0.003125 0.03598226878486837 0.4084746290736894 -0.43195462010250346 0 0 0
0.003125 0.16056350147127776 -0.42080510996886944 0.4417164941999969 0 0 0
0.003125 0.3408910974102374 -0.30923840651296847 0.06581398630104358 0 0 0
0.003125 -0.27284018032965085 0.3062825165763241 0.07982461902352535 0 0 0
0.003125 0.1269903631702385 0.3358588232036888 -0.5133489923856382 0 0 0
0.003125 0.019566768369436275 -0.032374804027858486 -0.5145681205620406 0 0 0
0.003125 0.3507472465532003 -0.15862929975132573 0.4228273381189475 0 0 0
0.003125 0.4473570774223311 -0.05358063016666503 0.47917429743084033 0 0 0
0.003125 -0.29010718070021124 -0.21477055099283068 -0.15239962069981525 0 0 0
0.003125 0.3630044177668571 -0.06951091552557713 0.4532878052083533 0 0 0
0.003125 -0.2458229319653402 0.6025475960455868 0.10254588624761575 0 0 0
0.003125 0.2093351442138603 -0.22728060024046037 -0.15116784529479663 0 0 0
0.003125 0.08425212669980292 0.5543162117542919 0.3894744201283458 0 0 0
0.003125 -0.14761576822833725 0.06114759744911624 0.48455966894612085 0 0 0
0.003125 -0.5513186335050887 -0.35766650553381196 0.21311852325272665 0 0 0
0.003125 -0.28089668543940866 0.0811076030381837 0.23122519359662555 0 0 0
0.003125 0.014495661814551183 -0.38654808589616296 0.47487939440143206 0 0 0
0.003125 -0.017573258455671564 -0.3087915769165345 -0.29727376615182055 0 0 0
0.003125 -0.3956941778549487 -0.44966742418535294 -0.2805838088694168 0 0 0
0.003125 0.30542937656379915 -0.0019500768701235568 -0.16638892275909184 0 0 0
0.003125 -0.07508216426643609 -0.13236643934249176 -0.5851582374322339 0 0 0
0.003125 0.4352213030422412 -0.07524477454866461 -0.5243785103617493 0 0 0
0.003125 0.659472021462213 -0.04762889479663255 -0.12559050281179113 0 0 0
0.003125 0.1256904009895862 -0.15970640371768918 -0.37598640596879734 0 0 0
0.003125 -0.5711425358820142 -0.12308392604754233 -0.08272393262059201 0 0 0
0.003125 0.3214303724591038 0.0709950723488031 0.5280882595323417 0 0 0
0.003125 -0.262827564949915 -0.191131843017063 -0.14342875200779828 0 0 0
0.003125 -0.23397470256382807 -0.28460445476454194 -0.39094594754801193 0 0 0
0.003125 0.22110179533533444 -0.35591229232132526 -0.2375538494235279 0 0 0
0.003125 0.06250844875771101 -0.3937604069676838 0.08242678296381288 0 0 0
0.003125 0.0669657087411888 0.366795579634672 0.13846037270524456 0 0 0
0.003125 0.44467202855103594 -0.03600515073833318 -0.2659430120547439 0 0 0
0.003125 0.026736471527269656 -0.282567345834166 -0.19830016655819668 0 0 0
0.003125 0.05460936688756674 -0.1904089424760692 0.584448613900834 0 0 0
0.003125 0.418518413657549 -0.38142455081621024 0.06596919813836653 0 0 0
0.003125 0.040359250961284884 0.31285235640138365 0.04194641077599871 0 0 0
0.003125 -0.07283675180665615 0.19322189650565008 -0.08152244371543135 0 0 0
0.003125 0.0838125247237088 0.4101754787274064 -0.3446915903087727 0 0 0
0.003125 -0.049467796263418316 0.19741585477400225 -0.5407091341738866 0 0 0
0.003125 0.09296087736507004 0.0014799155884673016 0.6385679384130307 0 0 0
0.003125 -0.26680695409750826 -0.42556268455319374 -0.14399071570764213 0 0 0
0.003125 -0.008935655055430215 -0.10630471358086514 0.635939253564094 0 0 0
0.003125 -0.24291252702458738 -0.011646991960664594 0.4872285405795475 0 0 0
0.003125 0.11735613880697256 -0.35032919590546907 0.15108226406893227 0 0 0
0.003125 0.4495645154636837 -0.3187966529012805 -0.21690275208995535 0 0 0
0.003125 -0.2719483551536217 0.3721489996474078 -0.1560774845332801 0 0 0
0.003125 -0.19175396340039758 -0.6225483943527605 0.05903512824715545 0 0 0
0.003125 -0.20283125601103644 0.46522700939815087 0.029766457940279198 0 0 0
0.003125 0.24712614210136188 -0.4086939918751693 0.11526261708873467 0 0 0
0.003125 -0.09635991244627412 -0.40465407991192087 -0.15696390732728824 0 0 0
0.003125 0.06771742243523428 0.08943057873172003 -0.6468430974222609 0 0 0
0.003125 -0.25942420248712794 -0.3451497880532365 0.010164092595776815 0 0 0
0.003125 0.30771080119057864 -0.33587601673512024 0.3104006315294583 0 0 0
0.003125 -0.5072628643956055 -0.13985081507457897 -0.34293701905700663 0 0 0
0.003125 0.1639440948810218 0.019739299404856567 0.6435958713265171 0 0 0
0.003125 -0.4767367318189819 -0.16263392794629292 -0.46080149717185986 0 0 0
0.003125 0.19007977737266388 -0.056013672505749894 -0.011512012319660394 0 0 0
0.003125 0.2552663514724148 -0.23749025288496156 -0.29078479795332024 0 0 0
0.003125 0.4775514934749012 -0.11377403452912015 -0.04689468871520647 0 0 0
0.003125 -0.1926643651251656 0.31883171697222773 0.03470374043888653 0 0 0
0.003125 0.40601768487822487 0.10511365766111949 -0.1468344606388686 0 0 0
0.003125 0.12160499723124427 0.1315403237944705 0.08107544816564786 0 0 0
0.003125 -0.3913718967269028 -0.33817207764912566 -0.0270008107076337 0 0 0
0.003125 0.06009576840589171 0.31435121459064946 0.2811894311923642 0 0 0
0.003125 -0.018000482460771638 0.2651642727940645 -0.14925891188043608 0 0 0
0.003125 -0.02325258298411721 0.32258399891442124 -0.40240399180736514 0 0 0
0.003125 -0.640618302218471 -0.0516366436245324 0.1419251188160612 0 0 0
0.003125 -0.05820758569764031 0.1649031973418328 0.23006753074559907 0 0 0
0.003125 -0.2927751808400686 -0.12304934195136343 0.2775687438869465 0 0 0
0.003125 0.25816796907818845 0.3799943789453033 0.40538847323271093 0 0 0
0.003125 0.5235716845124442 -0.28531382204531136 -0.08994316561579065 0 0 0
0.003125 -0.3631212350911574 -0.2997974588295645 0.24506878786594102 0 0 0
0.003125 -0.4034527575168982 0.18687102256649296 0.10123218388012747 0 0 0
0.003125 0.24313887840821877 -0.3665969702684578 0.3301829813451951 0 0 0
0.003125 0.31566505888800295 0.0770913368352567 -0.26851690782066007 0 0 0
0.003125 0.20377390483825206 -0.23496338040856432 -0.031896779615329614 0 0 0
0.003125 0.272696983332 -0.26405169588198385 0.029592592570189546 0 0 0
0.003125 -0.5600443691747625 0.03220854490289449 -0.3722375149474095 0 0 0
0.003125 0.3456145639763252 0.23236554144385463 -0.07610254228527896 0 0 0
0.003125 0.1071767682942834 -0.07372374866769583 -0.0006537157789896973 0 0 0
0.003125 0.6290657247629415 -0.14754597809905878 0.09047901663580954 0 0 0
0.003125 0.07404804626239336 0.1849067250466756 0.37697470481086975 0 0 0
0.003125 -0.3620940043753953 0.23189800146043252 -0.09399801841435802 0 0 0
0.003125 -0.16025690156521755 -0.2876572960982823 0.29399965617444124 0 0 0
0.003125 0.24604816028703333 -0.08497355070324543 -0.5229074744172835 0 0 0
0.003125 0.15223024422087936 -0.35827336382149144 -0.5274478143348282 0 0 0
0.003125 0.1943008251092244 0.19182618897969625 0.4800524399147083 0 0 0
0.003125 -0.6000939620547667 -0.1922876597318023 0.05266373422576892 0 0 0
0.003125 -0.2027989753457076 0.23954182912807137 -0.5581486351125783 0 0 0
0.003125 0.38658998809207756 0.26035744474144723 0.06245457885627116 0 0 0
0.003125 -0.007625103202686022 0.22165106712617294 0.4360039121689662 0 0 0
0.003125 -0.6195321305805169 -0.09478660503677858 -0.19990877096255688 0 0 0
0.003125 -0.0707706197697135 0.12598701672782758 0.31720633644818763 0 0 0
0.003125 -0.5640214915608429 0.3648210085778796 0.0424226957635254 0 0 0
0.003125 0.1478803963293539 -0.20738466883111975 -0.6033694942666399 0 0 0
0.003125 -0.03741106960306351 0.144469334184906 0.657838642232095 0 0 0
0.003125 0.6347127062198582 -0.0027893704515476246 0.2189344060569216 0 0 0
0.003125 0.049980037490821964 -0.5943992480343123 -0.026011830906009965 0 0 0
0.003125 0.44460960423226287 -0.1448206709273204 -0.36309243791746304 0 0 0
0.003125 0.32917541383739923 0.23726682739484314 -0.2744532135774892 0 0 0
0.003125 0.21227468714679903 -0.15619562375193885 0.5022023332861654 0 0 0
0.003125 -0.07151075108628298 0.5724062267774966 0.21054367055788847 0 0 0
0.003125 0.20347316512374466 -0.47815867495655184 0.24671472881464188 0 0 0
0.003125 0.012686014783429601 0.15974790810478512 -0.11968384953500576 0 0 0
0.003125 -0.12929528951501434 -0.05375274602135798 0.5217251308980054 0 0 0
0.003125 0.1753265104000731 -0.3595845194219976 -0.46023710140671054 0 0 0
0.003125 0.3850054335338296 0.05843215409564327 -0.0678119933826096 0 0 0
0.003125 0.2699545425671146 -0.17682961572258196 0.43963392789354033 0 0 0
0.003125 -0.1276247594446812 0.09786644388668748 -0.27617790576824475 0 0 0
0.003125 -0.3607942473832574 0.1210938821107967 0.5526789037871733 0 0 0
0.003125 -0.5067207963283216 -0.3951674597256013 -0.12599360948529745 0 0 0
0.003125 -0.4244980170325552 -0.3056643793664702 -0.3424861305663533 0 0 0
0.003125 0.04647516403639148 0.14794776327189565 0.5033840485777177 0 0 0
0.003125 0.3514413827167723 -0.23809098544039095 -0.09980666467548041 0 0 0
0.003125 0.06256356134074757 0.11335566650235206 0.3366767513934196 0 0 0
0.003125 0.09550053587189004 0.24710931493758947 -0.559757226234886 0 0 0
0.003125 0.17896980180439823 -0.6385146873151563 0.07410163867165076 0 0 0
0.003125 -0.6258963159228238 -0.04172046711867961 -0.1353939184295904 0 0 0
0.003125 0.005796130113722948 -0.09486779355287359 -0.41761601894568606 0 0 0
0.003125 0.3151930117083737 -0.17314744764046666 -0.5240734353849262 0 0 0
0.003125 0.6517047872305034 -0.10000147983020183 -0.10145000692871042 0 0 0
0.003125 -0.48813225289619544 0.2661043399616947 0.060450139951011374 0 0 0
0.003125 -0.4623195122242502 -0.34387379532270773 -0.28804178625797583 0 0 0
0.003125 -0.342386956422328 -0.007640448035127374 -0.5075485776724928 0 0 0
0.003125 -0.30542976078093903 -0.10710699042918609 0.3764553978386209 0 0 0
0.003125 0.006559113489456932 -0.17681705989542354 0.6228221541744614 0 0 0
0.003125 0.17615319094453136 -0.12137278252473081 0.3848336541474041 0 0 0
0.003125 -0.23497099937130017 0.27616656312790866 0.34637094987838407 0 0 0
0.003125 -0.5245049363345579 -0.01352328140064368 0.21188585089462975 0 0 0
0.003125 -0.5098216866023569 0.0935800988640866 0.03266080128302829 0 0 0
0.003125 -0.22127607467737692 0.4166138649283726 0.47072461339257915 0 0 0
0.003125 0.34908659981340784 0.3529487482711579 -0.013610523050964631 0 0 0
0.003125 0.464280308517674 0.12893168782637296 0.013846921552570569 0 0 0
0.003125 -0.5312633815803958 0.3221659516262683 0.018788766365953356 0 0 0
0.003125 -0.0500576301821295 0.04774855747363994 -0.47995451079826823 0 0 0
0.003125 0.04279294243134982 -0.511318978061947 0.028295229673510988 0 0 0
0.003125 0.2257129352011939 -0.056698420585235394 -0.05785980293015678 0 0 0
0.003125 0.14108701105257276 0.21483397547008623 -0.25784831319160056 0 0 0
0.003125 -0.43971872582684385 0.2882852903515347 0.25667056709770947 0 0 0
0.003125 0.5806451425808 0.012235014096628846 -0.35864719074201884 0 0 0
0.003125 0.11789626532093517 0.4557742400067929 0.4015044812875986 0 0 0
0.003125 -0.09215449502668963 0.3051617574963875 -0.4036057020865514 0 0 0
0.003125 0.23476084013543097 0.40660252638982913 -0.3846658725367438 0 0 0
0.003125 0.22084629131687317 0.12560795189911775 -0.28066779096116323 0 0 0
0.003125 0.36782438021292424 0.2358254464724907 0.15220344374700004 0 0 0
0.003125 0.5570574054128711 0.29966209082883594 -0.2119578820130417 0 0 0
0.003125 0.24609651677609415 0.29924613137988004 0.011308835450889381 0 0 0
0.003125 -0.31715328646031393 -0.381999278516508 0.062098777948225346 0 0 0
0.003125 -0.1149474773676112 -0.6241799246435751 0.10360821573557462 0 0 0
0.003125 0.21985867342469573 0.4994184089426941 -0.21004695788697444 0 0 0
0.003125 -0.18547668261065997 -0.20784187849458938 -0.6100001212359157 0 0 0
0.003125 -0.6692993873701284 -0.04549109856055701 -0.13499836459989917 0 0 0
0.003125 0.003801623762828453 -0.5535173270833114 0.17688106345821974 0 0 0
0.003125 -0.03604920121776534 -0.0607960985894527 0.44624752695970216 0 0 0
0.003125 -0.13290127400924473 0.223144347533093 -0.5475499779050976 0 0 0
0.003125 0.4047165349579834 -0.22709825644244303 0.3700258749321104 0 0 0
0.003125 0.4555575736046299 0.03921724759451048 -0.4625654277977062 0 0 0
0.003125 0.03977379572862831 -0.3744448966554677 -0.19896977635286367 0 0 0
0.003125 -0.5432653004032785 -0.02743893711193217 0.3352523443210003 0 0 0
0.003125 0.009496758449281483 0.5266430267153692 0.38158789273597893 0 0 0
0.003125 -0.09299204495147079 -0.22228390862772426 -0.18455754548706915 0 0 0
0.003125 -0.44678214048002435 -0.06265839100414011 -0.25182649343361696 0 0 0
0.003125 0.1997749522429565 0.047127530868380466 -0.48225314381982404 0 0 0
0.003125 -0.45049634883433193 -0.38705974345144023 0.23167299811983494 0 0 0
0.003125 -0.14598673795629327 -0.21446752724700963 -0.12678082969917143 0 0 0
0.003125 -0.12998372643555953 -0.05413540690611558 0.03635870054117535 0 0 0
0.003125 0.18229147596230863 -0.1751199045513718 -0.05784233083714526 0 0 0
0.003125 0.015037641189469163 0.17995957403147356 0.19004811037464056 0 0 0
0.003125 -0.01953745421201764 0.11793205786724702 0.4556666068977586 0 0 0
0.003125 -0.47063570227779405 -0.09801697966198868 0.41650803328180697 0 0 0
0.003125 -0.1712134174289049 0.17107070603019395 0.4912797929956819 0 0 0
0.003125 -0.6178188108135391 0.14744701595633555 -0.12057887825452099 0 0 0
0.003125 0.40189248743382494 0.015498887775129222 -0.5454060588775814 0 0 0
0.003125 0.21024769572754715 0.2883680947480276 -0.3615088988878049 0 0 0
0.003125 0.26145214047012144 0.06439268485997952 0.26864853070885847 0 0 0
0.003125 0.25859193730848956 0.0076547111045966575 0.566673625559508 0 0 0
0.003125 0.2705135743444047 0.35477500308497967 0.41098039201348185 0 0 0
0.003125 -0.1668770268947916 0.27889127242617084 -0.3813432829889451 0 0 0
0.003125 0.6318237972468782 -0.2328247814239073 0.03730678839924316 0 0 0
0.003125 -0.04157930432470858 -0.4404370383108548 0.23152624422649462 0 0 0
0.003125 -0.18731257665078713 -0.11703026107205017 0.5724792151095525 0 0 0
0.003125 -0.6197764859696441 0.23390773144528493 -0.14503894645428325 0 0 0
0.003125 0.029462397650587974 -0.02583824380041617 -0.5938807170025238 0 0 0
0.003125 0.17966423392448516 -0.5564060382089291 -0.20885512879318166 0 0 0
0.003125 0.1708212683330607 0.5536634223904258 -0.0958210284320752 0 0 0
0.003125 0.23157377315994288 -0.477219030698595 0.18835623779638763 0 0 0
0.003125 0.6369255564301874 0.0367791930839074 0.21913591193788806 0 0 0
0.003125 0.16701179233062566 -0.35458308798789084 -0.46743132454845976 0 0 0
0.003125 0.26794100670914806 0.5764695784858035 -0.08324103323445078 0 0 0
0.003125 -0.020045044205129134 0.37731115732836745 -0.5063840048878606 0 0 0
0.003125 0.5462238852908397 0.1687220892716005 -0.28299287203915735 0 0 0
0.003125 -0.05990496740812435 0.1365202266225631 -0.21492277891860753 0 0 0
0.003125 0.5033737235145564 -0.32878109860019783 0.06802662057769635 0 0 0
0.003125 0.37646096781811195 0.1909749231940503 0.17772804523026653 0 0 0
0.003125 -0.3565534088453907 0.2648785031930791 0.43774957585604096 0 0 0
0.003125 -0.016717957269408175 0.17087177907169127 -0.5726074882179677 0 0 0
0.003125 0.3686514539029011 0.3220372305353783 0.26853589282053364 0 0 0
0.003125 -0.5056464476161107 0.11667722542261744 -0.20974084235063015 0 0 0
0.003125 -0.005514188261914458 0.6874259983088068 -0.058020973611373004 0 0 0
0.003125 0.4640932483487009 -0.1630635211241799 0.11665641368463794 0 0 0
0.003125 -0.22714767475011227 -0.00707642692789865 0.2698867294581278 0 0 0
0.003125 -0.3344220052841859 0.10557014310605699 0.08757120979861677 0 0 0
0.003125 0.18051923382040244 0.13331418725084043 -0.03280014075764013 0 0 0
0.003125 0.27623787965918806 0.052655413562761176 0.41132378138008124 0 0 0
0.003125 -0.19210822772351707 -0.5062345641414221 0.34089392899748067 0 0 0
0.003125 0.15301443405803863 -0.37452172375963066 -0.0787088848054978 0 0 0
0.003125 -0.3843884176823489 -0.3159306613207807 0.27607317598339143 0 0 0
0.003125 -0.45621594983735164 0.09143825645763382 -0.4157769318162482 0 0 0
0.003125 0.05727099672917439 -0.6410160550043159 -0.17441608714461693 0 0 0
0.003125 0.2691339295733685 0.46051496359565414 0.07162904092721979 0 0 0
0.003125 -0.11954085223591034 -0.10209977964748009 0.32633332925906283 0 0 0
0.003125 0.24567122396725005 0.16329398879005066 -0.5463084695246182 0 0 0
0.003125 -0.4603996743783876 0.21022677869277107 0.3296778542147514 0 0 0
0.003125 -0.014333352401633252 -0.6113350145523034 -0.04482215094010833 0 0 0
0.003125 0.2530616760748739 0.4477050936116023 -0.43865482778489756 0 0 0
0.003125 -0.12880426649106225 -0.0031354375872764714 0.3235853921011376 0 0 0
0.003125 0.28370585970552087 -0.29517537636929525 -0.3327919056103571 0 0 0
0.003125 -0.003716803389272371 0.08607267353397331 -0.49957542240321845 0 0 0
0.003125 0.3160444480693932 0.5661434225535577 -0.21423175688450238 0 0 0
0.003125 0.36593467980183936 -0.194744029686966 -0.19000964629053155 0 0 0
0.003125 0.013504725276747488 0.23995210233519745 -0.10176267677716427 0 0 0
0.003125 0.10183581858047083 0.16330892436651845 -0.23464269739719495 0 0 0
0.003125 0.08471255613727854 -0.2100892215177295 -0.0948878311889647 0 0 0
0.003125 0.002191523737375396 -0.3942133825411178 0.10425200495486725 0 0 0
0.003125 -0.13152748373136103 -0.5024192113288206 -0.3068979404112707 0 0 0
0.003125 -0.20504967441426367 -0.001105863563958336 -0.32525253442395297 0 0 0
0.003125 0.4707417132198847 0.40474299443491235 -0.11817970256685756 0 0 0
0.003125 -0.31116346623630364 0.02544761515706281 0.49672164071586195 0 0 0
0.003125 -0.2440190989321767 -0.09642506719867969 0.04235594385220755 0 0 0
0.003125 -0.1279904534917068 -0.600484821458988 0.049473449409711774 0 0 0
0.003125 0.35004758968222227 -0.32964845222567074 -0.01589124450089614 0 0 0
0.003125 0.11422766460005072 0.19996871178513115 -0.10890896299933507 0 0 0
0.003125 -0.260449191126415 0.5569570391278058 0.22443029357071745 0 0 0
0.003125 0.5664604668604722 -0.280495411642073 0.004306032291196672 0 0 0
0.003125 0.18572742999490408 -0.042302274473954224 0.3817472926878032 0 0 0
0.003125 0.07998596627921775 0.3087898501445527 -0.5210271922660927 0 0 0
0.003125 -0.1509923598932305 -0.405880912096289 0.007084169609410602 0 0 0
0.003125 0.5843593878411691 0.010407075042038416 -0.17598295626315144 0 0 0
0.003125 -0.0646417546629689 -0.6263194710210749 0.06148814190147526 0 0 0
0.003125 -0.2582175428401329 -0.16845154990831415 -0.4455254903204529 0 0 0
0.003125 -0.2478547704743568 0.622270580599251 0.10610441774112257 0 0 0
0.003125 0.49628424476504474 0.3173064062581991 -0.11396025826817853 0 0 0
0.003125 0.15082845176811333 0.2999530654883797 0.3318608843754815 0 0 0
0.003125 0.21231649669616778 -0.14180376021089813 -0.3102090401254024 0 0 0
0.003125 0.04105970110050753 0.4254486958122555 0.23413541856673878 0 0 0
0.003125 0.42766849880553093 0.1714217530097009 0.06283405003784712 0 0 0
0.003125 0.051620005735320426 -0.03760087019882309 -0.18725897176051026 0 0 0
0.003125 0.1298428069541821 0.059665757642387386 0.023535015995725436 0 0 0
0.003125 -0.4681636820430618 -0.12965324915442422 -0.41520477453351745 0 0 0
0.003125 -0.011419725427322952 -0.39776471581162937 0.07953129040464525 0 0 0
0.003125 0.05481537573611153 0.0957068779684946 -0.5162495407217063 0 0 0
0.003125 0.43119732813261946 0.1886364263906622 -0.40994266379459593 0 0 0
0.003125 0.10456968164445442 0.053283886071154696 0.05251472844730644 0 0 0
0.003125 -0.12241048698415874 0.4448107755907961 0.3450680899165271 0 0 0
0.003125 0.28518287503528805 0.09890927485370804 -0.36122058246287636 0 0 0
0.003125 0.12087143528028267 -0.4469217000916524 -0.28450042569506445 0 0 0
0.003125 0.1722736442558801 -0.1662243484443464 -0.5832242067299092 0 0 0
0.003125 0.38609350165540857 0.13113381795424214 -0.5051847988121586 0 0 0
0.003125 -0.5189829510178549 -0.1935876487438905 0.276622860993281 0 0 0
0.003125 -0.16730419661306192 -0.32894503626292315 -0.17318785790894808 0 0 0
0.003125 0.0294635229985862 0.6232542064787531 0.05433618228689735 0 0 0
