170
0
0.0058823529411764705 0.44571950299053537 -0.5037856641150359 0.15960401596166282 0 0 0
0.0058823529411764705 0.07570981415234503 -0.4872615223615461 -0.3755670789701591 0 0 0
0.0058823529411764705 0.5858506380719334 0.03516847375321502 0.09942116013603791 0 0 0
0.0058823529411764705 0.5141431322814418 0.30579377706551203 0.02745523873281399 0 0 0
0.0058823529411764705 -0.2687889446009589 -0.05275988266774737 -0.04365391370158541 0 0 0
0.0058823529411764705 0.18102295220267678 -0.2673092550807718 0.1993627972483829 0 0 0
0.0058823529411764705 -0.11859252095874864 0.612571373714482 0.2352233429067494 0 0 0
0.0058823529411764705 0.052779235926507156 -0.4010862794009499 -0.07532076909816515 0 0 0
0.0058823529411764705 -0.4147043162002876 0.23387298405481244 -0.17318983815990396 0 0 0
0.0058823529411764705 -0.46945167379666564 0.09147371840305475 0.3435797610573096 0 0 0
0.0058823529411764705 -0.4918461755269248 0.18814627200767783 0.36291915112723055 0 0 0
0.0058823529411764705 0.2665307884368685 -0.09769299872639048 -0.22166794590939876 0 0 0
0.0058823529411764705 0.23686130073586853 -0.44860022875318795 0.42931931241672 0 0 0
0.0058823529411764705 -0.02099884141517684 -0.47023645663584857 0.2905813765853859 0 0 0
0.0058823529411764705 -0.47206012520821994 0.3243226941865313 0.32534116488497583 0 0 0
0.0058823529411764705 0.027838817083039584 0.02911256693889074 -0.40297520202103093 0 0 0
0.0058823529411764705 0.11114057858007279 -0.14176121684264759 0.03820941783661801 0 0 0
0.0058823529411764705 0.17961036774628542 -0.45195446221551255 0.16998458834605193 0 0 0
0.0058823529411764705 0.475402587966159 0.08337230683203703 -0.32937553074556636 0 0 0
0.0058823529411764705 -0.23391889505529811 0.39526912702869177 0.005759313281050072 0 0 0
0.0058823529411764705 -0.02881383519425241 0.24185580653015995 -0.31455492105519656 0 0 0
0.0058823529411764705 0.35376931732505046 -0.32830782839094474 -0.25723796359274465 0 0 0
0.0058823529411764705 -0.04239360795540685 -0.22229942467899094 -0.34475059024810734 0 0 0
0.0058823529411764705 -0.6008278827705448 0.2638391554704072 0.04095535168717586 0 0 0
0.0058823529411764705 0.398969513577234 -0.5489909667160654 -0.10819738027650727 0 0 0
0.0058823529411764705 -0.5912444838074166 0.1382134742614125 -0.20335026072225185 0 0 0
0.0058823529411764705 0.31644123022111337 -0.20892365535808208 -0.37546418377247054 0 0 0
0.0058823529411764705 0.3777851133526931 0.14809990514606672 0.29896344948335046 0 0 0
0.0058823529411764705 -0.0972485117216332 -0.1842030091821449 -0.47849394949261564 0 0 0
0.0058823529411764705 0.32735862796552556 -0.11119425888387795 -0.5402002762375738 0 0 0
0.0058823529411764705 -0.30114926965421573 -0.27283557753180615 0.4645574933941439 0 0 0
0.0058823529411764705 0.2418279910281114 -0.18742164785846535 -0.36042385114021563 0 0 0
0.0058823529411764705 0.5199991222278878 0.23886793971167902 0.2710209769081059 0 0 0
0.0058823529411764705 0.11246884465983331 0.23284463347181591 0.27783622026820526 0 0 0
0.0058823529411764705 -0.27806345071911737 -0.4169830415026524 0.46022241363912 0 0 0
0.0058823529411764705 0.20470510692740793 0.3875966333116576 -0.009977533223003042 0 0 0
0.0058823529411764705 0.1861414809627863 0.2000030516420546 -0.34269878068158577 0 0 0
0.0058823529411764705 0.3636439469836326 -0.032457952292325475 0.5146402526822865 0 0 0
0.0058823529411764705 0.30727669273364533 -0.35605137457258434 -0.3317097349703265 0 0 0
0.0058823529411764705 0.25342301223873526 -0.1334683901737829 0.22008473383484636 0 0 0
0.0058823529411764705 -0.3452107938316298 0.31945013079555756 -0.1988353043234219 0 0 0
0.0058823529411764705 -0.4473015753229202 0.29401703094064296 0.075843399040445 0 0 0
0.0058823529411764705 -0.3355080070947351 0.23254045145513197 -0.06201619617229781 0 0 0
0.0058823529411764705 -0.13625916711120623 0.5558770295213072 0.038008139457350425 0 0 0
0.0058823529411764705 0.2374694538847969 0.013456384229686435 -0.20650396959358405 0 0 0
0.0058823529411764705 -0.2522140415122782 -0.43796138798128736 -0.11533139378445253 0 0 0
0.0058823529411764705 -0.020596298829527845 -0.06224260904810884 -0.5006383998895517 0 0 0
0.0058823529411764705 -0.4051165445145487 0.21098202870134158 -0.3601400889484673 0 0 0
0.0058823529411764705 -0.31976578567841196 -0.08913900413904362 -0.43610671252649114 0 0 0
0.0058823529411764705 -0.5998249570066144 -0.16520880219307002 0.21254329431458255 0 0 0
0.0058823529411764705 0.5911734901242702 0.21975224830892334 -0.048564590299971684 0 0 0
0.0058823529411764705 -0.36671134195803345 -0.0020481878168767103 -0.019529328463668272 0 0 0
0.0058823529411764705 0.08109599710419986 -0.351915820369146 0.40063621223105056 0 0 0
0.0058823529411764705 -0.19816639100655137 0.583601244720401 0.18814129157255402 0 0 0
0.0058823529411764705 -0.525828635753013 0.3177600942698267 -0.1678053224566397 0 0 0
0.0058823529411764705 -0.055524217877563314 -0.013696863031091175 -0.1550565917062962 0 0 0
0.0058823529411764705 0.15513479326483676 -0.14042044484830826 -0.03706376749198697 0 0 0
0.0058823529411764705 -0.0613801589963484 0.5810842537758482 -0.28289942575282584 0 0 0
0.0058823529411764705 0.11715616949316814 0.21049224652291587 -0.17981759600982686 0 0 0
0.0058823529411764705 0.011062121949106158 -0.18530404546965357 -0.500267043706112 0 0 0
0.0058823529411764705 -0.03870368728569782 -0.24308386644200025 0.576067454451914 0 0 0
0.0058823529411764705 0.5582504632166645 0.2823986238446078 -0.08703111087311959 0 0 0
0.0058823529411764705 -0.181168355217728 -0.09097946063829933 -0.09800427431414259 0 0 0
0.0058823529411764705 0.3993536474122879 -0.07944405105955081 -0.41713595054702257 0 0 0
0.0058823529411764705 -0.5867319110031155 0.011454666426581783 0.11472395655838329 0 0 0
0.0058823529411764705 -0.5348909046144494 0.03972462708747799 0.33503119615634985 0 0 0
0.0058823529411764705 -0.15642479239451457 -0.13013419253463623 0.3525191205545386 0 0 0
0.0058823529411764705 0.00401912222758426 -0.5487193297587577 0.29541521328068904 0 0 0
0.0058823529411764705 -0.08647426975282176 0.06006638219070569 0.0228462549048897 0 0 0
0.0058823529411764705 -0.1368859539377476 0.42777567335163924 0.35815057383658505 0 0 0
0.0058823529411764705 0.4092850229305058 0.41438527896052385 0.06536160806050274 0 0 0
0.0058823529411764705 -0.2917426076765726 -0.4219332472705787 -0.37611353506491657 0 0 0
0.0058823529411764705 -0.22608026594190714 0.029569368056714885 0.19748876852175049 0 0 0
0.0058823529411764705 -0.10150316328967025 -0.45331423819564237 -0.19245556497864008 0 0 0
0.0058823529411764705 -0.20639770577201375 -0.297265504853684 -0.37606438487067256 0 0 0
0.0058823529411764705 -0.2933644438922421 -0.1389299240284953 -0.2818526495998093 0 0 0
0.0058823529411764705 0.5831214346914245 0.03276793100921481 -0.11037561634566069 0 0 0
0.0058823529411764705 -0.05212156128781004 -0.4808567464193466 0.44420876531904024 0 0 0
0.0058823529411764705 0.1489007360774279 -0.0783783524581186 0.02007323695264092 0 0 0
0.0058823529411764705 -0.014205834678452718 0.29387100429598534 0.0673140810004834 0 0 0
0.0058823529411764705 0.24210096187833405 0.5327731625042451 0.36187420680350746 0 0 0
0.0058823529411764705 -0.4267373686055065 0.04141217004459113 -0.48492956543516474 0 0 0
0.0058823529411764705 -0.37923425476918937 -0.3996737491628485 0.347387651060046 0 0 0
0.0058823529411764705 0.056701645778113374 0.08627786480572779 -0.24618665804164977 0 0 0
0.0058823529411764705 -0.29608965195857795 0.34020816601503934 -0.08766935938896608 0 0 0
0.0058823529411764705 -0.05578677944863123 -0.2539125700474004 -0.37220438953885193 0 0 0
0.0058823529411764705 -0.08292436834980181 -0.005002022495520314 0.607368843055692 0 0 0
0.0058823529411764705 -0.32221590808456557 -0.07946280310108983 0.041452997938261016 0 0 0
0.0058823529411764705 0.11833694146419839 0.08926393508574398 -0.13191317364130287 0 0 0
0.0058823529411764705 0.0737011964025055 0.15663156172830725 0.2416323974475068 0 0 0
0.0058823529411764705 0.10376714528608372 -0.12378268782929322 0.443428462165543 0 0 0
0.0058823529411764705 -0.1776447718477817 0.10025625169403314 -0.6375656823476481 0 0 0
0.0058823529411764705 0.49173855455453747 -0.07289387859179235 0.27505034416298874 0 0 0
0.0058823529411764705 -0.0947281065218419 0.22501801716938133 0.09724210640602851 0 0 0
0.0058823529411764705 -0.49353341858603567 -0.15956179049953842 0.3455073234106147 0 0 0
0.0058823529411764705 -0.2793461752446556 -0.37378811713359944 -0.2090900341912761 0 0 0
0.0058823529411764705 0.0759728696535922 -0.037476017179196575 0.547967713954757 0 0 0
0.0058823529411764705 -0.40189617108442305 0.06447582064999854 0.055622157158600014 0 0 0
0.0058823529411764705 0.39752596507233207 -0.16718313122039005 0.012574928836974197 0 0 0
0.0058823529411764705 0.12666884745565649 0.1200759079546745 -0.16657382067341875 0 0 0
0.0058823529411764705 0.1769988044015535 -0.4005629201529322 -0.13893263240122625 0 0 0
0.0058823529411764705 0.1195345810634571 -0.39821974173903596 0.3976048336994368 0 0 0
0.0058823529411764705 0.6161775356463045 0.11706044796725348 -0.14945432130915542 0 0 0
0.0058823529411764705 0.42751622555068763 -0.17018593847797145 -0.277380860272941 0 0 0
0.0058823529411764705 -0.36864001246956946 -0.0299166092903896 -0.14712404117354633 0 0 0
0.0058823529411764705 -0.013213571624257573 0.5961852153512499 -0.06096270572845 0 0 0
0.0058823529411764705 -0.26467504429651784 -0.16648082145288226 0.5627382665751139 0 0 0
0.0058823529411764705 0.1064250776471837 -0.48187115617811477 -0.0010066445544139547 0 0 0
0.0058823529411764705 0.17009860339187816 -0.6688431558527446 0.05200815111198367 0 0 0
0.0058823529411764705 0.5575113106241282 -0.0016211725066091122 -0.31338617743338754 0 0 0
0.0058823529411764705 0.2754950466911508 0.13615382129380948 -0.4684122201984716 0 0 0
0.0058823529411764705 0.6546785545783012 0.12736751073462937 0.18515860173133913 0 0 0
0.0058823529411764705 0.35143594895540253 -0.1648227066912295 -0.31137209147027217 0 0 0
0.0058823529411764705 -0.03311861956051051 0.22814773310775505 0.5008560509058881 0 0 0
0.0058823529411764705 -0.3952781859319812 0.15127789218054274 -0.46495649499037534 0 0 0
0.0058823529411764705 0.4207986465090147 -0.0027761391516445315 0.030832825332048053 0 0 0
0.0058823529411764705 -0.07088703253494599 0.6287875581370018 -0.040871446521223334 0 0 0
0.0058823529411764705 -0.12639952535812962 -0.4876008188859362 -0.16740349400546053 0 0 0
0.0058823529411764705 -0.3236034453850821 0.20461127177093752 0.44376125617842144 0 0 0
0.0058823529411764705 0.31539844763245994 0.4452574608408885 -0.12347632422526188 0 0 0
0.0058823529411764705 -0.45988538573332444 -0.07577715253467988 0.021799011484749393 0 0 0
0.0058823529411764705 0.14226981371673564 -0.005551565536327497 0.5543471488004998 0 0 0
0.0058823529411764705 0.07774076950310638 -0.17380644373423668 0.04684337116073846 0 0 0
0.0058823529411764705 0.6386173865842403 -0.02082948164294789 0.17111082071949615 0 0 0
0.0058823529411764705 -0.5012431248277238 -0.3724310702227892 -0.22133033677043282 0 0 0
0.0058823529411764705 -0.022412710239888087 -0.261246863978254 -0.4775354291967751 0 0 0
0.0058823529411764705 0.0289970905484915 0.15602850598836954 0.62941306101555 0 0 0
0.0058823529411764705 0.4177433431750174 -0.5074567188846182 0.04433378271841123 0 0 0
0.0058823529411764705 -0.20640848584619445 -0.11760119047828915 -0.21207067456355824 0 0 0
0.0058823529411764705 -0.35735863544146934 0.15872845591311735 0.04442769448220638 0 0 0
0.0058823529411764705 -0.09755097694325388 0.12829358552890602 0.3798366523235986 0 0 0
0.0058823529411764705 -0.025558499425885846 -0.447405135904877 -0.22982340727269393 0 0 0
0.0058823529411764705 0.162399628955643 -0.043838677788080586 -0.5556996605319807 0 0 0
0.0058823529411764705 0.3103780382023514 0.4443674365108331 0.36421136514045593 0 0 0
0.0058823529411764705 0.0965336044865317 -0.06843806753598897 0.3974229045083009 0 0 0
0.0058823529411764705 0.16460958570159326 0.3380406636286205 -0.13673921235483885 0 0 0
0.0058823529411764705 0.5545851108942625 -0.21306012976921496 -0.24636517573240277 0 0 0
0.0058823529411764705 0.43986542628933795 -0.30586087716835714 0.41472205986236604 0 0 0
0.0058823529411764705 -0.40997016774627204 0.16366954647917295 -0.5307477660626742 0 0 0
0.0058823529411764705 0.6038044991863325 0.1964510045206141 -0.2454515358536785 0 0 0
0.0058823529411764705 -0.4612052443533245 -0.05791304326304908 -0.10823438347850292 0 0 0
0.0058823529411764705 -0.043624806655522264 0.429959335322082 0.48940789881696956 0 0 0
0.0058823529411764705 0.04655049682894267 -0.48018322590051205 -0.4036147204500584 0 0 0
0.0058823529411764705 -0.2075086702337106 0.2960546031109929 -0.47552416250082163 0 0 0
0.0058823529411764705 0.5439546128731854 -0.2180165899482805 0.3705022300996776 0 0 0
0.0058823529411764705 -0.3405162327387003 -0.08109019386235498 -0.4580135820835421 0 0 0
0.0058823529411764705 -0.05908083215384073 -0.15542847305567567 -0.5754927106776829 0 0 0
0.0058823529411764705 -0.14402652393745527 -0.10061203979393003 0.4966968508649277 0 0 0
0.0058823529411764705 0.47590505970323427 0.0055934636272425686 0.2767770814517288 0 0 0
0.0058823529411764705 -0.1468987093136265 -0.04126203878657423 -0.10289597192115982 0 0 0
0.0058823529411764705 0.5095317343728156 0.12241649772816161 0.06048990621631926 0 0 0
0.0058823529411764705 0.36737153960597796 0.14436049908931817 0.23050210407427088 0 0 0
0.0058823529411764705 -0.36727944659909917 -0.5063291070060679 -0.11447783316410293 0 0 0
0.0058823529411764705 -0.15443880565678544 0.05823007632160346 0.4534815887338421 0 0 0
0.0058823529411764705 -0.47234328158642874 0.3786843674417747 0.3359713718284133 0 0 0
0.0058823529411764705 0.5497890577853416 0.21865922922335973 0.31559429606461603 0 0 0
0.0058823529411764705 -0.38875193297348887 0.2043976658074823 -0.019010057810370445 0 0 0
0.0058823529411764705 -0.3175977097829706 -0.40539935031282526 0.43531854784481977 0 0 0
0.0058823529411764705 0.20162656448408817 -0.0592679876353431 -0.4939928996426118 0 0 0
0.0058823529411764705 0.3741656439440955 0.24739397867091287 -0.526628540337756 0 0 0
0.0058823529411764705 -0.34911323135165667 0.11767996529056252 -0.4371400436523753 0 0 0
0.0058823529411764705 0.4504596328456554 0.06095359442395466 0.48488373851185373 0 0 0
0.0058823529411764705 -0.2687339084638345 0.17704359117619967 0.1959285527384712 0 0 0
0.0058823529411764705 0.18407953342244326 0.11441919987944887 -0.13578972083096869 0 0 0
0.0058823529411764705 0.06350005635085115 -0.589910473050595 -0.33918246715155076 0 0 0
0.0058823529411764705 0.35011964087393677 0.4857197460630674 -0.10426988232576595 0 0 0
0.0058823529411764705 0.278645460110228 0.24993163367605195 0.28057420094171936 0 0 0
0.0058823529411764705 0.1580609353578685 -0.6183992880633559 -0.23133837977051397 0 0 0
0.0058823529411764705 -0.07294870222767864 0.134685996990296 -0.054223225615433884 0 0 0
0.0058823529411764705 -0.3603076038255902 0.29739042226232826 -0.09177690506668053 0 0 0
