760
0
0.0013157894736842105 0.1164459860292044 0.40939682028737123 -0.45399716394929296 0 0 0
0.0013157894736842105 0.094569092856181 -0.4021420941174891 -0.3086849586214855 0 0 0
0.0013157894736842105 0.128957017326015 -0.2208175682891995 0.4377692231618376 0 0 0
0.0013157894736842105 -0.3769093761590332 -0.3449882757400468 0.24102472101374664 0 0 0
0.0013157894736842105 -0.4113901604974406 0.43679577250076845 -0.031204722449042748 0 0 0
0.0013157894736842105 0.2990572000720248 -0.5309605585385743 -0.0596560132810445 0 0 0
0.0013157894736842105 -0.5670218175556561 0.3103513653882103 -0.18698915327534113 0 0 0
0.0013157894736842105 0.531185022121494 0.24649283398563895 -0.05619289000912569 0 0 0
0.0013157894736842105 -0.11012851746275298 -0.1411532060166271 -0.6130352767224898 0 0 0
0.0013157894736842105 -0.23271087967632598 -0.3890236650240949 0.31251215517962544 0 0 0
0.0013157894736842105 0.4612202889434583 -0.017648129314500105 0.265396708635371 0 0 0
0.0013157894736842105 -0.015036661872617254 -0.07565845385091899 -0.5429993142876144 0 0 0
0.0013157894736842105 0.13069899070182953 -0.513507597751823 0.28675011294610975 0 0 0
0.0013157894736842105 0.1425340084064402 0.40256130927334155 -0.2758097261624665 0 0 0
0.0013157894736842105 0.17973133693876917 -0.3696014821186844 -0.32885976467852895 0 0 0
0.0013157894736842105 -0.1616449160722594 -0.4928686737235686 0.31227103678521057 0 0 0
0.0013157894736842105 0.004825269442331095 -0.3306625106554787 -0.32783279755999306 0 0 0
0.0013157894736842105 -0.31926679013340875 0.08551743873774803 0.5825178667994394 0 0 0
0.0013157894736842105 -0.5691652137213291 0.13317157453282805 -0.3593714312625084 0 0 0
0.0013157894736842105 0.18926486804060746 -0.35942663821602405 0.23331178239020287 0 0 0
0.0013157894736842105 -0.3578153896666089 -0.028942102230281708 0.09725653539199837 0 0 0
0.0013157894736842105 -0.03518751748830893 0.29513741230262963 -0.18204523912865328 0 0 0
0.0013157894736842105 -0.0561023346318392 0.510507183878407 0.19617253889132394 0 0 0
0.0013157894736842105 0.12655809349002153 -0.5199537891108195 -0.1935531727418351 0 0 0
0.0013157894736842105 0.23087004394836058 -0.024187191971644827 0.2841201219675847 0 0 0
0.0013157894736842105 -0.3394238214324354 -0.3228347054299344 0.3201481952007349 0 0 0
0.0013157894736842105 -0.15232601166858956 -0.6263111279629695 0.17521619881925113 0 0 0
0.0013157894736842105 -0.19136490423912517 0.4971014157841251 -0.42729112330129876 0 0 0
0.0013157894736842105 -0.03836701940404474 0.4483675574102695 0.30666752682748843 0 0 0
0.0013157894736842105 -0.4639889169209147 -0.2197551526444719 0.2681985813715011 0 0 0
0.0013157894736842105 -0.23045437462957988 0.03623181897446302 -0.02111399671236212 0 0 0
0.0013157894736842105 -0.00526808673008767 -0.5783350504733487 0.34248861735419434 0 0 0
0.0013157894736842105 0.4196364321068581 0.13115294338269726 -0.4446803863500607 0 0 0
0.0013157894736842105 0.27735499079405374 0.32825537826889034 -0.16117060316992807 0 0 0
0.0013157894736842105 0.02165385548761551 0.36929148313618704 0.5727564608712057 0 0 0
0.0013157894736842105 0.4227674744352476 -0.05278053402887184 0.4337263926626527 0 0 0
0.0013157894736842105 0.21890230044290204 0.48540008304988663 0.3584308296271379 0 0 0
0.0013157894736842105 0.3698555049030094 0.16626950531405424 -0.36404874144145355 0 0 0
0.0013157894736842105 -0.19014739187972424 -0.09189175921178543 0.4125379012521067 0 0 0
0.0013157894736842105 0.19182985058104288 0.22956713060336895 0.5464776916390921 0 0 0
0.0013157894736842105 -0.4738299609764334 -0.2947390865802061 0.2843977827371117 0 0 0
0.0013157894736842105 0.47586333987035917 -0.31623795515163233 -0.15411491234349836 0 0 0
0.0013157894736842105 -0.03576755378839248 0.3438199847819589 0.2790420351204049 0 0 0
0.0013157894736842105 -0.05071591475880796 -0.01906836911298094 0.590930843702504 0 0 0
0.0013157894736842105 0.11316262975751418 0.2667728662984472 0.33658468628991023 0 0 0
0.0013157894736842105 0.21869636498026485 0.33752579803802285 0.3469401807486029 0 0 0
0.0013157894736842105 0.031217017217215013 0.32844859417656713 -0.5143707755074352 0 0 0
0.0013157894736842105 0.2475087369833057 -0.3880574288783106 0.49753005405586576 0 0 0
0.0013157894736842105 0.1702824658834013 -0.1313863962234843 -0.49282610776622343 0 0 0
0.0013157894736842105 0.5539068713493612 0.21146669479659017 0.15161882214883218 0 0 0
0.0013157894736842105 -0.14636956340872315 -0.43329205642818963 -0.14834335544304636 0 0 0
0.0013157894736842105 0.23092858886216844 -0.605216800585195 0.1168956426824742 0 0 0
0.0013157894736842105 -0.25000262072717966 0.33253539219400174 -0.09772640129727055 0 0 0
0.0013157894736842105 0.2803123458354278 0.2034870305207937 -0.08918901141375694 0 0 0
0.0013157894736842105 0.2255217720721353 0.08760737420382901 -0.29174138865304006 0 0 0
0.0013157894736842105 0.13366992423465132 -0.4399676990792215 -0.43231364534410066 0 0 0
0.0013157894736842105 -0.19420808459977298 0.28673009434692615 0.35601942935403347 0 0 0
0.0013157894736842105 -0.10572238604799589 -0.1811575457787374 0.18396327754670988 0 0 0
0.0013157894736842105 -0.4613610436148382 0.023484907039885965 -0.09992990517431118 0 0 0
0.0013157894736842105 0.1573167040528998 -0.28100915657538916 0.24877168730653584 0 0 0
0.0013157894736842105 -0.5457473183419268 0.03596960012831249 0.17641322996534686 0 0 0
0.0013157894736842105 0.1651940116279221 -0.2689240542660004 -0.43350000566534197 0 0 0
0.0013157894736842105 -0.396818826814479 0.40195729942871833 -0.12159731783436313 0 0 0
0.0013157894736842105 0.26719185647081667 0.15650098239163432 -0.0427614213256926 0 0 0
0.0013157894736842105 0.045906826053805555 -0.5344730524983062 0.32718109257832156 0 0 0
0.0013157894736842105 -0.5035856410543413 0.017600570067008884 -0.3228276556041679 0 0 0
0.0013157894736842105 0.04355435836978625 0.13179049266005632 0.3798857459411518 0 0 0
0.0013157894736842105 -0.2607587304452629 -0.5437119019181784 0.1831855073500003 0 0 0
0.0013157894736842105 -0.20173363459684107 -0.6296171658368765 -0.09685923030946511 0 0 0
0.0013157894736842105 0.568091579883337 -0.14721504530684829 0.3100364319039582 0 0 0
0.0013157894736842105 0.13251820133120812 -0.5744217818109025 -0.06787806878158059 0 0 0
0.0013157894736842105 -0.43368376926895996 -0.1968079960809296 0.31455739977709307 0 0 0
0.0013157894736842105 0.06400441299291768 -0.03611377483779562 -0.19892188081614715 0 0 0
0.0013157894736842105 0.09650657971419255 -0.4975446929525772 0.004190348305248901 0 0 0
0.0013157894736842105 -0.2645712298022113 0.008014284005304248 0.015587801018170387 0 0 0
0.0013157894736842105 0.2968895677949554 0.14478033561969836 0.06426464254672531 0 0 0
0.0013157894736842105 -0.42881317680094616 -0.10837300035364672 0.34600792464731883 0 0 0
0.0013157894736842105 -0.10722065281760833 -0.23808938202023344 0.0037388925957910065 0 0 0
0.0013157894736842105 0.20819187896987432 0.13949195027579964 -0.5114927889982942 0 0 0
0.0013157894736842105 0.2263932669312523 -0.01571325488786148 0.04425292239969314 0 0 0
0.0013157894736842105 0.29978305175067976 -0.17229493740784743 0.4123083293364728 0 0 0
0.0013157894736842105 0.19187908137226542 -0.03805517983212597 0.1529548618200358 0 0 0
0.0013157894736842105 -0.4296373730892237 0.18606933830192232 0.452568827832498 0 0 0
0.0013157894736842105 0.19559441452675028 -0.5329268447326558 0.3372962796652345 0 0 0
0.0013157894736842105 0.07840407864877728 -0.05757491928822541 0.5753031423634418 0 0 0
0.0013157894736842105 -0.14109473723779456 -0.1633394375348884 -0.057870510458522706 0 0 0
0.0013157894736842105 0.22984259383389555 -0.6220217907697235 0.08671081121899177 0 0 0
0.0013157894736842105 0.36414782051574807 -0.10911796391621602 -0.45478956322728026 0 0 0
0.0013157894736842105 0.0988287268008824 0.2029143756177975 0.02336016172039289 0 0 0
0.0013157894736842105 0.5130094428754293 -0.3430774903783319 0.07440732794462693 0 0 0
0.0013157894736842105 0.2035636402487184 -0.08362064573765507 0.06721273916109342 0 0 0
0.0013157894736842105 0.09788015637250863 -0.060453496661188426 -0.14048783915375995 0 0 0
0.0013157894736842105 -0.08915766566032961 0.49969505777200235 -0.29712130098318174 0 0 0
0.0013157894736842105 -0.0823010905355067 -0.09291345430899733 0.6269693998120763 0 0 0
0.0013157894736842105 -0.06978187771166255 0.3954569138111692 -0.15923749350379166 0 0 0
0.0013157894736842105 -0.25408683387197895 -0.023115528735781873 0.42673002924844894 0 0 0
0.0013157894736842105 -0.24718627758819153 0.5580520352432566 0.12295365188602995 0 0 0
0.0013157894736842105 -0.17479783930489254 -0.0017075373795431951 -0.21587245981597866 0 0 0
0.0013157894736842105 -0.6312541771084023 0.1065019743759184 0.20640139755925932 0 0 0
0.0013157894736842105 -0.5499787828154871 0.01148604763766811 0.21160383520645867 0 0 0
0.0013157894736842105 0.38952204326728956 0.23086960248707356 -0.16961380928623726 0 0 0
0.0013157894736842105 -0.1641469098861588 0.4583771637804902 -0.0401183738954674 0 0 0
0.0013157894736842105 0.0570324923972205 0.3760858570533326 0.2976695937220609 0 0 0
0.0013157894736842105 -0.3567452612514453 0.09391550855727403 0.47382728848956057 0 0 0
0.0013157894736842105 -0.08054100381013565 0.1428276936941732 -0.5715654217674431 0 0 0
0.0013157894736842105 0.28680589893012715 -0.08365803174308072 -0.09587978909256097 0 0 0
0.0013157894736842105 -0.04491395619062721 0.29331131849882713 0.5355769690005289 0 0 0
0.0013157894736842105 -0.03837893430127821 0.49696967342427867 0.3038503500709272 0 0 0
0.0013157894736842105 0.14060563947862298 -0.0066452555387311926 0.40132608535804176 0 0 0
0.0013157894736842105 0.5942192353213137 0.2056502899062557 -0.22135985561178637 0 0 0
0.0013157894736842105 0.21673514616822104 0.2980891532052376 -0.013647812111755763 0 0 0
0.0013157894736842105 -0.47720579022888576 -0.1040236246180299 0.439211628486106 0 0 0
0.0013157894736842105 0.12252929304563046 -0.21277133521811176 -0.5102468691451725 0 0 0
0.0013157894736842105 0.06021169608000373 -0.24216490823070352 -0.1689170240576439 0 0 0
0.0013157894736842105 0.28626778289169863 0.24528577935299947 -0.3438587745346146 0 0 0
0.0013157894736842105 -0.0004539322994658205 -0.08621199745383396 -0.16128336578495656 0 0 0
0.0013157894736842105 0.44248346339892547 -0.4865442816684506 -0.08137904277544722 0 0 0
0.0013157894736842105 -0.0059805015901400185 0.04170147984967581 -0.44794414029298524 0 0 0
0.0013157894736842105 -0.21533568204685455 0.4929085671597993 -0.13035393869459266 0 0 0
0.0013157894736842105 0.35803233050772026 0.33974541814997333 -0.39401908554308307 0 0 0
0.0013157894736842105 0.18159519792083317 0.2724631149890379 -0.3237314287116711 0 0 0
0.0013157894736842105 -0.38800677737060685 0.23329583842760776 0.026310571312506758 0 0 0
0.0013157894736842105 -0.35485855773731956 -0.020603566071319485 0.5295799065499579 0 0 0
0.0013157894736842105 0.5064780626929954 -0.17823494448160632 0.4023606761208654 0 0 0
0.0013157894736842105 -0.5711948673580404 0.018616082667952165 0.23011769579725455 0 0 0
0.0013157894736842105 -0.01694116003310132 -0.00466008925429134 0.5152465008205525 0 0 0
0.0013157894736842105 -0.21950055450300976 -0.10151414462420415 -0.18295385857091792 0 0 0
0.0013157894736842105 0.3727235404093912 -0.5550431161545958 0.017909906504233238 0 0 0
0.0013157894736842105 0.04164640870002968 -0.5535033837914306 0.31052639222143513 0 0 0
0.0013157894736842105 -0.369445037812956 0.22160506413079076 -0.16165681967473935 0 0 0
0.0013157894736842105 -0.352052175784106 -0.5320465498657054 -0.0229997864823267 0 0 0
0.0013157894736842105 0.23854352799898793 0.03830937485731429 -0.372437704065577 0 0 0
0.0013157894736842105 -0.04972321960977164 0.5429422588045504 -0.0263901308930084 0 0 0
0.0013157894736842105 -0.35979667316280756 0.15600864622484845 -0.3043425578262381 0 0 0
0.0013157894736842105 -0.6250302358211801 -0.17815047918663096 0.06932984629123333 0 0 0
0.0013157894736842105 -0.07670911864081643 -0.4838697213358467 -0.21262900470323085 0 0 0
0.0013157894736842105 0.022912930974961075 -0.04697291335511621 0.6596720881620817 0 0 0
0.0013157894736842105 -0.549121963887684 -0.33990616146582486 -0.04572891701068011 0 0 0
0.0013157894736842105 0.09803119032435235 0.03451074783942045 0.1055531299123408 0 0 0
0.0013157894736842105 -0.5628605444145146 0.19097979647197036 0.015593392157533819 0 0 0
0.0013157894736842105 0.19001653952058212 -0.29466998305750997 -0.31064249538299005 0 0 0
0.0013157894736842105 0.2145911339854338 -0.21462406312190455 -0.5457540466033302 0 0 0
0.0013157894736842105 -0.24665221758801187 0.16121803891786088 -0.512573239065439 0 0 0
0.0013157894736842105 -0.20765422021126842 0.4815128832017444 -0.42374874884532115 0 0 0
0.0013157894736842105 0.19820190641048507 -0.14149344625881555 -0.3820359957879317 0 0 0
0.0013157894736842105 -0.1250865146575627 -0.14150023667218464 0.35106854967218687 0 0 0
0.0013157894736842105 0.5610933244673714 -0.3055593034139791 0.0481224248479196 0 0 0
0.0013157894736842105 0.025663681584279018 -0.06128033767219995 -0.3947048357052868 0 0 0
0.0013157894736842105 -0.03157803989547715 0.4556132533252289 -0.04481909860966606 0 0 0
0.0013157894736842105 0.13345518074411503 0.11951322908497038 -0.0901114111704054 0 0 0
0.0013157894736842105 -0.5289036173905467 0.22769844869060657 0.15223354499485814 0 0 0
0.0013157894736842105 -0.37638323292046 0.32765998128513735 0.29561533270511997 0 0 0
0.0013157894736842105 -0.08479862562247088 0.22566717586690513 -0.46590738255423725 0 0 0
0.0013157894736842105 -0.23678226910292935 0.11183393213881143 -0.5423357231900524 0 0 0
0.0013157894736842105 0.035828721846907524 -0.01874266444123951 0.48901499807582954 0 0 0
0.0013157894736842105 0.6227862293751568 -0.10596968560902237 -0.031138070716990793 0 0 0
0.0013157894736842105 -0.14776876951332948 0.5001928499170097 0.05329847556304969 0 0 0
0.0013157894736842105 0.21646547757239853 -0.27429189994157716 0.3954792925014412 0 0 0
0.0013157894736842105 -0.16647323224561986 0.1949072129719438 0.01529855925947318 0 0 0
0.0013157894736842105 -0.2725154460318828 -0.14549532068703927 0.2085836814113359 0 0 0
0.0013157894736842105 -0.10432532723883797 -0.024909230551670002 0.10738656526372573 0 0 0
0.0013157894736842105 -0.30178785562453125 -0.5561730569377709 0.21738846195378833 0 0 0
0.0013157894736842105 -0.47082204353786544 0.10862850670652767 -0.35831547081744475 0 0 0
0.0013157894736842105 -0.4644085028050273 0.0979285131917951 0.11110666639395808 0 0 0
0.0013157894736842105 -0.19705027406480155 -0.3541036061874126 -0.40756567969370955 0 0 0
0.0013157894736842105 -0.19618936194540898 0.27410459544004445 0.20057722100410022 0 0 0
0.0013157894736842105 0.08950300674386066 -0.46396082911669684 -0.33028608909470014 0 0 0
0.0013157894736842105 -0.30310762772815447 0.5126635462725974 -0.29770489113874365 0 0 0
0.0013157894736842105 0.14745092762664222 -0.39635506649760877 -0.179349166174275 0 0 0
0.0013157894736842105 0.4666647902294429 0.29892855530029994 0.22544226494252334 0 0 0
0.0013157894736842105 -0.16154876092704137 -0.2274609905447462 -0.10177473861081787 0 0 0
0.0013157894736842105 -0.5246536867933376 -0.11929903568398895 -0.21366114835450112 0 0 0
0.0013157894736842105 0.3935685059512831 0.024581901838706822 -0.4731239894418226 0 0 0
0.0013157894736842105 -0.2003728353610964 0.6016779791501239 -0.009051064752511603 0 0 0
0.0013157894736842105 -0.3248917285884096 0.22812036310633135 -0.2262091179602401 0 0 0
0.0013157894736842105 -0.13819677086237134 -0.15387445830808888 -0.3762205847158109 0 0 0
0.0013157894736842105 0.3446119456864909 0.4747254222547638 0.208873980159049 0 0 0
0.0013157894736842105 0.38017610583775363 0.1867917132538273 -0.5478538303505364 0 0 0
0.0013157894736842105 0.4008280888225734 -0.1928176362017017 -0.0014414324292487148 0 0 0
0.0013157894736842105 0.29976182329917844 -0.11501617820258268 -0.5495832251802567 0 0 0
0.0013157894736842105 0.3944838095513654 -0.2548290461226874 -0.08633744595869065 0 0 0
0.0013157894736842105 -0.30919381758623954 -0.23107478246068705 -0.2029712976284922 0 0 0
0.0013157894736842105 -0.00702861089836829 0.2980319408467255 -0.034061752300766045 0 0 0
0.0013157894736842105 -0.11249981110632609 0.04466892872473618 -0.2988098547680283 0 0 0
0.0013157894736842105 -0.4351343400189513 0.03626332286944818 0.2425032707673533 0 0 0
0.0013157894736842105 -0.08215476139803905 0.12542918572542694 0.031109006412107995 0 0 0
0.0013157894736842105 -0.4852098175620983 0.24913752602158326 -0.29972096198976583 0 0 0
0.0013157894736842105 0.498853756047521 0.34884209167844066 -0.0673345183195419 0 0 0
0.0013157894736842105 -0.4607724585092187 0.2996264781219894 0.33165475159467545 0 0 0
0.0013157894736842105 0.08791019501848692 0.02710184802883671 -0.5620582990717589 0 0 0
0.0013157894736842105 0.02469206194830447 0.13118347761604257 0.08236977669635112 0 0 0
0.0013157894736842105 0.3104706591355546 0.42766432798050463 -0.33118415360598574 0 0 0
0.0013157894736842105 -0.35263025002193094 0.14594682748428425 0.2568224169046136 0 0 0
0.0013157894736842105 0.0066255146571081135 0.21020363849187038 -0.22251933776090163 0 0 0
0.0013157894736842105 -0.33506095880254516 -0.46422577452018876 0.12182668123495209 0 0 0
0.0013157894736842105 0.5790414757399266 0.013292249327095319 -0.21409134832539636 0 0 0
0.0013157894736842105 -0.4591548769891201 -0.3778037878539563 -0.006709184104273089 0 0 0
0.0013157894736842105 -0.1122714568174307 -0.3163237072450124 0.3553375313807063 0 0 0
0.0013157894736842105 -0.042624591312595904 -0.06481571434470554 -0.6884743596944756 0 0 0
0.0013157894736842105 0.34266128526428763 -0.04496766661949976 -0.13615933158175897 0 0 0
0.0013157894736842105 0.27687897462604233 0.003875768033210039 -0.24586996966234922 0 0 0
0.0013157894736842105 -0.2732151763880348 -0.5826848788152302 -0.10513617483624003 0 0 0
0.0013157894736842105 0.2542415988040557 -0.4878825762173069 0.42178521328576857 0 0 0
0.0013157894736842105 0.277565664364777 -0.04332050303503938 -0.4984122282960407 0 0 0
0.0013157894736842105 -0.6177455425180768 0.009183913371657594 0.09523640505885202 0 0 0
0.0013157894736842105 -0.2186796002444243 -0.2609161104844047 0.012797432494023911 0 0 0
0.0013157894736842105 0.34107497725083596 0.24082426853027172 0.39908176631445136 0 0 0
0.0013157894736842105 0.4380874605199637 -0.22555194136922566 -0.007699792556753055 0 0 0
0.0013157894736842105 -0.1697193921052981 -0.17764503240838178 -0.07968495600938351 0 0 0
0.0013157894736842105 0.026897887848791102 -0.6767407233077318 0.015090370656183343 0 0 0
0.0013157894736842105 0.006249002561994133 0.031934540307589014 0.3544906833959559 0 0 0
0.0013157894736842105 0.5112253573311877 -0.03992076156134275 0.03420529165278053 0 0 0
0.0013157894736842105 0.3352016324528949 0.3477601743039781 0.2729189437081769 0 0 0
0.0013157894736842105 0.5518439898711258 -0.23006612012734046 -0.28913701281126725 0 0 0
0.0013157894736842105 0.24091225453495738 0.241631436394343 -0.13451789643926496 0 0 0
0.0013157894736842105 0.5544697549138548 0.3647464306613501 0.03138545937130886 0 0 0
0.0013157894736842105 0.1418999423888391 -0.1832649365342545 -0.12897111223459112 0 0 0
0.0013157894736842105 0.28094561734691653 0.2754730809735436 -0.3161964629504396 0 0 0
0.0013157894736842105 0.2150325595175751 -0.3844554876186824 -0.06689544046201644 0 0 0
0.0013157894736842105 -0.22648000496178478 -0.49815186823849616 0.1661173111916119 0 0 0
0.0013157894736842105 -0.2698701299696725 -0.5091766870454095 -0.1509165777155755 0 0 0
0.0013157894736842105 0.0774764450398787 0.025836185084043964 0.47197590096637315 0 0 0
0.0013157894736842105 0.4658708546246218 0.40114204240997076 -0.24889919149833314 0 0 0
0.0013157894736842105 0.45365777476801084 -0.06276817515426229 -0.26224823998148283 0 0 0
0.0013157894736842105 0.5366789029029544 -0.07575061890019656 0.11199215567066574 0 0 0
0.0013157894736842105 -0.24454335586480488 0.2640630369567704 -0.3228565875429278 0 0 0
0.0013157894736842105 0.14919217681818286 -0.5234503874344085 0.2144875330148949 0 0 0
0.0013157894736842105 -0.3361161454232859 0.18795440659657958 0.5000751792279915 0 0 0
0.0013157894736842105 -0.13081199751668443 0.27315731920428726 0.47279321324837825 0 0 0
0.0013157894736842105 -0.04122560124616756 -0.5309154406850523 -0.14572419860726268 0 0 0
0.0013157894736842105 0.08432987021457812 -0.22860115439774334 0.4695082820407407 0 0 0
0.0013157894736842105 -0.047223990978653534 -0.6216300006904941 0.09777188846348872 0 0 0
0.0013157894736842105 0.36824000952915936 -0.43140911716562125 0.09998486584381408 0 0 0
0.0013157894736842105 0.03479187702429937 0.644953882188743 0.13393682357755657 0 0 0
0.0013157894736842105 0.04729064471046283 0.46738214442389087 -0.05586793136604719 0 0 0
0.0013157894736842105 -0.004642365867672242 0.028217126715589732 -0.032423711790810536 0 0 0
0.0013157894736842105 -0.4362303321991357 -0.4475054686553879 0.16119313769494523 0 0 0
0.0013157894736842105 0.15828864694699848 -0.0018756769373858458 0.23477625937592786 0 0 0
0.0013157894736842105 0.2884177313879348 -0.21014782265181375 0.47192431263237566 0 0 0
0.0013157894736842105 -0.24499739253555003 0.01646991791288211 -0.5322533291401611 0 0 0
0.0013157894736842105 -0.4056042532561086 -0.07289660874414661 -0.45260860395805513 0 0 0
0.0013157894736842105 -0.5327316166812912 0.209009393330209 -0.12068756491677948 0 0 0
0.0013157894736842105 -0.09800542934489045 0.3669499327503544 0.21291298983778004 0 0 0
0.0013157894736842105 0.03954312602266764 -0.5525854761272299 0.27335398339924005 0 0 0
0.0013157894736842105 0.10001750111632794 0.4626808876043346 -0.4357452888432768 0 0 0
0.0013157894736842105 0.31761269907308676 0.3794539253802701 -0.4597014736758143 0 0 0
0.0013157894736842105 0.061556403194611094 0.13932039971368626 -0.5409552263299883 0 0 0
0.0013157894736842105 0.22642974612709812 -0.16887415970216274 -0.3961728618669168 0 0 0
0.0013157894736842105 0.04853092725697617 0.21918001843711016 0.5584207025791856 0 0 0
0.0013157894736842105 0.4618781235288128 -0.011145474311528908 0.48480102128379227 0 0 0
0.0013157894736842105 -0.396900553121124 0.22612005433736293 0.08580499494923721 0 0 0
0.0013157894736842105 -0.106112220985972 -0.19307754066609764 0.5217036389941322 0 0 0
0.0013157894736842105 0.17026226940020686 0.2001344351602378 0.1995375321103726 0 0 0
0.0013157894736842105 0.5074823369777998 0.3711306082796927 -0.19868972254032327 0 0 0
0.0013157894736842105 0.06447213718114585 -0.1146866655626009 -0.1595776708331343 0 0 0
0.0013157894736842105 -0.34891399149320657 0.5617270651768822 -0.06625152249052921 0 0 0
0.0013157894736842105 -0.5402490916148285 0.06974979931031344 -0.07480561338636844 0 0 0
0.0013157894736842105 0.21659084628679784 0.5891021814977215 -0.19332304830318991 0 0 0
0.0013157894736842105 -0.3822080084583519 -0.20966785467272364 0.4870983653156103 0 0 0
0.0013157894736842105 0.5166170774718432 -0.2074873965446487 0.1557264747337868 0 0 0
0.0013157894736842105 0.11178278873652232 -0.3074094179839914 -0.34187967194338736 0 0 0
0.0013157894736842105 -0.3686234645634334 0.2782572128629646 0.24352830694022962 0 0 0
0.0013157894736842105 -0.08581891888040345 0.19512815177580353 -0.32708755097544145 0 0 0
0.0013157894736842105 0.27786357917237836 0.12863363970256503 -0.6050949677841375 0 0 0
0.0013157894736842105 -0.40635251022605484 -0.10913962224732278 -0.22000443177557433 0 0 0
0.0013157894736842105 0.22766214559557157 -0.07490303792687157 -0.5065317052780346 0 0 0
0.0013157894736842105 0.0021934873172875994 -0.14605548681689956 -0.5903391099367749 0 0 0
0.0013157894736842105 -0.20869793086460153 -0.1868108830383047 0.5330083195266097 0 0 0
0.0013157894736842105 0.028832113531636408 0.07507440362942719 0.5423952378535488 0 0 0
0.0013157894736842105 -0.0023104741844921332 0.48812457659712855 0.2921631128032147 0 0 0
0.0013157894736842105 0.22135121609233596 -0.13378960296609443 0.43479687057790445 0 0 0
0.0013157894736842105 0.09426432413903292 -0.4186032420007714 0.5128645135361668 0 0 0
0.0013157894736842105 0.3898045338372954 -0.266780954970456 -0.03933802317644798 0 0 0
0.0013157894736842105 -0.3070475747998833 -0.5129403460262415 0.28737178203819425 0 0 0
0.0013157894736842105 0.5883296723661566 0.2956329090705698 -0.0935189089959113 0 0 0
0.0013157894736842105 0.11689949423713744 -0.21353557489095426 -0.246050269476252 0 0 0
0.0013157894736842105 -0.5396064982226236 0.39175703153692365 -0.17825815100549441 0 0 0
0.0013157894736842105 0.01863460490163235 -0.1889669360144918 -0.01714488393822873 0 0 0
0.0013157894736842105 0.5796405832740171 0.3324413806819531 -0.0803942020568925 0 0 0
0.0013157894736842105 0.0330133990879006 -0.423977565104547 0.21840310474326685 0 0 0
0.0013157894736842105 -0.323903710634386 -0.4294997753173181 -0.27258481075306656 0 0 0
0.0013157894736842105 0.12454787401897385 0.05812355235928973 0.2993685601383985 0 0 0
0.0013157894736842105 0.2159927788706714 0.17519379774751037 0.5441303414790722 0 0 0
0.0013157894736842105 -0.2698468452693981 0.03683292072277953 -0.5875486944231995 0 0 0
0.0013157894736842105 0.26019332533008044 0.03780638701982212 0.17164303268749292 0 0 0
0.0013157894736842105 0.26092614785442075 -0.3529832617835822 0.37623781464597317 0 0 0
0.0013157894736842105 -0.19139057719315744 0.4705767358922741 0.35921928398440756 0 0 0
0.0013157894736842105 0.3507843011580433 -0.2563203859381136 -0.07924469006004628 0 0 0
0.0013157894736842105 0.540618653766034 0.13907405894618563 0.11577333624891417 0 0 0
0.0013157894736842105 0.2913578111515332 -0.10994535387699095 -0.14677589044965322 0 0 0
0.0013157894736842105 -0.11983351272809321 0.24501477878934094 -0.43485772037827036 0 0 0
0.0013157894736842105 0.19486394284246905 0.30225132485236156 -0.09379734398506058 0 0 0
0.0013157894736842105 -0.22492585745413543 -0.4930388781606266 0.15998103593980353 0 0 0
0.0013157894736842105 -0.3270276506710716 0.24971715204491496 0.04827299638986012 0 0 0
0.0013157894736842105 -0.15792805052369607 -0.12433521534432042 0.019035916389957185 0 0 0
0.0013157894736842105 0.20837017161033503 0.4371252172821391 0.24275259221727535 0 0 0
0.0013157894736842105 0.32541148678802373 0.10181656801157887 0.34379948032514096 0 0 0
0.0013157894736842105 -0.16535374240833375 0.18449061777526216 0.638601508260018 0 0 0
0.0013157894736842105 -0.018155085753269944 -0.47472307121555735 -0.4233413325416119 0 0 0
0.0013157894736842105 -0.06897100316716093 0.5871083805573517 -0.32561868481360373 0 0 0
0.0013157894736842105 0.08418774973038674 -0.22965968693068914 -0.527608508993565 0 0 0
0.0013157894736842105 -0.2742319630284747 -0.3853306783564505 0.2475409346289531 0 0 0
0.0013157894736842105 0.22123159458924738 0.41128353151025787 0.21627280182140876 0 0 0
0.0013157894736842105 -0.345854929151012 0.38487707337949517 0.36950761903182566 0 0 0
0.0013157894736842105 0.4047931265268061 0.034008196970438595 -0.23510432831449893 0 0 0
0.0013157894736842105 0.11396601050574327 0.2803367311472064 -0.6015282415027137 0 0 0
0.0013157894736842105 0.5558375054943303 -0.13462631902518118 0.15012643994083888 0 0 0
0.0013157894736842105 0.47627200178999946 0.46396807485687536 0.1675521241674195 0 0 0
0.0013157894736842105 0.17402995124663082 0.14314769381524015 0.16424670586456888 0 0 0
0.0013157894736842105 -0.4245185011717332 0.3462813627816537 0.3390812240182129 0 0 0
0.0013157894736842105 -0.15806285385194585 -0.16310128897414292 -0.20529968361839804 0 0 0
0.0013157894736842105 -0.0007364479397339017 0.17050964499437685 -0.6100939804077317 0 0 0
0.0013157894736842105 -0.10194383477669273 0.014877947049236988 0.27371939567633935 0 0 0
0.0013157894736842105 -0.2082318082478006 0.03442878974875592 -0.009891483625210975 0 0 0
0.0013157894736842105 0.1645145653609769 -0.21316964097523877 -0.4240864329715425 0 0 0
0.0013157894736842105 0.09945319475741063 -0.01038982948471441 0.30716927651361753 0 0 0
0.0013157894736842105 0.19751035813027773 -0.3861459171387202 0.014062213078873386 0 0 0
0.0013157894736842105 -0.1009915658127839 -0.18685066803130773 -0.42635150347844697 0 0 0
0.0013157894736842105 0.3015164678195105 -0.49723719603044264 0.347432044700676 0 0 0
0.0013157894736842105 0.15007370560628036 -0.5765621798357587 0.25642971455203883 0 0 0
0.0013157894736842105 -0.11716913634670321 -0.4504253307419193 0.3767487732097241 0 0 0
0.0013157894736842105 -0.006084755229573577 0.13185792021326975 -0.07075673211948742 0 0 0
0.0013157894736842105 0.19234668535874838 0.5873169961515211 -0.19158242570069625 0 0 0
0.0013157894736842105 0.6149914382216496 0.29770889512689525 -0.045580790432520925 0 0 0
0.0013157894736842105 0.4868433303730141 0.42608784215991274 0.16194077804260157 0 0 0
0.0013157894736842105 0.21257077010070155 0.16985022624468904 0.27155048110502966 0 0 0
0.0013157894736842105 -0.11695054179197582 0.46172586860177933 0.19231496942640008 0 0 0
0.0013157894736842105 0.24971875977178296 -0.3614646921522009 -0.3068085796293127 0 0 0
0.0013157894736842105 -0.06390611095891677 0.3699810733021344 -0.35847349149757285 0 0 0
0.0013157894736842105 0.27689895527092584 0.09420420441522827 -0.46189765109663866 0 0 0
0.0013157894736842105 -0.303118995952142 0.5394162060682303 0.2028558968262569 0 0 0
0.0013157894736842105 -0.15524118224375089 0.49168233678983664 -0.23151723990261922 0 0 0
0.0013157894736842105 -0.3274119157354626 0.4109365622671229 -0.39200070614862065 0 0 0
0.0013157894736842105 0.5224160863718735 0.4068937120841288 -0.07790186386763018 0 0 0
0.0013157894736842105 0.23676128272362928 0.45746442490975336 -0.35871598495740015 0 0 0
0.0013157894736842105 0.4183532063342608 -0.5206239694040996 0.16892189923071002 0 0 0
0.0013157894736842105 -0.02023243182185059 0.027926886514826554 -0.09734456043198969 0 0 0
0.0013157894736842105 0.08923712670439436 -0.46022981286287384 0.359548308033623 0 0 0
0.0013157894736842105 -0.22872372093047996 -0.2698088234218366 0.04017496479234521 0 0 0
0.0013157894736842105 -0.15736580148094484 0.3765302159833073 0.20860768947361183 0 0 0
0.0013157894736842105 -0.4453354317239229 0.2523255377676558 -0.43300145927060685 0 0 0
0.0013157894736842105 0.2665210923110419 -0.5211155799349344 -0.024458830184879658 0 0 0
0.0013157894736842105 -0.05414037800275953 -0.11438283896655466 0.2819135328405684 0 0 0
0.0013157894736842105 0.16520953813850262 0.0837587485539409 -0.01618107446013877 0 0 0
0.0013157894736842105 0.06310162262506719 0.19941623209914378 -0.08207698947876721 0 0 0
0.0013157894736842105 -0.4138683145341807 -0.08412175538963582 0.12215222755547343 0 0 0
0.0013157894736842105 -0.30818973976265246 -0.28661586507774717 0.12851704128569025 0 0 0
0.0013157894736842105 -0.1840452813815293 -0.1448897998426526 0.5916876972010012 0 0 0
0.0013157894736842105 0.407005263436354 -0.09757723327151724 -0.3230945585503739 0 0 0
0.0013157894736842105 0.09030230465587095 -0.3422558899873393 -0.3350062572275597 0 0 0
0.0013157894736842105 -0.06201373866350151 -0.5421668784302045 -0.32439511844890256 0 0 0
0.0013157894736842105 -0.3239784952867651 -0.23564114437014763 0.46629115029060764 0 0 0
0.0013157894736842105 -0.06289945609434071 0.3224588238884616 -0.12082629844023259 0 0 0
0.0013157894736842105 0.4832238507506005 -0.19090499378212605 0.3425368500674375 0 0 0
0.0013157894736842105 -0.46627209717497503 -0.5027965863942458 -0.048791727943025935 0 0 0
0.0013157894736842105 -0.330198774276578 0.24063309623670417 0.08375434371873376 0 0 0
0.0013157894736842105 0.1415070463819165 0.41071964735731287 0.15896909454132202 0 0 0
0.0013157894736842105 -0.01188780576533036 0.13969819923483526 0.40015481234881706 0 0 0
0.0013157894736842105 -0.38751198691954103 0.19195497121031707 0.3052070432786841 0 0 0
0.0013157894736842105 0.5843162325565456 0.15695906551949093 0.24335500061143567 0 0 0
0.0013157894736842105 0.44372777295103955 -0.2439847036036145 -0.3950066227865045 0 0 0
0.0013157894736842105 0.1409834882345883 0.2953053404412423 0.21762950608156373 0 0 0
0.0013157894736842105 -0.1097542024356784 0.3838307497451897 -0.18664790995835828 0 0 0
0.0013157894736842105 -0.33572702441012436 -0.1403383916064094 -0.1592210649909184 0 0 0
0.0013157894736842105 0.11304146604107747 0.045312676619481115 -0.5130280111404947 0 0 0
0.0013157894736842105 0.09736166473816728 0.33912475415745685 -0.04281523195023964 0 0 0
0.0013157894736842105 0.4668534578650445 0.20980723057593453 0.1558607965101738 0 0 0
0.0013157894736842105 -0.4972983354236085 0.24984368074645322 -0.19171712986813425 0 0 0
0.0013157894736842105 -0.018058792003482853 0.09998960293237907 0.38913220415939653 0 0 0
0.0013157894736842105 0.5189250275802064 0.2867305910249539 -0.21039453102768554 0 0 0
0.0013157894736842105 0.20829769818974142 -0.22379283614398843 0.2000283434623066 0 0 0
0.0013157894736842105 -0.49471564834431153 0.08608512896501302 0.2723138273930969 0 0 0
0.0013157894736842105 0.11371115667406337 0.46006652001171383 -0.030864404212726303 0 0 0
0.0013157894736842105 -0.2865267199232839 -0.5095877286738906 0.1166834972268668 0 0 0
0.0013157894736842105 -0.022415836796050508 0.4449306375089255 0.4566962595143098 0 0 0
0.0013157894736842105 0.05285191787651741 0.3562413447975784 -0.07592300682951982 0 0 0
0.0013157894736842105 -0.0036465841707344314 0.1940643775263136 0.23933005722495146 0 0 0
0.0013157894736842105 -0.10950603409817314 -0.4615318880342408 0.4517803192034591 0 0 0
0.0013157894736842105 0.06951432963178443 0.5957667852762333 0.14855419937148462 0 0 0
0.0013157894736842105 0.026826155928165688 0.06940853144982234 0.49056147406127715 0 0 0
0.0013157894736842105 -0.39092413055242886 -0.05960265660291229 0.019317063681186672 0 0 0
0.0013157894736842105 -0.6065239218407331 -0.007086428427679563 -0.0665249352153483 0 0 0
0.0013157894736842105 -0.43553391206598246 -0.05282508198866336 -0.5292595327930526 0 0 0
0.0013157894736842105 0.30135901671428394 0.20986001182508493 -0.0749086169869275 0 0 0
0.0013157894736842105 0.07998212122551797 -0.3430000510546703 0.5735006936523352 0 0 0
0.0013157894736842105 -0.160686928393164 -0.06888652367736336 0.38982500932335906 0 0 0
0.0013157894736842105 0.33179458419000324 0.12863114094748362 -0.2673269443558836 0 0 0
0.0013157894736842105 -0.48409217908642865 -0.1459836418962174 0.021531512959362772 0 0 0
0.0013157894736842105 0.07556233174669108 0.5427109049506071 -0.25403151258003587 0 0 0
0.0013157894736842105 -0.059001191363433264 0.49956268209336496 -0.454172349074012 0 0 0
0.0013157894736842105 -0.053900416625664235 0.3138601037314976 -0.32251081328527487 0 0 0
0.0013157894736842105 -0.027699426634807255 0.22861756781177534 -0.468131065195105 0 0 0
0.0013157894736842105 0.35702110055729247 -0.02424587795063617 0.22691796129974187 0 0 0
0.0013157894736842105 -0.36684753057107294 -0.008592517704951466 -0.4712328862390774 0 0 0
0.0013157894736842105 -0.0013437847500723864 -0.543082865634919 0.03966467646678653 0 0 0
0.0013157894736842105 0.15705392768269497 0.19217352154977194 0.6081642342178079 0 0 0
0.0013157894736842105 -0.21433276060076534 0.07080315986696062 -0.12412218187417165 0 0 0
0.0013157894736842105 -0.0488547849030114 0.5578426710190011 -0.34600204073878044 0 0 0
0.0013157894736842105 0.3008256108736593 -0.6143334084539602 -0.08589531794790965 0 0 0
0.0013157894736842105 0.38472062140239033 -0.394835013701536 -0.053099493109392715 0 0 0
0.0013157894736842105 -0.4732033041937368 0.18007185233623968 -0.41853810839926475 0 0 0
0.0013157894736842105 0.30094294134872296 -0.5424433512193392 0.0521851227909607 0 0 0
0.0013157894736842105 0.40004503411321995 -0.07192443062336806 0.3916232821401877 0 0 0
0.0013157894736842105 0.11013099363034198 0.04772933001654807 -0.5814306411697521 0 0 0
0.0013157894736842105 0.2818676349804071 0.3153081136912817 0.13909601678523392 0 0 0
0.0013157894736842105 0.059395889523977785 0.5917746925869205 -0.05543321316877212 0 0 0
0.0013157894736842105 -0.23923092041572702 0.3632696794170581 -0.2972786039045127 0 0 0
0.0013157894736842105 0.07299587322232244 0.0872527061357351 -0.38864856131838205 0 0 0
0.0013157894736842105 0.015664351538942516 -0.15603137966479316 0.21773198181853873 0 0 0
0.0013157894736842105 0.49487527682566573 -0.34533514750215694 -0.08891074014904878 0 0 0
0.0013157894736842105 -0.28508256928564896 -0.3274138467453112 -0.2926433450909764 0 0 0
0.0013157894736842105 0.2634263525361603 -0.2473961111421398 -0.5683346006976506 0 0 0
0.0013157894736842105 0.2612301236905739 -0.2176787531003719 -0.5068958006651078 0 0 0
0.0013157894736842105 -0.609003334771453 0.14986622623815715 -0.07824602145607011 0 0 0
0.0013157894736842105 -0.24088661939204115 -0.39860721907467594 0.04476290783662433 0 0 0
0.0013157894736842105 0.03673461571966158 0.47455924623500495 0.4408693436863363 0 0 0
0.0013157894736842105 0.25907045658855526 -0.10600964302325712 -0.4334396887915786 0 0 0
0.0013157894736842105 0.202095267436326 -0.36668080411599174 -0.4579857777378216 0 0 0
0.0013157894736842105 -0.15363544966272555 -0.3648024155715225 0.4608012176212901 0 0 0
0.0013157894736842105 0.4458872108710305 0.21278682901036014 -0.3731571171267541 0 0 0
0.0013157894736842105 0.23942139232463705 0.37744757232355064 0.4198458589595429 0 0 0
0.0013157894736842105 -0.1830428397720677 -0.5717965575333753 0.1705596232474437 0 0 0
0.0013157894736842105 -0.05006423866399137 -0.4561020191265204 0.18994629334658986 0 0 0
0.0013157894736842105 -0.5676002490867766 -0.2683044851493146 0.2458314847722458 0 0 0
0.0013157894736842105 0.39888508090926356 -0.26815293015201463 0.17092225977282902 0 0 0
0.0013157894736842105 -0.37140978869178803 -0.04808099357859983 -0.21887363425519726 0 0 0
0.0013157894736842105 -0.04983900265055266 -0.15690559774857407 0.40412604513759015 0 0 0
0.0013157894736842105 0.3447937165612156 -0.49341824717975896 0.038725906606908375 0 0 0
0.0013157894736842105 0.29666846734521 -0.07944582439851722 0.38183616731314124 0 0 0
0.0013157894736842105 -0.6438147718790911 0.026876392522023396 -0.16810810626165332 0 0 0
0.0013157894736842105 0.141240559654726 0.04793775277309669 -0.511795395870689 0 0 0
0.0013157894736842105 0.42316517956359173 0.2459993191633019 -0.36145152934354563 0 0 0
0.0013157894736842105 0.18364797148760095 -0.286948171648979 -0.011368741726622524 0 0 0
0.0013157894736842105 -0.4916024350823394 -0.2706098899283934 -0.06760952518305013 0 0 0
0.0013157894736842105 -0.09144214506435336 -0.5597373996210685 -0.1542603872657108 0 0 0
0.0013157894736842105 -0.23964518828085224 -0.3038183291610663 0.4338789269509055 0 0 0
0.0013157894736842105 0.18660026988729084 -0.3151181482667821 -0.015944648643168836 0 0 0
0.0013157894736842105 -0.17460806504679618 -0.14847951377598012 -0.03082418239251356 0 0 0
0.0013157894736842105 0.48261663702344526 -0.0362791365025504 0.07407834113862379 0 0 0
0.0013157894736842105 -0.012603335250384741 0.4880766172287005 -0.31172022795758536 0 0 0
0.0013157894736842105 0.20074421772414688 -0.06559172261732008 0.4827364818220176 0 0 0
0.0013157894736842105 0.04993899833504934 -0.2603351820985795 -0.5929199391537288 0 0 0
0.0013157894736842105 0.3542982709380133 -0.0566140219825295 -0.4353004352353243 0 0 0
0.0013157894736842105 0.07363971974337938 -0.6129062627360012 -0.11116124498393307 0 0 0
0.0013157894736842105 0.02701311812427765 0.1980811685993139 -0.1996040185935333 0 0 0
0.0013157894736842105 0.29366897194723923 -0.051603922171446485 -0.18710561908510578 0 0 0
0.0013157894736842105 -0.5192536451452657 0.18741522590556917 -0.273716585546559 0 0 0
0.0013157894736842105 -0.40479137707693097 0.48677917641649615 0.23646431741979762 0 0 0
0.0013157894736842105 -0.28505995780937415 0.439742258904294 0.4516633324267356 0 0 0
0.0013157894736842105 0.04014309277178928 -0.23544122199519282 -0.5122107916051881 0 0 0
0.0013157894736842105 0.3433314867847952 0.42690533750538445 0.10851515619181062 0 0 0
0.0013157894736842105 0.10768436476083804 -6.280376970631798e-05 -0.5640322049566389 0 0 0
0.0013157894736842105 -0.2925590169988925 0.36770263521836755 0.17773725113925998 0 0 0
0.0013157894736842105 0.2039837709905478 0.5374502318950437 0.07539917868969614 0 0 0
0.0013157894736842105 0.4975696238914584 0.040581975887348264 -0.32867909696147724 0 0 0
0.0013157894736842105 -0.14039953561755725 -0.4513906024054538 0.3562009324950107 0 0 0
0.0013157894736842105 0.450467116934527 -0.4652523614329153 0.1645175106293564 0 0 0
0.0013157894736842105 0.3862455471450329 0.2223150877341542 0.4497163221631407 0 0 0
0.0013157894736842105 0.25770582009192045 0.3790818248851937 -0.2367589842877471 0 0 0
0.0013157894736842105 0.4690934409260868 0.27771283868598934 0.2136808372265997 0 0 0
0.0013157894736842105 -0.3855719019694151 -0.5214643547681524 -0.12196113776328987 0 0 0
0.0013157894736842105 -0.3254320248570965 -0.0991814443816137 -0.39731314068916485 0 0 0
0.0013157894736842105 -0.3761867087865698 0.33583161125198296 0.16065384712084282 0 0 0
0.0013157894736842105 0.16106723311644855 -0.0544305807209573 -0.4992978818675792 0 0 0
0.0013157894736842105 -0.5061888798926628 -0.35508868004149197 -0.23961607291484685 0 0 0
0.0013157894736842105 -0.03291658775268415 0.3304028356870714 -0.3643722223795336 0 0 0
0.0013157894736842105 -0.26332501104331923 0.34312393484578124 0.24271127420682403 0 0 0
0.0013157894736842105 0.35968193893681716 0.0007113386076353583 -0.20454641397987966 0 0 0
0.0013157894736842105 -0.6092010216515813 0.020697498577222084 0.26981146417272117 0 0 0
0.0013157894736842105 0.008404708972976327 -0.6098790156217301 -0.19042171922194379 0 0 0
0.0013157894736842105 -0.28085950067587245 -0.28101841567229885 0.2697382127738138 0 0 0
0.0013157894736842105 0.36776395301879405 -0.271595740973169 -0.14746095634779477 0 0 0
0.0013157894736842105 0.23444755303585912 -0.09234086142130503 0.1372802441776678 0 0 0
0.0013157894736842105 -0.13786347989524045 -0.4191569586326581 -0.15236582696832837 0 0 0
0.0013157894736842105 0.06103265393087473 -0.2560590523904912 0.5778941839302756 0 0 0
0.0013157894736842105 0.505868468171784 0.16656469749699535 -0.28307601759753886 0 0 0
0.0013157894736842105 0.037987950101366734 0.31947330602475715 -0.04118543549903026 0 0 0
0.0013157894736842105 0.38592474343376726 0.1827396719035522 0.254507926609035 0 0 0
0.0013157894736842105 -0.3021776585580386 -0.15063465169066625 -0.2665545075658592 0 0 0
0.0013157894736842105 -0.06591526356596185 -0.3684422091078671 0.24490876702258152 0 0 0
0.0013157894736842105 0.27557129763064186 0.39630581787249236 -0.2569098006317981 0 0 0
0.0013157894736842105 0.6551099432318914 0.03152791050194188 -0.10773531882362387 0 0 0
0.0013157894736842105 -0.2569412429352382 -0.3789826052329472 0.0668361518604948 0 0 0
0.0013157894736842105 -0.5412849288653909 0.3580473558527172 -0.013674181110779003 0 0 0
0.0013157894736842105 -0.19739667002631986 0.0025745678054309336 0.602567422471288 0 0 0
0.0013157894736842105 -0.035480523086254545 0.09391821625722195 0.30367188786391736 0 0 0
0.0013157894736842105 0.28071208865723635 0.47639481387397026 0.17635261232729005 0 0 0
0.0013157894736842105 0.37180764946575645 0.058045451152978156 0.08445523874623612 0 0 0
0.0013157894736842105 0.20359404866758746 0.16505754772267375 -0.3670986880284529 0 0 0
0.0013157894736842105 0.03433863794423955 0.0038846600486020675 0.1193682468044863 0 0 0
0.0013157894736842105 -0.5025396715564462 0.31802417356312485 -0.08173056900637252 0 0 0
0.0013157894736842105 -0.3175374264810308 -0.46226113125940443 -0.32969288514718653 0 0 0
0.0013157894736842105 0.21179190953368449 0.04493402592040013 -0.44660739461552657 0 0 0
0.0013157894736842105 -0.23410806088828245 -0.03238862738207771 -0.40238496524821915 0 0 0
0.0013157894736842105 -0.562883761878112 0.03167227939697824 -0.061945117495518134 0 0 0
0.0013157894736842105 0.09968852310963404 0.25210682245534616 0.5250030509036605 0 0 0
0.0013157894736842105 0.4662934681172023 -0.0684036213451749 -0.16370208589152524 0 0 0
0.0013157894736842105 -0.1214220725618749 -0.1654303782715282 0.005701652766540075 0 0 0
0.0013157894736842105 -0.048006900601340316 -0.1833467818987206 0.41647184234873774 0 0 0
0.0013157894736842105 -0.20715287854331077 -0.4494442894003219 -0.3929507522515517 0 0 0
0.0013157894736842105 0.06381437405120903 0.33539246878154094 0.009028968234510042 0 0 0
0.0013157894736842105 0.4259777050438848 -0.3058671361871004 0.183583276390277 0 0 0
0.0013157894736842105 0.3092750427493119 0.2084097859442677 -0.060048533104074306 0 0 0
0.0013157894736842105 0.3639324823311634 0.32649586753287085 0.3946192200943289 0 0 0
0.0013157894736842105 0.08113322890266085 0.23359321057003438 -0.020557712047290847 0 0 0
0.0013157894736842105 0.3149708890049606 -0.007390086975118204 0.5511712581589292 0 0 0
0.0013157894736842105 0.3580222124173201 0.019824264009965793 0.4866278563516419 0 0 0
0.0013157894736842105 0.3521607359968314 0.5005613540919698 0.2535915186776296 0 0 0
0.0013157894736842105 0.3225713533982271 -0.3018304195307307 0.06677541091947735 0 0 0
0.0013157894736842105 -0.16015671463441267 -0.3135449014106388 0.5637547347219828 0 0 0
0.0013157894736842105 0.018376467082587042 0.24496255338592401 0.43645322834603056 0 0 0
0.0013157894736842105 -0.18567144317955064 -0.3442459178993029 -0.04968099072628308 0 0 0
0.0013157894736842105 0.2900435550161186 0.478185767949137 0.11428777608189174 0 0 0
0.0013157894736842105 -0.26280762369588095 0.475700759383888 -0.2401052560842176 0 0 0
0.0013157894736842105 0.16735619049965184 -0.5072636264067767 -0.14896511224474987 0 0 0
0.0013157894736842105 0.2347174297992984 -0.3197776581060908 0.19898476040421592 0 0 0
0.0013157894736842105 -0.19465854223032128 -0.5050540581942237 -0.39575390816262096 0 0 0
0.0013157894736842105 -0.6505796972743253 -0.11002435245138299 0.15784524645985404 0 0 0
0.0013157894736842105 -0.5701498031722185 -0.2896505912902178 0.012838183252913596 0 0 0
0.0013157894736842105 0.11799889982474294 -0.1050661469336514 -0.06851366997078781 0 0 0
0.0013157894736842105 0.06337968906507914 0.30376371867742546 0.252513501206118 0 0 0
0.0013157894736842105 0.13608280912237278 -0.5220490110448192 0.30151225203973764 0 0 0
0.0013157894736842105 -0.12191181013679042 -0.08944731633124274 -0.3075922542151175 0 0 0
0.0013157894736842105 -0.3870842639418038 -0.00010783733114439278 0.08078360639426697 0 0 0
0.0013157894736842105 0.16155293546759755 0.5809141447039675 0.321187782502462 0 0 0
0.0013157894736842105 0.4524739343559791 -0.10290577208889078 -0.2728098802882322 0 0 0
0.0013157894736842105 -0.37921584584725526 -0.03453818002705232 0.5161079818039227 0 0 0
0.0013157894736842105 0.22889765803883833 -0.05629019989109228 0.29340408151545283 0 0 0
0.0013157894736842105 -0.01658723181804587 -0.445051834787604 0.3368664558422076 0 0 0
0.0013157894736842105 0.3460600502189958 -0.15014668856087277 -0.1538611480420249 0 0 0
0.0013157894736842105 -0.3582240310685988 0.03829803325013716 0.37799384111252937 0 0 0
0.0013157894736842105 0.009696435286939711 -0.24052427227001508 -0.09311195725610837 0 0 0
0.0013157894736842105 0.06842248022427831 -0.09909066226506343 0.4990254331886014 0 0 0
0.0013157894736842105 0.030563571809563404 0.5504849447049441 0.06092098991526252 0 0 0
0.0013157894736842105 0.4148336825226181 0.026806321106435032 0.24762367964499 0 0 0
0.0013157894736842105 -0.11746190949411181 0.2775432441977155 -0.3338737308356668 0 0 0
0.0013157894736842105 0.5431401144429759 0.01616674125747456 0.23481271295675615 0 0 0
0.0013157894736842105 -0.5298248350306558 0.3724596592829302 0.1764931395780672 0 0 0
0.0013157894736842105 0.054769607104686945 -0.2194857845391682 0.4203576783806211 0 0 0
0.0013157894736842105 -0.4002761194059717 0.5004320316186901 -0.20865813779667428 0 0 0
0.0013157894736842105 0.37943098690202015 -0.39048544464015883 0.23877545756582924 0 0 0
0.0013157894736842105 0.40324011423711836 0.19997025861468157 -0.5250764652860086 0 0 0
0.0013157894736842105 0.03601912981085845 0.2063265849569104 -0.37609098108057615 0 0 0
0.0013157894736842105 -0.5293137804012326 0.23611114803549843 0.16201796447035705 0 0 0
0.0013157894736842105 -0.4353868809428311 -0.02355292091073661 0.14811952007365528 0 0 0
0.0013157894736842105 0.08066609033359619 -0.5093482567626224 -0.3154097263491442 0 0 0
0.0013157894736842105 0.12919746562729928 0.5686522716786744 0.11342471158703114 0 0 0
0.0013157894736842105 0.25826134941805085 0.2522807891473987 -0.5448186799697413 0 0 0
0.0013157894736842105 -0.12658816283208765 0.3333135355873533 -0.30224922763988576 0 0 0
0.0013157894736842105 0.19644600281150548 0.21450508298555374 -0.5108286036715542 0 0 0
0.0013157894736842105 0.12013650040706755 -0.5853371712691827 -0.29421556971930246 0 0 0
0.0013157894736842105 0.039767562587438146 -0.6199865520102833 -0.15147511641063846 0 0 0
0.0013157894736842105 -0.02345069927496041 -0.33491769061695587 0.196434565798507 0 0 0
0.0013157894736842105 0.05948429332346076 0.18598536964241694 -0.29097630901275323 0 0 0
0.0013157894736842105 -0.6055198724264906 0.055638233756488666 0.15155627599287988 0 0 0
0.0013157894736842105 -0.4331985004221171 0.1428707297415395 0.3771405178355175 0 0 0
0.0013157894736842105 0.11413289607540682 0.47577717702660355 -0.03568344181199517 0 0 0
0.0013157894736842105 0.5149850290447197 -0.17606937899317057 -0.001784230984727905 0 0 0
0.0013157894736842105 0.11436264020479743 -0.10322953522640983 0.27393019085889797 0 0 0
0.0013157894736842105 0.39547419557298813 -0.40894926231795337 0.07998096913318979 0 0 0
0.0013157894736842105 -0.13978943815405476 0.33466474987094935 -0.25172471069720737 0 0 0
0.0013157894736842105 0.22065934998386208 -0.4614158351715393 -0.2132686311616262 0 0 0
0.0013157894736842105 -0.35376359591114315 0.3567602359064657 -0.0967063148311994 0 0 0
0.0013157894736842105 -0.045503096533406076 0.5914391089790964 0.15920620456999365 0 0 0
0.0013157894736842105 0.23271167526516617 0.27724311342902386 -0.5015533250563676 0 0 0
0.0013157894736842105 0.46669839544735875 0.2209571777821807 -0.07509745869071337 0 0 0
0.0013157894736842105 0.46362836243135824 -0.03441985642135507 -0.406340919663946 0 0 0
0.0013157894736842105 0.16780849485829155 0.04958651484088028 0.2789189386553902 0 0 0
0.0013157894736842105 0.4013761607448459 -0.17688838073479615 -0.4095911108297449 0 0 0
0.0013157894736842105 0.05200053130454303 -0.030217646781626705 -0.04852609345593735 0 0 0
0.0013157894736842105 -0.34165614640874137 -0.4846122249509475 0.13961531714159073 0 0 0
0.0013157894736842105 -0.15509194799634965 -0.18442016473058598 0.5916292738129559 0 0 0
0.0013157894736842105 -0.05066069814323114 -0.14396885945197216 0.24950185236228034 0 0 0
0.0013157894736842105 0.10900990475430353 0.11338268571237144 0.14110000273820666 0 0 0
0.0013157894736842105 0.48406891570163624 0.15729985172695624 0.38496626361261754 0 0 0
0.0013157894736842105 -0.052820911462634804 -0.007032597827988076 0.48455097385923307 0 0 0
0.0013157894736842105 0.3308613072489218 -0.46834379750817645 0.059318492158630456 0 0 0
0.0013157894736842105 0.06885522281752011 -0.5938122784475599 -0.290230033537923 0 0 0
0.0013157894736842105 0.42798503780727976 -0.40238931931045474 -0.18093411241328597 0 0 0
0.0013157894736842105 0.4965322655077414 0.31204941386744905 0.23133231760911852 0 0 0
0.0013157894736842105 0.030482123023696513 -0.3853653350788389 -0.44938211035406156 0 0 0
0.0013157894736842105 0.20375519638711956 -0.25395175866742825 0.10998689482579606 0 0 0
0.0013157894736842105 -0.5086214443023329 -0.3048249319880423 -0.3050281197851762 0 0 0
0.0013157894736842105 -0.5019125924624896 0.2833982417421528 0.2954076509731165 0 0 0
0.0013157894736842105 0.15446237470886873 0.37019440007246 0.5485232595123432 0 0 0
0.0013157894736842105 0.13864747332761473 -0.1732868170760745 0.5335638441281542 0 0 0
0.0013157894736842105 -0.043211290365009376 0.14440187514295644 -0.020920374738300752 0 0 0
0.0013157894736842105 -0.08757965213659029 0.1350695988337052 -0.5486044606554402 0 0 0
0.0013157894736842105 0.44710116510740516 0.3684818717185076 0.33983287008677315 0 0 0
0.0013157894736842105 -0.520962461842409 -0.2999469598659249 0.2383169021305789 0 0 0
0.0013157894736842105 -0.3260374325827318 0.15803929171597195 0.08395145341229765 0 0 0
0.0013157894736842105 0.20918837068351462 -0.3601775868365407 0.3792622249508738 0 0 0
0.0013157894736842105 -0.41237142641937935 -0.21645589342939192 0.17363995369551868 0 0 0
0.0013157894736842105 -0.27210833895788533 -0.13384631322609236 -0.2464609057835219 0 0 0
0.0013157894736842105 0.19908749151208782 -0.35883581215126387 -0.502785984786098 0 0 0
0.0013157894736842105 -0.25907898043473626 0.3425266986762605 0.06649589612163564 0 0 0
0.0013157894736842105 -0.3433003675097392 0.09254789726762626 -0.4817732341268794 0 0 0
0.0013157894736842105 0.025108208324897567 0.45122240777020495 0.331926417542329 0 0 0
0.0013157894736842105 -0.39545456117661265 0.3672364117693561 -0.07913413591429429 0 0 0
0.0013157894736842105 0.33653530180235436 -0.11831341705868392 0.1532742356956637 0 0 0
0.0013157894736842105 0.34687956231515504 -0.5522173585901597 -0.17204950750431744 0 0 0
0.0013157894736842105 0.2556369253237915 -0.5648135165714582 0.18310066337688874 0 0 0
0.0013157894736842105 -0.10293240841525989 0.489403600707314 0.33566195332486737 0 0 0
0.0013157894736842105 0.15158519114822527 -0.05014409554993267 0.5387906230604664 0 0 0
0.0013157894736842105 -0.1370428061814897 0.41526532860580506 -0.33592804783939095 0 0 0
0.0013157894736842105 -0.40204034986484827 -0.11213967462934231 0.5217885859017812 0 0 0
0.0013157894736842105 -0.4608914351235309 -0.016852639172621094 0.3540664098485825 0 0 0
0.0013157894736842105 -0.5058919556098962 -0.25232521524907686 0.2645956775939791 0 0 0
0.0013157894736842105 -0.27612312026421953 0.1915759197256049 -0.26170512496319176 0 0 0
0.0013157894736842105 -0.42952029329598695 0.18688021685924322 0.2099076469804087 0 0 0
0.0013157894736842105 0.4359517320485707 0.17104943135429382 0.5007863422949601 0 0 0
0.0013157894736842105 -0.13177636680709848 0.45785375165984094 -0.26701446983556243 0 0 0
0.0013157894736842105 -0.49061999171706927 0.2536882408532286 0.3472493432931368 0 0 0
0.0013157894736842105 -0.5423564335309711 0.34351687302446077 0.20104035774488324 0 0 0
0.0013157894736842105 0.35943681179309594 -0.5274073741298531 -0.1686853472764248 0 0 0
0.0013157894736842105 0.5988661621683286 0.06007617046002469 0.19193839308610208 0 0 0
0.0013157894736842105 0.024942390250140462 -0.11712943781745086 -0.5692699984044037 0 0 0
0.0013157894736842105 -0.2998059380198245 0.20004947923867367 0.27988392686625374 0 0 0
0.0013157894736842105 0.25864444989005664 -0.4123637486296264 -0.3788303550959151 0 0 0
0.0013157894736842105 -0.1622892110558311 -0.48837331196725176 -0.22437245048801474 0 0 0
0.0013157894736842105 0.3823159119958651 -0.09997959371296693 -0.4819370837502416 0 0 0
0.0013157894736842105 0.23693149839785924 0.0084143292380777 0.48980662951704845 0 0 0
0.0013157894736842105 0.2840567271923498 0.39282058632791794 0.02739384669271997 0 0 0
0.0013157894736842105 0.15224332694686207 -0.017617747055682607 0.3116308631381637 0 0 0
0.0013157894736842105 0.3489563331045107 0.39986167299330716 -0.05079913084548036 0 0 0
0.0013157894736842105 -0.018503065889081884 -0.42582052532445047 -0.5122501182256011 0 0 0
0.0013157894736842105 -0.1058958513129864 -0.5649801341527809 -0.26136050188743304 0 0 0
0.0013157894736842105 -0.12640058028756032 0.03077490168534288 -0.5135661486409149 0 0 0
0.0013157894736842105 -0.04273215446038782 -0.5538937286372517 0.06642948801298681 0 0 0
0.0013157894736842105 0.319335502631438 0.22435510549533172 -0.565523049955439 0 0 0
0.0013157894736842105 -0.24228281213610608 0.44339156016184456 0.13836362012794506 0 0 0
0.0013157894736842105 0.1826928568932091 -0.44873026586989473 -0.06642276003081533 0 0 0
0.0013157894736842105 -0.4698593787504977 0.2193232401847426 -0.31205221202821265 0 0 0
0.0013157894736842105 -0.05273649772444659 -0.5028977232480057 0.3125482723781698 0 0 0
0.0013157894736842105 -0.5775806194747932 -0.17500219763969443 0.02649089031667676 0 0 0
0.0013157894736842105 -0.4171701205291666 0.022632940382440132 0.5122392862504649 0 0 0
0.0013157894736842105 0.008595170775442702 -0.28283866700060556 -0.3801847284566559 0 0 0
0.0013157894736842105 0.16465309293800146 0.18292268077415497 -0.2825763309512181 0 0 0
0.0013157894736842105 -0.3958975780314545 -0.23059328051284003 0.3573408961596532 0 0 0
0.0013157894736842105 -0.07572695257893469 -0.6693541980637118 0.06833236792875402 0 0 0
0.0013157894736842105 -0.38282903688353764 -0.20588794363181598 -0.22488017236537072 0 0 0
0.0013157894736842105 -0.437356524251237 -0.265231069051172 -0.05725780589499078 0 0 0
0.0013157894736842105 0.195184425870271 -0.40228052166084277 -0.48392786682984335 0 0 0
0.0013157894736842105 0.2432800202944543 -0.012818499647109155 0.5159497008738666 0 0 0
0.0013157894736842105 0.000259431153541288 -0.31292615351884306 -0.24049438146930066 0 0 0
0.0013157894736842105 0.3546840822407293 0.4708957311330626 -0.18960327041987102 0 0 0
0.0013157894736842105 0.40670429037051475 0.001839243819341491 -0.0425513119668423 0 0 0
0.0013157894736842105 -0.6239821355309436 -0.028537871548283557 0.2583957274116594 0 0 0
0.0013157894736842105 0.40662973870076724 -0.31881790799195436 0.18653274725433824 0 0 0
0.0013157894736842105 -0.3557884843489107 0.4932385477197592 -0.08669598452524227 0 0 0
0.0013157894736842105 -0.03279603549149902 0.009431009391333671 -0.5550077257701912 0 0 0
0.0013157894736842105 0.004572969274619915 -0.21064229725004902 0.30504775373565873 0 0 0
0.0013157894736842105 0.4877690420793563 0.14062948679144807 -0.026151532361659742 0 0 0
0.0013157894736842105 0.13774266829986778 0.14940551950225525 0.5383147108024544 0 0 0
0.0013157894736842105 0.485928809712945 0.11697903587017637 0.3045011254140073 0 0 0
0.0013157894736842105 0.4106313810181117 0.3480870115493626 0.03446248417771627 0 0 0
0.0013157894736842105 0.5358898590469302 0.12814159240523978 -0.37344494923729626 0 0 0
0.0013157894736842105 -0.5983071398069341 -0.08087882859963996 0.1278959927159897 0 0 0
0.0013157894736842105 -0.05481987839876459 -0.4129053427362458 0.483948965660661 0 0 0
0.0013157894736842105 -0.5121809290863658 -0.21180603282725816 0.2469062383356267 0 0 0
0.0013157894736842105 0.299395916548008 -0.48428242238530417 0.15473833141937102 0 0 0
0.0013157894736842105 -0.07412558380895198 -0.563381307567276 -0.12051114717680007 0 0 0
0.0013157894736842105 0.13669761126411004 0.19641226756593977 0.45815888303202007 0 0 0
0.0013157894736842105 -0.4270920578060431 -0.26158459287434016 -0.2362842805279339 0 0 0
0.0013157894736842105 0.49463149314325555 -0.3995026833015764 -0.04180531334114403 0 0 0
0.0013157894736842105 0.07518610198966066 -0.22532901680555897 0.41175325859077594 0 0 0
0.0013157894736842105 -0.5503560086337255 0.18500675921352436 -0.22288686672638738 0 0 0
0.0013157894736842105 -0.11668445974938416 0.08285507154350422 -0.20741275821753571 0 0 0
0.0013157894736842105 0.5841903008269436 0.24187901831150715 -0.06255531799548729 0 0 0
0.0013157894736842105 0.3181199877809334 -0.06382656273933929 0.4559551089866504 0 0 0
0.0013157894736842105 0.1691296540470191 -0.475158949352537 -0.22991374839616122 0 0 0
0.0013157894736842105 -0.5257307520683773 -0.32328483782952633 0.25031196359290625 0 0 0
0.0013157894736842105 -0.33224527877823323 0.017865461136739924 -0.4728305591511511 0 0 0
0.0013157894736842105 -0.11461789392769353 -0.01792605324178902 0.3897924620628392 0 0 0
0.0013157894736842105 0.3186062524898851 0.2924782612245583 -0.00898642986456125 0 0 0
0.0013157894736842105 -0.06661890286742359 0.4886816735121206 -0.42515907709260825 0 0 0
0.0013157894736842105 -0.08537449415143672 0.36663963023590745 -0.30562256655404635 0 0 0
0.0013157894736842105 -0.5214148610764799 0.0036049660478394935 -0.1430820424315208 0 0 0
0.0013157894736842105 0.2771188559342453 -0.1698988586994872 0.20302428639887754 0 0 0
0.0013157894736842105 -0.3177218318734538 0.5535700874782422 0.11428522255479415 0 0 0
0.0013157894736842105 -0.10261425299961784 -0.5968595987743021 0.07292938409870738 0 0 0
0.0013157894736842105 0.2678974396475536 0.30755399175401804 -0.26189690226324713 0 0 0
0.0013157894736842105 0.345440841815268 0.22570148767738946 0.40651118443202133 0 0 0
0.0013157894736842105 0.32437198617129376 -0.5020475335208504 -0.03433791653251708 0 0 0
0.0013157894736842105 -0.394041582487481 0.25144640989348055 0.3225192985970436 0 0 0
0.0013157894736842105 0.4311735188264768 0.04578405996943752 -0.2262717474995026 0 0 0
0.0013157894736842105 -0.17732056956898953 0.010553256632696097 -0.6308050295238123 0 0 0
0.0013157894736842105 -0.40302645632955136 -0.24714559612145384 0.30946625860623656 0 0 0
0.0013157894736842105 -0.2655230814587301 0.06907028170813138 0.5734215995769497 0 0 0
0.0013157894736842105 -0.4804486286029875 0.2138941277526759 -0.2763531359692398 0 0 0
0.0013157894736842105 -0.43704885819574774 0.2863275408724513 0.1995537050542315 0 0 0
0.0013157894736842105 -0.6370091536849938 -0.1526660746749445 0.20554373981923804 0 0 0
0.0013157894736842105 -0.11510254878713005 0.19798727839923683 -0.4835623347683626 0 0 0
0.0013157894736842105 0.08735758206434141 0.09675559204795728 0.255189370205354 0 0 0
0.0013157894736842105 -0.15872753415060434 0.4227458948322489 -0.3213610242149511 0 0 0
0.0013157894736842105 -0.5609752387503876 0.3192367556061259 0.12242259906277785 0 0 0
0.0013157894736842105 -0.09922045479080861 0.38653536215136286 -0.19907952337503762 0 0 0
0.0013157894736842105 0.11635699676025144 0.5483308433282288 0.13694641393219983 0 0 0
0.0013157894736842105 -0.3113240695576079 -0.2969465305712413 0.32766589444715016 0 0 0
0.0013157894736842105 -0.27000974647862264 -0.3286882084312273 -0.016033112878353996 0 0 0
0.0013157894736842105 -0.43726492639955955 -0.03615811729010891 0.42649213979022116 0 0 0
0.0013157894736842105 -0.2109001369938637 -0.2650882918474829 0.5714451708995132 0 0 0
0.0013157894736842105 0.11499380911723579 -0.165196399098774 0.04874643854711032 0 0 0
0.0013157894736842105 0.27245430521810465 0.24053307348448907 -0.2638289151421747 0 0 0
0.0013157894736842105 -0.45418560434039573 -0.18664867871380875 -0.11690210299890337 0 0 0
0.0013157894736842105 0.1023238995294505 0.4274992498894743 -0.3872417708181004 0 0 0
0.0013157894736842105 0.10809298714637254 -0.43065992546445375 0.35830990469111373 0 0 0
0.0013157894736842105 0.05517250585385626 0.223901496913663 0.36586318943752294 0 0 0
0.0013157894736842105 0.560270255851947 0.0007456515677954758 0.2607806932354116 0 0 0
0.0013157894736842105 0.3552253828061499 -0.39160115204266055 -0.013093828829289392 0 0 0
0.0013157894736842105 0.10269321509862256 -0.40970360059199645 0.3147347748936105 0 0 0
0.0013157894736842105 0.29877377261915744 0.06538174552866408 0.08330516887068493 0 0 0
0.0013157894736842105 -0.26576787701317806 0.08105844909128401 0.11490207505172703 0 0 0
0.0013157894736842105 0.17676034827155662 -0.0005790410768631312 -0.14233994860844706 0 0 0
0.0013157894736842105 -0.44406539869930783 -0.13036508007231726 0.4350519205281058 0 0 0
0.0013157894736842105 0.09437406794257441 -0.39123451352254535 -0.324655952103394 0 0 0
0.0013157894736842105 0.5695248285035361 0.31605533605572717 0.22376965369184548 0 0 0
0.0013157894736842105 -0.17013895681260813 -0.02735915738799367 -0.601366893952489 0 0 0
0.0013157894736842105 -0.3800672397513908 0.2579838786071973 0.4448376117265152 0 0 0
0.0013157894736842105 -0.16026270250357075 0.4830959266070183 -0.09494399518480022 0 0 0
0.0013157894736842105 0.1579527983924199 0.4916884699850871 0.1353538660406535 0 0 0
0.0013157894736842105 -0.43765415992022383 0.18919753535676878 -0.2909337589457681 0 0 0
0.0013157894736842105 0.23037901073470526 -0.009721673840155579 -0.33837023613472483 0 0 0
0.0013157894736842105 -0.24022771286052919 -0.29156675659553316 -0.28543481762486705 0 0 0
0.0013157894736842105 -0.5188489050695784 0.34334142432464754 0.16150783986522702 0 0 0
0.0013157894736842105 -0.0608626055799546 0.43647721787508587 -0.4511290857313308 0 0 0
0.0013157894736842105 0.3435519123039085 -0.13810711524977873 -0.24144638097091844 0 0 0
0.0013157894736842105 0.01980446014231948 -0.5753501086522692 0.1578866494393773 0 0 0
0.0013157894736842105 -0.15513630398945447 0.1772299067073808 0.6200220362369205 0 0 0
0.0013157894736842105 0.1441517232464098 0.4386862473635164 -0.3891172453564823 0 0 0
0.0013157894736842105 0.24450234880591018 0.10547219451442756 -0.3025031820835161 0 0 0
0.0013157894736842105 -0.025220497500824366 -0.5922557813811935 -0.2707935275286248 0 0 0
0.0013157894736842105 -0.32108480003179757 0.2100764813496951 -0.1313482078587635 0 0 0
0.0013157894736842105 0.23123379468922287 0.4982369138839519 0.08709764571134138 0 0 0
0.0013157894736842105 -0.05749015922674461 0.09180033870790336 -0.14946581386258553 0 0 0
0.0013157894736842105 0.038701911769567936 -0.1791544651654452 0.6147953792866775 0 0 0
0.0013157894736842105 -0.08773518063538038 -0.5468588614544225 0.14034396662480816 0 0 0
0.0013157894736842105 -0.13507397485580766 0.5776015222281295 0.33845362015299246 0 0 0
0.0013157894736842105 0.5150377853406931 -0.16558028260078855 0.04246201098345728 0 0 0
0.0013157894736842105 -0.22082474187906462 0.30122682315843796 -0.2576695465816628 0 0 0
0.0013157894736842105 0.4072279237866873 -0.24027644929496278 0.28635387798433304 0 0 0
0.0013157894736842105 -0.2552459250012579 0.5269315092054264 0.3249077763356388 0 0 0
0.0013157894736842105 0.20378679190038435 0.12894496732887276 -0.06301147894802407 0 0 0
0.0013157894736842105 0.3119643554277909 0.08988653223899341 0.5173289876899914 0 0 0
0.0013157894736842105 0.05872299511920928 -0.655196063493676 -0.19374198245058513 0 0 0
0.0013157894736842105 -0.016091097516162462 0.14401491219692472 -0.37969407286845036 0 0 0
0.0013157894736842105 -0.18532760381481947 -0.5632416673215174 -0.19938664137233444 0 0 0
0.0013157894736842105 -0.13654714511811628 0.11409045731391726 -0.252109015595674 0 0 0
0.0013157894736842105 -0.3152675810958445 0.365243118061459 0.4534268695452175 0 0 0
0.0013157894736842105 0.20205260579455245 0.3846167510259796 0.4801135423035536 0 0 0
0.0013157894736842105 -0.1989349350774844 0.32055442959445296 0.1515466087850848 0 0 0
0.0013157894736842105 -0.10879933959257494 -0.3361695150681466 -0.43111742708881273 0 0 0
0.0013157894736842105 -0.06665365133560405 0.4826856969937521 -0.1583250329465044 0 0 0
0.0013157894736842105 -0.2474621817648375 0.23807711545924204 0.2150724103884418 0 0 0
0.0013157894736842105 -0.18987576968103667 -0.5435738547331065 0.3826075910175731 0 0 0
0.0013157894736842105 -0.22890210019202226 -0.42739402141804556 -0.25103837474665175 0 0 0
0.0013157894736842105 -0.012071321995279726 -0.23572635905639583 0.44043377272538226 0 0 0
0.0013157894736842105 0.43700018115557726 -0.05464407311074428 0.16467905134267505 0 0 0
0.0013157894736842105 -0.512820033874332 -0.4116520283935953 -0.11213399534723613 0 0 0
0.0013157894736842105 -0.48919897108018534 0.056126675692897234 -0.08729338406924805 0 0 0
