790
0
0.0012658227848101266 -0.37077869387985257 -0.0428339962711302 -0.08535733125793023 0 0 0
0.0012658227848101266 -0.0012609759078918603 0.2530022972525527 -0.2656417876432401 0 0 0
0.0012658227848101266 -0.16141758727590205 -0.45229762686542047 -0.1661771594320549 0 0 0
0.0012658227848101266 -0.15244285858930798 0.15953929691304436 -0.23820516138194842 0 0 0
0.0012658227848101266 0.38086414086043796 0.2760426626079107 -0.01729537807827986 0 0 0
0.0012658227848101266 0.4654337400238769 -0.4708977117724592 0.11686813976835872 0 0 0
0.0012658227848101266 0.03483513341806739 0.47535477056160025 -0.4242678418966703 0 0 0
0.0012658227848101266 -0.4319957634817932 -0.45305520146384165 0.15902117026947524 0 0 0
0.0012658227848101266 -0.5444236159288333 0.003009633306400225 0.11448574632116713 0 0 0
0.0012658227848101266 -0.46836074518802606 -0.06486573559159398 -0.49918014503054076 0 0 0
0.0012658227848101266 0.16646914576802768 0.15263178302946323 0.15329814746754672 0 0 0
0.0012658227848101266 -0.5165695627443669 -0.14362234218958328 0.11231564586369534 0 0 0
0.0012658227848101266 -0.18391834640196053 0.6127306570909737 0.13507479241341702 0 0 0
0.0012658227848101266 0.15151791980083054 0.5502127320196745 -0.008066978825161929 0 0 0
0.0012658227848101266 0.2792360522757464 0.05361873793183759 -0.25932299268501924 0 0 0
0.0012658227848101266 0.4748714033732484 0.24132559317606847 -0.031332000340953944 0 0 0
0.0012658227848101266 0.5817981392557512 -0.07357743917303473 -0.017675706438986583 0 0 0
0.0012658227848101266 0.029919052927436584 -0.18065648412833765 0.16178557725937126 0 0 0
0.0012658227848101266 0.036156210515817425 -0.5293379814057363 -0.1913841207163092 0 0 0
0.0012658227848101266 -0.0734826100787229 -0.3464051472735038 -0.5798869832457776 0 0 0
0.0012658227848101266 -0.4875640800787888 0.417113896037824 -0.2604036875765373 0 0 0
0.0012658227848101266 -0.05642520371701455 -0.22182961883112004 0.2206073428744419 0 0 0
0.0012658227848101266 -0.5523637965073678 -0.158513594248685 -0.23154036799651256 0 0 0
0.0012658227848101266 0.10662831607151832 -0.1735009946230615 0.29124233975051683 0 0 0
0.0012658227848101266 -0.13075398061115326 0.14896007739394618 -0.0720959940950514 0 0 0
0.0012658227848101266 -0.03350607364221242 0.4313952788328381 -0.30610642343652855 0 0 0
0.0012658227848101266 -0.26183187337809466 0.222964869967558 0.24960326776255978 0 0 0
0.0012658227848101266 0.38313465825636056 -0.02680345009868161 0.0889697774595253 0 0 0
0.0012658227848101266 0.3872137163333716 -0.4005305189456835 -0.26027607444719925 0 0 0
0.0012658227848101266 -0.27136033319966885 0.6191092197558813 -0.11018624397905755 0 0 0
0.0012658227848101266 -0.5380399319019099 -0.29468336026491343 -0.036439222746297156 0 0 0
0.0012658227848101266 0.1516104699479875 -0.665724066151286 -0.007021853077474102 0 0 0
0.0012658227848101266 0.2143120205746035 0.5050339472468665 0.19562472051399618 0 0 0
0.0012658227848101266 -0.06386705018965384 0.21141306729082518 -0.2009824290550914 0 0 0
0.0012658227848101266 -0.24102967099018574 -0.4712021886478038 0.24567913442999295 0 0 0
0.0012658227848101266 0.2710927851778186 -0.4431943700592021 -0.32152155546913547 0 0 0
0.0012658227848101266 0.5213358456016001 -0.16907194919159044 -0.08429639426114262 0 0 0
0.0012658227848101266 0.4560881501577026 0.16447323036513836 0.2590663983106482 0 0 0
0.0012658227848101266 0.4130649370013874 -0.2216720339267559 0.27043782403809363 0 0 0
0.0012658227848101266 -0.533722337125573 0.17948245266512763 -0.2949895192270215 0 0 0
0.0012658227848101266 0.5320928623967286 0.38276680108273664 -0.15719354657086493 0 0 0
0.0012658227848101266 -0.21891373972051664 0.629296179374331 0.0819510783842282 0 0 0
0.0012658227848101266 0.38879972043830274 -0.2123010413027713 -0.32441738726835184 0 0 0
0.0012658227848101266 -0.2728607368727545 -0.3376873956104389 -0.2574534166780434 0 0 0
0.0012658227848101266 0.5067206166146221 -0.04362411732401379 -0.29314155091184135 0 0 0
0.0012658227848101266 0.06820277701009271 0.46130459485968445 -0.4499386475097141 0 0 0
0.0012658227848101266 0.05234678137364083 -0.018021857359293788 -0.5622090443315337 0 0 0
0.0012658227848101266 -0.2222687392778515 0.2905766097269814 -0.1768141415626616 0 0 0
0.0012658227848101266 0.16911253750561817 -0.17355608499462352 0.050989679299234834 0 0 0
0.0012658227848101266 0.021022391324869123 0.5334977801729083 -0.10458890719314222 0 0 0
0.0012658227848101266 0.407761543762701 0.12683337432387842 0.15366002382524896 0 0 0
0.0012658227848101266 -0.17335162971795096 0.08291744651183067 0.5069008460874136 0 0 0
0.0012658227848101266 -0.21928479847980473 -0.23066808211827716 -0.18583598979559418 0 0 0
0.0012658227848101266 -0.313701636674778 -0.18095560043082487 -0.04398008283224268 0 0 0
0.0012658227848101266 0.38481787499516035 -0.26074555963097773 0.23950807454316436 0 0 0
0.0012658227848101266 0.03668386465876175 -0.10059688605928038 0.08952780155070691 0 0 0
0.0012658227848101266 -0.04670611991173395 -0.5792033160327646 -0.09594907834302757 0 0 0
0.0012658227848101266 -0.3730264767908669 0.2111206975561883 0.48165072906468737 0 0 0
0.0012658227848101266 -0.2088782735280304 -0.001045134559798577 0.5356899387426265 0 0 0
0.0012658227848101266 -0.04005542324650351 -0.23466395475272583 -0.14040114485731806 0 0 0
0.0012658227848101266 0.1323034643493616 0.2599203606720315 -0.26953082168424664 0 0 0
0.0012658227848101266 0.22006694363583354 -0.03686568433456482 0.33205206905817847 0 0 0
0.0012658227848101266 -0.5317419353880474 -0.16182722668797755 -0.11983022168654128 0 0 0
0.0012658227848101266 -0.14244652964991306 0.6602179930720122 0.13400026408081878 0 0 0
0.0012658227848101266 -0.12660783961093028 0.3722369870556914 -0.49648382229483423 0 0 0
0.0012658227848101266 0.002759188630065975 0.047284790678140155 -0.16015692000182105 0 0 0
0.0012658227848101266 0.33277684993892837 0.2265590276283613 0.08565884802353431 0 0 0
0.0012658227848101266 0.15951692260849196 0.6625347769078452 -0.07770295357854888 0 0 0
0.0012658227848101266 -0.39776700195628073 0.15002431812070374 0.2649717003423487 0 0 0
0.0012658227848101266 -0.13661533486273186 -0.16815518540975574 0.18087235723283634 0 0 0
0.0012658227848101266 -0.22490473563941996 0.3393843405795098 0.12085071201775377 0 0 0
0.0012658227848101266 -0.1588536412286338 0.10019658271254007 -0.31323171609474976 0 0 0
0.0012658227848101266 -0.39196377492857715 0.11835827166629165 0.29613990122466016 0 0 0
0.0012658227848101266 0.44272013093091145 0.09561486875023384 -0.08221347643702104 0 0 0
0.0012658227848101266 0.4047360511201754 0.10135856635356175 -0.29573000534829713 0 0 0
0.0012658227848101266 -0.412224248921652 0.2843067974441304 -0.008387279969311455 0 0 0
0.0012658227848101266 -0.2567700616533051 -0.2801027989546168 0.5096727582974505 0 0 0
0.0012658227848101266 -0.4292688836073509 -0.11360711408973571 -0.39544246279880974 0 0 0
0.0012658227848101266 -0.06838311689197957 -0.570772129107266 -0.2867669329331624 0 0 0
0.0012658227848101266 0.43182293369196023 0.18593276471976475 0.03924343879975358 0 0 0
0.0012658227848101266 -0.15771309384635437 0.49298546982638136 -0.19462546116301693 0 0 0
0.0012658227848101266 -0.44894348111487004 0.2818438941243867 0.25179170217602903 0 0 0
0.0012658227848101266 0.08608672200293703 0.4135434183111411 -0.3199196680373166 0 0 0
0.0012658227848101266 0.5878765529419612 -0.2663957428086528 0.11871844199809022 0 0 0
0.0012658227848101266 -0.026234499040868005 -0.16448869601101157 0.27966234601313555 0 0 0
0.0012658227848101266 0.5502579175824646 -0.19251812831466322 -0.3103737846530844 0 0 0
0.0012658227848101266 -0.03130604561366727 0.010179449801324741 0.054356067057654965 0 0 0
0.0012658227848101266 -0.35600368809804395 0.4634361933371311 0.20447595871396895 0 0 0
0.0012658227848101266 -0.07896387020556304 0.2200039278895778 0.2341033868691715 0 0 0
0.0012658227848101266 -0.4766416427472095 0.21089187779683158 0.42708554338313776 0 0 0
0.0012658227848101266 -0.6020863197718728 0.04356857725552781 0.3240404120606891 0 0 0
0.0012658227848101266 -0.197553964670347 0.1829817470689997 -0.5757603208319548 0 0 0
0.0012658227848101266 0.09576833719013483 -0.2966358298759893 0.21006385442408135 0 0 0
0.0012658227848101266 -0.10454875493701181 0.12382662308353379 -0.12338514753690916 0 0 0
0.0012658227848101266 0.01964141736500082 -0.15131359811480902 -0.030623453384148017 0 0 0
0.0012658227848101266 -0.32760966295579674 0.17762147234963654 0.1068587641857691 0 0 0
0.0012658227848101266 -0.1039911992606519 -0.006306693448082669 0.08132253533497111 0 0 0
0.0012658227848101266 0.19312647828382346 -0.10780866811964918 -0.36211565717033417 0 0 0
0.0012658227848101266 -0.427976604714775 -0.04646837319273073 -0.4342124233937645 0 0 0
0.0012658227848101266 -0.09530824954957132 0.6053005718974452 0.03820734988676505 0 0 0
0.0012658227848101266 0.4335911162119137 -0.19728335635267805 0.3162974596098547 0 0 0
0.0012658227848101266 0.6282399322606878 0.14973870396042 0.24943288463300425 0 0 0
0.0012658227848101266 0.15612012572363573 -0.33452821446218806 -0.14883018752071728 0 0 0
0.0012658227848101266 -0.12657183545765374 -0.34490376179761423 -0.10240188653023702 0 0 0
0.0012658227848101266 -0.1487566187053526 0.5276265200890009 0.1877702831322164 0 0 0
0.0012658227848101266 0.34043362105924085 -0.37968630062897873 0.27222771438803145 0 0 0
0.0012658227848101266 -0.45526967300657645 -0.0541916923452172 0.4602527961086618 0 0 0
0.0012658227848101266 0.3942753893725454 -0.2551906861031448 -0.11614300566268829 0 0 0
0.0012658227848101266 0.6037076446488453 0.08735596462372434 0.23984411505211514 0 0 0
0.0012658227848101266 -0.19827959980715282 -0.18663683476966303 -0.04040849740455063 0 0 0
0.0012658227848101266 -0.29728208414243146 -0.09680278524570353 -0.5995463031132837 0 0 0
0.0012658227848101266 -0.19562088525220256 0.09320109412843042 0.5404233225350823 0 0 0
0.0012658227848101266 0.2924875598187387 -0.035253565597777634 -0.39712186751211487 0 0 0
0.0012658227848101266 0.3537304373459748 0.14238762483097 -0.4526061481038153 0 0 0
0.0012658227848101266 0.42120309661172145 -0.0779148734324433 -0.4600830993783787 0 0 0
0.0012658227848101266 0.14323012358579584 0.07438254550267606 0.5007983040739176 0 0 0
0.0012658227848101266 -0.38831848072200154 0.44541604200377405 0.27422584362675584 0 0 0
0.0012658227848101266 -0.09134838999659099 -0.11212207012447462 -0.2742924651066557 0 0 0
0.0012658227848101266 0.3316094102947462 0.02105964512692966 -0.054446435965427434 0 0 0
0.0012658227848101266 -0.3055149435743538 -0.29496970956973156 0.32962413938758695 0 0 0
0.0012658227848101266 -0.24345695541616696 0.6065709967917091 -0.10591510070410326 0 0 0
0.0012658227848101266 0.3845495430650749 0.49493840815825185 -0.13338206985139234 0 0 0
0.0012658227848101266 0.035265045420299776 -0.42730770312578664 0.4289943441283234 0 0 0
0.0012658227848101266 0.13902867292588794 -0.3997197422026154 0.09049547291866981 0 0 0
0.0012658227848101266 -0.08099999413123775 0.5397099615589085 -0.08828859392856331 0 0 0
0.0012658227848101266 0.05643520092351823 -0.40338751724300304 -0.2102009499343662 0 0 0
0.0012658227848101266 0.3831834222523504 -0.05965461745546442 0.07450702489115928 0 0 0
0.0012658227848101266 -0.48693477886200903 0.13720565989499245 -0.18827686230944068 0 0 0
0.0012658227848101266 0.025436833151211223 0.4031653092467931 0.36650004155652344 0 0 0
0.0012658227848101266 -0.45546828135026735 -0.11097540790988915 0.3926420319066465 0 0 0
0.0012658227848101266 0.11806067046019346 -0.05077205089378879 0.010374493325187962 0 0 0
0.0012658227848101266 -0.6019472368494174 -0.09834766043352264 0.1820706707366424 0 0 0
0.0012658227848101266 -0.06248476709037845 -0.1355775030525557 -0.34149563202949446 0 0 0
0.0012658227848101266 -0.3578484029310462 -0.5479361633811958 -0.06008718537986656 0 0 0
0.0012658227848101266 0.12419175525999254 -0.3098030747732542 -0.3213594270503801 0 0 0
0.0012658227848101266 -0.643132753587522 -0.10031624847839564 -0.19426320741823375 0 0 0
0.0012658227848101266 0.42617397898277193 0.1595715909646004 -0.040858398244615325 0 0 0
0.0012658227848101266 -0.17367107527680037 0.1534421482218225 0.1482514470237788 0 0 0
0.0012658227848101266 -0.19410228188688708 -0.2507492316857698 -0.3206637422022813 0 0 0
0.0012658227848101266 -0.18118828185050775 -0.10202225218809889 0.22399698614762448 0 0 0
0.0012658227848101266 0.45502642735371013 0.3611886136175853 -0.27609855683079515 0 0 0
0.0012658227848101266 0.5828914577088765 -0.24552039575417314 -0.15888143068004776 0 0 0
0.0012658227848101266 0.13795501813846822 0.45087667424982236 -0.01687746518252481 0 0 0
0.0012658227848101266 -0.4703440282320382 -0.2959215397924239 -0.3683553376527655 0 0 0
0.0012658227848101266 -0.09905250368288572 -0.3884514017578738 0.030138239391444794 0 0 0
0.0012658227848101266 0.2911472268475738 -0.016408353690445104 0.5422220612219418 0 0 0
0.0012658227848101266 0.04655716341131785 -0.02393246717437267 -0.0026726567491426696 0 0 0
0.0012658227848101266 0.3283916153327969 -0.11096755815604097 0.36175083783487944 0 0 0
0.0012658227848101266 0.012603134333705307 -0.01993601778112857 0.10511224481370154 0 0 0
0.0012658227848101266 0.5796318585514979 0.22697978080901896 -0.1136889081966503 0 0 0
0.0012658227848101266 -0.06612576428147729 0.3231455600795999 -0.1269874844810825 0 0 0
0.0012658227848101266 -0.23467240934025907 -0.14575268982992576 -0.43406823631068975 0 0 0
0.0012658227848101266 -0.29234054115853875 0.1909924304530309 0.4685916101643335 0 0 0
0.0012658227848101266 -0.5117765264773686 -0.15331174678320486 -0.24552396974101565 0 0 0
0.0012658227848101266 0.48367279603889074 0.04739974186818195 0.23660764809212062 0 0 0
0.0012658227848101266 0.20529345708683266 0.1413565067724623 0.19208847363461018 0 0 0
0.0012658227848101266 -0.08166367793901226 -0.09212540723183973 -0.299237485628898 0 0 0
0.0012658227848101266 -0.25521699385871655 -0.46675099851789603 -0.17318049613414174 0 0 0
0.0012658227848101266 0.3730759304511085 -0.5657054771079447 0.013968989135058686 0 0 0
0.0012658227848101266 -0.2605825605870058 0.011174396277602533 -0.43174009332696744 0 0 0
0.0012658227848101266 0.3113474366243884 -0.2265052216117799 -0.44064388621905154 0 0 0
0.0012658227848101266 -0.11458598711116348 0.04034410981846218 0.5479354968519107 0 0 0
0.0012658227848101266 -0.11977672859441897 -0.13327308551390368 0.18140075895054156 0 0 0
0.0012658227848101266 -0.314839826030197 -0.21203159153838338 0.5444547820228375 0 0 0
0.0012658227848101266 -0.40565876551005114 0.1728225333302444 0.15463541138744022 0 0 0
0.0012658227848101266 -0.1958532004969201 -0.03679731408334455 -0.4117129415756181 0 0 0
0.0012658227848101266 0.6144369784241931 -0.2623329497906808 0.17234603571241502 0 0 0
0.0012658227848101266 -0.4603240929734773 -0.3388909040527658 -0.3810963280318882 0 0 0
0.0012658227848101266 0.10374568127004052 -0.31812209444251865 -0.29224736872041773 0 0 0
0.0012658227848101266 0.3655300187247291 -0.3673818005245667 0.3314672489561137 0 0 0
0.0012658227848101266 -0.3073301326041682 -0.37849307591256426 -0.32470844356367323 0 0 0
0.0012658227848101266 -0.47509547570929356 0.41473265922076313 0.1335093156768756 0 0 0
0.0012658227848101266 -0.16512194020657925 0.21235633364215992 -0.21721611753070214 0 0 0
0.0012658227848101266 -0.09284353183793918 -0.4610881066559988 -0.025252290943287244 0 0 0
0.0012658227848101266 0.2922260145965126 -0.3246742800043533 -0.5111372757714523 0 0 0
0.0012658227848101266 0.3440090641414529 0.5011458626264055 -0.2578879930769208 0 0 0
0.0012658227848101266 0.47987493548056404 0.20564368121370788 -0.3058483988110784 0 0 0
0.0012658227848101266 -0.008142034355777143 -0.17074319278375746 -0.29783711699508303 0 0 0
0.0012658227848101266 0.08593305943200312 -0.04210568900147508 -0.6714894772379283 0 0 0
0.0012658227848101266 -0.37143723640724813 0.010996432875336427 -0.4830839987059523 0 0 0
0.0012658227848101266 0.0158054272459756 0.4505491707086316 -0.03558592212591507 0 0 0
0.0012658227848101266 -0.23527767204606037 -0.08160432822183084 0.5904473806318258 0 0 0
0.0012658227848101266 0.036539882265846854 -0.26164525408153055 -0.2643136949305392 0 0 0
0.0012658227848101266 0.3639853037039416 0.1497360464504735 0.35940096022926166 0 0 0
0.0012658227848101266 -0.026895659809066365 -0.4497065565474856 0.4292086532659765 0 0 0
0.0012658227848101266 -0.5241878303325445 0.19050486642482986 0.20645359363254687 0 0 0
0.0012658227848101266 0.5040420951204493 0.28222979014272837 -0.01319752507033604 0 0 0
0.0012658227848101266 -0.12844285019013152 0.2598122030294079 -0.5792557988089617 0 0 0
0.0012658227848101266 0.3341402209241218 0.3899285780029867 0.07239624731199411 0 0 0
0.0012658227848101266 -0.047749375081025384 -0.4586740591295996 0.48690468808443677 0 0 0
0.0012658227848101266 0.4074790870706412 0.25968705971076855 -0.2262358011749892 0 0 0
0.0012658227848101266 0.4607752711150254 0.15632934639303087 -0.24992848252270508 0 0 0
0.0012658227848101266 -0.27511718058271917 -0.03368573929514542 -0.07164832148898168 0 0 0
0.0012658227848101266 0.415336559539082 -0.24196990920719866 0.3555698860960895 0 0 0
0.0012658227848101266 0.3798701630005402 0.21961986422262808 -0.03302187395605904 0 0 0
0.0012658227848101266 -0.1460209450743066 0.184042308149712 -0.021944539142366215 0 0 0
0.0012658227848101266 0.33797295518849074 -0.5130283491718881 0.29674403767897284 0 0 0
0.0012658227848101266 -0.4333732826603242 0.2868694075928001 0.3984170356372768 0 0 0
0.0012658227848101266 0.5400044549259265 -0.08110568875897244 0.18022439709392316 0 0 0
0.0012658227848101266 -0.11877971540948253 -0.2474637712670115 0.23861322953244618 0 0 0
0.0012658227848101266 0.4610921046756493 0.21605245400731857 0.2104613480290597 0 0 0
0.0012658227848101266 0.5184283021247954 -0.34110553531949706 -0.0034882662276701807 0 0 0
0.0012658227848101266 0.09518693974581467 -0.31256317149819174 -0.09051296480847076 0 0 0
0.0012658227848101266 0.3200553949602948 0.012501054364634945 -0.06493515552973297 0 0 0
0.0012658227848101266 -0.1568377335763729 0.09090223549250112 -0.12228165391584311 0 0 0
0.0012658227848101266 -0.35701380775273556 -0.3772640670958002 -0.18854263605331675 0 0 0
0.0012658227848101266 -0.506937284888327 0.18586788310638533 -0.07297206626813169 0 0 0
0.0012658227848101266 0.33015879791260616 -0.19729265911807387 0.4311742792655169 0 0 0
0.0012658227848101266 -0.22413299497710834 -0.0015699560225776324 -0.22477182647961064 0 0 0
0.0012658227848101266 -0.24442501588051557 -0.09733836514940784 -0.16932440670442817 0 0 0
0.0012658227848101266 0.38405947213062197 0.4277594494117758 0.2809773552398575 0 0 0
0.0012658227848101266 0.13393823883004952 -0.48282342029694586 -0.21376227555790883 0 0 0
0.0012658227848101266 0.5711105461419238 0.31889541235023605 -0.14090073617544657 0 0 0
0.0012658227848101266 0.6279771381443328 0.15864607961189417 0.13526165467421183 0 0 0
0.0012658227848101266 -0.37074898830775044 -0.04044300452060984 -0.22058928313752707 0 0 0
0.0012658227848101266 -0.5522997249164854 0.1912666952098469 0.19245217609079407 0 0 0
0.0012658227848101266 -0.31846361805210727 0.07153447726064191 -0.3242187941451715 0 0 0
0.0012658227848101266 0.04418906771168823 -0.001420182323736295 0.6481474735338528 0 0 0
0.0012658227848101266 0.47584904340396916 0.2443528248436485 -0.07313063114595841 0 0 0
0.0012658227848101266 -0.21980904808825075 -0.32464395002103885 -0.04499695705981399 0 0 0
0.0012658227848101266 -0.10713911372522804 0.0002589401608834346 0.536147512954224 0 0 0
0.0012658227848101266 0.1847601222563747 -0.09249108764417922 -0.3957219532522556 0 0 0
0.0012658227848101266 -0.3438918490742353 0.3395453155262979 -0.4394388344153446 0 0 0
0.0012658227848101266 -0.38284273371436744 0.039646454144489085 0.05913073097146001 0 0 0
0.0012658227848101266 -0.023152620548295724 0.3586188196048342 0.30456742439612283 0 0 0
0.0012658227848101266 -0.38663735831474283 0.08869158096398175 0.4747662982336161 0 0 0
0.0012658227848101266 -0.32569785002349233 -0.20877683512439363 0.5750887917083887 0 0 0
0.0012658227848101266 -0.290459971308726 -0.04246250147344935 -0.3073341118847941 0 0 0
0.0012658227848101266 -0.1799749422788475 0.1708875026760342 0.6191536257266359 0 0 0
0.0012658227848101266 -0.3889153790088849 0.025278193277164813 -0.10172477395013266 0 0 0
0.0012658227848101266 0.017729598926915616 -0.4211130407884966 -0.0018143735247346884 0 0 0
0.0012658227848101266 -0.4325591453754552 0.11045278437549366 0.13586650399194436 0 0 0
0.0012658227848101266 -0.4686575729710395 0.25728019999559304 0.3407081479309031 0 0 0
0.0012658227848101266 -0.17753339478961683 -0.5285003771929676 -0.0966824757534154 0 0 0
0.0012658227848101266 0.46093754362910794 -0.11218955008039917 0.40646827783729533 0 0 0
0.0012658227848101266 -0.582458684655732 0.04579283300835114 -0.21737626416675287 0 0 0
0.0012658227848101266 -0.14246978612871866 -0.5064121009330348 -0.25730408325533 0 0 0
0.0012658227848101266 0.3657367068826741 -0.40916274576086387 -0.16344472923740294 0 0 0
0.0012658227848101266 -0.1384969479339099 0.18872800251114305 -0.39327426458242043 0 0 0
0.0012658227848101266 -0.18678197064178279 -0.3259720782111287 -0.31353988331057153 0 0 0
0.0012658227848101266 0.2985568362942708 -0.16445751300024633 -0.31124666275715585 0 0 0
0.0012658227848101266 0.6275882886678975 0.2720411647001013 -0.05845798921011933 0 0 0
0.0012658227848101266 0.503891271585197 0.37113239335513 -0.12103759121342737 0 0 0
0.0012658227848101266 -0.2893885451944686 -0.1450732082423639 0.4634887734013618 0 0 0
0.0012658227848101266 -0.6510008744272469 -0.1876987568206725 -0.14161691064976079 0 0 0
0.0012658227848101266 -0.3291168430154035 -0.3401390669880861 -0.5064690753625072 0 0 0
0.0012658227848101266 0.4024956274024399 -0.24674293283264218 0.35645207974709453 0 0 0
0.0012658227848101266 -0.11449710038813232 -0.5002631114477287 -0.4257418863065363 0 0 0
0.0012658227848101266 -0.5900851662625677 -0.0774701136484718 0.26327909370095626 0 0 0
0.0012658227848101266 0.14977304183545379 -0.47981278015637363 -0.20528903996772815 0 0 0
0.0012658227848101266 -0.441377695275022 -0.24330275908562585 0.4514685852483944 0 0 0
0.0012658227848101266 0.013449677402401014 -0.1474963586479586 -0.5560159315562447 0 0 0
0.0012658227848101266 -0.1723623404494233 -0.017537866120388282 -0.37934559552892966 0 0 0
0.0012658227848101266 -0.4144207058233553 0.315546094252191 0.0723875687241726 0 0 0
0.0012658227848101266 0.06023188521142198 0.42217026721356254 -0.1444555583074438 0 0 0
0.0012658227848101266 0.36948657933095136 0.0857654590217271 0.20014163400124096 0 0 0
0.0012658227848101266 0.4832274169514599 0.3894385578309768 -0.11257905463390774 0 0 0
0.0012658227848101266 -0.18432274420830688 0.2505226556541515 -0.14572579600225177 0 0 0
0.0012658227848101266 -0.3268548887404095 0.0999321199941277 0.1327503621075901 0 0 0
0.0012658227848101266 -0.15539649597618138 -0.3459266367683374 0.03654788866742334 0 0 0
0.0012658227848101266 0.03794837139802219 0.3440455753326612 0.5611903336832088 0 0 0
0.0012658227848101266 -0.19854831733899803 0.23542585798059928 -0.5423759186258509 0 0 0
0.0012658227848101266 0.24556830445004038 0.2755669310869301 0.3630356825299255 0 0 0
0.0012658227848101266 -0.028112777416230663 0.19193327260913928 0.4762667417597949 0 0 0
0.0012658227848101266 -0.19367181517498772 -0.08490169240287804 0.3712491366614981 0 0 0
0.0012658227848101266 0.4665070817005144 -0.23115273036472084 -0.31727590007371875 0 0 0
0.0012658227848101266 -0.3699037924293472 -0.4366554348596788 -0.05279253249651795 0 0 0
0.0012658227848101266 0.3611777873768279 -0.1415122364584788 0.48000791047360053 0 0 0
0.0012658227848101266 -0.47982350181292766 0.19534005934590523 0.30434018333724927 0 0 0
0.0012658227848101266 0.06486195869000394 -0.42969332018288603 0.14560326742082882 0 0 0
0.0012658227848101266 0.03643820089951433 0.34383948152249727 0.11592488023160488 0 0 0
0.0012658227848101266 -0.29185422661820465 0.12395164062360048 0.09174031752876725 0 0 0
0.0012658227848101266 -0.10032340113743496 -0.508915619025334 -0.09686930013944782 0 0 0
0.0012658227848101266 -0.4389649488015412 0.14061484907182448 0.4172746003252768 0 0 0
0.0012658227848101266 0.11757268924931888 -0.5398449408863591 -0.19390180962708345 0 0 0
0.0012658227848101266 -0.5001934349077037 -0.1417823162850026 0.12268329701972465 0 0 0
0.0012658227848101266 0.47282270308862756 -0.3496875246076054 -0.01131708702706327 0 0 0
0.0012658227848101266 -0.28794960678659387 -0.15585182594496058 -0.44608031631840467 0 0 0
0.0012658227848101266 0.4266668516971553 -0.023890213495987606 0.41143344965603823 0 0 0
0.0012658227848101266 0.4201767608720005 -0.023721373248751048 -0.08826175974800703 0 0 0
0.0012658227848101266 0.2547889662170642 0.14357948228594683 0.09566052975625719 0 0 0
0.0012658227848101266 -0.31773766721813534 -0.08761814999530135 -0.21850848526884975 0 0 0
0.0012658227848101266 -0.19207787579817776 0.4429874991439135 0.16595427376748464 0 0 0
0.0012658227848101266 0.4458112319473119 0.31116688556742045 -0.25831105065475723 0 0 0
0.0012658227848101266 -0.5273240380190649 0.0664319721750183 0.2902054345026691 0 0 0
0.0012658227848101266 -0.21250238835467625 0.6344855468005204 0.12376869984992933 0 0 0
0.0012658227848101266 0.4784468554004093 -0.11052168882422618 0.1404182780038124 0 0 0
0.0012658227848101266 0.5303457518931486 0.016261412191308902 0.17676720289179812 0 0 0
0.0012658227848101266 -0.4216054875033446 -0.44204137020856227 -0.10293692186392546 0 0 0
0.0012658227848101266 -0.4261977044145596 -0.3898151570797324 -0.19386628029809502 0 0 0
0.0012658227848101266 -0.39989203559942355 -0.3958809340485581 0.07122995670654879 0 0 0
0.0012658227848101266 -0.0611440040660895 0.3781339515932102 0.17659360071759125 0 0 0
0.0012658227848101266 -0.13714799062591088 0.16040245785448923 -0.6500481210098968 0 0 0
0.0012658227848101266 -0.25984722387227005 0.35984304101194714 0.0716345341339293 0 0 0
0.0012658227848101266 0.128133461794695 -0.21561743455576626 0.312893620762178 0 0 0
0.0012658227848101266 0.009013063934645356 0.061128593091764 0.6695466349623164 0 0 0
0.0012658227848101266 -0.09952764008672606 -0.301700544483085 -0.23932761353623855 0 0 0
0.0012658227848101266 0.16344834233876934 -0.46105416118696896 -0.3586032462390122 0 0 0
0.0012658227848101266 -0.11184314174397916 -0.19104259505423116 0.016827831055958496 0 0 0
0.0012658227848101266 0.2573484010279207 -0.4374103125137758 0.4470093715803857 0 0 0
0.0012658227848101266 -0.4704189256752561 0.05024718355864991 -0.21270849288793234 0 0 0
0.0012658227848101266 -0.048532640461841976 -0.19860871878615108 -0.40468117830754924 0 0 0
0.0012658227848101266 0.00042279151005821566 0.3327172885428631 0.1498789009866954 0 0 0
0.0012658227848101266 0.33208865615821115 0.2735104894606267 0.2338656410084641 0 0 0
0.0012658227848101266 -0.4074765011590238 -0.26349338724346943 0.30181906396038766 0 0 0
0.0012658227848101266 0.039554722012472364 0.32197487404418235 0.008455151806474964 0 0 0
0.0012658227848101266 -0.29170269952552025 0.44445282153167454 -0.1063317485243108 0 0 0
0.0012658227848101266 0.3525866440499265 -0.3293801996480503 -0.15312903986347398 0 0 0
0.0012658227848101266 -0.20808557801647076 0.3695617877766436 -0.18858606090364066 0 0 0
0.0012658227848101266 0.12383962563802937 -0.43290985041290225 0.05295559876923884 0 0 0
0.0012658227848101266 0.3745740725731914 -0.3686554803425366 0.377630200887136 0 0 0
0.0012658227848101266 -0.06909347196783935 -0.5154686728615286 0.28518609571052767 0 0 0
0.0012658227848101266 -0.067736719831981 -0.2146098825103054 -0.4037526953583561 0 0 0
0.0012658227848101266 -0.06701519080653856 -0.2198904093609691 0.2516690393807552 0 0 0
0.0012658227848101266 -0.5549948987028624 0.24110980372793545 -0.33745431453286057 0 0 0
0.0012658227848101266 -0.3086494495131927 -0.10583021799697934 -0.2253122525017082 0 0 0
0.0012658227848101266 -0.04521837876020684 -0.44791953015328356 0.2203866067068993 0 0 0
0.0012658227848101266 0.44509156933299576 -0.3543433259935777 0.06647355880487221 0 0 0
0.0012658227848101266 0.04138921619473733 -0.2216391239148504 0.07548676311395841 0 0 0
0.0012658227848101266 0.16415872568817522 -0.12510731403735867 0.576911347860133 0 0 0
0.0012658227848101266 -0.26346335688330524 0.10996763793180689 0.5894336954744479 0 0 0
0.0012658227848101266 -0.4382724538670558 0.38217206532100634 0.08661893771023785 0 0 0
0.0012658227848101266 -0.00559564246384737 -0.6033304463355023 -0.17831734278906713 0 0 0
0.0012658227848101266 -0.43070149386469925 -0.25971857387876635 0.31883703333741514 0 0 0
0.0012658227848101266 0.3153016061288686 -0.007465794191390495 -0.2912938747329562 0 0 0
0.0012658227848101266 0.30997764970572866 -0.05986100636129709 0.15238468677605335 0 0 0
0.0012658227848101266 0.09353811216216638 -0.360258652680031 0.44746755128899796 0 0 0
0.0012658227848101266 -0.20596056220133935 -0.525890063163261 -0.32649068900266887 0 0 0
0.0012658227848101266 0.21093471280253323 -0.17102908645563206 -0.14041912614977187 0 0 0
0.0012658227848101266 -0.34115390108825805 -0.17408967165361028 0.3619349307799286 0 0 0
0.0012658227848101266 -0.07697524447832595 -0.2292116934969513 -0.28249920196968564 0 0 0
0.0012658227848101266 0.3010334690435704 -0.30139356765454783 -0.025588645634874653 0 0 0
0.0012658227848101266 -0.306764443761584 -0.03233623841745835 -0.46883081311398284 0 0 0
0.0012658227848101266 -0.5801714284908788 -0.2022094971058192 0.1763032022546449 0 0 0
0.0012658227848101266 0.18640106716319707 0.18150104124824484 -0.3230856222739033 0 0 0
0.0012658227848101266 0.5992551344571841 -0.01578952206727111 0.3325919338061864 0 0 0
0.0012658227848101266 -0.43695751178531084 -0.08418234611743348 -0.12396115966390113 0 0 0
0.0012658227848101266 -0.15290477281100323 0.2653327259918241 0.19913545365341348 0 0 0
0.0012658227848101266 0.23873548076087342 0.3384485544793478 -0.1387783920497449 0 0 0
0.0012658227848101266 0.0749167186798333 -0.21036959800939686 -0.0005720092833849005 0 0 0
0.0012658227848101266 0.30787559170657247 -0.05396857887921541 0.39031979204872663 0 0 0
0.0012658227848101266 -0.4618465554747358 0.02874190309272024 0.42014285914008326 0 0 0
0.0012658227848101266 -0.07656900835502803 -0.06500090022033181 0.5545567879986826 0 0 0
0.0012658227848101266 0.16480155331674604 0.2858500316687565 0.3367887450648711 0 0 0
0.0012658227848101266 -0.23908939234494594 -0.18504943569979443 0.08932837452925255 0 0 0
0.0012658227848101266 -0.3133762857862553 -0.4391594826994196 -0.36346662474339464 0 0 0
0.0012658227848101266 0.525606220904723 -0.2824362211475608 0.24178429744791421 0 0 0
0.0012658227848101266 0.3183321679174726 -0.17902188762242877 0.06725354135796789 0 0 0
0.0012658227848101266 0.19901236513958034 0.17104817241016163 -0.5571971048976259 0 0 0
0.0012658227848101266 0.12117292133841409 -0.2506217762774099 0.10046138384679659 0 0 0
0.0012658227848101266 -0.381043453303353 0.5391470822558239 -0.21154818545263993 0 0 0
0.0012658227848101266 -0.5486183268801318 0.08160306908407562 -0.1866225563698046 0 0 0
0.0012658227848101266 0.0373498686695763 0.046858747604282755 0.6387400221871627 0 0 0
0.0012658227848101266 0.24371796208029592 -0.40054239780893436 0.08247368355334603 0 0 0
0.0012658227848101266 0.25859234564857 0.10886949732751648 -0.12322666498137998 0 0 0
0.0012658227848101266 -0.2219196720038928 0.05499872801518379 0.49419901658137627 0 0 0
0.0012658227848101266 -0.20171480323925625 -0.03487240381911116 0.43102709464479805 0 0 0
0.0012658227848101266 -0.3659371485924199 -0.09270273726279732 -0.30517817419656096 0 0 0
0.0012658227848101266 0.27351071634929613 0.45486608002936196 -0.35031801555517417 0 0 0
0.0012658227848101266 0.13284602788968067 0.42881925528122183 -0.13490067223600993 0 0 0
0.0012658227848101266 0.26258894994015775 -0.0660340001734654 0.3122699519229753 0 0 0
0.0012658227848101266 -0.6033316069908033 0.03144247621227321 -0.0206770570946564 0 0 0
0.0012658227848101266 -0.02462108916207511 -0.16649145187230224 -0.4315786494175808 0 0 0
0.0012658227848101266 -0.0879706941497879 -0.26599158688245683 -0.49530894309437423 0 0 0
0.0012658227848101266 -0.5194417535450999 -0.28756763995554124 0.10605618552777037 0 0 0
0.0012658227848101266 -0.06657125260341393 0.12923177902525082 -0.3978995394916421 0 0 0
0.0012658227848101266 -0.2668221644048762 0.1926969610247674 -0.10959245717500984 0 0 0
0.0012658227848101266 0.40447077958675104 0.347563732556503 -0.21880204653784135 0 0 0
0.0012658227848101266 -0.15675381378835893 0.20493188688046676 -0.3824968449167444 0 0 0
0.0012658227848101266 0.1487686179331911 -0.633788547716942 -0.0435316082997742 0 0 0
0.0012658227848101266 -0.2637972537237956 -0.16214857979491284 -0.41350251014150957 0 0 0
0.0012658227848101266 -0.2025585727327162 0.016451733467797557 -0.12306009830541248 0 0 0
0.0012658227848101266 -0.5187839452164728 -0.06078083844011093 0.0738653248442607 0 0 0
0.0012658227848101266 -0.0360710341397031 0.6222766009870236 -0.19675152597472506 0 0 0
0.0012658227848101266 0.2573136292871543 -0.24359924330223018 -0.11528705458751141 0 0 0
0.0012658227848101266 -0.5159802861314947 -0.36506650518505834 -0.1112714304812809 0 0 0
0.0012658227848101266 -0.22973995050463936 -0.02429872154103644 0.6053073135220762 0 0 0
0.0012658227848101266 -0.448461370047396 0.2918921026034557 -0.31093076356711113 0 0 0
0.0012658227848101266 0.4071610975814957 0.29992621573347417 0.3208454298495034 0 0 0
0.0012658227848101266 -0.0844020295199516 0.08165620350785059 -0.6349913537382009 0 0 0
0.0012658227848101266 -0.056653275924954866 0.3786867374611327 -0.41583856631757105 0 0 0
0.0012658227848101266 -0.4061695730379909 0.18272349843805294 -0.4084928183012008 0 0 0
0.0012658227848101266 0.11808924073074648 -0.04595335780631758 -0.2327803148373582 0 0 0
0.0012658227848101266 0.5253344842777247 -0.20059960025765278 -0.03354791665649121 0 0 0
0.0012658227848101266 0.4618054601120502 -0.2556221769545009 -0.15092747497403988 0 0 0
0.0012658227848101266 -0.22013472570716153 -0.5867624810562124 -0.014173484364606095 0 0 0
0.0012658227848101266 -0.35241725058537554 -0.1154686308365241 -0.5387920215350213 0 0 0
0.0012658227848101266 0.39167109899808705 -0.029639458894462893 0.28453566232269495 0 0 0
0.0012658227848101266 0.1890003311118602 -0.11463642247475886 -0.085581014160876 0 0 0
0.0012658227848101266 -0.1607529298447845 -0.3227115354233616 -0.09511303254367738 0 0 0
0.0012658227848101266 -0.1694150850068529 -0.16396123703711343 0.4514464252212089 0 0 0
0.0012658227848101266 0.25601877681628044 0.5240420602088238 0.34774597166764204 0 0 0
0.0012658227848101266 -0.27493178506696087 -0.2274286240971898 -0.32368101945673233 0 0 0
0.0012658227848101266 0.5223751845698803 0.2836582387805088 -0.050672022191001066 0 0 0
0.0012658227848101266 -0.40056784756491937 0.09852620022802311 -0.40496044846121637 0 0 0
0.0012658227848101266 -0.10491624256730978 -0.25489086703380953 0.25494924397279245 0 0 0
0.0012658227848101266 -0.14611702681517202 0.2213853219759286 0.3053668001880304 0 0 0
0.0012658227848101266 -0.1600380076756338 -0.31843293640330367 0.357852355200917 0 0 0
0.0012658227848101266 0.49784389420260217 -0.01578642209304008 -0.12822681675141118 0 0 0
0.0012658227848101266 0.22582515797322247 0.07859684712098568 0.6280236155913155 0 0 0
0.0012658227848101266 -0.46976929849820126 0.06649497943502701 -0.14338770972410766 0 0 0
0.0012658227848101266 -0.45142465775190094 0.3540909795814577 -0.21780926932403155 0 0 0
0.0012658227848101266 0.14348422681324544 -0.2867284996509066 -0.26079128093084114 0 0 0
0.0012658227848101266 0.6754278125666991 0.059368727056797334 -0.10519623031742895 0 0 0
0.0012658227848101266 0.04204439656267341 -0.07501712126646225 0.20381984065426373 0 0 0
0.0012658227848101266 -0.10723611973120277 -0.3358975264489484 0.4518128878038951 0 0 0
0.0012658227848101266 0.15038936985624118 -0.01255710417115075 0.622123363854952 0 0 0
0.0012658227848101266 -0.5335506261330203 -0.08834453135761934 -0.34024985461969776 0 0 0
0.0012658227848101266 -0.21826036123316656 0.285553735666637 -0.16437949088216472 0 0 0
0.0012658227848101266 -0.1378091616572881 -0.2822919835758876 0.44008596304149294 0 0 0
0.0012658227848101266 -0.4687813997119769 0.487290708883631 -0.0033646657896755612 0 0 0
0.0012658227848101266 0.3832872848606038 -0.42076327674337 -0.23803158093841018 0 0 0
0.0012658227848101266 0.001602353278114604 -0.15199512019587222 0.2437578172253008 0 0 0
0.0012658227848101266 -0.6121318781505477 -0.21085879258160195 0.15300496783967887 0 0 0
0.0012658227848101266 0.3928069062607865 -0.18602453829466326 0.33281295094381125 0 0 0
0.0012658227848101266 0.4017351244391429 -0.487809573160651 -0.05662703042068513 0 0 0
0.0012658227848101266 -0.04690499396791361 -0.184340305977244 -0.5190091029305786 0 0 0
0.0012658227848101266 0.5167421392422732 -0.003993652767145676 -0.13736312717580412 0 0 0
0.0012658227848101266 -0.27291609678002865 -0.3774709787075748 0.32720846257656266 0 0 0
0.0012658227848101266 0.43889697491563 0.2889636714398791 0.1507160217198531 0 0 0
0.0012658227848101266 -0.15890438406149424 -0.2061832187768006 -0.4885385905382816 0 0 0
0.0012658227848101266 0.5855426237485768 0.32919588348636614 0.06489000675648765 0 0 0
0.0012658227848101266 -0.08456085205723327 0.10412953797225993 0.25581907226309525 0 0 0
0.0012658227848101266 0.20698177536273493 -0.3159716552650578 -0.31383758091065495 0 0 0
0.0012658227848101266 0.5154783384458259 0.46306829502647673 -0.015667826333918545 0 0 0
0.0012658227848101266 0.01747862784777727 0.33778317621304516 0.4186493196026672 0 0 0
0.0012658227848101266 -0.40096203263876434 -0.2066873500459304 0.22228971839504513 0 0 0
0.0012658227848101266 -0.1885931962585053 -0.13033336624838485 -0.6139377814262509 0 0 0
0.0012658227848101266 0.4625528156463563 -0.2318813954128648 0.046182439158687694 0 0 0
0.0012658227848101266 0.19913457267997675 0.19436086490598 0.4928847398599543 0 0 0
0.0012658227848101266 -0.19210827084279736 -0.0660959540386561 -0.3360031019522036 0 0 0
0.0012658227848101266 -0.4444048962202861 0.27815034880286904 -0.1873217405998024 0 0 0
0.0012658227848101266 0.40039517218602905 0.01795096054464046 0.1534374194114746 0 0 0
0.0012658227848101266 -0.47114274834203934 0.10189508764249085 0.11950650148839222 0 0 0
0.0012658227848101266 0.33609035400377685 -0.3883137103716231 -0.2739720511638892 0 0 0
0.0012658227848101266 0.15349939731675308 -0.5112834206560911 0.1990848289726842 0 0 0
0.0012658227848101266 -0.23509875648187634 -0.12218994340903162 0.3617980906233641 0 0 0
0.0012658227848101266 -0.2820689633549863 0.5428264331210167 0.18723690907094045 0 0 0
0.0012658227848101266 -0.5866584899348534 -0.17383548928075448 0.20724504957803663 0 0 0
0.0012658227848101266 0.39322259042053115 -0.36166122942668005 -0.2364436921876467 0 0 0
0.0012658227848101266 -0.3236985072599901 0.39913987177478105 -0.005313413803770231 0 0 0
0.0012658227848101266 0.2185617226954599 -0.22289167359094372 0.13153507991263438 0 0 0
0.0012658227848101266 -0.41119668112681895 0.3412433419950973 0.07157008598429392 0 0 0
0.0012658227848101266 -0.2691413267785225 -0.11539799454788015 0.2728398541990304 0 0 0
0.0012658227848101266 -0.055958701561356954 -0.10797494241780765 0.6477825593603918 0 0 0
0.0012658227848101266 -0.632666812617418 -0.06623536305230227 0.17775661930646078 0 0 0
0.0012658227848101266 0.4037075659886459 -0.21500252676366952 0.21687197638583472 0 0 0
0.0012658227848101266 -0.4932381522395007 -0.112693844521512 -0.20272265622323543 0 0 0
0.0012658227848101266 0.4736072241500584 -0.23787689803743625 -0.25529116453984724 0 0 0
0.0012658227848101266 -0.3559728346225547 0.46203626332722975 -0.36391016639824575 0 0 0
0.0012658227848101266 -0.0623256207486446 -0.00927027955334304 0.5923405592680772 0 0 0
0.0012658227848101266 0.04483094438462992 0.1910092414309259 -0.011816198304371469 0 0 0
0.0012658227848101266 0.5808807913646201 0.05526499648954424 -0.06620848490186611 0 0 0
0.0012658227848101266 0.16289767251934115 0.33183318007619217 -0.09035593301310953 0 0 0
0.0012658227848101266 -0.3700282407185328 0.2578945522982732 0.5081329981710835 0 0 0
0.0012658227848101266 -0.30691327860435275 -0.1411538253764948 0.28170438471043063 0 0 0
0.0012658227848101266 0.2678016834273808 0.4223448929350665 -0.40526109562982116 0 0 0
0.0012658227848101266 0.013423660926848567 -0.02119399009211632 0.10955522769395966 0 0 0
0.0012658227848101266 -0.35448435765810093 -0.06677709545100641 0.5425785704411901 0 0 0
0.0012658227848101266 0.3248485356553227 -0.019855615572217312 -0.11506596168083968 0 0 0
0.0012658227848101266 -0.3679542776620208 -0.14518994296629478 -0.08081433442945946 0 0 0
0.0012658227848101266 -0.16522596680807006 0.4908109971825794 0.20121935665486335 0 0 0
0.0012658227848101266 0.25930728277723775 0.6171398456803711 0.049156142191889414 0 0 0
0.0012658227848101266 -0.46261624257697337 0.3503656537126709 -0.1618672092564644 0 0 0
0.0012658227848101266 0.31465767377100073 0.2908378178274276 -0.023945289727900342 0 0 0
0.0012658227848101266 0.2919430981359533 0.3608647086960661 -0.2669087929057557 0 0 0
0.0012658227848101266 0.20051157456751068 0.0752946995585959 0.42957285501687525 0 0 0
0.0012658227848101266 0.22909803602658374 0.02451458721956173 -0.1826278320140424 0 0 0
0.0012658227848101266 0.2351843195507659 0.11450652482842998 -0.10997590269176367 0 0 0
0.0012658227848101266 0.28868065350363975 -0.2843511418962451 -0.08277467723069096 0 0 0
0.0012658227848101266 -0.13225345995391027 0.07740705256335881 0.305818698391238 0 0 0
0.0012658227848101266 -0.32179373064140054 0.29895580418185685 0.4975066237776245 0 0 0
0.0012658227848101266 0.6446767181850651 0.016782503250192714 -0.0612027506255978 0 0 0
0.0012658227848101266 -0.2523386889916393 -0.5411441116432198 0.1442410958211289 0 0 0
0.0012658227848101266 -0.12765682547362353 -0.5866770784493667 0.2700906181284371 0 0 0
0.0012658227848101266 -0.011232746261716685 -0.19574940202488125 -0.40065765764737 0 0 0
0.0012658227848101266 0.11784127699021052 0.3232140644406229 0.5193933599911651 0 0 0
0.0012658227848101266 -0.28858571234868446 0.5299784050215196 0.23893889348528266 0 0 0
0.0012658227848101266 0.1427640057699033 -0.6557475005175656 0.016104936389861005 0 0 0
0.0012658227848101266 -0.32600024469582206 0.47203118332334854 -0.10141186999554848 0 0 0
0.0012658227848101266 -0.023465277437387237 -0.4815435549412524 0.1794833390366644 0 0 0
0.0012658227848101266 -0.02888697887267948 -0.5595482282728711 -0.22659347479373942 0 0 0
0.0012658227848101266 0.17469105869943624 -0.21875606031726252 -0.12671806062780835 0 0 0
0.0012658227848101266 -0.206090955009386 0.49573769890995534 -0.018916045312549805 0 0 0
0.0012658227848101266 0.5413348467970254 0.25476975855311423 -0.009388481308363884 0 0 0
0.0012658227848101266 -0.32781277525652497 -0.0987953298402961 -0.3178694070369299 0 0 0
0.0012658227848101266 0.5232702819348247 -0.1214623767235121 0.08689671549673092 0 0 0
0.0012658227848101266 -0.526743197137329 -0.006797835907062345 -0.21190515506590424 0 0 0
0.0012658227848101266 -0.13078331447623867 0.004509041657270036 0.19524429238663688 0 0 0
0.0012658227848101266 -0.29675454890737957 0.27368919331666014 0.4052987687283762 0 0 0
0.0012658227848101266 0.294065348012868 -0.2438581224536827 -0.3926241653635605 0 0 0
0.0012658227848101266 0.3508789344442659 -0.3853966503212874 -0.4388938934135358 0 0 0
0.0012658227848101266 -0.17093491123169594 -0.017779896648320775 0.6517911492771791 0 0 0
0.0012658227848101266 0.4109113920519055 0.5037639228557366 0.15751872091736796 0 0 0
0.0012658227848101266 -0.32084105584845035 0.3190054759922363 -0.37374231358986987 0 0 0
0.0012658227848101266 0.04084195897167544 -0.4133382580173191 -0.4593724664480539 0 0 0
0.0012658227848101266 -0.16783268091195772 -0.49830249587288755 -0.2544444207933646 0 0 0
0.0012658227848101266 0.010639331343590743 0.5027327529215594 0.2834560971747457 0 0 0
0.0012658227848101266 0.12918212812511784 -0.21172466044760088 0.5162500016256335 0 0 0
0.0012658227848101266 0.09246634770707325 -0.4381731663647948 0.10865236582025778 0 0 0
0.0012658227848101266 0.008279291201075676 -0.21861318174007655 0.5751348130392273 0 0 0
0.0012658227848101266 0.5859824878515613 -0.11520600441271389 -0.11431194022484178 0 0 0
0.0012658227848101266 -0.18235235748789994 -0.3037972850096559 -0.3250488050373668 0 0 0
0.0012658227848101266 0.10477060676897311 -0.6652556856894833 0.020177856093002693 0 0 0
0.0012658227848101266 -0.27612610353300393 0.21813131419284448 0.09098011664266373 0 0 0
0.0012658227848101266 0.6396543902937635 0.0729614826095448 0.18114167001931986 0 0 0
0.0012658227848101266 -0.30118025589251485 0.3116295575437007 -0.28637341949040707 0 0 0
0.0012658227848101266 0.13472625590671658 -0.03012897730515787 0.1148106378936905 0 0 0
0.0012658227848101266 -0.5110842787654977 0.06279483950692552 0.01266994480493657 0 0 0
0.0012658227848101266 -0.3559204498254587 0.33120857901434353 0.2990989430992003 0 0 0
0.0012658227848101266 0.23747511521560757 -0.036067055921986974 0.442020169108941 0 0 0
0.0012658227848101266 -0.06593084711608449 -0.5424336458965111 -0.0385538200147947 0 0 0
0.0012658227848101266 -0.5256898073763319 -0.42317447319032553 -0.0519525824432161 0 0 0
0.0012658227848101266 0.052099352955854335 0.28489613707137257 -0.2460701926351122 0 0 0
0.0012658227848101266 -0.410075506938104 0.06477123241318662 0.5397910744114425 0 0 0
0.0012658227848101266 0.5780610929549839 -0.3208789133371103 0.18235316707203109 0 0 0
0.0012658227848101266 0.31444687913163094 -0.053879284668364884 -0.2816179713531978 0 0 0
0.0012658227848101266 -0.6060512841308654 0.07000189164806175 0.052164481468061345 0 0 0
0.0012658227848101266 -0.05751667591412084 0.43762655344480805 0.27746174164985277 0 0 0
0.0012658227848101266 0.05838116217996872 -0.3972791626482412 0.402610597954513 0 0 0
0.0012658227848101266 0.017387720777492427 -0.36411235794062585 0.5800489922160991 0 0 0
0.0012658227848101266 0.253451819787857 -0.1063572221680875 -0.11864802619309395 0 0 0
0.0012658227848101266 0.5212322248073501 0.3739255461542629 -0.08618428261287317 0 0 0
0.0012658227848101266 -0.09771571999551272 -0.09928080567688151 -0.2929792281587483 0 0 0
0.0012658227848101266 -0.1585398507446336 -0.1552068698360308 -0.04976420044151645 0 0 0
0.0012658227848101266 -0.08150609765529244 0.5908814727203341 0.006094771816283242 0 0 0
0.0012658227848101266 -0.29474055943370775 -0.1501900036765837 -0.41278222280235827 0 0 0
0.0012658227848101266 -0.12450775941522182 0.4802069942013838 0.21431983101971008 0 0 0
0.0012658227848101266 0.055389601463854715 -0.10284642907932641 0.512691936324951 0 0 0
0.0012658227848101266 0.10110444094425848 -0.056984554127040545 -0.5169125833045486 0 0 0
0.0012658227848101266 0.4379355756714098 -0.2138714810800538 0.11508996179029572 0 0 0
0.0012658227848101266 0.6251108789967496 -0.03969579611894953 -0.2943240232663023 0 0 0
0.0012658227848101266 0.38958171398974534 0.00407663132590644 0.13834796416487394 0 0 0
0.0012658227848101266 0.25038036767255206 0.15269432431289937 0.6280349063327061 0 0 0
0.0012658227848101266 0.046699925134028625 0.5536096777417998 0.10638114732462675 0 0 0
0.0012658227848101266 0.22889280419119393 0.4720555187004048 0.13343885347145698 0 0 0
0.0012658227848101266 0.19474337434594163 0.2085120893020791 -0.4024562755249845 0 0 0
0.0012658227848101266 0.27456126424757127 -0.19538600686488855 0.06990688674022853 0 0 0
0.0012658227848101266 -0.036410869126493196 -0.6472037175139879 0.028345869182553968 0 0 0
0.0012658227848101266 -0.17623654059659122 0.5139061161301924 0.28352060755084907 0 0 0
0.0012658227848101266 0.19087587281162738 -0.43350649239931727 -0.32255862107759625 0 0 0
0.0012658227848101266 0.49415810174360825 -0.1623803891142237 0.24428199822106827 0 0 0
0.0012658227848101266 -0.016672442648059928 -0.13898088881226398 0.1499158363434058 0 0 0
0.0012658227848101266 0.05486578718876701 -0.03968174932052463 0.2970412685612665 0 0 0
0.0012658227848101266 0.23757496105550072 0.20480096773869033 -0.010116696091592612 0 0 0
0.0012658227848101266 0.4418122987413187 -0.13839246605435507 -0.40400413528597123 0 0 0
0.0012658227848101266 0.21794287146202077 0.05172349547194106 0.052291133101078344 0 0 0
0.0012658227848101266 -0.10504732285424544 0.2598768253487565 0.3608443056271716 0 0 0
0.0012658227848101266 0.11971507830843205 -0.14766935539790316 0.4913153374241611 0 0 0
0.0012658227848101266 -0.3926837815289402 0.30360456007111264 -0.4465353317322495 0 0 0
0.0012658227848101266 -0.03715986901978517 -0.44050205811857307 0.45308672550347784 0 0 0
0.0012658227848101266 -0.14212733466630592 -0.09177034762744396 0.00022417176735405037 0 0 0
0.0012658227848101266 -0.09447721427886578 0.5514003419502459 0.3102863739283356 0 0 0
0.0012658227848101266 -0.19489024494582766 0.14665176920344392 0.4408712847295602 0 0 0
0.0012658227848101266 0.02553968104129567 -0.26604293257187545 0.3846149763961004 0 0 0
0.0012658227848101266 0.39245855706508936 0.17503001444760266 -0.4857086429565907 0 0 0
0.0012658227848101266 -0.1479898397364363 0.3582990720298063 0.4187085497645544 0 0 0
0.0012658227848101266 0.07062612434851122 -0.43094244107147556 0.08895961928028256 0 0 0
0.0012658227848101266 0.25702791753955023 -0.22464878225345775 -0.0517157575765371 0 0 0
0.0012658227848101266 -0.1414123085657631 -0.31649868726173436 -0.06915527725782615 0 0 0
0.0012658227848101266 0.3448652829690121 0.3430466747412769 0.41730403066877875 0 0 0
0.0012658227848101266 0.20029968873893034 0.057841834458005226 0.6468356978857558 0 0 0
0.0012658227848101266 0.24492861551322775 0.44600439085199556 0.3621070716240438 0 0 0
0.0012658227848101266 0.0964508412847463 0.49185417244476914 -0.13074279116874574 0 0 0
0.0012658227848101266 0.364656058701555 -0.4317532810653601 0.2555143492902144 0 0 0
0.0012658227848101266 -0.265499972964955 -0.18139377213125324 0.37572871022054305 0 0 0
0.0012658227848101266 -0.029206770099248745 -0.5213755812055964 -0.45356637073086 0 0 0
0.0012658227848101266 -0.5236521070448598 0.03433296294002218 0.45196636292410197 0 0 0
0.0012658227848101266 0.17728426182182405 0.014306993184156673 0.6470328064325785 0 0 0
0.0012658227848101266 -0.08929422506487958 0.5355997207606774 -0.2798124178815815 0 0 0
0.0012658227848101266 -0.2156579964429351 0.2991193649138546 -0.3331217006940278 0 0 0
0.0012658227848101266 0.10882247821340164 0.4593219699460411 0.25244847805735987 0 0 0
0.0012658227848101266 -0.4965981398634683 -0.35426321873013 -0.17062937250657587 0 0 0
0.0012658227848101266 -0.3262164321921096 -0.18341152541667888 0.3285977944905106 0 0 0
0.0012658227848101266 0.02722470329968921 0.14618476416816395 -0.1044756808352497 0 0 0
0.0012658227848101266 -0.26399047062502534 -0.2675747195058212 -0.2765390969491591 0 0 0
0.0012658227848101266 -0.08586729018008638 -0.4262958495587617 -0.1098607458711544 0 0 0
0.0012658227848101266 -0.004245152734831299 0.20033911302836668 -0.6046952009931238 0 0 0
0.0012658227848101266 -0.10863480643206685 0.011646777296114538 0.5024858163274545 0 0 0
0.0012658227848101266 -0.35894472592634014 -0.041160914828725664 -0.03582648378073326 0 0 0
0.0012658227848101266 0.46566755559326967 0.2696591378671079 -0.1802200734700298 0 0 0
0.0012658227848101266 0.468181299148305 -0.2111341930157538 0.13203258975371704 0 0 0
0.0012658227848101266 0.386479325601484 0.4529930145291209 0.2089570216014956 0 0 0
0.0012658227848101266 -0.5091410679853459 -0.09838574141800295 0.2581918802715455 0 0 0
0.0012658227848101266 -0.4815094311170431 -0.026190376348757493 -0.0024061879349200465 0 0 0
0.0012658227848101266 -0.24702866971695267 0.200329131075323 -0.49501123229872335 0 0 0
0.0012658227848101266 0.4157745877369318 -0.4033087714505149 -0.0435538646203487 0 0 0
0.0012658227848101266 -0.08631020461175615 -0.033623478726204054 0.518141546457955 0 0 0
0.0012658227848101266 0.15051113207825323 0.10728229942731121 0.46943071628008054 0 0 0
0.0012658227848101266 -0.07795155213572894 0.5709463465263164 0.08054697159639937 0 0 0
0.0012658227848101266 0.6331712987983341 -0.11831446812902587 0.022983639579749887 0 0 0
0.0012658227848101266 -0.37532341041137185 0.07508105238855468 0.0445230298213128 0 0 0
0.0012658227848101266 -0.6571974703457177 -0.14228451406369713 -0.011821303820088244 0 0 0
0.0012658227848101266 0.21656289443682847 -0.4626105231289639 0.13024052444428527 0 0 0
0.0012658227848101266 -0.26648082812297724 0.3606057630786236 -0.3871160956463287 0 0 0
0.0012658227848101266 0.46091168421348006 -0.21517770132373282 0.38001345060635305 0 0 0
0.0012658227848101266 -0.032098874930392506 0.2402404691734822 -0.010040074797212376 0 0 0
0.0012658227848101266 0.23352962920786682 0.09653532611306426 0.49324334466438774 0 0 0
0.0012658227848101266 -0.43441967684721944 -0.23859399162386002 -0.12194859862417749 0 0 0
0.0012658227848101266 0.036150178055407926 -0.07625218790752915 0.1424636050494191 0 0 0
0.0012658227848101266 0.2956789038304865 -0.034401151961824986 0.3033618325349981 0 0 0
0.0012658227848101266 -0.30014721935605476 -0.610591290683382 0.10444506268509779 0 0 0
0.0012658227848101266 0.34109600982663 0.5132164778425973 -0.29501755151677933 0 0 0
0.0012658227848101266 -0.05089555792448757 0.06602996622546002 0.2217468524050499 0 0 0
0.0012658227848101266 0.43010681634278 -0.031970773272243964 0.41092373428042817 0 0 0
0.0012658227848101266 -0.3388274927919238 0.29770783067141005 0.42342819725840847 0 0 0
0.0012658227848101266 0.27953238208390624 0.00912929061081598 -0.01772171381712769 0 0 0
0.0012658227848101266 0.11604508693914856 0.2668124702243661 0.0006206427675943892 0 0 0
0.0012658227848101266 -0.5117483873622405 0.30482394057009565 -0.1150953207412913 0 0 0
0.0012658227848101266 -0.3098105862102021 0.2261189147612317 -0.2729082635582103 0 0 0
0.0012658227848101266 0.2583468883723827 -0.2868572793853756 0.24465946918504947 0 0 0
0.0012658227848101266 0.29325024152841805 0.4904876985322247 -0.19715320933839492 0 0 0
0.0012658227848101266 -0.48833943213506 -0.1346154971166885 0.3864410553095644 0 0 0
0.0012658227848101266 -0.18197119836826495 -0.28280518978680386 -0.4987234280135911 0 0 0
0.0012658227848101266 0.2732056232608877 -0.32840822788410073 -0.06904398621347016 0 0 0
0.0012658227848101266 0.33891849886874825 -0.0400887080108721 -0.39689996724395016 0 0 0
0.0012658227848101266 -0.21124733222727646 -0.09991162243974028 0.31512139017899976 0 0 0
0.0012658227848101266 0.11214996702316957 0.35864275903978465 0.0958094196728375 0 0 0
0.0012658227848101266 -0.05995221241610106 -0.2714172289169675 0.29893008256816495 0 0 0
0.0012658227848101266 -0.4371584200439145 0.11459695165777287 -0.37589670693357946 0 0 0
0.0012658227848101266 0.5618453383514487 0.24940555551156393 0.27826578209687564 0 0 0
0.0012658227848101266 -0.554378802309386 0.12457119223402305 0.3918062470736951 0 0 0
0.0012658227848101266 0.04553517471982562 0.649938697686962 -0.18385667254213012 0 0 0
0.0012658227848101266 -0.061846342847716416 -0.1935861331818146 0.40017445920915407 0 0 0
0.0012658227848101266 -0.5419155758486357 -0.24939558364699507 -0.31530920027573145 0 0 0
0.0012658227848101266 0.07926722852334292 0.2235642731005306 -0.031112729133997725 0 0 0
0.0012658227848101266 -0.10939970009091844 0.03579118263800516 0.335184815272127 0 0 0
0.0012658227848101266 0.14402939367604364 -0.33941611615498823 -0.39097693209401685 0 0 0
0.0012658227848101266 0.26095624724022126 -0.08514879179435396 0.5830879802896096 0 0 0
0.0012658227848101266 -0.33012948578562445 -0.15691973005656742 0.1612253676721462 0 0 0
0.0012658227848101266 -0.2423027025771003 0.15467820936096813 0.33932131497174745 0 0 0
0.0012658227848101266 0.04982139135276331 -0.34195970015630944 0.3514140896411927 0 0 0
0.0012658227848101266 -0.013404769101966224 -0.3581274055809745 -0.20043368112234294 0 0 0
0.0012658227848101266 -0.32634832201886493 -0.19441263533862815 -0.42274939344072915 0 0 0
0.0012658227848101266 0.0095099298679814 0.5029354334416523 0.3751417036874391 0 0 0
0.0012658227848101266 -0.17319992022065242 0.3831268440410117 -0.49761927880179413 0 0 0
0.0012658227848101266 -0.09876200919701983 -0.30798319186910206 0.15034428119288368 0 0 0
0.0012658227848101266 0.04104498680954671 0.4695029550578121 0.11804182065959898 0 0 0
0.0012658227848101266 -0.4735620589779571 -0.13709316217128392 -0.44145573704700103 0 0 0
0.0012658227848101266 0.23129248382812417 0.25479281934690234 0.5962005438975885 0 0 0
0.0012658227848101266 -0.24647712183757317 0.004946659995939522 -0.05117239000696627 0 0 0
0.0012658227848101266 -0.09314917939880756 -0.4115570873376437 0.46606224048976713 0 0 0
0.0012658227848101266 0.13824714194020873 -0.46342342462849456 0.165510407878053 0 0 0
0.0012658227848101266 0.1096600564819165 0.42199293921569286 -0.3428677635360612 0 0 0
0.0012658227848101266 0.15295757649597308 -0.14705131985033298 -0.1009564523631251 0 0 0
0.0012658227848101266 0.16117886526712363 0.27464474646492554 -0.12586828687487933 0 0 0
0.0012658227848101266 -0.21808309775560009 0.30077814962278926 0.24716386129101192 0 0 0
0.0012658227848101266 -0.2607992273700304 0.07332066353599397 -0.1933266137589375 0 0 0
0.0012658227848101266 -0.35165453139854125 0.345798895248042 0.3168630122888333 0 0 0
0.0012658227848101266 -0.5563760138872205 -0.01443330736839568 -0.2001957072352893 0 0 0
0.0012658227848101266 0.3349378158912793 0.09396746142925015 -0.18766758777550466 0 0 0
0.0012658227848101266 -0.40328460359182505 -0.05377704483201958 -0.24338307146277136 0 0 0
0.0012658227848101266 0.3592787025286396 0.06066135680869329 0.04162607526214963 0 0 0
0.0012658227848101266 -0.5286043379912923 0.19761172685220177 0.3173587110399643 0 0 0
0.0012658227848101266 -0.26035572197931556 -0.6387201952390426 0.009742365622358279 0 0 0
0.0012658227848101266 0.31623041210966585 0.02583293036866285 0.2508345776821787 0 0 0
0.0012658227848101266 0.5765628115818262 0.19649384849017346 0.13317810919464493 0 0 0
0.0012658227848101266 0.3202212365689876 0.49506528017791285 -0.05786442778558618 0 0 0
0.0012658227848101266 -0.6627858666542465 -0.0720061978735791 0.06983239854530807 0 0 0
0.0012658227848101266 -0.14589774987166512 -0.300426448360629 -0.358573718519228 0 0 0
0.0012658227848101266 0.4314232024921865 0.16534019343644657 -0.10766087819148971 0 0 0
0.0012658227848101266 0.1352204981761403 0.16428478222454077 -0.2420616592181536 0 0 0
0.0012658227848101266 -0.006361108492037614 -0.6197475042642251 0.05980920231950126 0 0 0
0.0012658227848101266 -0.15408650476536018 0.20701258362836458 -0.44450054055539295 0 0 0
0.0012658227848101266 -0.2266516944599993 -0.03890440249284947 -0.06571506387081694 0 0 0
0.0012658227848101266 -0.08059398615912726 -0.3093915836026586 0.5207692139525713 0 0 0
0.0012658227848101266 0.3241336304189923 -0.03743737612736811 -0.32409887313443203 0 0 0
0.0012658227848101266 0.11500258537895232 0.25306363958551614 -0.4116168828965738 0 0 0
0.0012658227848101266 0.3106259462165885 -0.1926223895046542 -0.3614601689548162 0 0 0
0.0012658227848101266 -0.15391665908175756 0.383960008507496 0.010166338672049675 0 0 0
0.0012658227848101266 0.09122456059373137 -0.3270589518528058 0.35543888726197415 0 0 0
0.0012658227848101266 -0.4185614096082947 -0.033322146313414944 -0.2297948123339542 0 0 0
0.0012658227848101266 -0.36772827952967607 0.22305686859217352 0.520748207029546 0 0 0
0.0012658227848101266 -0.20378388669785338 0.3901413752016547 0.472286225528432 0 0 0
0.0012658227848101266 0.22250301791433666 0.2535240069464165 0.5820396605908785 0 0 0
0.0012658227848101266 -0.1163495825982478 -0.5065104801254587 0.13080347709352072 0 0 0
0.0012658227848101266 0.4088875536817226 0.08233330980851905 0.03913221632915658 0 0 0
0.0012658227848101266 -0.30430257568773894 0.290321095605392 -0.03879423338997706 0 0 0
0.0012658227848101266 0.2828864479217812 0.26182843026279584 -0.12077160693095236 0 0 0
0.0012658227848101266 0.35428227182176014 0.2961749870622175 0.018051722892232575 0 0 0
0.0012658227848101266 0.17476238125293422 -0.3975109621567752 0.04044191370795039 0 0 0
0.0012658227848101266 0.3866529418537737 -0.3514003261483779 0.05125795147918569 0 0 0
0.0012658227848101266 0.18644324921938055 0.2739514473237698 0.30440240812994 0 0 0
0.0012658227848101266 -0.5682500086127981 -0.11744726539714809 0.34985724856632816 0 0 0
0.0012658227848101266 -0.23442882043695903 0.0338908388194891 -0.4006627836773031 0 0 0
0.0012658227848101266 -0.0605223400195433 -0.020842611179496113 -0.45338434853899834 0 0 0
0.0012658227848101266 0.3227899608908453 -0.5426320818476261 -0.27855591993020723 0 0 0
0.0012658227848101266 0.3322631595387494 0.17939912194467264 -0.1848603256767062 0 0 0
0.0012658227848101266 0.17636688425508634 0.07011229159401128 0.09528449990613776 0 0 0
0.0012658227848101266 0.3395308506713963 -0.5413166708479976 0.16257477248586896 0 0 0
0.0012658227848101266 -0.0860216468485885 -0.13483989223250487 -0.4076908093872695 0 0 0
0.0012658227848101266 0.42229661607949176 0.3392393385818316 -0.19522602425395932 0 0 0
0.0012658227848101266 0.16595822524620013 -0.14884007553610576 -0.222013346983548 0 0 0
0.0012658227848101266 -0.11178023765713363 -0.1561863675612642 -0.5613903935448102 0 0 0
0.0012658227848101266 0.28068278456224593 0.2429477822082053 0.09147060219236851 0 0 0
0.0012658227848101266 -0.15086454925915663 -0.1568048762540774 -0.4386655578881259 0 0 0
0.0012658227848101266 -0.1521593693465256 -0.01175866410183642 0.2644864456159999 0 0 0
0.0012658227848101266 0.09752882449823672 0.40300630609060634 -0.2744989845150814 0 0 0
0.0012658227848101266 0.0826963505806286 -0.36884298288840883 -0.1070471036646167 0 0 0
0.0012658227848101266 0.3322386680131833 0.13850407266241463 0.3707082206597443 0 0 0
0.0012658227848101266 0.4504896583234322 -0.2049267189010409 -0.388301737267889 0 0 0
0.0012658227848101266 -0.31090739728722533 0.21966257166343967 0.14073776802342702 0 0 0
0.0012658227848101266 -0.4717450361498683 0.023122992715941423 0.23219220842530316 0 0 0
0.0012658227848101266 -0.06938732670491804 0.16717459537937743 0.5853372038184784 0 0 0
0.0012658227848101266 -0.19815370319395564 -0.42431037982886927 0.027145124241613222 0 0 0
0.0012658227848101266 0.2047907785489427 0.12073514095586264 0.5864104971658115 0 0 0
0.0012658227848101266 -0.23895076816215127 0.3269511680888964 -0.015704848821305597 0 0 0
0.0012658227848101266 -0.515065096721305 -0.1520059951083394 0.3339697161333706 0 0 0
0.0012658227848101266 0.010927719714307532 -0.15445418451319404 0.0672411294136509 0 0 0
0.0012658227848101266 -0.4511993180448877 0.1880249070483429 -0.18810429940238763 0 0 0
0.0012658227848101266 -0.04188704999407225 0.2234672287164218 0.10503494439383596 0 0 0
0.0012658227848101266 -0.017491934769205846 0.0649274405099979 -0.3015543226825521 0 0 0
0.0012658227848101266 -0.4499486808835877 -0.07020757761830791 -0.29000244621628046 0 0 0
0.0012658227848101266 0.08314747221952977 0.4230553037831919 -0.5427087412481342 0 0 0
0.0012658227848101266 0.05766746866353623 0.1507941139639873 0.5457364770701597 0 0 0
0.0012658227848101266 -0.238236880348569 0.035669003328563265 -0.6263785243632604 0 0 0
0.0012658227848101266 0.33394083919331663 0.19356631427156212 0.1208765720247281 0 0 0
0.0012658227848101266 -0.34933127389005453 0.23074573182413355 -0.21435325147174344 0 0 0
0.0012658227848101266 0.20784058305090242 0.05343739948264512 0.6500995805578337 0 0 0
0.0012658227848101266 0.17045111958916423 -0.22541541565238435 -0.011346092167777305 0 0 0
0.0012658227848101266 0.42887144234851515 -0.37448208322228593 -0.2980123118314768 0 0 0
0.0012658227848101266 -0.34055418980718066 -0.3071247779882733 -0.4433826796561126 0 0 0
0.0012658227848101266 -0.10162515003112668 -0.36832229517686804 0.13589617058866327 0 0 0
0.0012658227848101266 -0.0259345638980722 -0.37014680107066095 0.08960095659963983 0 0 0
0.0012658227848101266 0.07682915203773528 -0.10747610066570358 0.007667115738501866 0 0 0
0.0012658227848101266 -0.34431899535025323 0.19597744885812166 0.2489469505774961 0 0 0
0.0012658227848101266 0.04914533218459001 0.4110748718538138 -0.1498752138016082 0 0 0
0.0012658227848101266 0.6214365081649983 -0.198093238363213 0.18980769796119265 0 0 0
0.0012658227848101266 0.4550253450415148 -0.027234490609955118 0.24183291147946293 0 0 0
0.0012658227848101266 -0.19381442817196504 -0.3204731357359798 0.44788488439278396 0 0 0
0.0012658227848101266 0.5000633745728382 -0.28185701343674113 0.25718109413777906 0 0 0
0.0012658227848101266 -0.3332242076674473 -0.5914337188985195 -0.10080729775299438 0 0 0
0.0012658227848101266 -0.27159563440247825 0.08467674180362109 -0.03614636779673636 0 0 0
0.0012658227848101266 -0.11573312866367527 -0.3490957078893905 -0.04363350703067357 0 0 0
0.0012658227848101266 0.21913742831084831 0.07796582889539687 0.22030069239434638 0 0 0
0.0012658227848101266 0.0013969671776697128 0.4511527292575139 -0.3939586931998002 0 0 0
0.0012658227848101266 -0.16738648446481297 -0.48605575995090594 -0.31266697407726507 0 0 0
0.0012658227848101266 0.43850862502902394 0.2976486171280412 0.3005141983067171 0 0 0
0.0012658227848101266 0.11444097413586912 0.26908185093807024 -0.058659379828334586 0 0 0
0.0012658227848101266 -0.38211567327092283 0.14334352240841944 -0.47744605845694443 0 0 0
0.0012658227848101266 -0.4058776931288378 -0.220536777709079 -0.09394671748778002 0 0 0
0.0012658227848101266 -0.01567605967359442 0.629369086764448 0.08288250654500635 0 0 0
0.0012658227848101266 -0.37114309019789654 -0.43889094735428774 0.05527992222323412 0 0 0
0.0012658227848101266 0.14763808235967107 -0.1312871313096052 0.17677412618558488 0 0 0
0.0012658227848101266 0.022730813359577978 0.39791898625987626 0.33734343811827466 0 0 0
0.0012658227848101266 -0.12419761549165427 0.6103334978560392 -0.1883827559018972 0 0 0
0.0012658227848101266 -0.1880095784274874 0.28113847560156985 -0.42652935058155345 0 0 0
0.0012658227848101266 -0.1551714762543041 -0.4936351021914117 -0.10435566715737943 0 0 0
0.0012658227848101266 0.43089577844438387 0.0039047727650881933 0.29368794529052483 0 0 0
0.0012658227848101266 -0.5042392065789526 0.07766375414954955 -0.049125975465954735 0 0 0
0.0012658227848101266 0.25982109517006424 -0.005667017611512474 0.16339988234470917 0 0 0
0.0012658227848101266 -0.02636302213656232 0.30000333111930816 0.27182319962258494 0 0 0
0.0012658227848101266 -0.18078079069805822 -0.26872220567557786 0.3352072789144578 0 0 0
0.0012658227848101266 0.12082402313821691 0.14099787143325807 -0.666967681636423 0 0 0
0.0012658227848101266 -0.23301186019293993 -0.5238604759962057 0.3222259745113047 0 0 0
0.0012658227848101266 0.10007587593033708 0.3077447110151801 0.2907290113321198 0 0 0
0.0012658227848101266 0.23483970682879818 0.46415555612116344 -0.2989246767008933 0 0 0
0.0012658227848101266 -0.5515882395277348 -0.3288079369260033 0.013486365898909374 0 0 0
0.0012658227848101266 -0.2025849973527522 -0.3665298251070728 -0.006066483075210594 0 0 0
0.0012658227848101266 0.2699330635352832 0.6281690184823245 0.04099155875537646 0 0 0
0.0012658227848101266 0.14891931919069762 0.5443448925322851 -0.2037112854838557 0 0 0
0.0012658227848101266 0.21186574583379453 0.017931310418275108 0.3464720169065532 0 0 0
0.0012658227848101266 -0.17232119556656642 0.25197446134300305 -0.3426254800169955 0 0 0
0.0012658227848101266 -0.44299124734455375 0.3132051765140082 0.027201079557987527 0 0 0
0.0012658227848101266 0.4837899978379985 0.4307666380072089 -0.23864562212034054 0 0 0
0.0012658227848101266 0.09021463642462063 0.572608465977145 -0.283120713202053 0 0 0
0.0012658227848101266 0.4725406414359056 -0.24517932465498177 -0.4365354727288815 0 0 0
0.0012658227848101266 0.28849497934516105 -0.31365020841633434 0.2147191236660449 0 0 0
0.0012658227848101266 -0.015087525613569805 -0.39917603993736117 -0.34852270069401586 0 0 0
0.0012658227848101266 -0.4533357588790474 -0.3663433893935669 -0.11109291171486263 0 0 0
0.0012658227848101266 0.49362408114739453 0.45255229002982766 0.0669564795516959 0 0 0
0.0012658227848101266 0.1746738590834621 -0.19190525180393533 -0.25362425256478327 0 0 0
0.0012658227848101266 0.2718793237459793 -0.14335913487999294 0.12440201299078749 0 0 0
0.0012658227848101266 0.3767641185297556 -0.39879656727227397 -0.14858247757246543 0 0 0
0.0012658227848101266 0.018588781761100473 -0.32640648506844455 -0.15600997081277865 0 0 0
0.0012658227848101266 -0.28186663194863265 0.41404779625573407 0.001137469618455869 0 0 0
0.0012658227848101266 -0.4917591544305955 0.3910466060626977 -0.09955319571954412 0 0 0
0.0012658227848101266 -0.5680067743211891 0.22485115701433095 -0.13407860883198885 0 0 0
0.0012658227848101266 -0.11213015108224059 -0.3727316380097948 -0.3852576046049704 0 0 0
0.0012658227848101266 0.39566892577062734 0.33315128618908657 -0.4615687117114762 0 0 0
0.0012658227848101266 0.17922471335175724 -0.6196434439974482 -0.22201603532982217 0 0 0
0.0012658227848101266 -0.047019238362389894 -0.02350936414953749 0.10073374489214947 0 0 0
0.0012658227848101266 -0.25284446438216646 0.3501928868272538 -0.4994136690083019 0 0 0
0.0012658227848101266 -0.06811759696284385 0.03905957261139011 0.6163870176981389 0 0 0
0.0012658227848101266 -0.3137330683285154 -0.39717875844845324 -0.338842822430245 0 0 0
0.0012658227848101266 0.4818768129664576 0.30105872341523204 -0.3319279831822236 0 0 0
0.0012658227848101266 -0.24220636510206825 0.5060151972545844 0.37102351479962936 0 0 0
0.0012658227848101266 0.19168141599232202 0.02553684856308484 0.25491784724411976 0 0 0
0.0012658227848101266 -0.15022445080935043 -0.2568609945941526 -0.3498321662652344 0 0 0
0.0012658227848101266 0.4195017893369088 -0.23660173520330494 -0.31039031159576275 0 0 0
