820
0
0.0012195121951219512 -0.1545692298684521 -0.24550592662289106 0.2781646909590559 0 0 0
0.0012195121951219512 0.09514185783883525 0.07146919290395452 -0.1348619915102793 0 0 0
0.0012195121951219512 -0.08616826962030678 -0.4122209582603399 -0.07348393561990375 0 0 0
0.0012195121951219512 -0.4550621703711367 0.23929662569271967 0.23586020378707415 0 0 0
0.0012195121951219512 -0.5177273642890619 -0.09292856568290311 -0.36211819374239196 0 0 0
0.0012195121951219512 -0.359956262927264 -0.07443198613377142 -0.1641904580481072 0 0 0
0.0012195121951219512 0.040698578906680806 0.4665429574014638 0.1952951554475783 0 0 0
0.0012195121951219512 0.10786240426570189 -0.4921036315276935 -0.45090766402114135 0 0 0
0.0012195121951219512 0.13759359294567355 0.1924211485553835 -0.33319121821516157 0 0 0
0.0012195121951219512 0.23388037149584315 -0.21130362158335256 -0.38301513561805806 0 0 0
0.0012195121951219512 0.2645061986819749 0.04769015792705103 -0.05936737242735065 0 0 0
0.0012195121951219512 0.6179578110753418 -0.14007906198491218 -0.09084121432851958 0 0 0
0.0012195121951219512 -0.1641557602384745 0.26433411694720577 0.2429145966452256 0 0 0
0.0012195121951219512 0.3903432878433028 -0.24167861635603508 0.5143139763110333 0 0 0
0.0012195121951219512 0.1321748087287098 -0.42602154067618075 -0.011590140842574844 0 0 0
0.0012195121951219512 -0.17806367328543943 -0.3854226285815948 -0.49427038030122783 0 0 0
0.0012195121951219512 0.22605441284317054 -0.01663262200827887 0.508484269766255 0 0 0
0.0012195121951219512 0.05086144696106006 0.5503138108072623 0.003267777818655528 0 0 0
0.0012195121951219512 -0.3230428201096416 -0.03289829577174008 0.06031650825672805 0 0 0
0.0012195121951219512 0.03528957089951831 -0.13818469463366334 0.18491629996494202 0 0 0
0.0012195121951219512 0.22688946231003143 0.4800866382820078 0.2335917964543624 0 0 0
0.0012195121951219512 -0.029764063712622132 -0.4998686159161114 -0.0969606738761053 0 0 0
0.0012195121951219512 0.3147002414311017 -0.32276850848747585 -0.1795883557696214 0 0 0
0.0012195121951219512 0.17654293542623448 0.20076454341002475 -0.6087572919084168 0 0 0
0.0012195121951219512 0.16174002259933004 0.4029617060470447 -0.0185718315230303 0 0 0
0.0012195121951219512 0.18729316822008402 0.36108858533879806 -0.22249195914277584 0 0 0
0.0012195121951219512 0.4096391334642776 0.3421241282684858 -0.30775007527370923 0 0 0
0.0012195121951219512 -0.2974306811199187 -0.40662247351418607 -0.06741834003159902 0 0 0
0.0012195121951219512 -0.19761983930452995 -0.20200868427118607 0.2942546357568889 0 0 0
0.0012195121951219512 0.06651368405630007 0.5859453921599082 -0.11228065580976777 0 0 0
0.0012195121951219512 0.18622994132983095 0.5108190330352048 -0.03344516052377134 0 0 0
0.0012195121951219512 -0.5058906150933598 0.14174021999050185 0.09210014190625937 0 0 0
0.0012195121951219512 0.48208972515487875 -0.25783151221861145 0.20095399302435277 0 0 0
0.0012195121951219512 0.23221052604050926 -0.21731371375173741 0.02850745812944293 0 0 0
0.0012195121951219512 0.26202190684110405 -0.1194705418593826 0.12133329274286943 0 0 0
0.0012195121951219512 0.04064319321037454 0.42035583238372287 0.5434513606765559 0 0 0
0.0012195121951219512 -0.03126643216100797 -0.24637660924523264 0.37217511605387044 0 0 0
0.0012195121951219512 0.2518692460669775 0.237849096953782 -0.45336401917723607 0 0 0
0.0012195121951219512 -0.056951043612633076 -0.28889110945078605 0.6181791103249226 0 0 0
0.0012195121951219512 -0.10636190096049955 0.007590885070802829 0.3834917450685901 0 0 0
0.0012195121951219512 -0.2603178110618676 -0.08474396952675449 -0.5690101776888618 0 0 0
0.0012195121951219512 -0.061779758476716976 0.07520191206184632 0.04295601481274064 0 0 0
0.0012195121951219512 0.42879134965645854 0.27902355471410695 0.14147303827778254 0 0 0
0.0012195121951219512 -0.2143662497934595 0.22140439800072043 0.2122750362828697 0 0 0
0.0012195121951219512 0.20867856442747063 0.15886905496530096 0.2413678981962366 0 0 0
0.0012195121951219512 0.4192050603420451 -0.07334364715927794 0.1332618938312095 0 0 0
0.0012195121951219512 -0.6052481109836118 0.045434027820709384 -0.17326424245944733 0 0 0
0.0012195121951219512 0.6328501692979164 0.03862107062976551 0.14590705216804542 0 0 0
0.0012195121951219512 0.07298988978503225 -0.08981164114358696 0.2512237552295756 0 0 0
0.0012195121951219512 -0.27102973217632476 0.22532044197129356 -0.4481204321648514 0 0 0
0.0012195121951219512 0.05429713998686247 0.36634483882078955 0.11214813636641735 0 0 0
0.0012195121951219512 0.38496987778152336 -0.2632184582362072 0.11700969695110186 0 0 0
0.0012195121951219512 -0.019563040803508614 -0.40244675661451623 0.05540970951705975 0 0 0
0.0012195121951219512 0.3808718285328607 -0.1177724385745533 0.21164499094638103 0 0 0
0.0012195121951219512 0.08769355953801491 -0.03875071472598942 0.6501731843552306 0 0 0
0.0012195121951219512 -0.6155386494161336 -0.028651956700195415 -0.24743929872036774 0 0 0
0.0012195121951219512 -0.13431700288488044 -0.3293111569913132 -0.5453719223409506 0 0 0
0.0012195121951219512 -0.023997313933052215 -0.11018860440892507 -0.26248971346709105 0 0 0
0.0012195121951219512 0.5193368864735795 -0.14836314266358927 0.08786605150831629 0 0 0
0.0012195121951219512 -0.375982234052372 0.40288562825301644 0.3653211488553172 0 0 0
0.0012195121951219512 -0.3408978023108424 0.5277281799065829 -0.10468069828488584 0 0 0
0.0012195121951219512 -0.19976348229656415 -0.4104877103285519 0.47606473269153426 0 0 0
0.0012195121951219512 0.06374587026341916 -0.46831377949343905 0.015972381830203348 0 0 0
0.0012195121951219512 0.32037510992585033 -0.5231410768598603 0.056985084559840804 0 0 0
0.0012195121951219512 -0.17549535308716385 0.03133070079828601 0.27139259950983086 0 0 0
0.0012195121951219512 0.41961230915567305 -0.5251598928091976 0.025967175156055875 0 0 0
0.0012195121951219512 -0.46491500202097197 0.20592698578153656 0.07207843657405895 0 0 0
0.0012195121951219512 -0.19745603335660414 0.007136190832296712 -0.07237279216593047 0 0 0
0.0012195121951219512 0.06312113160787164 -0.34118625345589754 0.5431356408909219 0 0 0
0.0012195121951219512 -0.21155356302962405 -0.01841219568234767 0.43729236554388706 0 0 0
0.0012195121951219512 0.03406150856187144 -0.23986033925192352 -0.4686101690611763 0 0 0
0.0012195121951219512 0.5032766068732161 0.2548851473889233 -0.00041741748179296696 0 0 0
0.0012195121951219512 -0.4103122988823761 0.3414778574614473 0.12196794790800522 0 0 0
0.0012195121951219512 -0.5043124256796269 0.3149477210989214 -0.0075788656732238245 0 0 0
0.0012195121951219512 0.22407975117841172 -0.44027157587001226 0.24500117213875727 0 0 0
0.0012195121951219512 0.4851487296394743 -0.269083799350169 -0.16235061445750198 0 0 0
0.0012195121951219512 0.5522158975673273 0.13973042990925677 0.2929728692407039 0 0 0
0.0012195121951219512 0.04905467167732994 0.2216187604238324 -0.5195235243149581 0 0 0
0.0012195121951219512 -0.4630866189420063 -0.3645933437877289 -0.04426205763052951 0 0 0
0.0012195121951219512 -0.05002776713286019 -0.3973528409654692 0.1318474013395769 0 0 0
0.0012195121951219512 -0.11312923100939228 -0.04377220555295406 -0.01259096754359351 0 0 0
0.0012195121951219512 -0.042085811413413235 -0.1140832715993197 -0.6023872409880185 0 0 0
0.0012195121951219512 -0.2754222833157412 0.4652790042630438 0.2744096835101012 0 0 0
0.0012195121951219512 0.29061000796404457 0.002741990168313841 0.2697878817325725 0 0 0
0.0012195121951219512 0.35602862017763337 0.4784603685592648 -0.29150781015192456 0 0 0
0.0012195121951219512 0.2570119918227179 0.16609435117358973 -0.5609007488743343 0 0 0
0.0012195121951219512 0.2898830354156187 0.284008472201555 -0.4943834667898946 0 0 0
0.0012195121951219512 0.4625030546630574 -0.06657044916670424 0.30175129358890984 0 0 0
0.0012195121951219512 -0.12349220648716891 0.05522072102161308 0.1016933081126612 0 0 0
0.0012195121951219512 -0.11372271488809153 -0.19764320314138578 0.09167858003210601 0 0 0
0.0012195121951219512 0.1060218442394831 0.5415476978355352 0.40894971128854785 0 0 0
0.0012195121951219512 0.6372553275379437 0.10218010585495456 0.22451139594999708 0 0 0
0.0012195121951219512 -0.0025158395433012397 0.4059236291141973 -0.0785176333193048 0 0 0
0.0012195121951219512 -0.559995990052814 -0.015377443699788107 -0.27970239865114516 0 0 0
0.0012195121951219512 -0.25783414759472106 0.07984131601270793 -0.09429946139710718 0 0 0
0.0012195121951219512 -0.6369148994725707 0.08921336995276424 0.09088286099368045 0 0 0
0.0012195121951219512 -0.6200927375245564 0.06795289571127346 -0.29431127216893826 0 0 0
0.0012195121951219512 -0.04432940454502128 0.0711743831363329 -0.5727077301702113 0 0 0
0.0012195121951219512 -0.28137025172507885 -0.04532409280013686 0.3680180215676623 0 0 0
0.0012195121951219512 0.1533585807136795 0.5320851263411207 0.3345236059260066 0 0 0
0.0012195121951219512 -0.30958281468035853 -0.12623816358199474 0.34262553752836494 0 0 0
0.0012195121951219512 -0.3506827978603671 -0.269989766653791 0.32417754002315075 0 0 0
0.0012195121951219512 0.3612584191110841 0.09547120938891067 0.2780684689202476 0 0 0
0.0012195121951219512 0.05337098109445964 0.13791118567232497 -0.18672081214364034 0 0 0
0.0012195121951219512 0.19905103099600974 0.219128291773051 -0.3023450420048403 0 0 0
0.0012195121951219512 -0.32372222663079975 -0.5709943192781122 -0.035513061104502974 0 0 0
0.0012195121951219512 0.25031025507986965 -0.4911067438377758 0.4004787739687067 0 0 0
0.0012195121951219512 -0.3894550450318383 -0.4480160334199276 0.07659007263586669 0 0 0
0.0012195121951219512 -0.1282894921211803 0.48334460215326097 -0.24263980825477846 0 0 0
0.0012195121951219512 -0.3426734341984 -0.17749668356278056 -0.48792889759877406 0 0 0
0.0012195121951219512 0.3447180361058609 0.03961848102791162 0.10056477015802155 0 0 0
0.0012195121951219512 -0.14865571503793357 -0.5376760355086356 -0.1887454355433577 0 0 0
0.0012195121951219512 -0.21025402379959734 -0.4972324262793636 0.4346452649723139 0 0 0
0.0012195121951219512 0.4019813770712262 0.2142522246430068 -0.3275386866834953 0 0 0
0.0012195121951219512 -0.006696954279045962 0.34222742678068296 -0.40590690450412525 0 0 0
0.0012195121951219512 -0.0799707279919552 0.2687899148876155 -0.004751963266025525 0 0 0
0.0012195121951219512 0.046682597802929084 0.6207359602024767 -0.19339722057019246 0 0 0
0.0012195121951219512 0.11685153935167504 -0.08242996045724997 -0.1350157398504475 0 0 0
0.0012195121951219512 -0.4544497646861508 -0.28068573744100406 0.21877269272780547 0 0 0
0.0012195121951219512 -0.3668183668479093 -0.34289952381310856 -0.43819284570971806 0 0 0
0.0012195121951219512 -0.07179231606283942 -0.46735174180682465 -0.43992343106575105 0 0 0
0.0012195121951219512 -0.4067027969016961 0.018882327308936225 0.014173929604995628 0 0 0
0.0012195121951219512 -0.14813751237380418 0.2519491535029007 0.30504545435484853 0 0 0
0.0012195121951219512 -0.3375857223952456 0.39047281453374044 -0.44911479193560394 0 0 0
0.0012195121951219512 -0.015469402367223937 0.2991501366155018 0.3030190448097673 0 0 0
0.0012195121951219512 0.25880937283743694 0.29942615315615967 -0.41063424913150276 0 0 0
0.0012195121951219512 0.1992214215963067 -0.35268943311524836 0.21300530264317774 0 0 0
0.0012195121951219512 -0.0752048395725271 0.08001025213145528 0.32949265895385715 0 0 0
0.0012195121951219512 -0.5155849173247264 -0.2657698476015256 -0.12406204632889097 0 0 0
0.0012195121951219512 -0.1389832395818855 0.33463154645698 0.041458156352422004 0 0 0
0.0012195121951219512 0.29008147011628493 -0.34005456045663796 -0.1822902044619697 0 0 0
0.0012195121951219512 -0.38376717022602164 -0.31991606070659945 -0.19487949608189303 0 0 0
0.0012195121951219512 -0.18792139864367413 0.3131813997265114 0.492696665027562 0 0 0
0.0012195121951219512 -0.2245259363495842 0.06148859117708849 -0.0903726737203155 0 0 0
0.0012195121951219512 -0.3266616524681795 0.41131992722381727 0.3201378955360509 0 0 0
0.0012195121951219512 0.21472992218537246 -0.026942879147399977 0.220010228151288 0 0 0
0.0012195121951219512 -0.22318328901465068 -0.002802981502201523 0.21620432888500588 0 0 0
0.0012195121951219512 -0.5190106973643333 -0.1053890054734235 0.23616785868032672 0 0 0
0.0012195121951219512 0.1758573010745389 0.02026589015216446 -0.6661268415710349 0 0 0
0.0012195121951219512 -0.03675373661123247 0.527326203594293 -0.08009034138119683 0 0 0
0.0012195121951219512 0.11778889021085566 -0.5591422156315324 -0.31240838080657446 0 0 0
0.0012195121951219512 -0.24248613698995813 0.4786021412396902 0.023746739106117222 0 0 0
0.0012195121951219512 -0.09783225102930936 0.20003676215043964 0.6518014840796617 0 0 0
0.0012195121951219512 -0.10278113292665966 -0.3336393412375223 0.5015414446003897 0 0 0
0.0012195121951219512 0.29934621562151315 0.32619570017489613 -0.12627155034202858 0 0 0
0.0012195121951219512 0.12788734609199598 -0.0983150189528939 0.08139160098694112 0 0 0
0.0012195121951219512 -0.2380032189027592 -0.2629988774512822 -0.20455893017790291 0 0 0
0.0012195121951219512 0.1284726083274414 -0.18160351834279514 0.5355825007969737 0 0 0
0.0012195121951219512 0.5180189247580248 0.11858571596902918 0.2632955941515606 0 0 0
0.0012195121951219512 0.3057989921232495 0.2886240705112467 0.15598173369537754 0 0 0
0.0012195121951219512 0.5134722192738653 0.3093589761069817 -0.03974059901238788 0 0 0
0.0012195121951219512 -0.24839442860845362 0.29366579253263303 -0.3874507319960816 0 0 0
0.0012195121951219512 -0.48133615846820776 -0.31158830738927795 -0.05641081516163175 0 0 0
0.0012195121951219512 0.08843753860822197 -0.6552605829224415 0.15708137816008552 0 0 0
0.0012195121951219512 0.12127983632342261 -0.10182217065216871 0.5606305234809332 0 0 0
0.0012195121951219512 0.3947114020697399 -0.18024877640004727 0.22037890954616274 0 0 0
0.0012195121951219512 -0.5023873063475981 0.24634902874768966 -0.011627104387556039 0 0 0
0.0012195121951219512 -0.1519415483013242 0.45323186380123737 -0.4320977499350934 0 0 0
0.0012195121951219512 -0.04250091158316178 0.3377816379561296 0.5374148486568169 0 0 0
0.0012195121951219512 0.25749049744703983 -0.5195239692499201 0.03900159448954739 0 0 0
0.0012195121951219512 -0.23084867966441064 -0.2701688879129249 0.5234036384585661 0 0 0
0.0012195121951219512 0.1717679936066369 -0.08534090401130633 -0.16833454682512836 0 0 0
0.0012195121951219512 0.47831955724167313 -0.070981554228998 -0.31069213052360645 0 0 0
0.0012195121951219512 0.2781887469679972 -0.41700583812076986 0.26704343357867016 0 0 0
0.0012195121951219512 0.2685701247682953 0.4888786645348127 0.16847167173181044 0 0 0
0.0012195121951219512 0.3984840833066109 -0.16141047631742247 -0.479885159728253 0 0 0
0.0012195121951219512 -0.004198968949498879 0.23816796284368588 -0.6161282977430158 0 0 0
0.0012195121951219512 0.16471025623722543 0.07211916557668033 -0.04845326400771829 0 0 0
0.0012195121951219512 0.3473755026507715 0.19121980376924347 -0.40528156925149134 0 0 0
0.0012195121951219512 0.5691939294186578 -0.018767147455242307 -0.1270777267642176 0 0 0
0.0012195121951219512 -0.27005673297602334 0.44229789374894507 0.3976869222237677 0 0 0
0.0012195121951219512 0.2167088326758957 -0.22265229977037745 0.5651548668260059 0 0 0
0.0012195121951219512 0.3935863058436949 0.16833753230996246 -0.07607161734893925 0 0 0
0.0012195121951219512 0.4678070613849428 0.003137395055307492 -0.49371578353482604 0 0 0
0.0012195121951219512 -0.36121027620916707 0.48878604622720695 0.09523963119665231 0 0 0
0.0012195121951219512 -0.41098601470786283 0.042268598994957586 -0.10887720708370895 0 0 0
0.0012195121951219512 0.3075469714845012 -0.07901379836232592 0.49361116726399873 0 0 0
0.0012195121951219512 0.044665972568882044 -0.49984782261616384 0.4661225944435021 0 0 0
0.0012195121951219512 -0.08386072997155593 0.2854919388067013 -0.0907669158781551 0 0 0
0.0012195121951219512 0.09171811230806418 -0.2991147267881018 -0.026780843098784587 0 0 0
0.0012195121951219512 0.05561184700462555 0.33680519956293614 0.5154246901746353 0 0 0
0.0012195121951219512 0.49259288795805617 0.3354108913389855 0.046635574352108966 0 0 0
0.0012195121951219512 -0.033058288842748224 -0.25028283073615964 0.4432693412813989 0 0 0
0.0012195121951219512 -0.27468429482396134 -0.6306406955164993 0.06504230417882823 0 0 0
0.0012195121951219512 0.5843861654614215 -0.03274206591739219 0.1842559563292904 0 0 0
0.0012195121951219512 0.1930759386038353 -0.4206875995998351 -0.12776197363404268 0 0 0
0.0012195121951219512 0.46016442733155 -0.06353763776427652 0.4234731343233823 0 0 0
0.0012195121951219512 -0.1876235287281604 0.33682326223611353 0.00020342673475518076 0 0 0
0.0012195121951219512 -0.05644888649923113 0.4319973325729176 -0.14557303726468673 0 0 0
0.0012195121951219512 0.2702995321520748 0.0699774675322953 -0.48065202580310223 0 0 0
0.0012195121951219512 0.09328320573495888 0.57147450177514 0.3630690667700049 0 0 0
0.0012195121951219512 -0.24161714767209497 -0.38080816886908436 -0.024987069923855458 0 0 0
0.0012195121951219512 0.3822453892191244 0.12172800987383163 0.1322930781946888 0 0 0
0.0012195121951219512 0.5484163035924479 0.2789400584600104 -0.20452675297125447 0 0 0
0.0012195121951219512 0.5222722483231399 0.38962929385234835 0.11101084606511956 0 0 0
0.0012195121951219512 0.47559421231914406 0.07648857315681197 0.1375541160571548 0 0 0
0.0012195121951219512 -0.29518490808744063 0.049465583996888995 -0.5615417833518437 0 0 0
0.0012195121951219512 0.14886700382924448 -0.5876882617017987 0.0032366792930320727 0 0 0
0.0012195121951219512 0.46519319821737753 0.4289973195515821 -0.2559622716807556 0 0 0
0.0012195121951219512 0.2005579703955576 -0.0673053384187836 0.6297344450768415 0 0 0
0.0012195121951219512 -0.028123190957198188 -0.5072961199044136 -0.23034747985325957 0 0 0
0.0012195121951219512 0.5064293442522316 0.0915465938772234 0.16197251659044834 0 0 0
0.0012195121951219512 0.46259375652608054 0.12925343143768356 0.018808366780361758 0 0 0
0.0012195121951219512 -0.20518588585777697 0.11765366068897926 0.4528210286584272 0 0 0
0.0012195121951219512 0.03190132235033749 -0.23638462578183858 -0.290368735837937 0 0 0
0.0012195121951219512 0.017243246914396014 -0.4625620336351665 0.20701491561087637 0 0 0
0.0012195121951219512 -0.47773672241934173 0.3854043207427222 -0.17060661553226536 0 0 0
0.0012195121951219512 0.1363591708284863 -0.25722771777218606 0.03971141888784883 0 0 0
0.0012195121951219512 0.36210959520712077 0.3949953204945907 0.19881413969784453 0 0 0
0.0012195121951219512 -0.1689329751915122 0.17998226336529416 -0.6039582633331926 0 0 0
0.0012195121951219512 0.037820049689893 0.46799057945808664 -0.04602228376247055 0 0 0
0.0012195121951219512 0.2142882789555596 0.5657625507723216 0.2046107346922548 0 0 0
0.0012195121951219512 0.3562223349556574 0.473253269506482 -0.10545603170482601 0 0 0
0.0012195121951219512 -0.2601125082028591 -0.3389629015041629 -0.00298129797307123 0 0 0
0.0012195121951219512 -0.12567609122836723 0.6193076125964835 -0.24771946071948367 0 0 0
0.0012195121951219512 -0.24079082545576805 -0.3250166953244271 -0.5102452806925677 0 0 0
0.0012195121951219512 0.10661582165419664 -0.491259616212374 0.4500432683820812 0 0 0
0.0012195121951219512 0.1471021190819864 0.3174683598428718 0.018482589099915046 0 0 0
0.0012195121951219512 -0.06680047223676418 -0.3095955153761712 -0.06699960631974154 0 0 0
0.0012195121951219512 0.302957999907805 -0.5101129290362442 -0.06178106817533833 0 0 0
0.0012195121951219512 -0.5468025522708656 0.3921040766212521 -0.12764147868782463 0 0 0
0.0012195121951219512 -0.28867854053371544 0.2910116138172484 0.5347961931479872 0 0 0
0.0012195121951219512 -0.3481387175119014 0.49187153454521154 0.22598905619469603 0 0 0
0.0012195121951219512 0.17708236027787191 0.39886705329429184 -0.36875915360678974 0 0 0
0.0012195121951219512 0.1101234292763544 -0.16284150716872645 -0.1370978980018324 0 0 0
0.0012195121951219512 0.3266756213529042 -0.3793616841984187 0.10207807335472677 0 0 0
0.0012195121951219512 0.3697615207916668 -0.1424899244262898 -0.4322739729490894 0 0 0
0.0012195121951219512 -0.07645801574469377 -0.20795457787348398 -0.3211244653569784 0 0 0
0.0012195121951219512 -0.07449409627245394 -0.2407339609840435 0.11403270898269671 0 0 0
0.0012195121951219512 0.29905552018141307 0.09791778022018306 -0.307848480032232 0 0 0
0.0012195121951219512 -0.1385339724221254 -0.16621180549923734 -0.5794300677924112 0 0 0
0.0012195121951219512 -0.34057640399090866 -0.2946958779348733 -0.2169830401865269 0 0 0
0.0012195121951219512 0.0659630358891436 -0.46914493166557425 -0.199575338707886 0 0 0
0.0012195121951219512 -0.4011983928511143 -0.45361902147602223 0.14659197337105676 0 0 0
0.0012195121951219512 -0.5341977260733816 0.030334832277472825 -0.27298977693863774 0 0 0
0.0012195121951219512 0.07575542320497425 0.0006454379765374794 -0.40918614820008137 0 0 0
0.0012195121951219512 -0.11612407534876885 -0.007971260579528164 -0.661121795731403 0 0 0
0.0012195121951219512 0.24198945109042355 0.5922036398659448 0.22785322011411524 0 0 0
0.0012195121951219512 0.41578666447377216 -0.443292123287037 0.005523631223567045 0 0 0
0.0012195121951219512 0.5806786738589866 -0.3391597418175163 -0.015504782341450881 0 0 0
0.0012195121951219512 0.2029562978178175 0.5550649451933906 0.1945326493760343 0 0 0
0.0012195121951219512 -0.08469071906046147 0.5297444253122601 -0.0671163748071677 0 0 0
0.0012195121951219512 -0.01360109862340103 0.3411852387166012 0.26907606928276206 0 0 0
0.0012195121951219512 -0.10771950703450357 -0.5381690500651157 0.4228934403487199 0 0 0
0.0012195121951219512 -0.3308321322596433 0.4916773658292741 0.024230097059562028 0 0 0
0.0012195121951219512 -0.03446539760821036 0.5516762386481964 -0.17006495537525634 0 0 0
0.0012195121951219512 0.08491659435189984 -0.5939561236096895 -0.08227241602174354 0 0 0
0.0012195121951219512 0.4346948292683556 0.048385402762255114 -0.28532533798646603 0 0 0
0.0012195121951219512 0.1418559203720076 0.5594143978150129 0.24469371732688644 0 0 0
0.0012195121951219512 0.23500695636774957 -0.4278290252504264 -0.30608204327620203 0 0 0
0.0012195121951219512 -0.17743674137298424 0.2560668596075294 0.46440070677087203 0 0 0
0.0012195121951219512 0.014671834335260633 -0.2882054819451277 0.35330181246533404 0 0 0
0.0012195121951219512 -0.10611766456820901 0.07310290215450266 -0.3640376646763013 0 0 0
0.0012195121951219512 -0.3524615650661631 -0.18719321169746453 -0.383415165584285 0 0 0
0.0012195121951219512 -0.5865640349056925 0.20907810332362875 -0.27347060890981106 0 0 0
0.0012195121951219512 0.1322973234551278 0.6091419344648062 -0.10118916235491406 0 0 0
0.0012195121951219512 -0.5512577019727257 -0.0264719485981907 0.3083644748817172 0 0 0
0.0012195121951219512 -0.4665219612090806 -0.3764393222161406 -0.34450432318950563 0 0 0
0.0012195121951219512 -0.1680258013502425 0.21499869845487207 -0.6334464331796807 0 0 0
0.0012195121951219512 0.306968904766308 0.14256635351515878 -0.3595250001560814 0 0 0
0.0012195121951219512 -0.280291570322318 -0.5913312481504391 -0.04864100395517099 0 0 0
0.0012195121951219512 0.0918988548964306 0.07200695788125808 -0.0591605343107425 0 0 0
0.0012195121951219512 0.17795286009882985 -0.03722932688855886 0.2095047675540612 0 0 0
0.0012195121951219512 -0.23514025804932479 0.3150473629172779 -0.2582003952902784 0 0 0
0.0012195121951219512 0.5591221538023254 0.0859731268160213 -0.20099264545864137 0 0 0
0.0012195121951219512 0.4231098814781274 0.5436684470969319 0.02815921667987029 0 0 0
0.0012195121951219512 0.4846322019864089 0.31332971833836887 0.11256338174548951 0 0 0
0.0012195121951219512 -0.1277468088481575 0.4855417381409059 0.38620004273432906 0 0 0
0.0012195121951219512 0.503813303642672 0.04187173191277762 0.13817524280051643 0 0 0
0.0012195121951219512 -0.3128633212955478 0.3734301260553542 -0.030293798614463293 0 0 0
0.0012195121951219512 0.3853142127147327 0.17721490636844112 -0.18119642316560272 0 0 0
0.0012195121951219512 -0.1239936870176503 -0.17704492459134089 0.1319489541297774 0 0 0
0.0012195121951219512 -0.39751090845576836 0.025050265236132664 0.07864728806144224 0 0 0
0.0012195121951219512 0.11571884215629019 -0.5505160899262521 0.22935025306660137 0 0 0
0.0012195121951219512 -0.4009066811306354 0.2514787315909431 0.05059657512385162 0 0 0
0.0012195121951219512 0.6759135067313758 -0.04601916025933212 -0.1262441804368547 0 0 0
0.0012195121951219512 -0.1345914962762462 0.342523525599264 0.37911159965772 0 0 0
0.0012195121951219512 0.12670779144687153 0.6484260960495167 0.14742477191292183 0 0 0
0.0012195121951219512 -0.3999496505241209 0.008422689954409045 0.3513467808453424 0 0 0
0.0012195121951219512 -0.27776280099625705 0.3827594436688466 -0.014007554581559762 0 0 0
0.0012195121951219512 -0.12073021435005979 0.01993456946173364 0.23184149178208685 0 0 0
0.0012195121951219512 -0.22969193374437613 0.17586901453116907 0.008102459054657358 0 0 0
0.0012195121951219512 0.009400816311919242 -0.3158284330530931 -0.08804081464246416 0 0 0
0.0012195121951219512 0.41703727071192104 -0.11051922064408291 0.356037130298723 0 0 0
0.0012195121951219512 0.48089043476569765 0.1131497436692063 0.08836557017964397 0 0 0
0.0012195121951219512 -0.185058670026497 0.005787867764349527 0.6429458221690324 0 0 0
0.0012195121951219512 -0.5304758244225576 -0.09403750327971346 0.10379811789297197 0 0 0
0.0012195121951219512 0.1669912913871351 0.12129828037891051 -0.06266867945866805 0 0 0
0.0012195121951219512 0.38421528875295996 0.1534788595324323 0.21207062840770907 0 0 0
0.0012195121951219512 0.20874580154494207 -0.17647615122404403 -0.191211233603547 0 0 0
0.0012195121951219512 -0.06841068263116243 -0.24275444468855345 0.3923500630935406 0 0 0
0.0012195121951219512 -0.16431724797062788 -0.11077037780919731 0.4107825469359561 0 0 0
0.0012195121951219512 0.3286046470023043 0.2207891742414371 0.12148181623526769 0 0 0
0.0012195121951219512 0.548813028468679 0.2844897692067595 -0.07133547317508226 0 0 0
0.0012195121951219512 -0.39838498538771633 -0.46534063428838746 0.21768446351006132 0 0 0
0.0012195121951219512 -0.1294590638490247 -0.06129895453845558 -0.35377585165290243 0 0 0
0.0012195121951219512 0.505663972295628 -0.1294566841661755 0.3075808401487972 0 0 0
0.0012195121951219512 -0.306622560107801 0.2557760127266902 -0.010989913382390104 0 0 0
0.0012195121951219512 -0.06728709045505696 -0.019988550639254653 0.295314233913601 0 0 0
0.0012195121951219512 -0.3636449482328152 -0.025000283192002093 -0.15858487776345268 0 0 0
0.0012195121951219512 0.1518905196772892 -0.04533197363339553 0.6715627761445998 0 0 0
0.0012195121951219512 -0.013147589120841551 -0.2946150497772424 0.3091331274288111 0 0 0
0.0012195121951219512 -0.4380312966286336 -0.29407660831790405 -0.22193568709075165 0 0 0
0.0012195121951219512 0.08155854777346809 0.17797673422141894 0.12342555722704217 0 0 0
0.0012195121951219512 0.1609808479066947 -0.315064388360449 -0.270326914362245 0 0 0
0.0012195121951219512 0.4266909013277409 -0.31913964702399816 -0.21253090327106322 0 0 0
0.0012195121951219512 0.011206856483466076 0.03838260973394508 -0.5207860046486928 0 0 0
0.0012195121951219512 0.3764489350150598 -0.28079103880566186 0.2559399877295414 0 0 0
0.0012195121951219512 -0.12286777030940894 -0.35595778016922663 0.5065810892842819 0 0 0
0.0012195121951219512 -0.022996174503559636 -0.00917765263187994 0.3421151584198581 0 0 0
0.0012195121951219512 0.11554402910977182 -0.6095049116547372 -0.1552493836229724 0 0 0
0.0012195121951219512 0.39458391298882256 -0.23917101257414758 0.09800357067484931 0 0 0
0.0012195121951219512 -0.05864370845114909 0.3473561643427289 0.46739784553584063 0 0 0
0.0012195121951219512 -0.15591122639240784 -0.028924259996106528 0.31495108905036073 0 0 0
0.0012195121951219512 0.13947344088276573 0.549558026202014 -0.16173478285259288 0 0 0
0.0012195121951219512 -0.3540674035266706 -0.0012266156273346566 0.4258539261590156 0 0 0
0.0012195121951219512 0.27801234961519533 -0.21906657198351087 -0.548916207687249 0 0 0
0.0012195121951219512 -0.05963339556844561 -0.5290724300063955 0.2849402376240856 0 0 0
0.0012195121951219512 0.5377393526221239 0.14768882349033005 -0.40546939949602206 0 0 0
0.0012195121951219512 -0.1386662184180809 0.5522650612844375 0.16385865279161207 0 0 0
0.0012195121951219512 -0.5532986967987896 -0.07643394402694692 0.04649022860539281 0 0 0
0.0012195121951219512 0.5067902705859415 -0.10109139877415942 0.03383851567648964 0 0 0
0.0012195121951219512 0.6184534480509798 0.0788412976499104 0.25874674094223793 0 0 0
0.0012195121951219512 -0.05025917992125579 0.4525433558649676 0.20477293663256038 0 0 0
0.0012195121951219512 -0.06932292492145638 -0.10762995209654774 -0.4307738190364524 0 0 0
0.0012195121951219512 0.40368531409931935 0.3578391396615283 -0.26407962625532716 0 0 0
0.0012195121951219512 -0.17663931936673044 0.22713340124536274 0.24612421635845627 0 0 0
0.0012195121951219512 -0.2323069585016517 -0.033422809611731115 0.5028789165074634 0 0 0
0.0012195121951219512 0.03361582137978962 0.6410419101427074 -0.04986735491139485 0 0 0
0.0012195121951219512 -0.03603891581804827 -0.5307661471665703 0.3872208983877696 0 0 0
0.0012195121951219512 -0.47724316916990833 0.36583488932181574 0.0901369895516424 0 0 0
0.0012195121951219512 -0.005246373892170732 0.4662398093005209 -0.1933333873678591 0 0 0
0.0012195121951219512 -0.4240363259431358 0.06284575244151147 0.0009648020543926304 0 0 0
0.0012195121951219512 -0.025546360462426653 0.6388180449176601 0.19614654844474644 0 0 0
0.0012195121951219512 0.003004427785799912 0.5295942040891761 -0.10844134733392792 0 0 0
0.0012195121951219512 -0.38031845949955084 -0.17592092138518226 -0.1609697353091284 0 0 0
0.0012195121951219512 0.1902237363022995 -0.13911920094190966 0.4656679594066626 0 0 0
0.0012195121951219512 0.07149586666674687 -0.5232116423833053 0.10235281259293064 0 0 0
0.0012195121951219512 0.30092055502866916 -0.05303446976655361 0.23562696240897274 0 0 0
0.0012195121951219512 -0.004730054794851763 0.1554251678003455 0.042864160507874706 0 0 0
0.0012195121951219512 -0.13888987109225487 -0.2725030939229284 -0.2204803890785776 0 0 0
0.0012195121951219512 0.24196251707682412 -0.020028863319253378 0.6228412895639559 0 0 0
0.0012195121951219512 -0.11258112159778376 0.00055391609737705 0.3575848714533581 0 0 0
0.0012195121951219512 0.2213189245265834 0.3914414701693376 0.0921737686142941 0 0 0
0.0012195121951219512 -0.1470906229417067 -0.2532151234111399 -0.19265518592934128 0 0 0
0.0012195121951219512 -0.20779314303458285 -0.19562068702859042 -0.4965617272335833 0 0 0
0.0012195121951219512 -0.4812920589594073 -0.18037048199712122 0.12764072310296537 0 0 0
0.0012195121951219512 -0.1278784645193929 0.21104127231078804 0.23636891446294592 0 0 0
0.0012195121951219512 -0.5797340850569712 0.13986886434431764 -0.03562951160004596 0 0 0
0.0012195121951219512 0.34904000868041146 0.16683093189844853 -0.4835780051769346 0 0 0
0.0012195121951219512 -0.2460409498793641 -0.2582467720456988 0.20736960279977507 0 0 0
0.0012195121951219512 0.09411466811973576 0.14462839624335352 -0.29327661999050986 0 0 0
0.0012195121951219512 0.29830835681742973 -0.5921493735661119 0.058461389835259295 0 0 0
0.0012195121951219512 0.16700887277208432 0.3334037265717862 -0.04163679645842001 0 0 0
0.0012195121951219512 0.6299860075566324 -0.2539554905698094 0.05946149799495473 0 0 0
0.0012195121951219512 0.29673414627643524 -0.1826652791692006 0.13039229789113987 0 0 0
0.0012195121951219512 -0.2621606175911609 -0.5485946680463633 -0.009119137746795004 0 0 0
0.0012195121951219512 0.036222714477278685 -0.47740823360466084 -0.2730467736777944 0 0 0
0.0012195121951219512 0.18198923432070277 -0.4508865083759854 0.21501005413866855 0 0 0
0.0012195121951219512 -0.1480896514088087 0.26232649773856076 -0.5431381295878147 0 0 0
0.0012195121951219512 0.13942965993212103 0.3643733810183378 -0.04816020043615848 0 0 0
0.0012195121951219512 -0.13186361793582885 0.033887039949630576 0.07228973048862614 0 0 0
0.0012195121951219512 -0.526804188662435 -0.10727054258587726 0.43772211192082655 0 0 0
0.0012195121951219512 0.18748535535115 0.46614995940079723 0.4007961431910547 0 0 0
0.0012195121951219512 -0.30041859066301935 -0.30808651817258026 -0.135191854699996 0 0 0
0.0012195121951219512 0.10581733918264309 -0.47270567161935834 0.007782707942917519 0 0 0
0.0012195121951219512 -0.032158494897672925 -0.25668702631770907 -0.6211029353307794 0 0 0
0.0012195121951219512 0.6394106120736344 0.062371844838984496 0.06488659231046863 0 0 0
0.0012195121951219512 0.08915759191218876 -0.4373750361380377 0.15825778261049472 0 0 0
0.0012195121951219512 0.3224152760183477 -0.5185302449110752 -0.19677456822800538 0 0 0
0.0012195121951219512 -0.1383261096712067 -0.10772563730448656 0.1877040836017437 0 0 0
0.0012195121951219512 -0.08878807313962124 -0.08132063980464403 -0.21867455848326423 0 0 0
0.0012195121951219512 -0.05722839431999397 0.5333142333941171 -0.30476844217707183 0 0 0
0.0012195121951219512 0.46128644184417283 -0.0499687280876647 -0.40256749931573876 0 0 0
0.0012195121951219512 0.09131401921919437 -0.09450332140888983 -0.2697920600193638 0 0 0
0.0012195121951219512 0.3161506835952186 0.06460376223515112 0.590146927440593 0 0 0
0.0012195121951219512 0.11791346415117038 -0.31092351152259085 0.5748686016620358 0 0 0
0.0012195121951219512 0.28754266729594885 0.3664407903053371 0.2750061615701016 0 0 0
0.0012195121951219512 -0.08635429157559674 0.14523070801614557 0.33102255408625114 0 0 0
0.0012195121951219512 0.18194875993850212 -0.14490644004461994 -0.448059669125782 0 0 0
0.0012195121951219512 -0.11603472549129548 0.022264495245697274 -0.31124957548756965 0 0 0
0.0012195121951219512 -0.49777476735614673 0.0734347103563109 -0.4545666685506092 0 0 0
0.0012195121951219512 -0.4354510232428767 -0.3475036743524638 0.026872403531505495 0 0 0
0.0012195121951219512 0.13459434597765152 -0.024553341391341913 0.4003100636926568 0 0 0
0.0012195121951219512 -0.35973352877768877 0.373612336418287 -0.2682629158772837 0 0 0
0.0012195121951219512 0.03888797986055178 0.2055217280470158 -0.2938976738406673 0 0 0
0.0012195121951219512 -0.1599326998451411 -0.09641326607371457 -0.18034227820599677 0 0 0
0.0012195121951219512 0.3728606932359361 0.5531176860535189 -0.10099230670821303 0 0 0
0.0012195121951219512 0.07266414351670988 -0.6486895464678635 -0.09576231513663766 0 0 0
0.0012195121951219512 0.15849906460178703 -0.17139559574155797 0.5599658435831306 0 0 0
0.0012195121951219512 -0.13678255123845065 0.40096094877919086 -0.34917731845573774 0 0 0
0.0012195121951219512 0.31825203873785374 0.33857443195182113 -0.47450601231192296 0 0 0
0.0012195121951219512 -0.3164729642718307 -0.23536301259020537 0.45126308906409107 0 0 0
0.0012195121951219512 -0.26068222910883077 0.41381126579889904 0.10820400734387375 0 0 0
0.0012195121951219512 0.06839782274113765 0.09136295392386984 0.4593229025378605 0 0 0
0.0012195121951219512 0.042678648224157734 0.16990570109349054 -0.28232201627863013 0 0 0
0.0012195121951219512 -0.5147163046325407 0.3840083701782033 -0.23268411273793657 0 0 0
0.0012195121951219512 0.1330003258176451 -0.09033287625932952 -0.4979443164782422 0 0 0
0.0012195121951219512 0.061383481571936786 0.5091156225986653 0.4665034997352561 0 0 0
0.0012195121951219512 0.38874310994665506 0.1539744016689632 0.5217411181385502 0 0 0
0.0012195121951219512 -0.14739264879569472 0.028810713837775143 -0.2236834951331893 0 0 0
0.0012195121951219512 0.0687032238254786 0.26495715453828017 -0.4148549282505674 0 0 0
0.0012195121951219512 0.44956800410216946 -0.10529995767333336 -0.020106011900322854 0 0 0
0.0012195121951219512 0.24531487947426245 0.21020479516781446 -0.3128255975071715 0 0 0
0.0012195121951219512 0.47148878782366016 -0.26917107250990463 -0.28012292399994226 0 0 0
0.0012195121951219512 0.45666102758580657 -0.21458737841474093 0.0966920137632316 0 0 0
0.0012195121951219512 0.3443731704828837 0.4752306045813324 0.23570562942492995 0 0 0
0.0012195121951219512 -0.34336351472042315 0.3825229660009685 -0.2583359856606606 0 0 0
0.0012195121951219512 -0.31895786168604107 -0.1843433424528914 0.03623824235278981 0 0 0
0.0012195121951219512 0.3263828217855075 0.11604648352301751 0.2019487920959173 0 0 0
0.0012195121951219512 -0.09169107822561097 -0.27677837528807714 0.34232465405143025 0 0 0
0.0012195121951219512 0.4667520211686943 0.3171960200619861 0.08883237724572435 0 0 0
0.0012195121951219512 0.33886537763243624 0.2368081339509834 0.2455100263137337 0 0 0
0.0012195121951219512 0.14097019614095138 0.3609150207186916 -0.10926054455654256 0 0 0
0.0012195121951219512 0.19424251497257158 0.2430909061454943 -0.4953355042079743 0 0 0
0.0012195121951219512 0.08132493254116759 -0.27788753787373616 0.5146211328375292 0 0 0
0.0012195121951219512 0.22956659845359764 -0.5793315229212382 -0.20502786878591353 0 0 0
0.0012195121951219512 -0.2723846483671247 0.3063343170539499 -0.14429764923095825 0 0 0
0.0012195121951219512 -0.5832828668897401 0.2619207083897772 -0.06513616960035369 0 0 0
0.0012195121951219512 0.20084967062945008 0.14431989293558006 0.049573772952186256 0 0 0
0.0012195121951219512 0.33914211501207736 0.04703391726654972 -0.6024802927538229 0 0 0
0.0012195121951219512 0.06806877815749657 0.03635824149357282 0.08865257893180523 0 0 0
0.0012195121951219512 -0.2600590360242777 0.4385240074234008 -0.21642844333681172 0 0 0
0.0012195121951219512 -0.0005002213367259094 0.46784274952813504 -0.014540874849721493 0 0 0
0.0012195121951219512 -0.019752618261522047 -0.22210927671660793 -0.22859825473642528 0 0 0
0.0012195121951219512 0.38546009912749857 -0.5339252834118273 -0.01877756748940849 0 0 0
0.0012195121951219512 0.6251077455079973 0.2348302496069263 -0.03026532564398907 0 0 0
0.0012195121951219512 -0.15948725256120952 -0.5091836574252816 -0.4302964402353796 0 0 0
0.0012195121951219512 0.2323584820713083 0.5865352172821457 0.15396913470597248 0 0 0
0.0012195121951219512 -0.2346664254656924 -0.4031606183331064 -0.06196670138679882 0 0 0
0.0012195121951219512 -0.30431423333808916 0.036646939376825644 -0.4612197073693247 0 0 0
0.0012195121951219512 0.11337167376147422 0.15587984798474958 -0.5237722731460102 0 0 0
0.0012195121951219512 0.21297584126904154 0.4983354612363773 -0.36889743181706747 0 0 0
0.0012195121951219512 0.34410181090349484 0.4733076981673124 -0.24867842603814172 0 0 0
0.0012195121951219512 -0.5345599441006442 -0.3538331586847046 0.06774292087323958 0 0 0
0.0012195121951219512 -0.13799410403274084 0.19827577103102278 0.07124601647549052 0 0 0
0.0012195121951219512 0.08270657182203817 0.2797227546226492 0.5111556985960108 0 0 0
0.0012195121951219512 0.44793873986519006 -0.4206549016769103 -0.0779285539873591 0 0 0
0.0012195121951219512 -0.32376736921512594 -0.35104844716477823 -0.4572497601690994 0 0 0
0.0012195121951219512 0.6635236908183932 0.08198353233367858 0.09950175721271022 0 0 0
0.0012195121951219512 0.2127247763197891 -0.04208743279929133 0.6033475205439578 0 0 0
0.0012195121951219512 0.493525677338658 0.028199084797941545 -0.18818720955314405 0 0 0
0.0012195121951219512 -0.6418228046352912 -0.1039363736839897 -0.08357936066189006 0 0 0
0.0012195121951219512 -0.6392324727746144 0.12889918608896564 -0.22003043977557038 0 0 0
0.0012195121951219512 0.35629691812396125 -0.4192325953362384 -0.1617233915170703 0 0 0
0.0012195121951219512 -0.43169060184872654 0.1816286524792394 0.24408469831246388 0 0 0
0.0012195121951219512 0.17780653368445537 0.25259436254687134 0.01796789920256635 0 0 0
0.0012195121951219512 -0.2775712417627672 -0.15546400063400145 0.010117158711831173 0 0 0
0.0012195121951219512 -0.06156435199631705 -0.2061263375579215 0.46891474596751914 0 0 0
0.0012195121951219512 0.053828450616128676 0.01563654653850294 -0.32134896702726135 0 0 0
0.0012195121951219512 -0.298412436932628 -0.28604473669132474 0.5235067674163445 0 0 0
0.0012195121951219512 0.24015221029921 -0.11014638669073736 -0.1780832673796517 0 0 0
0.0012195121951219512 0.3239165138005596 0.1478648351158496 0.3365998333059967 0 0 0
0.0012195121951219512 -0.009468802543692001 0.49291308255277383 -0.01855085954291337 0 0 0
0.0012195121951219512 -0.3048406068791923 0.11681774414834063 0.07401322462489757 0 0 0
0.0012195121951219512 -0.008959555425352145 0.6062988926305738 0.3013312751728636 0 0 0
0.0012195121951219512 -0.4643572221574468 -0.0651133621447233 -0.26526216053896096 0 0 0
0.0012195121951219512 0.27906037015818524 0.3055616190891519 0.4489071527475042 0 0 0
0.0012195121951219512 -0.3124314051672053 0.15302518349813324 -0.23793591913668444 0 0 0
0.0012195121951219512 0.11740893945168479 0.5295864814994938 0.07886276221663943 0 0 0
0.0012195121951219512 0.15390197383452814 0.34088814021675207 0.5474635966328549 0 0 0
0.0012195121951219512 0.20423616703731434 0.45192160936843584 0.4495093688508705 0 0 0
0.0012195121951219512 0.5666361490581723 -0.35171433399262303 -0.07925661481254229 0 0 0
0.0012195121951219512 -0.32893932964437195 -0.36632224721606116 0.20282457324753084 0 0 0
0.0012195121951219512 -0.4014374841728539 -0.3807795679223622 -0.3294410025682318 0 0 0
0.0012195121951219512 -0.3763342124086996 0.1791321899603765 0.3268479684741222 0 0 0
0.0012195121951219512 -0.20297715046907697 -0.2612300646957588 0.34672860730645727 0 0 0
0.0012195121951219512 -0.27355513466726 -0.3280664195750608 -0.19567692462830333 0 0 0
0.0012195121951219512 0.25837298280038745 0.43175590724329965 0.15001705244804125 0 0 0
0.0012195121951219512 -0.10377367058112112 -0.43278248475806047 0.3275936553221321 0 0 0
0.0012195121951219512 -0.2977399560388948 0.06876594479089722 -0.21694307150922956 0 0 0
0.0012195121951219512 0.27063091770956804 0.3841783538229392 0.15923587504926626 0 0 0
0.0012195121951219512 0.11075455969012805 -0.4843532380720558 0.4711019087345423 0 0 0
0.0012195121951219512 -0.2659282505510694 -0.10288452381250865 0.6006831375562925 0 0 0
0.0012195121951219512 0.11775483925057194 -0.12238233087117945 0.4337173524263508 0 0 0
0.0012195121951219512 -0.13433581665930241 0.5276085929908455 -0.35296124933198303 0 0 0
0.0012195121951219512 0.0218997614132651 0.23881726912014664 -0.4423343128160565 0 0 0
0.0012195121951219512 0.48073891923463147 0.14777743793636305 -0.39389627574497826 0 0 0
0.0012195121951219512 0.43956649288943905 0.22023707984482135 0.08278276004374538 0 0 0
0.0012195121951219512 -0.4579711796701276 0.1524978258327732 -0.1952014033752861 0 0 0
0.0012195121951219512 -0.16710536987309754 0.3384671623114002 0.19280049949285194 0 0 0
0.0012195121951219512 -0.48804519419764497 0.2043394016498044 0.052333107837879034 0 0 0
0.0012195121951219512 -0.2539137306155858 -0.3694428314140736 -0.3928338481079469 0 0 0
0.0012195121951219512 0.18066083093295093 -0.5705046492899769 0.15625700039279694 0 0 0
0.0012195121951219512 0.06311377335530026 0.3458135371936333 0.06384923123088508 0 0 0
0.0012195121951219512 -0.005924397555377571 0.4101768286160334 -0.5141789195630484 0 0 0
0.0012195121951219512 -0.2553748103889291 0.10372372273902891 0.6142542184660906 0 0 0
0.0012195121951219512 -0.434813391987587 -0.2291351949079489 0.20505175954474225 0 0 0
0.0012195121951219512 0.07976566790528716 0.19610248449240944 0.09231991952762925 0 0 0
0.0012195121951219512 0.4202630889077644 0.0741127614373491 -0.3385278285725905 0 0 0
0.0012195121951219512 0.04362076267409329 0.3850024373677179 0.4427946933467925 0 0 0
0.0012195121951219512 -0.033536220555997656 0.011436924832794536 -0.433247254704692 0 0 0
0.0012195121951219512 0.1529811244960508 -0.011741932868498173 0.13752975520248745 0 0 0
0.0012195121951219512 -0.37143438214144114 0.34354601907117444 -0.34595042981663676 0 0 0
0.0012195121951219512 0.362110980106738 0.002184743824287794 -0.5792293905677325 0 0 0
0.0012195121951219512 -0.05363254660985961 -0.35664906494005866 0.43767497671519784 0 0 0
0.0012195121951219512 -0.2437876051816033 -0.03956725724358093 -0.3655788090260459 0 0 0
0.0012195121951219512 0.19012235786579756 0.17333371413525667 -0.5008722022361206 0 0 0
0.0012195121951219512 -0.42718294022146247 0.42860106625055416 -0.20442613577009244 0 0 0
0.0012195121951219512 0.6565844983898742 -0.13346496445839273 -0.046670940983612595 0 0 0
0.0012195121951219512 -0.1268816654163942 -0.5393232845174097 0.28871890846755555 0 0 0
0.0012195121951219512 0.2809885737729546 -0.07235507674301017 -0.05161121854144887 0 0 0
0.0012195121951219512 -0.24384244285812837 -0.20249223454832038 0.595390505632847 0 0 0
0.0012195121951219512 0.27242594825059185 0.459955031848387 -0.30348497657063483 0 0 0
0.0012195121951219512 -0.11270976961383973 0.5977622782720242 -0.2753744914253782 0 0 0
0.0012195121951219512 -0.20606523572482707 -0.09907163125642453 0.6263499714247425 0 0 0
0.0012195121951219512 0.016384162667243858 0.20542857770609071 0.06405246987201026 0 0 0
0.0012195121951219512 0.035041095544304346 0.1480589120114558 0.3322028506219813 0 0 0
0.0012195121951219512 -0.254315815341127 -0.4382201296118775 0.3800670882593416 0 0 0
0.0012195121951219512 -0.015320129900802627 0.0016496361583300655 -0.21461600187808455 0 0 0
0.0012195121951219512 -0.4496650662237831 -0.01816294714814175 0.41531180086856423 0 0 0
0.0012195121951219512 -0.4029361039635377 -0.004720445228221816 -0.2795171713777556 0 0 0
0.0012195121951219512 -0.16249667770654502 -0.3530459170733469 -0.082636539506675 0 0 0
0.0012195121951219512 -0.08977976737892752 0.04459357912435619 0.4344093932697105 0 0 0
0.0012195121951219512 -0.5874313675064228 0.1724424553671478 -0.2852286751851336 0 0 0
0.0012195121951219512 0.17337792575568214 0.03947915369144984 -0.12201363446990113 0 0 0
0.0012195121951219512 -0.649509036712119 -0.015360574013246395 0.1428077256533811 0 0 0
0.0012195121951219512 -0.25451716723136586 -0.30065347210591953 0.15032514308066577 0 0 0
0.0012195121951219512 0.23151016197285434 -0.3387459776051749 -0.15746806369898533 0 0 0
0.0012195121951219512 0.42198098283600016 0.2164659057005835 -0.375481868861499 0 0 0
0.0012195121951219512 0.35602164446972234 -0.02706844020528577 -0.2027510786266569 0 0 0
0.0012195121951219512 0.3473168711626401 0.37221777352955376 -0.32190122312716957 0 0 0
0.0012195121951219512 -0.19146369578040923 -0.475371698480824 -0.23019888421214463 0 0 0
0.0012195121951219512 0.06404607307388668 -0.41437054761334574 -0.040641573800378264 0 0 0
0.0012195121951219512 -0.030429784048654332 -0.361175757161439 0.10372973703823098 0 0 0
0.0012195121951219512 0.5251718217169502 -0.2342484084546087 -0.05806329303383958 0 0 0
0.0012195121951219512 -0.09686511689792959 0.28999629487771045 -0.17083038871685907 0 0 0
0.0012195121951219512 0.20162098943437362 -0.2919931347658232 -0.3426871082511227 0 0 0
0.0012195121951219512 -0.37200696446193193 -0.15267199257551434 -0.27331393790628006 0 0 0
0.0012195121951219512 -0.24270339788857978 -0.025213289459650495 0.1958775726491722 0 0 0
0.0012195121951219512 -0.4231695881202399 0.1825671631235906 0.30190094078757346 0 0 0
0.0012195121951219512 -0.11036821340153735 0.6797824880776155 -0.047275318902708044 0 0 0
0.0012195121951219512 0.3049116103773813 -0.1056207181842371 0.3936789249283446 0 0 0
0.0012195121951219512 0.09776606799622607 -0.4888895032092403 0.3637572386674851 0 0 0
0.0012195121951219512 0.22406638118829936 0.07815501604914163 -0.04218340119820057 0 0 0
0.0012195121951219512 -0.01947720151270193 -0.109692404303822 -0.18768770010952235 0 0 0
0.0012195121951219512 0.2319871113862063 -0.4105668850311257 -0.1324398786230606 0 0 0
0.0012195121951219512 0.3187304905098854 0.06918312693784746 0.4712788644398283 0 0 0
0.0012195121951219512 -0.16483181507017955 -0.445514278549492 0.3649222064117992 0 0 0
0.0012195121951219512 0.48059277212454515 -0.2839943527095196 0.17275037043341573 0 0 0
0.0012195121951219512 -0.2968174800119739 -0.3801656499415716 -0.2492728944327127 0 0 0
0.0012195121951219512 0.5225071555882158 -0.21524174883018 -0.0008502436431078183 0 0 0
0.0012195121951219512 0.007698679503279295 0.6454830347706741 0.06591499502324272 0 0 0
0.0012195121951219512 -0.1672893557168862 0.08583595794724001 -0.2877067853063679 0 0 0
0.0012195121951219512 -0.24750802463460317 0.4971006417108395 0.20668833813004828 0 0 0
0.0012195121951219512 0.2435756212970012 -0.354101060823226 -0.5196072228175647 0 0 0
0.0012195121951219512 0.06172417753990074 0.49027238183474003 -0.04963023488668181 0 0 0
0.0012195121951219512 0.26244449600472064 -0.12287263555697625 -0.30176574399131006 0 0 0
0.0012195121951219512 0.21367212992461496 0.6355801840978025 0.07041107269392848 0 0 0
0.0012195121951219512 -0.5739085444402175 -0.2748402652923697 -0.2068258140841094 0 0 0
0.0012195121951219512 -0.07474768495598628 -0.39628878971593995 -0.19483927776701215 0 0 0
0.0012195121951219512 0.5007813691543223 -0.22781569934897392 -0.3554315770419116 0 0 0
0.0012195121951219512 -0.5130957108607702 -0.20866179863651318 0.4057421015525056 0 0 0
0.0012195121951219512 -0.0950387249251936 0.24127761359938876 -0.23736540516060825 0 0 0
0.0012195121951219512 -0.08766588115233406 0.398665665610504 0.15979699858942795 0 0 0
0.0012195121951219512 -0.3333415478743237 -0.3651039788426487 0.340097412278966 0 0 0
0.0012195121951219512 -0.5603641317277327 0.008731523024875992 -0.29605739785058005 0 0 0
0.0012195121951219512 0.5234683121229757 0.2686605275301302 -0.15118204866991988 0 0 0
0.0012195121951219512 -0.40532213576828213 0.23403946128155828 -0.3158784992879244 0 0 0
0.0012195121951219512 0.2468417384283174 0.08336051948721428 0.424587939079985 0 0 0
0.0012195121951219512 -0.09605977929124275 0.08996238003470357 0.653011711314177 0 0 0
0.0012195121951219512 -0.40724560796067816 -0.20103355832802317 0.4905632188353106 0 0 0
0.0012195121951219512 0.5292178336658889 0.10945920366498017 0.1556249472071209 0 0 0
0.0012195121951219512 -0.09544853318665421 0.4384211644755989 -0.06447375737146252 0 0 0
0.0012195121951219512 0.11842835305484255 0.2694989436638685 -0.4088107481249249 0 0 0
0.0012195121951219512 -0.2050886659969885 -0.4635643996200346 0.07652216892085141 0 0 0
0.0012195121951219512 -0.03551107453572731 -0.5728410265571223 -0.3750239339791902 0 0 0
0.0012195121951219512 0.021628488117019173 0.31192637353892627 -0.5555427833139795 0 0 0
0.0012195121951219512 -0.5699255760690336 0.24114335422879293 0.022999866356941137 0 0 0
0.0012195121951219512 -0.27611365835798884 -0.19388319329362982 -0.5736972006025592 0 0 0
0.0012195121951219512 0.3215699929421171 -0.4277325961769013 0.22168552112622042 0 0 0
0.0012195121951219512 0.22343583859580687 -0.02877143376240357 0.04300852615956941 0 0 0
0.0012195121951219512 -0.5287917990867725 -0.3472083203317707 0.03149149503525623 0 0 0
0.0012195121951219512 -0.14908838661094734 0.09136406675193627 -0.25392667586424805 0 0 0
0.0012195121951219512 -0.4179618674425144 -0.22573258474902064 0.3827064326841682 0 0 0
0.0012195121951219512 0.03484742461517331 -0.002106563889380534 -0.2748078038688058 0 0 0
0.0012195121951219512 0.27198778191918854 -0.4560121764700082 0.3633321918522028 0 0 0
0.0012195121951219512 -0.021311665368397712 -0.03425120113070202 0.09510663082284282 0 0 0
0.0012195121951219512 -0.14780857417132992 -0.24907735351399146 0.22820207847281943 0 0 0
0.0012195121951219512 -0.3735594377159659 -0.3842030364965723 0.12747789068876114 0 0 0
0.0012195121951219512 0.09924467668918498 -0.10675761062711038 -0.16420123173265225 0 0 0
0.0012195121951219512 -0.015272892438544971 0.27520916560480485 -0.39945939712535294 0 0 0
0.0012195121951219512 0.10039747650512255 -0.16469633446480522 0.08436629047558505 0 0 0
0.0012195121951219512 0.09280829799963163 -0.2216828172054321 0.34183661722186326 0 0 0
0.0012195121951219512 0.1292820489173765 -0.1695990031156829 0.500613133805304 0 0 0
0.0012195121951219512 -0.4398114536439306 -0.4314459793475142 -0.039881668539199056 0 0 0
0.0012195121951219512 -0.4871902907156808 0.1075244207408328 -0.20928728358013138 0 0 0
0.0012195121951219512 0.0883144388113664 0.39528517315175987 -0.33377157341846087 0 0 0
0.0012195121951219512 0.12446189813312396 0.5690472014519435 0.0707100975151327 0 0 0
0.0012195121951219512 0.01641432335784799 -0.0015615139250724794 0.25089075512778036 0 0 0
0.0012195121951219512 -0.5505571698472514 -0.20738908225330321 -0.20791814657606997 0 0 0
0.0012195121951219512 0.05329960433259966 -0.2665691201894572 0.48250285741287124 0 0 0
0.0012195121951219512 -0.2774692402583637 0.47302812250394716 0.39601110602255707 0 0 0
0.0012195121951219512 0.6601174868521182 -0.12912710235042557 0.10963408495326112 0 0 0
0.0012195121951219512 0.17679237735644304 0.5265375317628636 -0.10736824454129588 0 0 0
0.0012195121951219512 0.5083438156763301 0.2616168653091641 -0.12401741617939883 0 0 0
0.0012195121951219512 -0.06798928604613728 -0.5595042790241077 -0.28492241707827454 0 0 0
0.0012195121951219512 -0.14189862791544003 0.029583921033575454 0.10122499333330102 0 0 0
0.0012195121951219512 -0.10267166473256428 0.058486273647191715 -0.3388747799486357 0 0 0
0.0012195121951219512 -0.3393048231779931 -0.2826505721545403 -0.352470016795823 0 0 0
0.0012195121951219512 -0.004753576573619918 0.025452891107598276 0.2315760581880814 0 0 0
0.0012195121951219512 0.6604806234952387 -0.13048075867996753 -0.10576372498026405 0 0 0
0.0012195121951219512 -0.392782261046912 0.5040874121709762 -0.23983247042456443 0 0 0
0.0012195121951219512 -0.04095396979472778 -0.66351806371006 0.0038442856076095723 0 0 0
0.0012195121951219512 0.1076060372940542 -0.3341092337641981 -0.5507196635308932 0 0 0
0.0012195121951219512 -0.0019074001993358784 -0.045307954611101216 -0.5172435577514153 0 0 0
0.0012195121951219512 0.0494866555782549 0.3424839360552578 -0.26266685884053725 0 0 0
0.0012195121951219512 0.40834683508717207 -0.11711959638899258 0.17389860598902004 0 0 0
0.0012195121951219512 -0.3031512871177949 0.09576331536929697 -0.026739562938005692 0 0 0
0.0012195121951219512 0.40843072606235953 -0.44665296193362575 -0.14733585821978123 0 0 0
0.0012195121951219512 0.17011026010290298 0.4744700778868048 -0.41811736033868396 0 0 0
0.0012195121951219512 0.024703262580121208 -0.19753656378798706 -0.4515921090373796 0 0 0
0.0012195121951219512 0.1907361056862744 -0.48618648308941653 -0.11360072910750815 0 0 0
0.0012195121951219512 0.1180567278629508 -0.07984569993473577 0.43738964736710106 0 0 0
0.0012195121951219512 0.46558869637734634 -0.12382317118575384 0.06801378430645677 0 0 0
0.0012195121951219512 -0.20521364562394373 -0.33344347177432343 -0.5718500642997228 0 0 0
0.0012195121951219512 0.1676284380097938 -0.35880860705943335 -0.3201357194548663 0 0 0
0.0012195121951219512 -0.41867801632558405 -0.04322441496603857 -0.1762798339811331 0 0 0
0.0012195121951219512 0.08405249038050325 -0.6454880169315705 -0.23296088201048382 0 0 0
0.0012195121951219512 0.2716646425002054 -0.38605425467597737 0.4504944722120283 0 0 0
0.0012195121951219512 -0.22263344789489653 -0.05716215231771735 -0.22042180403250233 0 0 0
0.0012195121951219512 -0.11365007348628739 -0.20144213828077978 -0.27529262557272904 0 0 0
0.0012195121951219512 0.5721126718016719 0.06809706720715282 -0.12278275265827614 0 0 0
0.0012195121951219512 -0.07180366697877631 -0.5975389473241801 -0.18706774573474844 0 0 0
0.0012195121951219512 -0.287302308222417 0.45510057095818524 -0.3776590095907223 0 0 0
0.0012195121951219512 0.43177724014220314 0.01795579210043365 0.19498458428152293 0 0 0
0.0012195121951219512 0.5333176563423849 0.12398722655477984 0.042229193036441987 0 0 0
0.0012195121951219512 0.12996756750508362 -0.4515788320732869 -0.22887797674041918 0 0 0
0.0012195121951219512 -0.2541474803470258 -0.3414891931815343 0.36885119750428197 0 0 0
0.0012195121951219512 0.5212291294434939 -0.21038938792589829 0.38245400981562705 0 0 0
0.0012195121951219512 -0.14811671701424467 -0.2748666737984919 0.2420494113365319 0 0 0
0.0012195121951219512 -0.10431888797568396 0.5341460570694223 -0.1355429360592284 0 0 0
0.0012195121951219512 -0.17545468622310495 0.044095041333052414 -0.5297027415669036 0 0 0
0.0012195121951219512 -0.04577508361904391 0.4963458985254088 -0.29792946183853675 0 0 0
0.0012195121951219512 -0.17246602600582384 0.35813059005642456 0.14592348419647647 0 0 0
0.0012195121951219512 -0.45060105549536444 0.19084080062512335 -0.28165789803080477 0 0 0
0.0012195121951219512 0.270376231186811 0.25350851412145686 0.4043751865266694 0 0 0
0.0012195121951219512 -0.08749239516987763 -0.00021716177979254518 0.1221365421078679 0 0 0
0.0012195121951219512 0.16833271033321023 0.302271935490082 0.09082330503241508 0 0 0
0.0012195121951219512 -0.136135092066401 -0.41043414311703896 -0.4142978935358554 0 0 0
0.0012195121951219512 -0.5112319347270069 0.027416687647245693 -0.345742325731955 0 0 0
0.0012195121951219512 0.5449531765098632 0.304900608800692 -0.05981982695476715 0 0 0
0.0012195121951219512 0.35011468431398146 0.1539537301864589 -0.35610796084587115 0 0 0
0.0012195121951219512 -0.1223392209994358 0.15144311842199026 -0.47970467995200666 0 0 0
0.0012195121951219512 0.20032530384512365 -0.08012254153776052 0.26298695631515634 0 0 0
0.0012195121951219512 -0.037348359697677976 -0.03476030108089983 0.270851455242391 0 0 0
0.0012195121951219512 -0.016112823061671715 -0.103269822248268 -0.62461719080422 0 0 0
0.0012195121951219512 -0.2776826492372842 0.15886745645914052 -0.4878825995930206 0 0 0
0.0012195121951219512 0.32510688555059886 -0.17533516843650046 0.432699641618996 0 0 0
0.0012195121951219512 0.4617942090850722 -0.4128632095774413 0.13591436978723473 0 0 0
0.0012195121951219512 -0.19700395937461285 0.1371801345083478 0.45097191167858613 0 0 0
0.0012195121951219512 -0.28158666956329154 -0.5337730387278831 -0.28323856005978937 0 0 0
0.0012195121951219512 0.056844397375280575 0.17546459168943687 0.02441102795654031 0 0 0
0.0012195121951219512 0.12861049000419927 -0.21105939871250784 0.023400512216751483 0 0 0
0.0012195121951219512 -0.3151735949271267 -0.15983073006527748 -0.3443209983433549 0 0 0
0.0012195121951219512 -0.021662392900690188 0.04252149613162651 0.5076581781419114 0 0 0
0.0012195121951219512 -0.004168504144749287 0.590865402896126 0.3092161149360026 0 0 0
0.0012195121951219512 0.03566743362327959 0.10793515915955951 -0.43581945003789596 0 0 0
0.0012195121951219512 0.17819213518869556 0.021316231587515017 0.5520653937613699 0 0 0
0.0012195121951219512 -0.6121707846367613 -0.01944878145333517 -0.24579233202888726 0 0 0
0.0012195121951219512 0.33038661397315944 0.29725474774790633 0.3227259170909534 0 0 0
0.0012195121951219512 -0.2654465510183635 0.6241642602305102 -0.024642391456971547 0 0 0
0.0012195121951219512 -0.011354547764453214 0.3607065912551105 -0.46788921196265276 0 0 0
0.0012195121951219512 0.47706430268211786 0.20639033936036735 0.08754273555612568 0 0 0
0.0012195121951219512 -0.27377788489742066 -0.5385341865753002 0.03296060415463879 0 0 0
0.0012195121951219512 0.046006483909163724 0.3147263357885101 0.4793353843130181 0 0 0
0.0012195121951219512 -0.10330286098067125 -0.3074023710127442 -0.6107861627179403 0 0 0
0.0012195121951219512 -0.4369792797639793 -0.11677432327294318 -0.11718645818752 0 0 0
0.0012195121951219512 -0.4564953653803911 -0.4422103021775811 0.20039734951332655 0 0 0
0.0012195121951219512 -0.06709517010891003 -0.2257970321958859 0.023987406364315903 0 0 0
0.0012195121951219512 -0.5989894542489002 -0.11618180457775373 -0.24069003896519903 0 0 0
0.0012195121951219512 -0.13585104002530277 -0.3886063211797816 0.11201981498977605 0 0 0
0.0012195121951219512 -0.5642477443012578 0.1798145022337253 0.09737824353025712 0 0 0
0.0012195121951219512 0.41158258729844077 0.14513341608922964 0.1987951866992237 0 0 0
0.0012195121951219512 -0.41485337193774063 -0.24142302141415806 0.3035649522422778 0 0 0
0.0012195121951219512 -0.1264666379376504 0.01195086361708308 -0.06934301528274522 0 0 0
0.0012195121951219512 -0.34241595559307414 -0.2058354170476752 0.5457710989396266 0 0 0
0.0012195121951219512 0.49721314185722526 -0.3031759473148992 -0.34040753281530695 0 0 0
0.0012195121951219512 -0.21392221917196655 0.19113924704883214 0.43360074155832934 0 0 0
0.0012195121951219512 0.08882095819347037 0.3431945627101834 -0.49370412380600703 0 0 0
0.0012195121951219512 0.1406399583409767 0.3885749934047271 -0.22517969092740134 0 0 0
0.0012195121951219512 -0.47638928987012236 -0.42543877624651444 -0.022604828142587175 0 0 0
0.0012195121951219512 0.4935315933309511 -0.1083149058722267 0.23820118512209235 0 0 0
0.0012195121951219512 0.1213177885773226 0.11198933845728129 -0.2929229283343166 0 0 0
0.0012195121951219512 -0.4073773752097879 -0.3059873170254715 -0.4070216069000652 0 0 0
0.0012195121951219512 0.15662230584775705 -0.37428615299910767 -0.2741633229284055 0 0 0
0.0012195121951219512 -0.1876516327579142 0.21205870281184475 0.6103051114407965 0 0 0
0.0012195121951219512 0.3853183708879699 -0.18642596304224598 0.0033977728485584916 0 0 0
0.0012195121951219512 0.10339136110162303 0.03805855340244319 0.6274809958741961 0 0 0
0.0012195121951219512 0.2652240079675144 0.5712657261143914 -0.26382827751227556 0 0 0
0.0012195121951219512 -0.6203343016459896 0.2644457685333901 0.1366810116389218 0 0 0
0.0012195121951219512 -0.34815908589433975 -0.20132085923496093 0.3904670146546369 0 0 0
0.0012195121951219512 -0.2538048993877861 0.2747947285839252 -0.5540457388563022 0 0 0
0.0012195121951219512 0.15971993885297855 -0.05852858994423176 -0.33779429919058235 0 0 0
0.0012195121951219512 0.33737450017377857 0.08728672294429993 0.0781176682908029 0 0 0
0.0012195121951219512 0.12070376872141099 0.2652085724893537 -0.3198058658089923 0 0 0
0.0012195121951219512 -0.08346295606633265 -0.09370491968470102 0.306229470717088 0 0 0
0.0012195121951219512 -0.26217097028722075 0.20973471151018916 0.03411059300964889 0 0 0
0.0012195121951219512 0.33801228912857423 0.3640132926196335 -0.38880948024610207 0 0 0
0.0012195121951219512 0.4976923010593966 -0.007158199418711626 -0.005030314288494857 0 0 0
0.0012195121951219512 -0.09961396072088506 -0.4313524183984683 0.48888115305390706 0 0 0
0.0012195121951219512 -0.2381489225423795 0.30934990774023896 0.169581644052844 0 0 0
0.0012195121951219512 -0.5833706905105603 0.22814557429116536 -0.2909767947321375 0 0 0
0.0012195121951219512 -0.46118264831248146 -0.05957384712457272 -0.26685860090571056 0 0 0
0.0012195121951219512 0.2082964160951045 -0.5843607713293187 0.18114390703343733 0 0 0
0.0012195121951219512 0.21357823033306786 0.17046901194402475 0.5145953523024926 0 0 0
0.0012195121951219512 0.2823881757544897 0.1511875130304626 0.4614057878948548 0 0 0
0.0012195121951219512 0.10978191971377989 0.11442561271159266 -0.30865645257036484 0 0 0
0.0012195121951219512 -0.33013917897544465 0.19572233033481437 -0.22680766407088193 0 0 0
0.0012195121951219512 0.09673058581140956 -0.32870743040228084 0.2559104101376598 0 0 0
0.0012195121951219512 -0.31276312767537134 0.41621760803969027 0.23428574778205205 0 0 0
0.0012195121951219512 -0.13912649212086278 0.49247782215700586 -0.19128438114348753 0 0 0
0.0012195121951219512 0.021012974390029387 0.12996351126500938 0.41746213701619667 0 0 0
0.0012195121951219512 0.005710169068902968 0.3175640154578787 0.024358876787891507 0 0 0
0.0012195121951219512 -0.29968098999665926 0.12366025368672855 -0.009947573588388324 0 0 0
0.0012195121951219512 0.0514526005675376 -0.21716496137071234 -0.24608250862272868 0 0 0
0.0012195121951219512 0.0011889163794949298 -0.06548058961342754 0.32287422894873186 0 0 0
0.0012195121951219512 0.2698871961404017 0.2400171104007097 0.40966593755283986 0 0 0
0.0012195121951219512 0.002268865496151567 0.2991073925715965 -0.002794606580627233 0 0 0
0.0012195121951219512 -0.24939953516254226 -0.03390472239020661 -0.2392004063420133 0 0 0
0.0012195121951219512 -0.4883401381270655 -0.17328431826885007 0.4492391164846284 0 0 0
0.0012195121951219512 0.2897115550281759 0.2693927656986631 -0.09706193978754415 0 0 0
0.0012195121951219512 -0.23810528987674512 -0.37080997318785996 -0.27209931234380846 0 0 0
0.0012195121951219512 0.16526125790019167 0.11678354986202653 -0.438436793815032 0 0 0
0.0012195121951219512 -0.38917714278460974 0.44030563492588454 -0.11051007954300231 0 0 0
0.0012195121951219512 -0.37054731499179244 0.15476705586352296 0.32733576161363126 0 0 0
0.0012195121951219512 0.01476154890101281 -0.5974211425524236 -0.22076495961037965 0 0 0
0.0012195121951219512 -0.10003947496176172 0.017078398545912636 -0.45435566733299065 0 0 0
0.0012195121951219512 0.21537045396407486 -0.29251118387843256 -0.12235879303407081 0 0 0
0.0012195121951219512 0.2733663715166419 0.4587670374040802 -0.24514414141207302 0 0 0
0.0012195121951219512 -0.26263521824003333 -0.3425500363673019 0.48696012826102886 0 0 0
0.0012195121951219512 -0.20344277591355242 0.28508543066114095 0.010781576191852903 0 0 0
0.0012195121951219512 0.4239779941676158 0.33716007459466324 0.41137689790681276 0 0 0
0.0012195121951219512 -0.13875832560287957 -0.15783068952283433 -0.09358109229214027 0 0 0
0.0012195121951219512 0.4109349083690433 -0.2614511758477146 -0.4579598531657384 0 0 0
0.0012195121951219512 0.12125998354081678 -0.38197166791464426 0.25994081875787894 0 0 0
0.0012195121951219512 -0.38972061143561604 0.41869855910350723 -0.03498079410773365 0 0 0
0.0012195121951219512 -0.04611562577743199 -0.5354350088956773 -0.12689241644207652 0 0 0
0.0012195121951219512 -0.07884498330506129 0.038361996717570776 0.2251954429803577 0 0 0
0.0012195121951219512 -0.33397946453499155 -0.14112826476841853 0.39946000878858495 0 0 0
0.0012195121951219512 0.01751681184539938 -0.32024974071280704 0.24893861145845655 0 0 0
0.0012195121951219512 0.4734170113093811 -0.29759939238681465 -0.023689756802413562 0 0 0
0.0012195121951219512 -0.5506621787377806 -0.18099228796046443 -0.3576548907398894 0 0 0
0.0012195121951219512 0.13530097597475718 -0.35498803765967785 0.5671522196772257 0 0 0
0.0012195121951219512 0.054803481045062295 0.6008320811984527 0.23499616550715535 0 0 0
0.0012195121951219512 0.20136490903794702 0.42613689545826594 0.2841257683901655 0 0 0
0.0012195121951219512 0.05996309926544472 -0.2287755509026051 -0.5278327624577699 0 0 0
0.0012195121951219512 -0.4262008412476892 -0.4757849610962669 0.1563663806806258 0 0 0
0.0012195121951219512 -0.18931512331578362 -0.33959902203201947 -0.17139819376227675 0 0 0
0.0012195121951219512 -0.1404554684901094 0.4132040471401381 -0.15265656403309552 0 0 0
0.0012195121951219512 -0.383669300867232 -0.24714592367646107 0.24282391304299972 0 0 0
0.0012195121951219512 -0.12521446354379548 0.12712037863723624 -0.43935822743592956 0 0 0
0.0012195121951219512 0.05161577632059544 0.17184512235698138 -0.44554269541758684 0 0 0
0.0012195121951219512 0.0874363023339644 -0.35316456887626846 -0.3856549859413135 0 0 0
0.0012195121951219512 -0.28867333415332047 -0.2265701322828236 0.5605315453353326 0 0 0
0.0012195121951219512 -0.3126976147813178 -0.42194353630992815 -0.014203715688960663 0 0 0
0.0012195121951219512 -0.4354421185796056 -0.46078167716022755 -0.08157736255785591 0 0 0
0.0012195121951219512 0.06667976643126972 0.45427026501386863 0.3121049573955448 0 0 0
0.0012195121951219512 -0.11786338005002968 -0.319424549429178 0.3284810451190538 0 0 0
0.0012195121951219512 0.20174659214654808 -0.18015876172411646 0.30447922401386307 0 0 0
0.0012195121951219512 0.18520889028219326 -0.1823360744599707 0.4068463734791216 0 0 0
0.0012195121951219512 -0.016764354252986977 -0.010800589399709902 -0.6022815023188103 0 0 0
0.0012195121951219512 0.2609245795254182 -0.5681992027218975 0.20319982890277263 0 0 0
0.0012195121951219512 -0.5400726914824547 0.3343924532824754 0.1429392161231229 0 0 0
0.0012195121951219512 0.2672459014504792 -0.22334842990513784 0.1958926044595257 0 0 0
0.0012195121951219512 0.21270276798733345 0.30892827291014874 -0.5336483923709372 0 0 0
0.0012195121951219512 -0.2629713481596529 0.21939417667113362 0.3444889626921506 0 0 0
0.0012195121951219512 0.45273379016525706 0.10436373541166781 -0.3708997003499668 0 0 0
0.0012195121951219512 -0.3115438491980879 0.33414606221594406 -0.31169324759262845 0 0 0
0.0012195121951219512 -0.39705782451765187 -0.16110960076249237 0.3449756568904688 0 0 0
0.0012195121951219512 -0.6027716122344976 0.044365482352012604 -0.04404962734074621 0 0 0
0.0012195121951219512 -0.38103597137406786 -0.3108740727898796 -0.2190102841544339 0 0 0
0.0012195121951219512 0.18270587185708725 0.14090133694939788 -0.13858841435010807 0 0 0
0.0012195121951219512 0.22931789446495446 0.1451601834813762 0.13693361176211324 0 0 0
0.0012195121951219512 -0.1176994062701128 0.007219486533723816 -0.241401645322148 0 0 0
0.0012195121951219512 0.2922039977825109 0.10326715154229842 -0.4965862262567981 0 0 0
0.0012195121951219512 -0.2663580067008786 -0.5225934072353793 0.05696786472468533 0 0 0
0.0012195121951219512 0.2258402148659748 -0.21207609528018778 -0.11007605611065961 0 0 0
0.0012195121951219512 -0.12231742656903817 -0.5005486870851323 -0.0035179173718430583 0 0 0
0.0012195121951219512 0.07658743014052745 0.1511033950086045 -0.250609424974162 0 0 0
0.0012195121951219512 0.205049242217198 0.37545907055264527 -0.25682921718466967 0 0 0
0.0012195121951219512 -0.3481014385813591 -0.2044683488855864 -0.3239595770683458 0 0 0
0.0012195121951219512 -0.034704497882488576 0.032533342672891756 -0.5214576005872599 0 0 0
0.0012195121951219512 0.0938739393624829 0.6355935743223837 -0.20903365106945568 0 0 0
0.0012195121951219512 0.5151972775959619 0.13061502071387995 0.009065948081652325 0 0 0
0.0012195121951219512 -0.0628360809545048 -0.39714219612942614 -0.5247383685868924 0 0 0
0.0012195121951219512 -0.47910960516200124 0.4540158790514045 -0.1146593701625895 0 0 0
0.0012195121951219512 0.02663466788213735 0.3689446017775982 -0.15562465730607417 0 0 0
0.0012195121951219512 0.6382990836916651 0.039068196000838266 0.05103021297909824 0 0 0
0.0012195121951219512 0.2675073818786973 -0.15464402316327586 -0.5239868851736901 0 0 0
0.0012195121951219512 -0.5693280059503169 -0.07962868566774191 0.15657191106229335 0 0 0
0.0012195121951219512 -0.5345396924046806 0.03928389872205632 0.003626640979706856 0 0 0
0.0012195121951219512 -0.4682970774002488 0.4060500482643896 0.14435935694343446 0 0 0
0.0012195121951219512 -0.473286677642106 0.18245486935440194 -0.39521258821095834 0 0 0
0.0012195121951219512 0.2722531064245675 -0.24382517461455544 -0.2746855464971358 0 0 0
0.0012195121951219512 -0.021901656483561183 -0.06078445537911621 -0.13305648854175045 0 0 0
0.0012195121951219512 0.10708681423896375 0.6380928760555684 -0.03506003838283772 0 0 0
0.0012195121951219512 0.23805182513502873 0.006336129449085627 -0.2078220523739847 0 0 0
0.0012195121951219512 0.6094926950248248 0.08107093259446205 0.22341129255004918 0 0 0
0.0012195121951219512 -0.3009515066836021 0.2769856822970279 -0.2871307548481718 0 0 0
0.0012195121951219512 -0.3416820589085888 -0.4142817596300519 -0.1977687829981264 0 0 0
0.0012195121951219512 0.15599829033092413 0.49950691781495643 -0.05654682410886743 0 0 0
0.0012195121951219512 0.605537948764504 0.014667430930968697 0.15916623222708098 0 0 0
0.0012195121951219512 -0.498217390899773 0.13008334295107882 0.2725868655726341 0 0 0
0.0012195121951219512 -0.29129881218454917 0.009836723585381336 -0.28653250253340873 0 0 0
0.0012195121951219512 -0.20588989982721959 -0.06217184613535577 0.2331805499415324 0 0 0
0.0012195121951219512 -0.24236470136933339 -0.350958643969824 -0.5184399511048572 0 0 0
0.0012195121951219512 -0.27129981894142563 0.5251294354929901 0.21264734146600947 0 0 0
0.0012195121951219512 0.4016474954997726 0.42451400467140465 -0.3126334663907425 0 0 0
0.0012195121951219512 0.07366097828726638 -0.36776070380537523 -0.13869382899866872 0 0 0
0.0012195121951219512 0.37706115770542364 0.09641514966294193 -0.46009641439021143 0 0 0
0.0012195121951219512 0.3602316002064303 0.4124333648823326 0.06362917570632301 0 0 0
0.0012195121951219512 -0.3425847658598365 0.15713536442452294 -0.47189224995896323 0 0 0
0.0012195121951219512 -0.28721908986004097 0.050422812989890674 -0.5205417140626665 0 0 0
0.0012195121951219512 -0.36589155214185953 0.20257572735468707 -0.31780534033623786 0 0 0
0.0012195121951219512 -0.06500927983300588 0.4619111716132225 -0.2761180658668812 0 0 0
0.0012195121951219512 -0.4968804468768517 -0.11842104163728742 0.3808327489240552 0 0 0
0.0012195121951219512 0.011205664180364573 0.3137433150264683 0.399890298524757 0 0 0
0.0012195121951219512 -0.02656836242289465 -0.100768598475587 -0.12203245179147379 0 0 0
0.0012195121951219512 -0.3249650090620909 -0.0032839640263740227 0.5658841274506572 0 0 0
