780
0
0.001282051282051282 0.008217001591429008 -0.28145829483174334 0.5530983462321469 0 0 0
0.001282051282051282 -0.44880371381873563 -0.3579794501878802 -0.32561117391002065 0 0 0
0.001282051282051282 -0.33659636213523547 -0.28006408409901923 0.15717134061255356 0 0 0
0.001282051282051282 0.3330207911750684 0.40335389022301266 0.14221977233866068 0 0 0
0.001282051282051282 0.07086574754347494 -0.18153371009766783 -0.2747098313549496 0 0 0
0.001282051282051282 -0.5820737550657088 0.3421829305175878 -0.019596834449202936 0 0 0
0.001282051282051282 0.05689052782424722 0.6018141975233796 0.09797353746117927 0 0 0
0.001282051282051282 -0.49101883034554 -0.4070142156232236 -0.18035689078048123 0 0 0
0.001282051282051282 0.28624086794694914 -0.18990791200973264 0.34460509018774804 0 0 0
0.001282051282051282 -0.3200751030154396 0.5344948475061284 -0.12167852533445732 0 0 0
0.001282051282051282 -0.16340801195932828 -0.20586897912883972 0.0802342575502647 0 0 0
0.001282051282051282 0.09513662533060295 -0.13993732396937467 0.4238051250859719 0 0 0
0.001282051282051282 -0.6753743362520174 -0.05910368518441168 -0.12634770642252702 0 0 0
0.001282051282051282 -0.03525755021121756 -0.056418355630757255 -0.4990902040654161 0 0 0
0.001282051282051282 0.1470505084596903 0.07338280924324682 -0.6090627541798783 0 0 0
0.001282051282051282 -0.07878249622759416 -0.6321732983606518 0.2585948581396714 0 0 0
0.001282051282051282 0.5638554712133937 -0.236266406591217 0.17109016881790895 0 0 0
0.001282051282051282 0.28144928824262455 0.3597384788176521 -0.2054333269831248 0 0 0
0.001282051282051282 -0.4246421069241763 0.4581900444705423 -0.1321627444566553 0 0 0
0.001282051282051282 -0.0009553934853994965 0.20237929467869029 -0.04905906501885776 0 0 0
0.001282051282051282 -0.3734915616171115 -0.024866481616591718 0.3882957417415315 0 0 0
0.001282051282051282 0.38890776373604496 0.0279221699080954 0.5040077637701598 0 0 0
0.001282051282051282 0.30322623605537524 -0.5162462240380468 -0.011985185926729862 0 0 0
0.001282051282051282 -0.18498878782151137 0.2322844346648844 -0.23639166322589317 0 0 0
0.001282051282051282 0.5642611912323889 -0.16531019500113925 0.22371122939107668 0 0 0
0.001282051282051282 -0.10568067281115774 -0.16235976157432577 -0.024172498853869157 0 0 0
0.001282051282051282 0.05984977166394312 -0.19318410653000187 -0.3561328488727889 0 0 0
0.001282051282051282 0.6767871652368008 -0.043007648925866344 -0.049957300208262855 0 0 0
0.001282051282051282 -0.06153684791857767 -0.34072354231439905 0.36515240263275645 0 0 0
0.001282051282051282 -0.1789258411830623 -0.1990981383386764 0.34168773449435047 0 0 0
0.001282051282051282 -0.295663243779875 0.13260334046041822 0.5024260761984762 0 0 0
0.001282051282051282 -0.06576929857480286 0.09013997239137865 -0.07572310064602353 0 0 0
0.001282051282051282 -0.47019945378934785 -0.14284004077174553 -0.3725061591071968 0 0 0
0.001282051282051282 0.5335681403358462 0.0581564673175147 -0.0406906518936215 0 0 0
0.001282051282051282 0.445477291032659 -0.04681831078632944 -0.0293518568925628 0 0 0
0.001282051282051282 0.16133517314094153 0.024949288870945767 0.22106766177328535 0 0 0
0.001282051282051282 -0.0026807490630428427 -0.3999166208520267 0.17793884699306983 0 0 0
0.001282051282051282 0.3634884361087897 0.2359799726882283 0.04445715658038969 0 0 0
0.001282051282051282 -0.13187930606790446 -0.35074037559162724 -0.28719969202296175 0 0 0
0.001282051282051282 0.10548639295105514 0.035518885161049764 -0.21705007095467896 0 0 0
0.001282051282051282 -0.24763359094061524 0.22579873789922358 0.18778337202788428 0 0 0
0.001282051282051282 -0.44625178252581016 0.07665057951192314 -0.24211487820466332 0 0 0
0.001282051282051282 -0.4576757523347208 -0.024229742821174283 -0.49088516139939165 0 0 0
0.001282051282051282 0.06846955965038151 0.2770617868626461 0.5586684079768969 0 0 0
0.001282051282051282 0.4332027645449221 -0.14104884975732113 -0.46803469015389604 0 0 0
0.001282051282051282 -0.09796292032062413 0.35544436234130444 0.07746277901746836 0 0 0
0.001282051282051282 -0.5683216327110874 0.20511190719910738 0.017959887527310307 0 0 0
0.001282051282051282 0.2944004408273734 0.06406643459345839 0.035963038991898656 0 0 0
0.001282051282051282 -0.22371449039739427 0.2686053897828564 0.26813652051383957 0 0 0
0.001282051282051282 0.24549028509651233 0.05348213491391786 0.2518377731312989 0 0 0
0.001282051282051282 0.4722851961878953 -0.3893202824857764 0.2804207424519833 0 0 0
0.001282051282051282 -0.12003007908084276 0.5872443306455637 0.23943562225847587 0 0 0
0.001282051282051282 -0.17089198756526994 -0.1955342288821396 -0.2788618211314017 0 0 0
0.001282051282051282 -0.09248612163234324 0.04351280011971438 0.29273014221055865 0 0 0
0.001282051282051282 -0.20389848667867772 0.3197408444339503 0.042651510687078904 0 0 0
0.001282051282051282 -0.15223448642319484 -0.4420349550673058 -0.2704781621751054 0 0 0
0.001282051282051282 0.05286157523494705 0.15583957309486315 -0.380186524396883 0 0 0
0.001282051282051282 0.1804921749255814 0.5129773157475918 -0.05789279193518177 0 0 0
0.001282051282051282 -0.03291013536294057 0.4464643604896481 0.4145381833225279 0 0 0
0.001282051282051282 0.3318556525128345 0.43418736743225306 -0.21157864950083155 0 0 0
0.001282051282051282 -0.26232247702082956 -0.23111528770000497 0.3480624821309875 0 0 0
0.001282051282051282 -0.5113669109886886 0.35837855987975964 0.23407325775816015 0 0 0
0.001282051282051282 0.21406793742919264 0.5584877461459172 -0.24188484917048425 0 0 0
0.001282051282051282 0.24191869018887818 0.5111911619712514 -0.12724930614565644 0 0 0
0.001282051282051282 0.2698776974648594 0.30897061017469446 0.37247050442067847 0 0 0
0.001282051282051282 0.3412774745601023 0.24203221511917472 0.17848443190585656 0 0 0
0.001282051282051282 -0.07278324913947803 -0.017418973727253366 0.3884524095868044 0 0 0
0.001282051282051282 0.11815443155593322 0.3150877566650106 -0.4135530445221591 0 0 0
0.001282051282051282 -0.34888147571400463 0.16269292786581585 0.03336072459056637 0 0 0
0.001282051282051282 -0.35179222422500106 0.18724500435710129 -0.06034778372707954 0 0 0
0.001282051282051282 -0.21976945473382553 -0.3157300505198579 0.11417324902611911 0 0 0
0.001282051282051282 -0.15028309754597793 0.4023678048650952 0.11960348882652248 0 0 0
0.001282051282051282 0.11299593263088668 0.22269069668567731 -0.03279271164514797 0 0 0
0.001282051282051282 0.1547483691775257 -0.31041567772638784 0.3520872891839189 0 0 0
0.001282051282051282 0.08160774104749584 -0.3213796934180371 -0.49333788785856575 0 0 0
0.001282051282051282 0.6607330013854598 -0.18814948086722189 0.05519610108960597 0 0 0
0.001282051282051282 0.27568404605021607 -0.36283018525388355 0.09766915797874047 0 0 0
0.001282051282051282 -0.27068814230247884 0.06176168899094687 -0.4460710269410959 0 0 0
0.001282051282051282 -0.018624466638923295 -0.31107218780345447 0.5200569715655879 0 0 0
0.001282051282051282 -0.21796076528176803 -0.19499535785136665 -0.24602960792310244 0 0 0
0.001282051282051282 -0.03776715343157516 0.006757826089370411 -0.40032365876749987 0 0 0
0.001282051282051282 0.03321342559863113 -0.6071069363612925 -0.16401544499100182 0 0 0
0.001282051282051282 -0.04339019825827135 -0.1849202497701808 0.40243273973988924 0 0 0
0.001282051282051282 -0.31752880489935115 0.208947024153821 -0.25135518682130276 0 0 0
0.001282051282051282 0.121237252170668 -0.27205089143734706 0.41848453128094487 0 0 0
0.001282051282051282 -0.5265971225678209 0.03796306147520952 -0.19171604760547512 0 0 0
0.001282051282051282 -0.3037542677280401 0.5226041294220501 -0.13523311148331463 0 0 0
0.001282051282051282 0.530666174189008 -0.08510419515979853 0.39247088774940947 0 0 0
0.001282051282051282 -0.5427371389080601 0.25333440395677215 -0.03645004648735713 0 0 0
0.001282051282051282 -0.3193810563221208 0.19196366813463397 -0.38280652068677407 0 0 0
0.001282051282051282 -0.07599477865294853 -0.5942769794330022 -0.29148553950077344 0 0 0
0.001282051282051282 0.44677371874851285 -0.023584289489037333 -0.42886518520360195 0 0 0
0.001282051282051282 -0.15123047232881948 -0.1111158599592362 -0.3746278189039017 0 0 0
0.001282051282051282 0.19258118379533307 -0.08304725140169762 0.41002265315054937 0 0 0
0.001282051282051282 -0.48022555582350407 -0.09863973885776077 -0.3481671329193401 0 0 0
0.001282051282051282 0.2328758895703579 -0.2768062222373851 0.3510966671298797 0 0 0
0.001282051282051282 0.023028943576547507 -0.5032970389971977 0.2840726567338855 0 0 0
0.001282051282051282 0.27346770794961955 -0.5397265958048459 -0.29370377921648433 0 0 0
0.001282051282051282 0.288919221071861 -0.3466357023653036 -0.5010291940642865 0 0 0
0.001282051282051282 -0.020420305101765714 0.20879771831946867 0.0606163942019742 0 0 0
0.001282051282051282 -0.013049816203830297 0.6244980983473855 0.16376969460038523 0 0 0
0.001282051282051282 0.06833220201712727 -0.0627921421847817 -0.06815066882437663 0 0 0
0.001282051282051282 0.5881396564897385 0.10778700941914392 -0.262752140375285 0 0 0
0.001282051282051282 0.16908925829277807 -0.10920205791082607 0.18970563913284727 0 0 0
0.001282051282051282 -0.08799496933388239 0.25262655919184784 -0.0655287958908702 0 0 0
0.001282051282051282 -0.18192116623873217 -0.3261461622564032 0.2552321779856385 0 0 0
0.001282051282051282 -0.0697907612311334 -0.07202324290581615 0.1457405915449766 0 0 0
0.001282051282051282 0.07279028716806563 -0.3076563726703484 -0.03561551536493045 0 0 0
0.001282051282051282 0.4375598292677196 0.3842772488515514 0.2765246080385683 0 0 0
0.001282051282051282 -0.2801419154009498 0.37670823376329615 0.030008116984358655 0 0 0
0.001282051282051282 0.35186111437097845 -0.15244072126968286 0.3641436128364742 0 0 0
0.001282051282051282 0.21204263992842615 0.022607789010727658 0.1837819643966669 0 0 0
0.001282051282051282 0.15800043698970265 -0.22286836120931802 -0.4697605257161764 0 0 0
0.001282051282051282 0.5485145217411019 0.013558757439717338 0.24967539502429656 0 0 0
0.001282051282051282 0.3288249386519153 -0.02816565379944635 0.2096317803704163 0 0 0
0.001282051282051282 0.1937080122408733 -0.006916778826030065 0.2444518092449801 0 0 0
0.001282051282051282 -0.09270093489698795 0.178237364826798 0.10547960033340902 0 0 0
0.001282051282051282 -0.23513270440280978 -0.1605985568478024 0.2823019209149099 0 0 0
0.001282051282051282 0.523786461738856 -0.38505334927310825 -0.06801599276689323 0 0 0
0.001282051282051282 -0.05608743140140547 0.18616948229982289 0.0742809821899876 0 0 0
0.001282051282051282 -0.5704592103961786 0.11629405538775699 -0.12291714458913681 0 0 0
0.001282051282051282 -0.25691337709360546 0.2818722480452179 -0.08477965280553679 0 0 0
0.001282051282051282 0.26189779940310726 0.5241135470699779 -0.33998695818277713 0 0 0
0.001282051282051282 0.10261692935149913 0.18381123757651927 0.26036155514545906 0 0 0
0.001282051282051282 0.4874963248837282 -0.37836574935670847 0.24344557922035945 0 0 0
0.001282051282051282 -0.30255820646748116 -0.19302654338983635 0.013828373789116478 0 0 0
0.001282051282051282 -0.4611183589650647 -0.44404155708459603 0.2086242387954665 0 0 0
0.001282051282051282 -0.1910148910020362 -0.017373366812541816 0.5258050849707236 0 0 0
0.001282051282051282 0.05463549872397541 0.4996618760888303 0.2868506204332675 0 0 0
0.001282051282051282 -0.5343380107516355 0.0775387843823597 -0.3036455656052725 0 0 0
0.001282051282051282 -0.28426725864260766 -0.39785113604218175 -0.47215144775985407 0 0 0
0.001282051282051282 -0.19533906729700773 -0.034922154482124136 -0.108333744354548 0 0 0
0.001282051282051282 0.42126458250741033 -0.1698024423401777 0.11524374988622921 0 0 0
0.001282051282051282 -0.256316339995318 0.32362531478948947 0.14752746140690542 0 0 0
0.001282051282051282 0.3726774820087521 -0.39426901718556184 0.10839938176577832 0 0 0
0.001282051282051282 0.4698851299169189 -0.07613699627443263 -0.28048226296130846 0 0 0
0.001282051282051282 -0.24876665453257538 0.0883113659923215 0.4103012158124284 0 0 0
0.001282051282051282 -0.08806130932683079 0.2518395190723558 0.5825016381776636 0 0 0
0.001282051282051282 0.20932092287830692 0.1726643294821523 0.16961398541392986 0 0 0
0.001282051282051282 0.3263878908239414 0.3738396663890217 -0.14854340514180245 0 0 0
0.001282051282051282 0.4614681885427655 0.024756555904005655 0.42267602773214713 0 0 0
0.001282051282051282 0.6277205662056055 -0.18481345062095603 0.0892654169903549 0 0 0
0.001282051282051282 0.18071177201822763 0.6246340362798032 0.05428447358591058 0 0 0
0.001282051282051282 -0.05513750954036856 0.547553432605366 0.20171747155398123 0 0 0
0.001282051282051282 -0.4558259931816304 0.014387156338677931 0.36489706411038714 0 0 0
0.001282051282051282 0.1390642436873755 0.12761966005310243 -0.5347876818576365 0 0 0
0.001282051282051282 0.266218072643159 -0.29538671715554055 0.0052092013223517825 0 0 0
0.001282051282051282 0.5928395030816311 -0.00681902781734774 -0.17169798685143187 0 0 0
0.001282051282051282 0.07064701067755863 -0.39754847005732746 0.41250356435035246 0 0 0
0.001282051282051282 -0.39889366833546497 -0.5222185708891304 -0.15626806262385926 0 0 0
0.001282051282051282 0.19990436550647664 -0.2604732418975063 -0.11923875334864983 0 0 0
0.001282051282051282 -0.5282284771995142 0.1893698769841386 0.2849517320129178 0 0 0
0.001282051282051282 0.3536197585835506 0.31566457125998254 0.06618320775362985 0 0 0
0.001282051282051282 0.5193604353908646 0.2465649244179818 -0.36477585032777315 0 0 0
0.001282051282051282 -0.6377177925194962 0.16831241268194183 -0.07516218222916742 0 0 0
0.001282051282051282 0.006088075296861111 0.11241870321331732 -0.23953312438547952 0 0 0
0.001282051282051282 0.3126351668338747 0.045611742672505756 -0.33879567127236493 0 0 0
0.001282051282051282 0.4268340758390212 -0.3922348134925837 0.3288579251112391 0 0 0
0.001282051282051282 0.49241811169039407 0.3234914941438621 0.026885545720933435 0 0 0
0.001282051282051282 0.09705340246315997 0.17111627957915435 0.34679874623731516 0 0 0
0.001282051282051282 -0.07059340421275025 -0.5935180877353274 0.21698850918880822 0 0 0
0.001282051282051282 -0.1096190630342639 0.5375798527721075 0.2754140386430415 0 0 0
0.001282051282051282 0.15448690914558813 0.4112475740902498 -0.4856728636862228 0 0 0
0.001282051282051282 -0.3329986658192696 0.09195344909034577 0.5101152167324884 0 0 0
0.001282051282051282 -0.061634397473376686 0.09441502879702353 -0.5867346458118358 0 0 0
0.001282051282051282 0.14848582308322983 0.0001700152505640623 0.592568653951792 0 0 0
0.001282051282051282 -0.2429379151570756 0.5398078509596187 -0.2460597989471716 0 0 0
0.001282051282051282 -0.2184817803986126 0.5479505161520163 0.19268261624748875 0 0 0
0.001282051282051282 0.4416644490783428 0.1879462532248187 0.28442922163830936 0 0 0
0.001282051282051282 -0.3633090135155174 0.2027279741132389 0.09851162132830786 0 0 0
0.001282051282051282 0.02181401086803926 0.48109898531438156 0.034239417968632425 0 0 0
0.001282051282051282 0.3490974843110468 0.3236481230477706 -0.3518839115581208 0 0 0
0.001282051282051282 0.02827149801385132 0.35254554164397744 0.28990142427699206 0 0 0
0.001282051282051282 0.03746629259669578 0.3815938675276333 0.515648150306984 0 0 0
0.001282051282051282 -0.01419394864775462 -0.008835861854366083 -0.3142728452164137 0 0 0
0.001282051282051282 -0.23187620108108462 -0.13004996267586721 -0.6204387043345237 0 0 0
0.001282051282051282 -0.22467890175085942 -0.3702081209753504 -0.26241046700390946 0 0 0
0.001282051282051282 -0.11684458304135839 0.18849169023337348 -0.5986427700509133 0 0 0
0.001282051282051282 -0.27016479168847624 0.2023258542561583 -0.06506704638143988 0 0 0
0.001282051282051282 0.06851202483287071 0.15894863858162991 0.2671857931500665 0 0 0
0.001282051282051282 -0.40289738463313096 0.5537098622291221 -0.0027255089447923574 0 0 0
0.001282051282051282 0.2742041961817205 -0.04008618215399901 0.543129726625414 0 0 0
0.001282051282051282 -0.36989353711243295 -0.13731643533426904 -0.4240286282569656 0 0 0
0.001282051282051282 0.4825088230457849 0.2553407765318406 -0.056674828868695064 0 0 0
0.001282051282051282 0.3456651794378137 0.1943979850110503 -0.35297239713161827 0 0 0
0.001282051282051282 -0.18868256994571406 0.612743799065738 0.02459240632606861 0 0 0
0.001282051282051282 0.06432975466646539 -0.1572644592469805 0.11181829587424924 0 0 0
0.001282051282051282 -0.10632616291844703 0.08869353029011816 0.07505924733887052 0 0 0
0.001282051282051282 -0.4631772372136486 0.19550622593311248 0.3181912743230523 0 0 0
0.001282051282051282 0.012503744169467642 0.6145657107488618 -0.23842768804831713 0 0 0
0.001282051282051282 0.4506880978514956 -0.29361674075310257 -0.26909107037607505 0 0 0
0.001282051282051282 -0.3834388472692076 -0.4201927228842692 -0.3546133318756773 0 0 0
0.001282051282051282 0.17521478600186127 -0.13954153848721962 0.5524052804211548 0 0 0
0.001282051282051282 0.27737714587793294 -0.4746683801369511 -0.24948017095660496 0 0 0
0.001282051282051282 -0.04273193259887123 -0.5224000247607518 0.2622726350857571 0 0 0
0.001282051282051282 0.14125200850407982 0.23512039210173624 0.5734240392737889 0 0 0
0.001282051282051282 0.16421104731029554 0.04939737543861266 0.14180217293472727 0 0 0
0.001282051282051282 -0.2775681088607704 -0.10643115583338113 0.4012539914112281 0 0 0
0.001282051282051282 -0.12445106549782246 -0.2555669545483574 -0.4366509619080918 0 0 0
0.001282051282051282 -0.5490832397628048 -0.1015305992926519 -0.18797285835012856 0 0 0
0.001282051282051282 -0.054143722292598236 0.26555837502488017 0.308241534921932 0 0 0
0.001282051282051282 -0.0968078714625965 0.012370279503033986 0.372286564119405 0 0 0
0.001282051282051282 0.051633920978618526 -0.020978186263057527 -0.2658604286830093 0 0 0
0.001282051282051282 0.0712705415862322 0.5035045234827901 0.11591904022023616 0 0 0
0.001282051282051282 -0.32484751567926085 -0.3841680516444134 0.32522129425566176 0 0 0
0.001282051282051282 0.26852642648278185 -0.2192855173788539 -0.25934482931934766 0 0 0
0.001282051282051282 -0.19690901080073736 0.11276114788171517 0.010231664309903597 0 0 0
0.001282051282051282 0.4279553767276856 0.009926250767960132 0.3586238507206104 0 0 0
0.001282051282051282 -0.4344650754763738 -0.49173157018875635 0.1790679632529984 0 0 0
0.001282051282051282 0.5348922158552595 -0.10683616528490816 0.41391104498862 0 0 0
0.001282051282051282 0.5804177673627169 0.15338603794667696 0.12718315487516255 0 0 0
0.001282051282051282 -0.2113102525979483 -0.049871220747236614 -0.04987233051174827 0 0 0
0.001282051282051282 -0.10799835432876104 -0.49959348766477346 -0.45640988074295763 0 0 0
0.001282051282051282 0.14215837199250916 0.38869716584963165 -0.15925216103961784 0 0 0
0.001282051282051282 0.3564045570908661 -0.2598054411078843 0.3154807095099179 0 0 0
0.001282051282051282 0.07386800431459309 0.31423437120456726 0.453114327445727 0 0 0
0.001282051282051282 -0.031574521434206373 -0.4093873460939529 0.5454017284457972 0 0 0
0.001282051282051282 0.23109452912342587 -0.3958338176799455 0.3116342306657932 0 0 0
0.001282051282051282 0.021867175270186084 0.33374484330897586 -0.16075075662904403 0 0 0
0.001282051282051282 0.32311529021050006 -0.26473568416307924 0.11545313603399535 0 0 0
0.001282051282051282 0.04604722996218316 -0.2525465769987042 -0.5671290251354137 0 0 0
0.001282051282051282 -0.08329538840646139 -0.49379400935239376 0.40835420736455025 0 0 0
0.001282051282051282 0.5146909845951011 0.2542217359994278 -0.2157909181500134 0 0 0
0.001282051282051282 -0.05136508345399987 -0.20087300518784854 -0.14817738119662943 0 0 0
0.001282051282051282 0.08415814942562631 0.3113105566810673 -0.496584245099777 0 0 0
0.001282051282051282 -0.5857654105564505 -0.09476980538905838 0.1563515570317552 0 0 0
0.001282051282051282 -0.5872815466515435 0.14050315425960874 0.21733063870175595 0 0 0
0.001282051282051282 -0.4979229234402125 0.25129506458962847 0.34321547213433873 0 0 0
0.001282051282051282 0.41119033719657216 0.31726238930279077 -0.08838722261518864 0 0 0
0.001282051282051282 -0.5403061901735356 -0.02340387593785882 -0.40920409859937584 0 0 0
0.001282051282051282 0.34045855920668083 -0.05909547960795647 0.12047948584120796 0 0 0
0.001282051282051282 0.008942566598251316 0.3221224522042679 0.5906678185820071 0 0 0
0.001282051282051282 0.01570880033241797 0.4752844458073647 -0.36192028117223046 0 0 0
0.001282051282051282 -0.06544251368639054 0.08804212742547342 -0.6057448591768417 0 0 0
0.001282051282051282 0.08716602040655494 -0.2744812623173931 -0.41424899619011557 0 0 0
0.001282051282051282 0.20622582327513464 -0.10086025997118732 -0.31573064024015157 0 0 0
0.001282051282051282 -0.09963050859354429 -0.5945510822797029 -0.11233374151406061 0 0 0
0.001282051282051282 0.22049587174608737 0.29205552720208944 0.023744571979145482 0 0 0
0.001282051282051282 0.29480327634980985 0.034538372122745326 0.21911972202249613 0 0 0
0.001282051282051282 -0.5843580442642837 -0.19589427719586291 0.1295583534478493 0 0 0
0.001282051282051282 -0.3528095406600726 0.2541955984755668 0.2593974067438181 0 0 0
0.001282051282051282 0.19635222165321845 -0.21032817909171342 0.12564639495620145 0 0 0
0.001282051282051282 0.17047342219721076 0.40187817885619487 -0.3072100533420904 0 0 0
0.001282051282051282 0.3215653951808238 -0.1507861000468306 0.3265787492859247 0 0 0
0.001282051282051282 0.6376149334824378 -0.15333729961163473 0.08749934212884383 0 0 0
0.001282051282051282 0.004435107522463462 0.43601644237798487 -0.15442207243629882 0 0 0
0.001282051282051282 -0.4664030924908439 0.06223250608478281 -0.4229406209257223 0 0 0
0.001282051282051282 0.5520520705551776 0.21202820093989502 -0.24227451680139794 0 0 0
0.001282051282051282 0.3590577967474934 -0.07601084632447697 0.2554364864606075 0 0 0
0.001282051282051282 -0.4600923737268826 0.0300432881892034 -0.2909603497234434 0 0 0
0.001282051282051282 -0.44857715152093586 0.046728611685772525 0.1948993727081699 0 0 0
0.001282051282051282 0.07019632800072188 0.43197489880348033 0.24259613794768692 0 0 0
0.001282051282051282 0.2524872715732853 0.2012030667891324 0.15894848016266072 0 0 0
0.001282051282051282 0.012976187138646492 -0.5381493379307433 0.32334107078742585 0 0 0
0.001282051282051282 0.01387883088663681 0.3317764793622573 -0.3586367748313633 0 0 0
0.001282051282051282 -0.5353634824684252 -0.09578098462480496 -0.2508900021237073 0 0 0
0.001282051282051282 0.2565763337555359 -0.5205010967662703 -0.22304085128090567 0 0 0
0.001282051282051282 0.011157115419353667 0.5476237069288155 -0.09115896307472436 0 0 0
0.001282051282051282 -0.07868886745506998 -0.1821132175877373 0.2167496548660925 0 0 0
0.001282051282051282 0.39503053030208507 -0.42355408709046316 0.27293170104060416 0 0 0
0.001282051282051282 0.10390816916198023 -0.14256855662715515 0.028186605626870042 0 0 0
0.001282051282051282 0.45002984931462336 -0.38452191821548065 -0.3054047796000306 0 0 0
0.001282051282051282 -0.05458659376853295 -0.6753130174957225 0.0014161995757987814 0 0 0
0.001282051282051282 0.46286900135963965 -0.41333847057805045 -0.2791889117174561 0 0 0
0.001282051282051282 0.2585586287300475 0.018722059332471785 0.011580214972733635 0 0 0
0.001282051282051282 0.49239966272625774 -0.13922968084414117 0.022436410118282502 0 0 0
0.001282051282051282 -0.4101101073995655 -0.1180178653373494 0.19424321521423224 0 0 0
0.001282051282051282 0.34899871898271373 -0.1466276746429979 -0.45037853339884576 0 0 0
0.001282051282051282 0.2372592023781691 -0.0627706623952948 0.4315104315857307 0 0 0
0.001282051282051282 -0.043135855883408486 0.17190205882651646 -0.6434598982368532 0 0 0
0.001282051282051282 -0.41420346230086863 0.023130398083233826 0.4372688537922257 0 0 0
0.001282051282051282 0.3438595173033222 -0.08163966132460934 -0.5290602064983647 0 0 0
0.001282051282051282 -0.21332795901102253 0.032381961540379436 0.6479742602981939 0 0 0
0.001282051282051282 0.4826595590433448 0.1400266977398249 -0.35080003077014243 0 0 0
0.001282051282051282 0.14584883680151184 0.3398116987648052 0.3866394976158491 0 0 0
0.001282051282051282 -0.029792255409244548 0.10663823537391283 -0.6222937352800495 0 0 0
0.001282051282051282 -0.1654417765034671 -0.051259152823651365 -0.44783021854942756 0 0 0
0.001282051282051282 -0.199106361585294 -0.2880896573829682 -0.29784051605815964 0 0 0
0.001282051282051282 0.38219227009500845 -0.14527956390326455 0.23915626395907857 0 0 0
0.001282051282051282 -0.4508233810527908 0.06656157101475135 0.15182688213360387 0 0 0
0.001282051282051282 0.4474894745769838 0.05326089267177439 0.4083476113110016 0 0 0
0.001282051282051282 0.3733510514629413 -0.26861939591064715 -0.2743372482688642 0 0 0
0.001282051282051282 -0.565394849335164 -0.2772282456235359 -0.09731616599359816 0 0 0
0.001282051282051282 0.4628788821248196 -0.01532035257979215 -0.28926811811957454 0 0 0
0.001282051282051282 -0.5601408488503345 -0.2407207203720738 0.036972695773937074 0 0 0
0.001282051282051282 0.2556324757131702 0.44133554230089433 0.3135418727656759 0 0 0
0.001282051282051282 -0.1354424726213729 -0.25973678580473536 -0.5527970280890694 0 0 0
0.001282051282051282 -0.49486256420853647 0.29842084741762315 0.36749139261583236 0 0 0
0.001282051282051282 -0.5870118872978735 0.02112238131085085 -0.30212594422991434 0 0 0
0.001282051282051282 -0.2436262633032255 0.09136274489171807 0.4487302257277782 0 0 0
0.001282051282051282 -0.11297896795772948 0.5146283869093201 -0.2388748133018054 0 0 0
0.001282051282051282 -0.2007223118787883 0.010660616503258044 0.3282861446826571 0 0 0
0.001282051282051282 0.2733075665619921 0.3159543424976844 0.20934770532927596 0 0 0
0.001282051282051282 0.15156743409709864 -0.36932349309504664 0.11259969703452878 0 0 0
0.001282051282051282 0.10483130714915521 -0.3195696501206861 -0.23131236158766727 0 0 0
0.001282051282051282 -0.5368643998892076 0.15302338909026156 0.042258370414036794 0 0 0
0.001282051282051282 -0.4966934408486505 -0.351067094487511 0.2491012343961289 0 0 0
0.001282051282051282 0.08877289343762335 -0.4194908294915945 -0.04814348419870235 0 0 0
0.001282051282051282 0.251471744047597 -0.15718581465726136 -0.34959717704094356 0 0 0
0.001282051282051282 0.06858989324472176 0.5334011940538946 0.0936981999252041 0 0 0
0.001282051282051282 -0.5492538990749122 -0.18103590378662834 -0.3014999837745133 0 0 0
0.001282051282051282 -0.09000197423136005 -0.2038450134991196 -0.3098294780461466 0 0 0
0.001282051282051282 0.06714670607686853 0.550529237027982 0.005866072211310416 0 0 0
0.001282051282051282 0.23639930742195756 -0.46564565448690637 -0.17375084183045392 0 0 0
0.001282051282051282 0.2364200582184599 -0.1306120573118647 0.3272176483558374 0 0 0
0.001282051282051282 -0.021465250538711383 0.5806456658887877 0.053296485219595714 0 0 0
0.001282051282051282 0.5909548626166593 -0.20688846322669968 0.04313723881496198 0 0 0
0.001282051282051282 0.18113753010397124 -0.37067001048126913 0.27721494274467007 0 0 0
0.001282051282051282 0.1754686907569283 -0.6632025398309351 -0.045434059869096474 0 0 0
0.001282051282051282 -0.31683049019485227 -0.24751565062723474 0.46286103889940083 0 0 0
0.001282051282051282 0.08652611898630656 0.5539095802596538 -0.12110240418304945 0 0 0
0.001282051282051282 -0.04413738123361218 -0.6273532183544437 0.011640180416065165 0 0 0
0.001282051282051282 -0.046259366958350194 -0.11984869569700622 -0.23836334158732564 0 0 0
0.001282051282051282 0.5052996787922052 0.3699808619328803 -0.1953017787237626 0 0 0
0.001282051282051282 0.4886417896950087 -0.36043888444002875 -0.2652734122578703 0 0 0
0.001282051282051282 -0.46670770259201194 -0.0957377415349935 -0.03659524947194264 0 0 0
0.001282051282051282 -0.38980904912571934 0.5628804733235551 0.004841748039393662 0 0 0
0.001282051282051282 0.23500347550523745 -0.23878871665122198 0.3630198380229629 0 0 0
0.001282051282051282 -0.052377205425695496 -0.23233957768405863 -0.14201293791229438 0 0 0
0.001282051282051282 -0.3764856331275276 -0.07018214875889722 -0.014190137340340431 0 0 0
0.001282051282051282 -0.2600934226226415 0.17802007272935388 -0.08690224146379397 0 0 0
0.001282051282051282 0.5538386255431076 0.18464461838936533 -0.2567311380681805 0 0 0
0.001282051282051282 0.6044929169344648 -0.15621578993207003 -0.08091593321323803 0 0 0
0.001282051282051282 0.04128984577716228 0.042033829286330225 -0.5270972868217046 0 0 0
0.001282051282051282 0.019737417187978713 0.38489705508329897 0.3723099411753714 0 0 0
0.001282051282051282 -0.18118038099795405 -0.13766895825081618 -0.5194248628760567 0 0 0
0.001282051282051282 -0.3868589413533922 -0.3850486053700037 -0.3106881296098545 0 0 0
0.001282051282051282 -0.10307175480527173 -0.18525840479175484 0.5307889796629982 0 0 0
0.001282051282051282 -0.1843068741242007 -0.038328376338921714 -0.39810758332813045 0 0 0
0.001282051282051282 0.19957176742308036 -0.4673943923376865 -0.3729186442402501 0 0 0
0.001282051282051282 -0.05253612714822068 -0.12868810393547375 -0.3370292843043965 0 0 0
0.001282051282051282 -0.37432835641979273 -0.38151120875277117 0.21681916112598204 0 0 0
0.001282051282051282 0.5567793460508987 -0.08041233174809005 0.33005855749893137 0 0 0
0.001282051282051282 -0.045940112257061294 -0.5783409361491388 0.29531046127609645 0 0 0
0.001282051282051282 -0.16455542683229155 0.31843175490323494 -0.573298762010965 0 0 0
0.001282051282051282 0.06302088168490884 -0.047533878425791355 0.2257533739747916 0 0 0
0.001282051282051282 -0.4262284539426926 -0.11859104035241003 -0.11567579957301587 0 0 0
0.001282051282051282 0.00831490113035748 -0.14138371825941853 -0.4297444321516544 0 0 0
0.001282051282051282 -0.01161352774147527 -0.14077946859299983 -0.015147357239460148 0 0 0
0.001282051282051282 -0.2245242068769958 0.4006534509994876 -0.051086064577733174 0 0 0
0.001282051282051282 0.13603824407059095 -0.5373753508352962 0.276676548441407 0 0 0
0.001282051282051282 0.12169370713517856 0.4640765936889562 -0.27230814459716235 0 0 0
0.001282051282051282 -0.07663344708867947 0.40587816950152794 0.4085757374982819 0 0 0
0.001282051282051282 -0.28547270358220056 -0.29214477411860273 0.14615238544881484 0 0 0
0.001282051282051282 0.3200130437977593 -0.41626938419362053 0.15386109025387343 0 0 0
0.001282051282051282 -0.38303308299516087 -0.4208979413312373 0.1343693349662373 0 0 0
0.001282051282051282 0.03410434142074312 0.26795831206116655 -0.46263190883289596 0 0 0
0.001282051282051282 0.22046011150059364 -0.02553399693906965 -0.6280687690856704 0 0 0
0.001282051282051282 -0.2134062524736973 -0.22043882086441888 0.3537322518623678 0 0 0
0.001282051282051282 -0.4127708483794438 -0.10094108482641832 -0.533422634119725 0 0 0
0.001282051282051282 0.49290954332522713 -0.12058359031951278 0.4601458522577019 0 0 0
0.001282051282051282 0.3452225605543024 -0.36356446927491326 -0.2920869916452762 0 0 0
0.001282051282051282 -0.3094269008837891 0.48070002245732235 0.3841338073046285 0 0 0
0.001282051282051282 -0.5231984942497779 -0.06812944389268237 -0.21001735048007217 0 0 0
0.001282051282051282 -0.5216937971684861 -0.2655523921635969 -0.1875053540844128 0 0 0
0.001282051282051282 -0.2237651702937711 0.2113448989928823 0.32804674994438765 0 0 0
0.001282051282051282 0.40308144255705797 0.28747878610748223 0.13252863111507304 0 0 0
0.001282051282051282 -0.2732066306327323 -0.004579452094106611 -0.3974579182796431 0 0 0
0.001282051282051282 -0.29785498055361975 0.40521776936162773 -0.3380703670497135 0 0 0
0.001282051282051282 0.050593783426109984 -0.02019239147236319 0.2268175827540586 0 0 0
0.001282051282051282 0.15375805667657708 0.296822617101733 -0.41470322026286244 0 0 0
0.001282051282051282 0.37961004507283047 -0.29097862134955876 -0.1214888258284119 0 0 0
0.001282051282051282 0.37607098282494883 0.4914413056724115 -0.06159702582103906 0 0 0
0.001282051282051282 0.193782542517541 0.4083464930050922 0.17663330699822932 0 0 0
0.001282051282051282 0.3416346195616005 0.45019878910055305 -0.08609946738310521 0 0 0
0.001282051282051282 -0.2735319005046931 0.12036033330147204 -0.05606406006639591 0 0 0
0.001282051282051282 0.10570809966241448 0.019977541711262606 0.3053800408638135 0 0 0
0.001282051282051282 0.12030978706779635 -0.03401878385361857 0.37945237778401125 0 0 0
0.001282051282051282 0.17343754050188673 -0.36711340901218253 -0.4987701681209303 0 0 0
0.001282051282051282 -0.2871193862144106 0.11905139261311436 -0.3675155088709132 0 0 0
0.001282051282051282 0.23240574385055054 0.6099040343085533 -0.09800540197564986 0 0 0
0.001282051282051282 -0.2245261878977777 0.04744749909321142 -0.4386252262524219 0 0 0
0.001282051282051282 0.3012458456953485 0.24667652869796583 -0.20460401125584163 0 0 0
0.001282051282051282 -0.46632267602031985 0.29516351664414164 0.3878561386869427 0 0 0
0.001282051282051282 -0.19614048332288253 -0.2126886957070447 -0.5602886744949385 0 0 0
0.001282051282051282 -0.33405725349363485 0.10333903535909716 -0.0545845268530701 0 0 0
0.001282051282051282 0.632222650859072 0.052146139452835666 -0.02516052337610564 0 0 0
0.001282051282051282 -0.5408410821966196 0.06859486669414279 -0.2730789367861313 0 0 0
0.001282051282051282 0.13757025508077136 -0.12227991899105047 -0.17827856942685238 0 0 0
0.001282051282051282 0.4573301354353449 -0.3572521014811907 0.016182225850205886 0 0 0
0.001282051282051282 -0.04244166055466853 0.31002428712577396 -0.2394429594281843 0 0 0
0.001282051282051282 -0.2797048387012886 0.3650359101185925 0.19067080136587697 0 0 0
0.001282051282051282 0.04333860114663548 0.33034414792089184 -0.02246264322688933 0 0 0
0.001282051282051282 -0.08736442787865902 0.3720850591241644 -0.07713868344084406 0 0 0
0.001282051282051282 -0.07685964340414671 0.49413598659951574 0.3158286042008276 0 0 0
0.001282051282051282 0.2395987882137693 -0.0999912651390164 0.3972818616975852 0 0 0
0.001282051282051282 -0.3556232551183735 0.318787440613522 0.3392017515252398 0 0 0
0.001282051282051282 -0.0625018441846834 0.44266132117360957 -0.3809405203176088 0 0 0
0.001282051282051282 0.3385913689472723 -0.35882952152066616 -0.26281283434069186 0 0 0
0.001282051282051282 0.44297594426293413 0.4646842962169631 0.09285152020994838 0 0 0
0.001282051282051282 -0.34225122267115826 0.25811658516137265 0.5282697964234981 0 0 0
0.001282051282051282 0.15336839913528774 0.3101016790266532 -0.1955120246782127 0 0 0
0.001282051282051282 0.5402545545063873 0.02795219487219205 -0.2819061121973303 0 0 0
0.001282051282051282 -0.18608835969291496 0.004269578412383016 -0.22454359672531923 0 0 0
0.001282051282051282 0.2932196571599156 0.34581957591798307 -0.48301553137573355 0 0 0
0.001282051282051282 -0.25580518794829765 0.21453743932952493 -0.2999797294928232 0 0 0
0.001282051282051282 -0.1044502217999067 0.48335872395617024 0.09034886940943249 0 0 0
0.001282051282051282 -0.23516222415215066 -0.07439487697592927 0.49317004585523405 0 0 0
0.001282051282051282 -0.22607358513083164 -0.2567626384492393 0.08425653757752588 0 0 0
0.001282051282051282 0.07606958574413168 0.06260936261629596 -0.37904502727934136 0 0 0
0.001282051282051282 0.15589051939806065 0.3753882758535909 0.08794719915859985 0 0 0
0.001282051282051282 0.3495358429166589 -0.34147355275149965 0.3315694708820954 0 0 0
0.001282051282051282 -0.09747970679670165 -0.4352939219277117 0.12388424475527082 0 0 0
0.001282051282051282 0.23972267210603992 0.20714078214650308 -0.4740182611565906 0 0 0
0.001282051282051282 0.5707921551929072 0.24931407110548923 -0.2574351745316834 0 0 0
0.001282051282051282 -0.12900897034014458 -0.4018062209724432 -0.4644361468556108 0 0 0
0.001282051282051282 -0.16141903662717044 0.048606795259754365 -0.13222551918596706 0 0 0
0.001282051282051282 -0.34764501901300343 -0.13265404309991596 -0.2703808346535201 0 0 0
0.001282051282051282 -0.5448749705862396 0.22650979082172998 -0.22690596774473057 0 0 0
0.001282051282051282 0.3160594851232903 0.0691981677911676 0.21896565991237765 0 0 0
0.001282051282051282 -0.3417573330595914 0.11024905232162585 -0.5681242492835128 0 0 0
0.001282051282051282 0.37472484348508045 0.24077649345654886 -0.016625656581312313 0 0 0
0.001282051282051282 0.5878344344531266 0.04871109022196439 0.03534441021854264 0 0 0
0.001282051282051282 0.22624408973046956 -0.3349729818600755 -0.3398155845996589 0 0 0
0.001282051282051282 -0.11822704341401939 -0.3015921022786575 0.07711700772818683 0 0 0
0.001282051282051282 -0.4978720195791574 -0.10923996849298133 -0.46262994374745053 0 0 0
0.001282051282051282 -0.35959825297319137 -0.10818725037903638 0.38376209419656987 0 0 0
0.001282051282051282 -0.060445608882387425 0.08478910703597375 -0.6511757672233377 0 0 0
0.001282051282051282 0.45252886788431934 0.12506278706229856 0.06056875248215776 0 0 0
0.001282051282051282 -0.17235027419379786 0.017024755076336176 0.3337737528524717 0 0 0
0.001282051282051282 0.24174429559363075 0.5311334221773432 -0.02673991392618558 0 0 0
0.001282051282051282 -0.06173691995371273 -0.2774215009768166 0.5196505290803184 0 0 0
0.001282051282051282 -0.33656830057888565 0.054441704722349556 -0.5947116657054576 0 0 0
0.001282051282051282 -0.14108529658583102 -0.0681884759310744 -0.05967626555885322 0 0 0
0.001282051282051282 0.1779740712006965 0.1621750958743585 -0.5528177859218438 0 0 0
0.001282051282051282 -0.2563443821324104 -0.44499793244422015 -0.14344748579693614 0 0 0
0.001282051282051282 -0.013052639685096951 0.50228737491775 -0.248626392408819 0 0 0
0.001282051282051282 0.3796563488508312 -0.29144503881097106 0.17349300360263326 0 0 0
0.001282051282051282 0.5246628406628563 0.008487561810265682 -0.42593913238694214 0 0 0
0.001282051282051282 -0.397670677092285 0.450636551690699 0.21978895142331362 0 0 0
0.001282051282051282 0.2008596108028333 -0.2838208323895658 -0.11738139298396191 0 0 0
0.001282051282051282 -0.022317882659685123 -0.31467710458228915 -0.022772758475014646 0 0 0
0.001282051282051282 0.13983791133070994 -0.5423167587711378 -0.182300868208997 0 0 0
0.001282051282051282 0.5006009831261509 0.2327820230465578 -0.07787882548027178 0 0 0
0.001282051282051282 0.12332416417740741 0.5463359845041681 -0.20200209958069926 0 0 0
0.001282051282051282 -0.2825148452398242 0.04647341934738081 -0.1584364522743463 0 0 0
0.001282051282051282 0.2671347449090393 0.12919544354516996 0.5516266741199031 0 0 0
0.001282051282051282 -0.46278990315697366 -0.29473372151445293 0.39458939576642427 0 0 0
0.001282051282051282 -0.44456467857920656 -0.4613841563872044 0.11203692988448158 0 0 0
0.001282051282051282 0.06439002832820216 -0.3700817828681111 0.5471586171858273 0 0 0
0.001282051282051282 0.4781201333268797 0.028722051419621475 -0.2574478982641766 0 0 0
0.001282051282051282 0.17138745458323515 -0.08538596315769686 0.11807198455510048 0 0 0
0.001282051282051282 -0.469617038044854 -0.048019843820157955 -0.20487844146469142 0 0 0
0.001282051282051282 -0.3560329151157431 0.4272210867046498 -0.25502150199659834 0 0 0
0.001282051282051282 -0.549410618424051 -0.3095208711796533 0.28207752089242 0 0 0
0.001282051282051282 0.03890812406048389 0.2337961985424977 -0.13959838814461353 0 0 0
0.001282051282051282 -0.5642812584823941 -0.17086692085835978 0.023860924405081398 0 0 0
0.001282051282051282 -0.05405708107793433 -0.22364336260333836 -0.3428627326431044 0 0 0
0.001282051282051282 0.03531560783321984 -0.3146599833569954 -0.6105630791821031 0 0 0
0.001282051282051282 0.11240051672723776 -0.087685755673984 0.3503432886980209 0 0 0
0.001282051282051282 0.11645807985491281 0.016894757979999724 0.3929901797434881 0 0 0
0.001282051282051282 -0.02284928202696839 0.3399595244178092 -0.12871010452950202 0 0 0
0.001282051282051282 -0.4893372891226499 -0.22930842263506257 -0.3696419427026261 0 0 0
0.001282051282051282 0.03038309375288434 0.3369954359819163 0.5490005900087712 0 0 0
0.001282051282051282 0.5168111340297301 0.01147540561667978 0.3064262933725328 0 0 0
0.001282051282051282 0.05100466589143933 0.29338257919645755 0.34896568190569294 0 0 0
0.001282051282051282 -0.043911548609076964 0.2297800862001138 -0.475664955273235 0 0 0
0.001282051282051282 0.167949411114149 0.06781630932135359 -0.2605993313103903 0 0 0
0.001282051282051282 0.06523554937480354 -0.5019562839015859 -0.2952254139911001 0 0 0
0.001282051282051282 -0.6188501544423014 -0.1299201877993077 -0.13840246391739025 0 0 0
0.001282051282051282 -0.39744744616831584 -0.3249017581198399 -0.06178199822479268 0 0 0
0.001282051282051282 -0.02564849595770957 -0.16130831430516923 0.28925391092952224 0 0 0
0.001282051282051282 -0.27827625128943007 0.31185111398177595 -0.2812612414161497 0 0 0
0.001282051282051282 -0.16311419638009766 -0.3806365582474026 -0.01154826414232981 0 0 0
0.001282051282051282 -0.09592249517230428 -0.3681548307835119 -0.16965277984964294 0 0 0
0.001282051282051282 0.0294928405773265 0.15581023220716017 0.5031605144235644 0 0 0
0.001282051282051282 -0.11945527729607057 0.05977162035351465 0.06436130807666884 0 0 0
0.001282051282051282 -0.6006621214537895 0.192982014549707 -0.1432245837410458 0 0 0
0.001282051282051282 -0.410120452279746 -0.16377616011146537 0.17607032579196566 0 0 0
0.001282051282051282 0.27588826284565326 0.05586149635527248 -0.14666753531625598 0 0 0
0.001282051282051282 0.19366926542093935 -0.22670129936073247 0.5523772915936493 0 0 0
0.001282051282051282 0.12276612176100017 0.35561988312725945 0.4944282706600637 0 0 0
0.001282051282051282 0.6103439377392127 0.13381748935836035 -0.036483543600271506 0 0 0
0.001282051282051282 -0.2260290852538057 -0.5743879308771207 0.13424982115830572 0 0 0
0.001282051282051282 0.14331113061873682 -0.5458137812779967 -0.2508282513752205 0 0 0
0.001282051282051282 -0.005018023600425572 -0.4034744035518931 -0.5049079317009834 0 0 0
0.001282051282051282 0.4059797165417425 -0.14856892714231093 -0.47879233106088487 0 0 0
0.001282051282051282 0.11633190281598123 0.6548707051383589 0.05909004032816592 0 0 0
0.001282051282051282 -0.2906276419534396 -0.17676350498099533 -0.5454237747684396 0 0 0
0.001282051282051282 -0.13147391274168796 0.011391515147070836 -0.215800518131969 0 0 0
0.001282051282051282 0.12090626752845596 -0.2175938108392339 -0.18969232100337236 0 0 0
0.001282051282051282 -0.12303921033643614 0.20354228679649347 -0.2552546067409959 0 0 0
0.001282051282051282 -0.2711778132674155 -0.19031094822319367 -0.503319777279865 0 0 0
0.001282051282051282 -0.4055989734933619 0.2802508958138067 0.2765739247551543 0 0 0
0.001282051282051282 -0.4401721868109565 0.06707672287873036 0.11340646808822988 0 0 0
0.001282051282051282 -0.0145055723150403 -0.02754818501686683 -0.5723798506287108 0 0 0
0.001282051282051282 0.3537937230860406 -0.4784220326103165 -0.32634573303031544 0 0 0
0.001282051282051282 -0.16473869889634804 -0.3802799770628656 -0.05648209565468163 0 0 0
0.001282051282051282 0.16052630157529688 0.4088806226282078 -0.5363336205479365 0 0 0
0.001282051282051282 0.07994702970408567 -0.1782750868855084 0.44301600416749715 0 0 0
0.001282051282051282 0.302211011554942 -0.09568752617328048 -0.5587936875119734 0 0 0
0.001282051282051282 0.11416620417786313 0.10415927540099978 0.31576621771381574 0 0 0
0.001282051282051282 0.3165342311716443 0.14754794089200654 -0.27947227492115206 0 0 0
0.001282051282051282 -0.13634861019601757 0.3235133383177804 0.4791967924541353 0 0 0
0.001282051282051282 0.287237378350395 -0.05695674686005652 -0.3010255104556962 0 0 0
0.001282051282051282 -0.5223044547269484 0.22664527495671377 0.3126529845675206 0 0 0
0.001282051282051282 -0.15150054147216552 0.07792841530165832 -0.45444483781840517 0 0 0
0.001282051282051282 0.3171337260976315 -0.4084563683227344 -0.442557340063305 0 0 0
0.001282051282051282 -0.2678760875687828 0.4162357421335149 -0.19247347857908662 0 0 0
0.001282051282051282 -0.18323851687230625 -0.17115837057087396 0.3432149620318181 0 0 0
0.001282051282051282 0.5723001685971321 0.09703991251617095 0.13545893008438017 0 0 0
0.001282051282051282 0.11857064564562314 -0.6688555380703727 0.06466153903577154 0 0 0
0.001282051282051282 -0.38988665946087303 -0.24966318626141407 0.25797199513400815 0 0 0
0.001282051282051282 0.3479118843682772 0.42678906363368285 -0.17075501607948435 0 0 0
0.001282051282051282 -0.5641167809410417 0.085605843580551 -0.1775873673209068 0 0 0
0.001282051282051282 -0.01764545747925702 0.47792462893638993 -0.0716392627102715 0 0 0
0.001282051282051282 -0.12908297285382292 0.1727393637077686 -0.10638774638582141 0 0 0
0.001282051282051282 0.2566265997676648 0.21090679213296776 0.40982861068458953 0 0 0
0.001282051282051282 0.2659056211468031 -0.06990198193095672 -0.15231408873692376 0 0 0
0.001282051282051282 -0.18607246900571506 0.12680286972715596 0.5201443191889681 0 0 0
0.001282051282051282 -0.6291787463988718 -0.0011103909334616827 0.1814392029424354 0 0 0
0.001282051282051282 0.4784591304788295 0.09209278354849744 -0.262683103841446 0 0 0
0.001282051282051282 0.14618497350431564 0.1487180892526403 0.08357945396172285 0 0 0
0.001282051282051282 -0.1765855284201014 -0.2007406305509702 -0.30761479541125225 0 0 0
0.001282051282051282 -0.06786910466926882 -0.16328504170406452 -0.6620142260424772 0 0 0
0.001282051282051282 -0.12516607530960996 -0.39455763490097495 -0.17120298556733685 0 0 0
0.001282051282051282 -0.20865507724750462 0.26766408075690545 -0.035759909018728255 0 0 0
0.001282051282051282 0.5369995422950984 -0.36889846253429687 -0.10875111938634914 0 0 0
0.001282051282051282 -0.4070861387667231 -0.07190847268951503 0.09657794446458653 0 0 0
0.001282051282051282 -0.09884049935822387 -0.26607511557539754 0.11724217584215184 0 0 0
0.001282051282051282 0.1930063682036824 -0.20259214018496424 0.31550169398367833 0 0 0
0.001282051282051282 0.05857404272591307 -0.4106167847039291 -0.30426845407506564 0 0 0
0.001282051282051282 0.11170283959942624 -0.4539911632169195 -0.3140942525318164 0 0 0
0.001282051282051282 -0.3434818801380243 -0.11900634612753937 0.41167636175100575 0 0 0
0.001282051282051282 -0.018893580198066504 0.19580259922148227 -0.005233120308644514 0 0 0
0.001282051282051282 -0.03611229428910706 -0.13754136359514857 0.29151453364018903 0 0 0
0.001282051282051282 0.24714706073996265 -0.16418140322067415 -0.006926108637266113 0 0 0
0.001282051282051282 -0.41535858073961324 0.5266012547516388 0.02347999588520475 0 0 0
0.001282051282051282 0.4214147785315639 -0.06068320586976797 0.2207899905840207 0 0 0
0.001282051282051282 -0.30220693851617736 -0.14228771807445054 -0.5263162236781055 0 0 0
0.001282051282051282 -0.37209184420132296 -0.2996214052498871 -0.12092281260621997 0 0 0
0.001282051282051282 -0.0010332313965957698 0.33941606759284587 0.0655915215907004 0 0 0
0.001282051282051282 -0.05724432440376261 0.20696947553633563 0.36580800966776417 0 0 0
0.001282051282051282 0.20247326293280676 -0.28865032632632853 -0.09893768070580106 0 0 0
0.001282051282051282 -0.11603791403679714 0.12161497385767456 0.12986722853319177 0 0 0
0.001282051282051282 -0.5013714579252363 0.022687729457311016 0.10284777205159386 0 0 0
0.001282051282051282 0.5732630190288586 0.3127327792810303 0.07433535085178848 0 0 0
0.001282051282051282 0.16237575765377046 0.13483775911789633 0.6051360380600713 0 0 0
0.001282051282051282 -0.3109351009675566 0.4266304695502205 -0.36504865252256685 0 0 0
0.001282051282051282 0.017025402579997836 0.6453610655951799 0.21844749811998673 0 0 0
0.001282051282051282 0.021475560535061868 -0.23094001283094684 -0.536503998844044 0 0 0
0.001282051282051282 -0.3102026025367306 -0.5142950547014971 -0.2523561658598206 0 0 0
0.001282051282051282 -0.5305742144427757 -0.14282934011505358 -0.19338447147957116 0 0 0
0.001282051282051282 0.023940965160692097 -0.03916099715139698 -0.2852346877059296 0 0 0
0.001282051282051282 0.2457382508028839 -0.16443050003401363 0.45630842466734617 0 0 0
0.001282051282051282 0.0849474268812888 -0.3335609637661386 -0.0006847650648967057 0 0 0
0.001282051282051282 -0.06693375149905391 -0.1458411376123135 0.23022800762937878 0 0 0
0.001282051282051282 0.33709219372619553 -0.0518822311691981 0.5403660469435221 0 0 0
0.001282051282051282 -0.15084217711208675 0.0746120218773351 0.24957695855181458 0 0 0
0.001282051282051282 0.5394650554856087 -0.33797223425006795 0.01744811115448171 0 0 0
0.001282051282051282 -0.18248110505454973 0.48888545443755377 -0.21490671103483958 0 0 0
0.001282051282051282 -0.3038508795346511 -0.17917506251360704 0.39528663181247325 0 0 0
0.001282051282051282 -0.052704351779129334 0.24262774907306936 0.22720210232460294 0 0 0
0.001282051282051282 0.1424254501694511 0.4835230592314396 -0.40624121044117195 0 0 0
0.001282051282051282 -0.056408120985713746 0.3236427790580293 0.2665037948096817 0 0 0
0.001282051282051282 0.07477740881268385 -0.188120870583505 0.00010008682828942411 0 0 0
0.001282051282051282 -0.18338775756222322 0.31904563909553735 0.387839593993818 0 0 0
0.001282051282051282 -0.026559162854381896 -0.3094833918232548 0.24520049608879607 0 0 0
0.001282051282051282 -0.18259362074231933 0.16519913813968287 -0.618264648259123 0 0 0
0.001282051282051282 -0.5369623314533144 0.36458173426224544 0.04518024795282021 0 0 0
0.001282051282051282 0.35541807459957747 -0.14940062575751764 0.5184068962586068 0 0 0
0.001282051282051282 0.6084460970896722 0.0726343778337799 0.03102138069060574 0 0 0
0.001282051282051282 0.40771350039537063 0.1817150403363532 -0.17276406033502203 0 0 0
0.001282051282051282 -0.26256472699795796 0.4861761694373958 0.25222316970190417 0 0 0
0.001282051282051282 0.37581704933277876 -0.40289030542656096 0.08040511081648995 0 0 0
0.001282051282051282 -0.2220932761706794 0.13666524795982773 0.4023217252395539 0 0 0
0.001282051282051282 -0.502716281796834 0.01697697214509873 -0.21195184943219958 0 0 0
0.001282051282051282 0.1167395701331438 0.23020580790807743 0.1876436563171029 0 0 0
0.001282051282051282 -0.5087579282569008 -0.1705498971973731 -0.2856141974118793 0 0 0
0.001282051282051282 -0.24660092015226337 0.17261947142434822 -0.021992829074079526 0 0 0
0.001282051282051282 0.04070976631815273 0.3184850265144159 0.12271806086691403 0 0 0
0.001282051282051282 0.10239483453617208 0.38140384946337275 -0.24231136323068292 0 0 0
0.001282051282051282 -0.3375670354068936 -0.15292008403078972 -0.20630893147680737 0 0 0
0.001282051282051282 -0.5220928445882478 0.13277194489080163 -0.026904670925786255 0 0 0
0.001282051282051282 -0.003747000472538482 0.5650635827823072 0.30685492555502797 0 0 0
0.001282051282051282 0.38653807737200746 -0.3659246185157716 0.049353410063328995 0 0 0
0.001282051282051282 0.2534423538596449 0.0383865449803177 -0.5325421841997483 0 0 0
0.001282051282051282 0.4899559077420082 0.36483324560868025 -0.06876072731923909 0 0 0
0.001282051282051282 0.2854031218242717 -0.09243727307984247 -0.29891747922866857 0 0 0
0.001282051282051282 0.14934850682223186 -0.39009582547889426 0.16624323990730408 0 0 0
0.001282051282051282 -0.24528822912112005 -0.053088082148872485 0.3961351095160118 0 0 0
0.001282051282051282 -0.05401122488594504 0.44742365266605605 0.3344435400067781 0 0 0
0.001282051282051282 0.003515562060154214 0.15197175049165287 -0.358900138522168 0 0 0
0.001282051282051282 -0.09493649932112731 -0.5762960058181705 0.3683578779944169 0 0 0
0.001282051282051282 0.3204871783843928 0.3122434563689062 0.06286426939381427 0 0 0
0.001282051282051282 0.26541799159365714 0.39659900287444133 -0.33602688013833504 0 0 0
0.001282051282051282 -0.3347059439120676 -0.23411698907526182 -0.3256889559667051 0 0 0
0.001282051282051282 -0.4223950950286362 0.1387901495215744 0.03742088696870914 0 0 0
0.001282051282051282 0.18706137017147703 0.28138395044345127 0.38433157585691363 0 0 0
0.001282051282051282 -0.35309517095579657 0.1086758668270361 0.4447568601894398 0 0 0
0.001282051282051282 -0.35249751891625986 -0.11765183021329795 0.45574145990885756 0 0 0
0.001282051282051282 -0.11613987052109699 -0.2056532206819067 -0.04735251349084394 0 0 0
0.001282051282051282 0.4307971233684856 -0.18190127946691326 -0.500186269305368 0 0 0
0.001282051282051282 0.16304535846001325 -0.6204804259623262 -0.010063280566410636 0 0 0
0.001282051282051282 0.018365809779776962 -0.40896079250072914 -0.0062253819266170195 0 0 0
0.001282051282051282 -0.2506787950348198 0.4076618621701575 0.22182614872544287 0 0 0
0.001282051282051282 -0.22392891877648563 -0.02363766439019187 -0.49613223354973557 0 0 0
0.001282051282051282 -0.13549813210316106 -0.11622706137584966 0.5594146706780141 0 0 0
0.001282051282051282 -0.2152931622440979 -0.09554266581215695 -0.24024266295767444 0 0 0
0.001282051282051282 0.3596101502662391 -0.029790410806309495 0.29777623869045133 0 0 0
0.001282051282051282 -0.15514098699952308 0.5852496735084853 -0.29466657068187485 0 0 0
0.001282051282051282 0.4916415981536742 0.050383398134044376 0.1934468967507142 0 0 0
0.001282051282051282 0.22595813919277355 -0.10293164732420479 -0.0708479624863057 0 0 0
0.001282051282051282 0.4041791443978233 -0.30504729954426046 0.18378692203650923 0 0 0
0.001282051282051282 -0.17049408911201688 -0.4254112038712124 -0.31244642479729307 0 0 0
0.001282051282051282 -0.30871604537727004 0.1838434651530116 0.44033777832152116 0 0 0
0.001282051282051282 -0.4700036347775986 0.2614079189459248 0.06097328132208975 0 0 0
0.001282051282051282 -0.09197724179058288 -0.17599902416516947 -0.3594595645008825 0 0 0
0.001282051282051282 -0.2387760548117543 0.1112609414733302 0.48984943473773185 0 0 0
0.001282051282051282 0.21067756970921098 0.16810416244080817 -0.12749783011097132 0 0 0
0.001282051282051282 -0.060164366304138475 0.4581246878671678 -0.029720520256069704 0 0 0
0.001282051282051282 0.28995429205423384 0.11078668272868646 -0.2588834241366213 0 0 0
0.001282051282051282 0.21774323472171525 -0.3655519817489806 -0.20049753358410782 0 0 0
0.001282051282051282 0.450868399290036 -0.16040171236394996 0.36303518052366296 0 0 0
0.001282051282051282 0.1260206893390937 -0.34880510235245443 0.054272514693617165 0 0 0
0.001282051282051282 -0.21692275564903618 -0.6010956463464022 -0.05839161750362227 0 0 0
0.001282051282051282 0.42776218170392344 0.014663888425256713 0.5436433700073878 0 0 0
0.001282051282051282 0.24305183496276744 0.4278038660230686 0.15249037293061962 0 0 0
0.001282051282051282 -0.16226412911617663 0.09919916187366801 0.007463077455421409 0 0 0
0.001282051282051282 -0.4472264299843578 0.1914251062402106 0.45703156922638183 0 0 0
0.001282051282051282 0.16926719862406805 -0.03182579217103342 -0.5487938901997947 0 0 0
0.001282051282051282 0.40638684303779077 0.4610064266735013 -0.31997373516969657 0 0 0
0.001282051282051282 0.4022114337332929 -0.080266747149256 -0.11719316383640585 0 0 0
0.001282051282051282 0.07011398638742943 -0.05282913487097448 -0.13363469861072658 0 0 0
0.001282051282051282 0.3537070735845286 0.5620225856191032 0.15078076772649837 0 0 0
0.001282051282051282 0.3212960986362367 -0.3743831784976749 -0.04346506731359069 0 0 0
0.001282051282051282 -0.5118505248737305 0.3835384470386957 -0.14301935694893078 0 0 0
0.001282051282051282 -0.059694413084529295 -0.13647485294208989 0.5394210298053825 0 0 0
0.001282051282051282 -0.6514627817456499 -0.23215515745780313 0.04049814887750907 0 0 0
0.001282051282051282 0.31488799833407916 -0.5985278299180047 0.07394644708867833 0 0 0
0.001282051282051282 0.009805729820974602 -0.4204294548000763 0.08454492808567 0 0 0
0.001282051282051282 0.24130069388206896 0.19128146646358662 0.160472427614051 0 0 0
0.001282051282051282 0.4118645660806487 0.28661290352065005 0.18829740360781796 0 0 0
0.001282051282051282 -0.17450739963579112 -0.5699888754325992 0.07957159137359786 0 0 0
0.001282051282051282 -0.026998159758552683 -0.019453544529485185 -0.48235182882559563 0 0 0
0.001282051282051282 -0.28828556014167067 0.45477322970376877 0.4211480857317284 0 0 0
0.001282051282051282 0.2867995757473988 -0.5520606354779566 0.07130589480016929 0 0 0
0.001282051282051282 0.47927029143677496 -0.02238472389678784 0.086970766068646 0 0 0
0.001282051282051282 -0.5349265600234272 -0.10859108513304841 0.13781463866978563 0 0 0
0.001282051282051282 0.030360682952828216 0.016838752171099557 0.33694138134137974 0 0 0
0.001282051282051282 0.17919274717885683 -0.4398425923170337 0.11282608283002908 0 0 0
0.001282051282051282 0.08911436460990539 -0.2977916879596713 -0.3687702694615865 0 0 0
0.001282051282051282 0.021315670938375896 -0.0567259441467252 0.12092401414258624 0 0 0
0.001282051282051282 0.11191278683545447 0.37708604465463946 -0.3870829188021126 0 0 0
0.001282051282051282 0.5236006308588339 -0.24259015482978558 -0.1793788035713061 0 0 0
0.001282051282051282 -0.27407632193877296 0.4939236462092501 0.33242863806861234 0 0 0
0.001282051282051282 0.034375478367659015 0.22122868805136298 0.5783785274974783 0 0 0
0.001282051282051282 0.03577517601839364 0.17935820208257283 -0.11049921314642441 0 0 0
0.001282051282051282 -0.11103045854952072 -0.03927745058888181 -0.08132851148061285 0 0 0
0.001282051282051282 0.3472709597999153 -0.13857310111288812 0.1863692388559567 0 0 0
0.001282051282051282 0.25503806889217856 0.3702604492522167 0.0012664931173941526 0 0 0
0.001282051282051282 -0.10522429153520987 -0.006110428391186446 0.30755265887583916 0 0 0
0.001282051282051282 -0.15666407433355795 -0.5700019092977285 0.1479478446685667 0 0 0
0.001282051282051282 -0.4379647935627362 0.23026061764719044 -0.3955180509117094 0 0 0
0.001282051282051282 -0.2209786540861755 -0.2135531530923316 -0.525188754627077 0 0 0
0.001282051282051282 0.16631068797956702 -0.32235370342745706 0.4164468841487478 0 0 0
0.001282051282051282 0.22658683393188406 -0.47151549560301576 -0.40806631710539853 0 0 0
0.001282051282051282 -0.5794287917240466 0.08197640759826337 0.2203206711816858 0 0 0
0.001282051282051282 0.36811579563691843 0.1442646061345801 -0.23329599157652006 0 0 0
0.001282051282051282 0.5730575390929123 -0.07485778176726321 -0.2875147557615441 0 0 0
0.001282051282051282 0.019135688615019023 -0.10720585123477032 -0.017969322670920697 0 0 0
0.001282051282051282 0.40990582468705017 -0.0507018462211401 0.40185716509979297 0 0 0
0.001282051282051282 0.2075364145736414 -0.30250194611128295 -0.18098303526723974 0 0 0
0.001282051282051282 -0.527267290271921 -0.04908830287150293 -0.010178254970496564 0 0 0
0.001282051282051282 0.14071053753403287 0.2296223413127314 -0.18938008529581457 0 0 0
0.001282051282051282 -0.06423927611908564 0.592822878104991 -0.22875712436832954 0 0 0
0.001282051282051282 0.4143044820864304 0.426750567559393 0.04685025181628706 0 0 0
0.001282051282051282 0.18112412532797498 0.3679384852775116 -0.047948392556335186 0 0 0
0.001282051282051282 -0.34578863569050017 0.08934231565843317 -0.588488593575542 0 0 0
0.001282051282051282 -0.24856311887598248 0.6029906869320816 0.05413524793980711 0 0 0
0.001282051282051282 0.22861479846880595 -0.25812646259334404 0.552119555377071 0 0 0
0.001282051282051282 -0.14226060691070974 -0.4701343142029471 -0.20393033354866366 0 0 0
0.001282051282051282 0.2853451722829872 0.30831819045158587 -0.012062087113880954 0 0 0
0.001282051282051282 0.0008795690430113925 -0.39831819860344736 -0.07121055088870397 0 0 0
0.001282051282051282 0.29405690302790055 0.3083167063354571 0.22025725069308266 0 0 0
0.001282051282051282 0.10687907592045175 0.4203094865421943 0.2785532874981092 0 0 0
0.001282051282051282 0.18359213769195534 -0.2771858836725096 -0.1819386294329471 0 0 0
0.001282051282051282 0.04418725041216711 0.13090248265972684 -0.41896262744061546 0 0 0
0.001282051282051282 0.181375882483965 0.2389827884821959 0.264603119696227 0 0 0
0.001282051282051282 0.2836474180757401 0.31132434543478954 -0.08158582940224998 0 0 0
0.001282051282051282 -0.4335133572542934 0.256040306339961 -0.30805757834220315 0 0 0
0.001282051282051282 0.3156611148921099 -0.17560719746594178 -0.22807621514545376 0 0 0
0.001282051282051282 -0.23834041997773311 0.13102250026459172 0.5357391693293652 0 0 0
0.001282051282051282 -0.10603132639030628 -0.26029479958531887 -0.36120028595797465 0 0 0
0.001282051282051282 -0.1383611492662537 0.04321283877384257 0.5453179733848101 0 0 0
0.001282051282051282 0.16744423411294085 -0.33556836866113865 -0.02564657672159053 0 0 0
0.001282051282051282 -0.467809987821613 -0.33103221663122806 -0.15480107285508016 0 0 0
0.001282051282051282 0.28921655906509236 -0.31203057867381906 0.1915660361351545 0 0 0
0.001282051282051282 -0.1373422840025738 0.3996047210860564 0.19123729661581365 0 0 0
0.001282051282051282 0.43964016255667426 0.4010197112157542 0.19421956426862014 0 0 0
0.001282051282051282 -0.1815099261701505 0.11187536029450817 0.01877391015992295 0 0 0
0.001282051282051282 0.07169723386492366 0.32892969091667706 -0.19386970212194826 0 0 0
0.001282051282051282 0.030976941484994386 0.2504137565281902 -0.05230788432643736 0 0 0
0.001282051282051282 0.36720384211877577 -0.06811923995845519 -0.3318178048227825 0 0 0
0.001282051282051282 0.504013416585656 -0.09638399117217379 0.11755950189579945 0 0 0
0.001282051282051282 -0.3456945297896478 0.4003915036018625 0.23642534097873125 0 0 0
0.001282051282051282 -0.05488952054624017 -0.0992392843406979 0.510055827022342 0 0 0
0.001282051282051282 -0.43248566797047583 0.22934231218694126 0.4068918801668149 0 0 0
0.001282051282051282 0.044784504929201344 0.02742427385518378 0.1551790425031204 0 0 0
0.001282051282051282 0.5527394108396785 -0.15007196718900592 -0.3448763297449905 0 0 0
0.001282051282051282 0.5781632819852972 0.2943373925548984 -0.09467810202343908 0 0 0
0.001282051282051282 -0.057874066861726275 0.3674140802169296 -0.3462725424585325 0 0 0
0.001282051282051282 0.439475530174008 0.13320091843137616 0.12992891668122253 0 0 0
0.001282051282051282 -0.26070829561772363 -0.0839517971339441 0.41489055842359984 0 0 0
0.001282051282051282 -0.609187333981447 0.08326650392448066 -0.19567835246684537 0 0 0
0.001282051282051282 -0.6009864241985098 -0.0640018158838464 -0.1659052117805526 0 0 0
0.001282051282051282 -0.08984076923839428 0.2825682362590751 -0.5414857350783221 0 0 0
0.001282051282051282 0.1939466009397581 -0.47788294550190474 -0.43600441658723993 0 0 0
0.001282051282051282 -0.10716161653417862 -0.0736468508408505 0.4625473084186904 0 0 0
0.001282051282051282 0.059807290169564514 0.3533637730879 -0.36647975127323273 0 0 0
0.001282051282051282 0.2830438092314514 -0.27552928022670564 -0.32044919523517507 0 0 0
0.001282051282051282 -0.1902332212679654 0.47897539274888873 -0.03571851725420272 0 0 0
0.001282051282051282 -0.46908082580804256 -0.13873291047914088 -0.2681478626795005 0 0 0
0.001282051282051282 -0.157241098273183 -0.43469763206104295 0.4543200740445764 0 0 0
0.001282051282051282 -0.33592497329929083 0.3505206772779499 0.2758766880695136 0 0 0
0.001282051282051282 0.5353626086347316 -0.3908374423642119 -0.06004166503509769 0 0 0
0.001282051282051282 -0.08542271490211098 -0.5889000266524443 -0.15122803264321677 0 0 0
0.001282051282051282 0.28186149290141804 0.31915174779344146 -0.4510153838895643 0 0 0
0.001282051282051282 -0.15835319376644238 0.32750569634631715 -0.421741357668125 0 0 0
0.001282051282051282 0.12038600100001054 0.24609359771381117 0.06680338191759344 0 0 0
0.001282051282051282 0.4635099286117169 0.22483236945840523 -0.27050444775677895 0 0 0
0.001282051282051282 -0.3134543537699104 0.2199929897316493 0.12996898810053747 0 0 0
0.001282051282051282 0.27891218958661423 -0.04604694096070673 0.1084981848758608 0 0 0
0.001282051282051282 -0.13741936220333936 -0.09886043028067992 0.046998819215829636 0 0 0
0.001282051282051282 0.30160354632484776 -0.036684431336512585 -0.1507521308266706 0 0 0
0.001282051282051282 -0.07576948997980346 0.11634438287794227 0.08017005207101684 0 0 0
0.001282051282051282 0.07116862341225869 0.5830075321828635 0.1761157764610306 0 0 0
0.001282051282051282 0.3162311929268399 -0.1066585788072282 0.32636760214393423 0 0 0
0.001282051282051282 0.49296621116959055 0.06333890411349484 0.408623667400051 0 0 0
0.001282051282051282 -0.16266925503957924 -0.14920513311547173 -0.2626503513673251 0 0 0
0.001282051282051282 0.39028920173339626 -0.5412576870714565 0.015134248584871201 0 0 0
0.001282051282051282 -0.5191775808564786 -0.01671597535147731 -0.15768615233969932 0 0 0
0.001282051282051282 -0.2911916693363125 0.003727934470409734 -0.4279165184831175 0 0 0
0.001282051282051282 -0.1961525147601074 0.54408940408191 0.30103241906087913 0 0 0
0.001282051282051282 0.31352131375483255 -0.20469411847088523 -0.12812287304382572 0 0 0
0.001282051282051282 -0.20729443816330953 0.4138163156546919 0.4725390061405574 0 0 0
0.001282051282051282 -0.2656400554249365 0.02872968714081551 0.2205405541906179 0 0 0
0.001282051282051282 0.5781670256311903 -0.19447622444244642 0.06441772637259038 0 0 0
0.001282051282051282 -0.6579555521703224 0.11624829312241333 -0.011982581283409387 0 0 0
0.001282051282051282 -0.5702179126551119 -0.3160318985955798 0.1275378646908238 0 0 0
0.001282051282051282 0.11895014009138832 0.28086568286466035 0.39982957044175405 0 0 0
0.001282051282051282 -0.1460656775397436 -0.11488932143256929 -0.13962253976689334 0 0 0
0.001282051282051282 0.0036634084471605793 0.44101759672310265 0.36928518008578454 0 0 0
0.001282051282051282 -0.1904627477529593 -0.10854199901235245 0.5883837331692886 0 0 0
0.001282051282051282 0.3252710806601047 -0.08301934058047707 -0.034070177664959074 0 0 0
0.001282051282051282 0.33180664581944846 -0.3829008493146979 -0.20769821217058168 0 0 0
0.001282051282051282 -0.37789325973215177 0.48611223666839337 -0.1892576222280519 0 0 0
0.001282051282051282 -0.13883213476089548 -0.1150319515194349 -0.5959802067960315 0 0 0
0.001282051282051282 -0.2561209947088585 -0.24664444176723985 -0.5195184277823207 0 0 0
0.001282051282051282 0.026231863333146217 0.060955068910127974 0.03741197993271589 0 0 0
0.001282051282051282 0.44878034732142374 -0.2812528753081264 -0.18253376270059862 0 0 0
0.001282051282051282 0.6412095777225064 0.05850362790783167 -0.244867665433669 0 0 0
0.001282051282051282 -0.051432061466699625 0.0942214768414353 0.4911245131050293 0 0 0
0.001282051282051282 -0.3086457273684338 0.16329972399883655 -0.2332745689828824 0 0 0
0.001282051282051282 -0.03837849566667289 0.3034069884803392 -0.12454882791436828 0 0 0
0.001282051282051282 -0.1969294310488115 0.36261666135047144 -0.34821838294431773 0 0 0
0.001282051282051282 0.465784702522558 0.07118349822051412 -0.16684276312013488 0 0 0
0.001282051282051282 0.4789605530588868 -0.35697782937650663 0.1706428936581748 0 0 0
0.001282051282051282 -0.16715301650693104 0.030605684493007226 0.23677394285422318 0 0 0
0.001282051282051282 0.23930009425635518 -0.21698121793149372 0.45003018518655424 0 0 0
0.001282051282051282 0.12119799952940989 -0.11487422576179301 -0.18985632529789306 0 0 0
0.001282051282051282 0.05387040540421309 0.5371861889578871 0.3300437477094307 0 0 0
0.001282051282051282 -0.14373342576965745 0.4902832558530735 -0.015321398746237058 0 0 0
0.001282051282051282 -0.05212283196183039 -0.09272383987742472 -0.25045024034895236 0 0 0
0.001282051282051282 0.16884038332898404 0.04970689624255839 -0.30115156962929196 0 0 0
0.001282051282051282 -0.3041335499589978 0.16035011332097032 -0.5973905651580337 0 0 0
0.001282051282051282 0.6049361483892518 0.20678471373875038 -0.2079061245177359 0 0 0
0.001282051282051282 -0.3273670976271032 0.007796628420705381 0.540891210135204 0 0 0
0.001282051282051282 0.41550559985600805 -0.3355016262412781 0.17053631729621038 0 0 0
0.001282051282051282 0.09919788753383582 -0.06239840265204107 -0.3777872297169236 0 0 0
0.001282051282051282 -0.2001807782441493 -0.15033349903269008 -0.057231828940778405 0 0 0
0.001282051282051282 -0.4136273491060468 -0.0982678688374503 0.18206739094622867 0 0 0
0.001282051282051282 0.20799109628698245 -0.0038803237904625203 0.2439657340328425 0 0 0
0.001282051282051282 0.4945656657394465 -0.28100063062009767 0.049464763464906414 0 0 0
0.001282051282051282 -0.19225974911359406 -0.15552531032228215 -0.14970420145209665 0 0 0
0.001282051282051282 0.18658749169006322 -0.43266868006532616 -0.00783238821925046 0 0 0
0.001282051282051282 0.2286018076212068 0.44352639036067804 -0.05288267180347175 0 0 0
0.001282051282051282 0.1458751745942963 -0.09123223385470954 -0.39250130650203674 0 0 0
0.001282051282051282 -0.13768823479025658 0.49897834075043274 -0.2735992032130139 0 0 0
0.001282051282051282 0.08211677824586164 -0.16940459871669425 0.42776595383396643 0 0 0
