290
0
0.0034482758620689655 0.3541489442311579 0.062015499971507515 -0.41835140518559627 0 0 0
0.0034482758620689655 0.044801162442590796 0.1469652346375921 -0.3558062340750669 0 0 0
0.0034482758620689655 -0.44739315707288146 -0.12109065112138706 -0.16465728680340788 0 0 0
0.0034482758620689655 0.5362448204335856 0.2781916068981875 0.33958785344130443 0 0 0
0.0034482758620689655 -0.18620043040877113 0.02641717971685178 0.6008470566737659 0 0 0
0.0034482758620689655 0.49423185847547024 0.29519744611820703 0.12879427188112672 0 0 0
0.0034482758620689655 0.46516334352625677 -0.24283330164868447 0.1951961128999078 0 0 0
0.0034482758620689655 0.3773934690290359 0.48017218430905434 0.1177299429912469 0 0 0
0.0034482758620689655 0.0954258905016969 -0.011785908330708588 0.3798077282807556 0 0 0
0.0034482758620689655 -0.20621078633951342 -0.1256577707778236 -0.40109036343771565 0 0 0
0.0034482758620689655 -0.06389662390961226 -0.09330844277411354 -0.640468594271884 0 0 0
0.0034482758620689655 0.46964821029973397 0.11177408169116708 0.4515908435366865 0 0 0
0.0034482758620689655 0.33575616672001546 0.03149926607786777 -0.06773377326844514 0 0 0
0.0034482758620689655 -0.29624617108936474 0.31704769031784524 0.3853017595330446 0 0 0
0.0034482758620689655 0.4474450511744079 0.22252459042259473 0.4363728866287182 0 0 0
0.0034482758620689655 0.090560037107943 0.31355165188249867 -0.06973751273787648 0 0 0
0.0034482758620689655 -0.0695762167496082 0.046895987000741074 -0.34995782325896885 0 0 0
0.0034482758620689655 0.39056052592391494 -0.44644997504006867 -0.10982718647274953 0 0 0
0.0034482758620689655 0.4329966068030121 -0.011659031145835325 0.058759117378318085 0 0 0
0.0034482758620689655 0.2056639116774625 0.44563482108321095 0.39346046026143505 0 0 0
0.0034482758620689655 -0.37673271824684573 -0.4710787118146715 0.07744242214461537 0 0 0
0.0034482758620689655 0.14180741932343408 -0.17163573950012673 -0.41719861168862504 0 0 0
0.0034482758620689655 0.672526534614153 0.1443925039502738 0.0595262661490768 0 0 0
0.0034482758620689655 -0.35144091560201934 0.12205921995070325 0.38728915819516313 0 0 0
0.0034482758620689655 -0.5940885708666909 0.05436734733216669 -0.32841262449447683 0 0 0
0.0034482758620689655 0.00032057375109285913 0.07662727188323074 0.055402234540505954 0 0 0
0.0034482758620689655 0.47633899806182334 0.12119840918968054 0.004892098215088812 0 0 0
0.0034482758620689655 0.5100742186763664 -0.048898650236063684 0.06166355102620428 0 0 0
0.0034482758620689655 -0.010751534048096227 -0.42874752479985423 0.48886518750427527 0 0 0
0.0034482758620689655 -0.5053200143396565 -0.08345334845170449 -0.4450528952331517 0 0 0
0.0034482758620689655 -0.39503388114934945 0.23988147679146585 -0.05206913226374407 0 0 0
0.0034482758620689655 -0.5070742937475335 -0.198034134903056 -0.20301181854179035 0 0 0
0.0034482758620689655 -0.3397627624033857 0.26446037298516856 -0.2560162081669813 0 0 0
0.0034482758620689655 0.33985043894295874 0.36757932159117856 0.47944635510802075 0 0 0
0.0034482758620689655 -0.07475198759652536 -0.10437667830618506 -0.3150938962123144 0 0 0
0.0034482758620689655 0.1987360283202054 -0.47219210626416996 0.13585871118884457 0 0 0
0.0034482758620689655 -0.04653207495324941 0.21932441186212986 0.1147521303959202 0 0 0
0.0034482758620689655 0.2032628758423706 -0.10520607539953904 -0.06088953736989966 0 0 0
0.0034482758620689655 -0.29041791816271667 0.16677591579545478 0.2224666424632798 0 0 0
0.0034482758620689655 -0.25435216600957833 0.12269867024503985 0.4367693270906237 0 0 0
0.0034482758620689655 -0.323186924412698 -0.22798468581520484 -0.36236057507529984 0 0 0
0.0034482758620689655 -0.0785694931785641 -0.07946553500762425 0.03767725694542824 0 0 0
0.0034482758620689655 0.10961157853839301 0.11424448666330564 -0.12148906503344863 0 0 0
0.0034482758620689655 0.3417333507614512 -0.07878331092311756 0.578233399812747 0 0 0
0.0034482758620689655 0.24347570539051896 -0.5617090110949852 0.06121361760023245 0 0 0
0.0034482758620689655 -0.31681455467950964 0.04752502146613609 -0.10589076682212596 0 0 0
0.0034482758620689655 -0.23542300028125193 0.5080830333508536 0.11797386420843223 0 0 0
0.0034482758620689655 -0.30245535801413537 -0.2631280702126773 -0.46264614166799406 0 0 0
0.0034482758620689655 0.47004459731913995 -0.3406709989158225 -0.18540517534376624 0 0 0
0.0034482758620689655 0.46942621936744894 -0.5003570659627973 0.07924038988635163 0 0 0
0.0034482758620689655 0.3882785588663546 -0.14889022977576183 0.22343275414791167 0 0 0
0.0034482758620689655 -0.27780410114792187 0.23498710233657022 -0.45368648141858614 0 0 0
0.0034482758620689655 0.3259120556795709 -0.20624229057857754 -0.4576054951194778 0 0 0
0.0034482758620689655 0.35597073372582677 -0.11791668196141006 0.42601571454801124 0 0 0
0.0034482758620689655 0.36050161101755135 0.12495059438257707 -0.04437896600163513 0 0 0
0.0034482758620689655 0.45845140226957415 0.027534992321655346 -0.14515494453247318 0 0 0
0.0034482758620689655 0.03973252242326066 -0.16585533640221783 0.4958879216227815 0 0 0
0.0034482758620689655 0.3189952244846713 0.3100965372797961 0.1177346305531214 0 0 0
0.0034482758620689655 -0.2748701592499928 -0.20700028422905326 -0.278268094862504 0 0 0
0.0034482758620689655 0.45710977820358484 -0.46916650951371414 -0.15506484922836836 0 0 0
0.0034482758620689655 0.007851636764749972 -0.10451689362248759 -0.10758155680239069 0 0 0
0.0034482758620689655 0.14149080353004995 0.4477906741289393 0.4445280356171419 0 0 0
0.0034482758620689655 -0.19997936638659705 -0.08179963384798881 -0.6032252835845118 0 0 0
0.0034482758620689655 -0.08037107226929831 -0.18360407821146651 -0.06886045779263306 0 0 0
0.0034482758620689655 -0.0001712973125484068 0.23136600877061955 -0.3341979744864326 0 0 0
0.0034482758620689655 0.028682212627113707 0.6820910440605013 -0.03379591566023346 0 0 0
0.0034482758620689655 0.3446735139518312 -0.186246859374094 0.09310563187648092 0 0 0
0.0034482758620689655 0.04077567191989775 -0.35904731895431985 0.20813733887685726 0 0 0
0.0034482758620689655 0.2939028404317732 -0.41636541235062546 -0.04428024694417708 0 0 0
0.0034482758620689655 0.28145088652566985 0.14873015800015527 0.3315923713422846 0 0 0
0.0034482758620689655 -0.03595326166215959 0.32644543119507763 -0.259140641068013 0 0 0
0.0034482758620689655 -0.23112205279043882 0.43445342943731996 0.10760513375581823 0 0 0
0.0034482758620689655 -0.19133903811079736 0.16414184405414978 -0.4801373731946142 0 0 0
0.0034482758620689655 0.3105446847335414 -0.09516525869231189 0.011973095788985422 0 0 0
0.0034482758620689655 0.13490951496872186 -0.42026727621202237 0.4811176993604013 0 0 0
0.0034482758620689655 0.3212602886214119 -0.2756954800181198 -0.11360772765129057 0 0 0
0.0034482758620689655 0.31172335885826263 0.4096015535362092 -0.04995070084141519 0 0 0
0.0034482758620689655 0.26376443408289435 -0.23860057190319212 0.12980234212798877 0 0 0
0.0034482758620689655 -0.014239516819928006 0.1582532538517359 0.171569185967898 0 0 0
0.0034482758620689655 -0.04569765604144998 0.49971932911302613 0.47598417027038453 0 0 0
0.0034482758620689655 0.1470140009498624 -0.46487399986267636 -0.4675865844446438 0 0 0
0.0034482758620689655 0.4768188543806986 -0.23855491423294012 0.3679591966214287 0 0 0
0.0034482758620689655 -0.45471969699219544 0.4023701630381919 -0.2943639760710417 0 0 0
0.0034482758620689655 0.06473822337066737 0.42074030840845056 -0.33523719182927364 0 0 0
0.0034482758620689655 0.035696958004056596 -0.6172138485693416 0.14268091643838954 0 0 0
0.0034482758620689655 -0.2655619015341566 -0.2636787165667928 0.47505146326162206 0 0 0
0.0034482758620689655 0.21634871785697865 -0.5187050813349466 -0.0987501787450656 0 0 0
0.0034482758620689655 -0.3479295894734975 -0.052306253164788936 0.45472832363570265 0 0 0
0.0034482758620689655 0.0766745328573364 -0.525074653597148 -0.21315933006711918 0 0 0
0.0034482758620689655 0.3604664384476059 -0.1153406178808786 0.10083439527503639 0 0 0
0.0034482758620689655 0.4394677755785482 -0.3648385093415543 -0.0006010084764870595 0 0 0
0.0034482758620689655 -0.5403702796963422 -0.09075083618314539 0.2237093281276076 0 0 0
0.0034482758620689655 0.03741515297354426 -0.5418652066211924 0.4095662910162355 0 0 0
0.0034482758620689655 -0.314209394881641 -0.2280955777095939 0.15658042674211453 0 0 0
0.0034482758620689655 -0.15498332883944582 0.04899163228365006 -0.41700290923422556 0 0 0
0.0034482758620689655 -0.29183919229732225 -0.15161409122978928 -0.31635875807036473 0 0 0
0.0034482758620689655 0.0360741968130537 0.27370525701819226 0.4126840559632377 0 0 0
0.0034482758620689655 -0.4540239213513747 0.18552571381964275 -0.442322858492004 0 0 0
0.0034482758620689655 -0.04637464768276777 -0.4111870000454002 0.39265686944884665 0 0 0
0.0034482758620689655 -0.16720138466334405 -0.4512393042446245 -0.07232663704650298 0 0 0
0.0034482758620689655 -0.33099982324908744 0.06755243406707105 -0.414929479114251 0 0 0
0.0034482758620689655 -0.4379976060231321 -0.17882108746838818 0.36671743088601044 0 0 0
0.0034482758620689655 0.146676870123761 0.6320837084123729 0.12506652087169137 0 0 0
0.0034482758620689655 0.28261240406071975 -0.23054574493712743 -0.5673237664264161 0 0 0
0.0034482758620689655 -0.30865364538496487 -0.09015339291898349 -0.006885204739614089 0 0 0
0.0034482758620689655 0.16684864786487774 -0.1172503046551525 -0.18379584285381093 0 0 0
0.0034482758620689655 -0.48031227007787697 -0.1264943759731045 -0.39650964491077256 0 0 0
0.0034482758620689655 -0.174009672056087 0.2472704723399461 -0.39427419491137883 0 0 0
0.0034482758620689655 0.005775526368895639 -0.21877550898216308 -0.5653246917982004 0 0 0
0.0034482758620689655 -0.576714567095082 0.0934561292163609 -0.05175217755829411 0 0 0
0.0034482758620689655 0.31999126104006437 0.5505312394056803 -0.19315840561200667 0 0 0
0.0034482758620689655 -0.47040758201661453 0.3048366687867592 -0.07771457345774803 0 0 0
0.0034482758620689655 0.021784337809318884 0.4720669517727624 -0.3337298828914883 0 0 0
0.0034482758620689655 -0.12207493361602141 0.37744579861792005 -0.4956057727438291 0 0 0
0.0034482758620689655 -0.3715972837383385 0.04390494829221401 -0.04747212562151898 0 0 0
0.0034482758620689655 0.4714300237498386 -0.21311667066461998 -0.28748591043703925 0 0 0
0.0034482758620689655 0.20557702722883653 0.4229309634024233 -0.272096164804133 0 0 0
0.0034482758620689655 -0.15816664206220618 -0.5243803256631365 -0.219513382066483 0 0 0
0.0034482758620689655 -0.4078317664622036 -0.36509681823695894 -0.4114009762246523 0 0 0
0.0034482758620689655 -0.0071305016055927106 -0.3671874912084634 -0.556744631740269 0 0 0
0.0034482758620689655 0.36306178452309024 0.384419537928729 -0.30024199409205793 0 0 0
0.0034482758620689655 0.5116232035759021 -0.10032524721242231 -0.23286198373761685 0 0 0
0.0034482758620689655 -0.6129817354211122 -0.05250486443673101 -0.25998743942028485 0 0 0
0.0034482758620689655 0.009421678928709107 -0.4634120759742094 0.05157557308884521 0 0 0
0.0034482758620689655 0.16555855191368507 0.32510835352481177 -0.12164478972478966 0 0 0
0.0034482758620689655 -0.4421607445209551 0.1361538893961788 -0.4236537723744974 0 0 0
0.0034482758620689655 -0.5448611668038991 0.11121224600500378 0.37332929168086937 0 0 0
0.0034482758620689655 -0.01954857376377248 -0.04663021327255239 -0.27962971342979476 0 0 0
0.0034482758620689655 -0.11511765736584241 0.16527734427417276 0.3600846627331307 0 0 0
0.0034482758620689655 -0.39511568776687434 0.5521743869018055 0.08615454599239648 0 0 0
0.0034482758620689655 0.0845535018381682 -0.278968589078893 0.5539516499178481 0 0 0
0.0034482758620689655 0.04573550746813193 -0.41048236900821 -0.33746643227348105 0 0 0
0.0034482758620689655 -0.5147467496227442 0.12616936587067923 -0.33432837801712645 0 0 0
0.0034482758620689655 -0.3996555254354828 -0.10398346175089687 0.36205952854770035 0 0 0
0.0034482758620689655 -0.5968640164823721 0.03168669140646697 0.0704679397006819 0 0 0
0.0034482758620689655 0.34770035996237725 -0.028884610210017304 0.4395546226309013 0 0 0
0.0034482758620689655 0.24066398494452132 0.5226003796192474 0.06420899767528782 0 0 0
0.0034482758620689655 -0.07408898610657201 -0.5355578227557752 -0.1529164624610882 0 0 0
0.0034482758620689655 -0.5103770232685082 0.028980892945313422 0.12210528999766244 0 0 0
0.0034482758620689655 -0.0018734822241854249 0.2610114649373227 -0.14586395088693194 0 0 0
0.0034482758620689655 0.4348816899446898 0.24900283387086447 -0.33961649848002745 0 0 0
0.0034482758620689655 -0.24362146769613793 0.17081519784820934 0.2866777181966631 0 0 0
0.0034482758620689655 -0.3722281463900482 0.398367905523091 0.14656498292680775 0 0 0
0.0034482758620689655 -0.3378406313780222 0.3647129182218638 0.44303443382458574 0 0 0
0.0034482758620689655 -0.38748594985627954 -0.4900770360219243 0.15357148023618447 0 0 0
0.0034482758620689655 0.2048379547816127 0.12597559299833458 0.6086823548389916 0 0 0
0.0034482758620689655 -0.36490111293653177 0.2531473117198888 -0.3309404119225932 0 0 0
0.0034482758620689655 -0.02556011877099162 -0.1454433050711392 0.3807648084501513 0 0 0
0.0034482758620689655 -0.177383157936534 0.08912550387672723 0.3042567739415975 0 0 0
0.0034482758620689655 0.06635735786622644 0.3427890843070168 0.4388045519812642 0 0 0
0.0034482758620689655 -0.2992472518022585 0.03360675210435104 0.23117829331767595 0 0 0
0.0034482758620689655 -0.25187242738313603 -0.006489440419290443 -0.1297102365798065 0 0 0
0.0034482758620689655 0.13625069181851665 0.545722151086546 -0.12653098379154645 0 0 0
0.0034482758620689655 0.03705778993721975 0.5320202667767007 0.219595344491317 0 0 0
0.0034482758620689655 0.4198985775901079 -0.05286090629682062 -0.4053494572048384 0 0 0
0.0034482758620689655 0.15593911486951423 -0.15362249772312112 -0.5131244656366445 0 0 0
0.0034482758620689655 0.45490773090030134 -0.2742635723542043 0.16598274419100414 0 0 0
0.0034482758620689655 0.07222114355214129 0.11815546701705495 0.01871243297587203 0 0 0
0.0034482758620689655 0.6079021748687268 0.02886825230425073 -0.11942204183514994 0 0 0
0.0034482758620689655 -0.000255970110329773 -0.5438426818626396 0.16174144631375992 0 0 0
0.0034482758620689655 -0.23840717046919463 0.10747984909668834 0.10747872139756674 0 0 0
0.0034482758620689655 -0.5081191237122369 -0.08780336823014714 -0.09831224195239707 0 0 0
0.0034482758620689655 0.03147703231382293 -0.6033525735886379 -0.11012226769328098 0 0 0
0.0034482758620689655 -0.0635351888029952 0.08810535580367469 0.26822972066050277 0 0 0
0.0034482758620689655 -0.12235734652863706 0.24534745324681725 0.4198079353297539 0 0 0
0.0034482758620689655 -0.2842585053138829 -0.22417111881678442 0.4562142069568763 0 0 0
0.0034482758620689655 -0.33899483828012494 0.1782190865662659 0.3820721915074876 0 0 0
0.0034482758620689655 0.14778864217074306 -0.363508583932506 0.2675027059380061 0 0 0
0.0034482758620689655 -0.36459573411745727 -0.3247595459615695 0.1919592970582176 0 0 0
0.0034482758620689655 0.08733680244318699 -0.454635665408036 0.027334943921138787 0 0 0
0.0034482758620689655 -0.08946832765404951 0.1918069068420471 0.2501137788916799 0 0 0
0.0034482758620689655 -0.40800888788895034 0.03831273818398657 0.5319149509339789 0 0 0
0.0034482758620689655 0.21830618003723035 0.2352585505577911 0.12674385041116465 0 0 0
0.0034482758620689655 -0.18006268690155142 -0.5231216661444532 0.2942073126364831 0 0 0
0.0034482758620689655 0.0830070499287029 0.5486678180917502 -0.15886467236419893 0 0 0
0.0034482758620689655 -0.005359241119643073 0.15559243584601087 -0.6356553163401892 0 0 0
0.0034482758620689655 0.1659551113506411 0.5145180748343096 -0.14818730707387043 0 0 0
0.0034482758620689655 -0.01641255530043604 0.6186125877583522 -0.16309410218275108 0 0 0
0.0034482758620689655 -0.5061071769505235 -0.11958473325227513 -0.14998242964134015 0 0 0
0.0034482758620689655 0.0012618656686673349 0.5619474950157702 -0.14959352451914787 0 0 0
0.0034482758620689655 0.26458726229523194 -0.21521858341684322 -0.20348426583601617 0 0 0
0.0034482758620689655 0.30480479958606943 -0.22209425962727786 0.004457806882318664 0 0 0
0.0034482758620689655 0.3039193949945925 -0.2748290054058989 -0.5433402036890185 0 0 0
0.0034482758620689655 0.4741544050669508 0.05995981360605791 0.477947392322831 0 0 0
0.0034482758620689655 -0.03589552231326923 -0.24627113451857002 0.601153520497776 0 0 0
0.0034482758620689655 -0.35979228860261686 0.3463470890324146 -0.22405055398649099 0 0 0
0.0034482758620689655 0.3225816845892253 0.08847533174591903 0.0823055485784522 0 0 0
0.0034482758620689655 0.33579895920014724 -0.21497886671437386 -0.04399049729229646 0 0 0
0.0034482758620689655 -0.11428701095391978 -0.6003846994622403 -0.1580855909842585 0 0 0
0.0034482758620689655 -0.5684049260732845 -0.12175186510808526 -0.13172549136929557 0 0 0
0.0034482758620689655 -0.05320104451656796 -0.24196831110746833 -0.6029979312358685 0 0 0
0.0034482758620689655 0.20300330927968235 0.5066292006243835 -0.3042152094083071 0 0 0
0.0034482758620689655 -0.1809880737274029 0.07808972882641911 -0.01070326953358933 0 0 0
0.0034482758620689655 0.4022397172993549 -0.1927539712311588 -0.07701409140091171 0 0 0
0.0034482758620689655 -0.1802458520453857 0.059338427979985106 0.23466369398381742 0 0 0
0.0034482758620689655 -0.26611160928290034 -0.04463204460299954 -0.478520903481187 0 0 0
0.0034482758620689655 -0.397429943599862 -0.3505171291932544 -0.29151567201658607 0 0 0
0.0034482758620689655 -0.14017993332457857 -0.37429419240707934 0.03830963953903306 0 0 0
0.0034482758620689655 0.04428830373347213 0.5236549901015594 0.08192946801302468 0 0 0
0.0034482758620689655 0.18454293251938123 -0.050126980088986105 -0.40337044355419943 0 0 0
0.0034482758620689655 0.24488061294086788 -0.12233140199118918 0.5535363528322808 0 0 0
0.0034482758620689655 0.2929787091828623 -0.05150449965090206 -0.2616183347480969 0 0 0
0.0034482758620689655 0.3030709979264984 0.34687934613814175 0.1950999909844686 0 0 0
0.0034482758620689655 0.2678914033347085 -0.3794229083343164 -0.43878029004483465 0 0 0
0.0034482758620689655 0.5718087979526943 -0.21433872157162143 -0.07908228177798374 0 0 0
0.0034482758620689655 -0.589918327573566 -0.2503677580669689 -0.21126067458348785 0 0 0
0.0034482758620689655 -0.3835617852944644 -0.467071714572652 -0.22718622070530503 0 0 0
0.0034482758620689655 -0.34186864644386133 0.3824573488836601 0.07911216941241765 0 0 0
0.0034482758620689655 0.4926296233134869 -0.13151541223148408 -0.025910281576617216 0 0 0
0.0034482758620689655 0.6266305604322318 -0.09784099816922094 0.0729462598637154 0 0 0
0.0034482758620689655 0.16975167677102554 -0.22903571621813343 -0.1965762651919134 0 0 0
0.0034482758620689655 0.5598814697505067 0.12604178153822268 0.06789136945510285 0 0 0
0.0034482758620689655 0.2451606098591953 0.2129426191002974 0.003845065282267887 0 0 0
0.0034482758620689655 0.14800475024532378 0.06941108849113636 -0.20208710190368914 0 0 0
0.0034482758620689655 -0.4879053605615557 -0.43433165657402806 -0.062220798225917986 0 0 0
0.0034482758620689655 0.10975906150022725 0.025339319780914693 0.1271723346562961 0 0 0
0.0034482758620689655 0.23475255630098793 -0.2887837740573861 -0.22071677174059823 0 0 0
0.0034482758620689655 0.29555782686218984 0.07060718548116873 -0.17455576015388835 0 0 0
0.0034482758620689655 0.2524696751276591 -0.357187542779942 -0.4960709007449068 0 0 0
0.0034482758620689655 -0.33818657101249855 -0.2924822268267444 -0.006550244007841626 0 0 0
0.0034482758620689655 0.02108336158955096 -0.31034811529603645 0.4250444069715536 0 0 0
0.0034482758620689655 0.41790737089967 0.18343526026530999 -0.4649509170542045 0 0 0
0.0034482758620689655 -0.4600244420119096 0.16417707195724132 -0.21582456046411358 0 0 0
0.0034482758620689655 0.48205958511557256 -0.054657985612734036 -0.20895805948725543 0 0 0
0.0034482758620689655 -0.04088727794987368 0.3116505018626037 0.09387202457404034 0 0 0
0.0034482758620689655 0.3908828096381397 0.07003880904243527 0.2667987780974226 0 0 0
0.0034482758620689655 0.3696027698048556 0.2989505516864213 -0.2285751798888657 0 0 0
0.0034482758620689655 0.06301778787164189 0.051137835630152124 -0.09445593233356958 0 0 0
0.0034482758620689655 0.2061178221808421 -0.22346296648628192 -0.14100381546122062 0 0 0
0.0034482758620689655 0.34922787341464023 -0.5441319034004605 0.005638919660322222 0 0 0
0.0034482758620689655 0.3583464330138264 -0.20502398545980358 0.3165225879564543 0 0 0
0.0034482758620689655 -0.25718808576170293 -0.08249371818692781 0.5871538436578123 0 0 0
0.0034482758620689655 -0.47490124871283923 -0.16012958197999586 -0.39920201450086956 0 0 0
0.0034482758620689655 0.49405022426163864 0.17409055014587488 0.3991873892146256 0 0 0
0.0034482758620689655 -0.30428827651092766 -0.15934144329118566 0.47258812211753515 0 0 0
0.0034482758620689655 0.11152893309901564 -0.3450538525556567 -0.1206871332175929 0 0 0
0.0034482758620689655 0.09311894391181062 -0.11435372634610853 -0.01180097374678036 0 0 0
0.0034482758620689655 -0.08383581262586152 0.1323293303773671 -0.14261928910430854 0 0 0
0.0034482758620689655 0.24200006120898823 0.055726048425838864 0.14049040617185787 0 0 0
0.0034482758620689655 -0.33482405807983145 0.29091226682615307 -0.2661651944680133 0 0 0
0.0034482758620689655 -0.04903447380148512 -0.43182767241695014 0.364490118759543 0 0 0
0.0034482758620689655 0.05187329790072416 0.33819987404615415 -0.42612926780893007 0 0 0
0.0034482758620689655 0.13839728851099903 -0.30847707762678894 -0.42983091031774107 0 0 0
0.0034482758620689655 0.36375678660341354 0.2227594765388084 0.23101422585053644 0 0 0
0.0034482758620689655 0.4164706466136564 -0.2625041485358872 -0.3986063853506192 0 0 0
0.0034482758620689655 0.5006891476628794 -0.2241242761615721 -0.40434331438337096 0 0 0
0.0034482758620689655 -0.574433604676275 -0.23042092867194108 -0.11172923491629118 0 0 0
0.0034482758620689655 -0.21528521438898468 -0.01311183387929156 0.49901906865811946 0 0 0
0.0034482758620689655 0.3510316237883567 0.28800654585580243 0.15853175692459012 0 0 0
0.0034482758620689655 -0.08629478546271027 -0.3649871524520085 0.18171568723080692 0 0 0
0.0034482758620689655 -0.2183463113168873 0.46699493558168237 -0.03802733329754056 0 0 0
0.0034482758620689655 -0.5295024455567504 -0.19248729265400405 0.12028612272422883 0 0 0
0.0034482758620689655 0.3472778800158204 0.3361601306718402 0.15304821213679554 0 0 0
0.0034482758620689655 -0.14666232149101988 0.6138349901508178 -0.08877313716333464 0 0 0
0.0034482758620689655 0.238299056518696 -0.04370698774589004 0.3744280363874657 0 0 0
0.0034482758620689655 -0.1984157738658666 -0.009944714914838292 0.575980632113468 0 0 0
0.0034482758620689655 -0.2697870961404936 -0.005349421754507561 -0.26247418112368764 0 0 0
0.0034482758620689655 -0.060929055988712885 -0.4322033741732694 -0.4609680692584166 0 0 0
0.0034482758620689655 0.37750547941437135 0.2055855365919126 0.45412640276192884 0 0 0
0.0034482758620689655 -0.3298674231953409 -0.24503713765565047 0.4174434612778374 0 0 0
0.0034482758620689655 0.41562722742062 -0.20331575227107057 -0.42682351133500185 0 0 0
0.0034482758620689655 0.09969697748594249 -0.32197867163013105 0.535094007187452 0 0 0
0.0034482758620689655 0.12578662571998814 -0.45875069008030206 -0.13869525997905108 0 0 0
0.0034482758620689655 -0.3465734359367092 -0.15238521469125196 0.5668865168989589 0 0 0
0.0034482758620689655 0.12631051839271168 -0.42851383700142254 0.28921720925399236 0 0 0
0.0034482758620689655 -0.6862373510559854 0.03418531133593769 0.014449688746549552 0 0 0
0.0034482758620689655 -0.21814023828857587 0.026393573992671535 -0.2567441927949932 0 0 0
0.0034482758620689655 0.47215662844573864 0.34203652187877276 0.16565637490296126 0 0 0
0.0034482758620689655 0.07239364653504138 0.39727478363393254 -0.1311334215168674 0 0 0
0.0034482758620689655 0.08288559926844989 -0.029538580967028685 0.23666578434520122 0 0 0
0.0034482758620689655 -0.562763890365439 -0.18912559847271793 -0.09268954716599687 0 0 0
0.0034482758620689655 0.10905230749340465 0.35985052819491864 0.15527522080918635 0 0 0
0.0034482758620689655 0.4954635977088923 -0.034604799723669415 -0.46602217524556067 0 0 0
0.0034482758620689655 0.014578931128720819 0.03981771258303195 0.1444073754145646 0 0 0
0.0034482758620689655 0.24972611966523225 0.018186606237047723 0.3239429901839341 0 0 0
0.0034482758620689655 -0.5591000606927964 -0.33726525865957985 -0.19636640707526032 0 0 0
0.0034482758620689655 0.008971923948264309 0.25722227506833756 0.5725203117493413 0 0 0
0.0034482758620689655 0.3109721937113806 0.13512816475089742 0.5416810940532032 0 0 0
0.0034482758620689655 -0.011888465412586438 0.07139456295785129 -0.6589019270283882 0 0 0
0.0034482758620689655 -0.4041798974073665 0.08842510481522413 0.2374200007680513 0 0 0
0.0034482758620689655 -0.2025625008026264 0.34819891520018514 0.4819852215021398 0 0 0
0.0034482758620689655 -0.13705431944237847 -0.04800763323042519 0.4556100684668114 0 0 0
0.0034482758620689655 0.10379829348368905 -0.33944795066288025 -0.3060235514341006 0 0 0
0.0034482758620689655 0.33034765388789183 0.24185128756704607 -0.39592072791103294 0 0 0
0.0034482758620689655 0.09203912523102252 0.24376726632590812 -0.2302134698753094 0 0 0
0.0034482758620689655 -0.43437318737870906 -0.09740455493790691 0.01312837631015824 0 0 0
0.0034482758620689655 -0.4024006433244824 -0.37569160557060755 -0.15495835021039145 0 0 0
0.0034482758620689655 0.11100542759014984 0.393226154922735 -0.5431486417527964 0 0 0
0.0034482758620689655 -0.18387883597863336 -0.4581089014598783 0.13444749340851994 0 0 0
0.0034482758620689655 -0.1375455426631089 0.09169998009689315 -0.06307563149149331 0 0 0
