420
0
0.002380952380952381 0.5555559135482856 -0.03219724047419871 -0.24290608502873248 0 0 0
0.002380952380952381 0.045976124702506345 0.25970947258657084 -0.07260792565320907 0 0 0
0.002380952380952381 -0.3146580810527061 0.13361242232711248 -0.4755683661601286 0 0 0
0.002380952380952381 -0.15342351372980637 -0.6305827810385953 0.016388094160645832 0 0 0
0.002380952380952381 0.4593262421487673 -0.28107249370928816 0.2665496651962913 0 0 0
0.002380952380952381 -0.48307330027315015 -0.03725306912551984 0.35597443755095687 0 0 0
0.002380952380952381 0.21151375915617543 -0.21250005861477 0.390798889320218 0 0 0
0.002380952380952381 -0.11150027395740077 -0.11028401557512411 -0.22742608614931556 0 0 0
0.002380952380952381 -0.41034979383812337 0.32947610224884527 -0.24981409285494735 0 0 0
0.002380952380952381 0.29107950730936805 0.5232838849504551 -0.20244686738646953 0 0 0
0.002380952380952381 0.4758773148047041 0.013247669175596008 -0.1476599445384761 0 0 0
0.002380952380952381 -0.5121755541996662 -0.23477540868557115 0.0005747663723522028 0 0 0
0.002380952380952381 0.19443273293267738 0.1408908113252341 0.20469704357495722 0 0 0
0.002380952380952381 -0.43908513655027837 0.12974586997772086 -0.4456716167509871 0 0 0
0.002380952380952381 -0.647580621871362 -0.16402025148869925 0.08238965569158312 0 0 0
0.002380952380952381 -0.20892330747259813 -0.37009296581871565 -0.03258265251336784 0 0 0
0.002380952380952381 0.008937137377298595 0.3318539150046654 0.4657020346391567 0 0 0
0.002380952380952381 -0.06930935961616987 -0.4624922806439555 -0.06626639210451236 0 0 0
0.002380952380952381 -0.17991543622019793 -0.295166356095736 -0.04486179361728577 0 0 0
0.002380952380952381 0.04567118931671989 -0.4591474615819349 -0.5157257092766445 0 0 0
0.002380952380952381 0.5161110951276656 0.05217444466376423 -0.15982540502566264 0 0 0
0.002380952380952381 0.5116269727097669 0.013451518539987065 0.08742201691371 0 0 0
0.002380952380952381 0.29723819758961917 -0.15313782376107768 0.1973034659586808 0 0 0
0.002380952380952381 0.10574043367048258 0.1393005786964274 -0.5588302821427631 0 0 0
0.002380952380952381 0.0015005451547952643 0.5392127926615377 -0.025834080154986616 0 0 0
0.002380952380952381 0.1280193462305973 -0.0011770593489783807 0.04412067609542417 0 0 0
0.002380952380952381 -0.1244565449545244 0.38972407569874157 -0.32052276953808195 0 0 0
0.002380952380952381 0.03929407746788115 0.2777718232563192 -0.5909506983124619 0 0 0
0.002380952380952381 0.19616800881410534 -0.5900818674053674 -0.29704516454178725 0 0 0
0.002380952380952381 0.07512320338513005 -0.5371331663643051 0.10528473336941634 0 0 0
0.002380952380952381 0.08316087213772419 0.5667607382369825 -0.1947203297527116 0 0 0
0.002380952380952381 -0.4305561496976015 0.153038102470702 0.45065668709201084 0 0 0
0.002380952380952381 0.29039236461841544 0.35475218254157287 -0.03868931475492026 0 0 0
0.002380952380952381 -0.3851250256243694 -0.484764522565856 0.2975801757114972 0 0 0
0.002380952380952381 0.295590494699091 0.23679187330408497 0.33188266932461746 0 0 0
0.002380952380952381 -0.1002677418794553 0.6574198826990247 -0.07877184986834586 0 0 0
0.002380952380952381 -0.3926344756272954 0.10104948299693738 0.158515683487053 0 0 0
0.002380952380952381 -0.47503877933011246 0.15646775658760506 0.06432534381064382 0 0 0
0.002380952380952381 -0.20071235752916328 0.4017165446659422 -0.5242508246917732 0 0 0
0.002380952380952381 -0.2027563047270805 0.20733042141983163 -0.30936582245018823 0 0 0
0.002380952380952381 -0.03194479941527815 -0.1584552419784858 0.3134976741588697 0 0 0
0.002380952380952381 0.4812035065893615 0.06806621561732369 -0.1635166466554591 0 0 0
0.002380952380952381 0.32946188016381733 -0.008587972812254199 0.03536669231564281 0 0 0
0.002380952380952381 0.6722481150477866 -0.07314952213690644 0.0895377671829279 0 0 0
0.002380952380952381 -0.068133858708717 -0.06605883665059352 0.5294177026495359 0 0 0
0.002380952380952381 0.04951377669765063 -0.5550850926721866 0.04477200339247268 0 0 0
0.002380952380952381 -0.4225163528031561 -0.1670498761268564 -0.2811735883551216 0 0 0
0.002380952380952381 0.1549383906786029 0.4728711993459302 -0.04645997286479166 0 0 0
0.002380952380952381 -0.4711884811410775 -0.4298031887473887 0.003352981815171206 0 0 0
0.002380952380952381 0.3214251779735536 -0.19782946384229327 0.40077801594914625 0 0 0
0.002380952380952381 0.07825202067670516 -0.2258480855886104 0.5215094674981541 0 0 0
0.002380952380952381 -0.31775108648165795 0.44822043450028576 0.2755061340609485 0 0 0
0.002380952380952381 0.3678205095574341 -0.0337691655344013 0.18806613358674695 0 0 0
0.002380952380952381 0.0978398927963532 0.3952590148542288 0.4244346136945836 0 0 0
0.002380952380952381 0.22405598329316134 0.00032068657516173035 -0.47979258166783456 0 0 0
0.002380952380952381 -0.39812874614585536 0.4036186958398299 -0.13921099841567777 0 0 0
0.002380952380952381 0.16490981697244836 0.35250054202185777 -0.1074230073314761 0 0 0
0.002380952380952381 0.08525682905850644 -0.32308215434964854 0.4744708265592632 0 0 0
0.002380952380952381 -0.23499436490178632 0.06070980240895214 0.5587821032019538 0 0 0
0.002380952380952381 -0.40003117299254387 0.14060784370072363 -0.06242217950258622 0 0 0
0.002380952380952381 0.6222802440168487 -0.28404520360266233 -0.05852588935943474 0 0 0
0.002380952380952381 0.259287596415646 -0.10825653498160655 -0.06830378574235128 0 0 0
0.002380952380952381 0.04078704838069819 0.4323447939036013 0.46510643604275925 0 0 0
0.002380952380952381 -0.2830910438781427 -0.5665666106052587 -0.014885925372887103 0 0 0
0.002380952380952381 -0.17419423835760586 -0.5120944043747178 -0.2905205207060166 0 0 0
0.002380952380952381 0.536467352831615 -0.0886887232424391 0.29682395553171864 0 0 0
0.002380952380952381 0.08840081785296344 -0.052467915914717854 -0.39052308768648814 0 0 0
0.002380952380952381 0.12727340765538508 0.5027721355130971 -0.38618083945495646 0 0 0
0.002380952380952381 -0.4186886846552944 0.24041231713848762 0.3648385238080395 0 0 0
0.002380952380952381 -0.08999955023736626 -0.4337187385673805 0.37749035021300054 0 0 0
0.002380952380952381 0.18119803511267701 -0.6381308984043137 0.03682731217782981 0 0 0
0.002380952380952381 -0.14755584185297713 -0.07429659593355567 0.27485833507640567 0 0 0
0.002380952380952381 -0.3762023917527991 -0.02900186413008867 0.24300001403342436 0 0 0
0.002380952380952381 0.07939349510256456 -0.03234887711771673 0.450478900698479 0 0 0
0.002380952380952381 -0.2848439965014543 0.03431917331987194 -0.3943766688682584 0 0 0
0.002380952380952381 0.3631121521067774 -0.027216771314262037 -0.1235733074432363 0 0 0
0.002380952380952381 0.08848958581600477 0.021162007701306836 -0.2319562408965672 0 0 0
0.002380952380952381 0.30824364151430755 0.5339424491737785 0.03295190237087859 0 0 0
0.002380952380952381 0.1612894197341767 0.11384744525674015 0.4838139418116056 0 0 0
0.002380952380952381 -0.1490314590876084 -0.6584647106855179 -0.06785029271357179 0 0 0
0.002380952380952381 -0.16837354321898404 0.35343428830696816 -0.043284156259619774 0 0 0
0.002380952380952381 -0.1894630996081751 0.6101038548134704 -0.06834092005801455 0 0 0
0.002380952380952381 0.08678089496810701 0.10389665397885321 -0.3462928793893808 0 0 0
0.002380952380952381 -0.17757337840137302 0.6476647256373237 -0.12451358898199104 0 0 0
0.002380952380952381 -0.20353515531200575 -0.11950448206813198 -0.3142263339835737 0 0 0
0.002380952380952381 -0.485368593390297 0.19003970945162904 -0.028597205936453058 0 0 0
0.002380952380952381 0.3469501603066659 0.22475258194847889 0.2069483738613001 0 0 0
0.002380952380952381 -0.2745927552738163 0.28286121076506693 0.4237467846928747 0 0 0
0.002380952380952381 0.2545391573723824 -0.6198300169968671 -0.11785952347764389 0 0 0
0.002380952380952381 0.2740335645471136 -0.02812667756725802 0.5560359835601433 0 0 0
0.002380952380952381 -0.09177948185051245 -0.24375176742944005 0.25638773595342995 0 0 0
0.002380952380952381 0.4168626202704355 -0.23960272485106596 0.08238838084783619 0 0 0
0.002380952380952381 -0.06219885801532054 -0.25552753851458343 0.3696577170064527 0 0 0
0.002380952380952381 -0.10954780698431561 -0.3427706144185229 0.03202558995888717 0 0 0
0.002380952380952381 0.3356354629270833 -0.33767317340236447 0.4738689517962014 0 0 0
0.002380952380952381 0.2167579957672255 0.05559739547122554 -0.08761473323497838 0 0 0
0.002380952380952381 -0.009015958828001986 0.5016506617328561 0.0006219232743489395 0 0 0
0.002380952380952381 0.3273125796592639 -0.2373147297589608 -0.12199429213122208 0 0 0
0.002380952380952381 -0.07998444766408862 0.39222563257109844 -0.13216130790026479 0 0 0
0.002380952380952381 0.5039946418824961 -0.26604052812401136 0.2612088417740001 0 0 0
0.002380952380952381 0.5054912457087718 0.25170802308664975 -0.25290040588084994 0 0 0
0.002380952380952381 -0.3152672946069893 -0.06655779954707862 -0.2531434276979833 0 0 0
0.002380952380952381 -0.15868927151497456 -0.2942458876371745 -0.3465705319465775 0 0 0
0.002380952380952381 0.14985996804546856 0.04274238793012006 0.01360503311488319 0 0 0
0.002380952380952381 -0.012641951577652032 0.6263533432055239 -0.2207527633331324 0 0 0
0.002380952380952381 -0.2719786716124437 0.2401014519499088 -0.5518845475762717 0 0 0
0.002380952380952381 0.374703552767612 -0.15957209203640763 -0.5566115119101678 0 0 0
0.002380952380952381 0.5491783314982357 -0.3044723161571838 -0.0382323650584752 0 0 0
0.002380952380952381 0.28767710847551053 -0.10514050291968184 0.06036647359519288 0 0 0
0.002380952380952381 -0.08830026813587917 0.5412729557401795 0.2663756231607394 0 0 0
0.002380952380952381 -0.02009372578160204 -0.5897082656226318 0.21484029687514505 0 0 0
0.002380952380952381 0.10019894035208754 -0.22321222231778956 -0.1089147011866161 0 0 0
0.002380952380952381 -0.002586879922605276 0.34012331453416944 0.42542408139221827 0 0 0
0.002380952380952381 0.6003249954556236 -0.1721897683042575 0.22955866341902725 0 0 0
0.002380952380952381 0.23190225716121368 0.09240715365606603 -0.5771003755542746 0 0 0
0.002380952380952381 0.051328887075787095 0.41017438228119607 -0.15044087280688237 0 0 0
0.002380952380952381 -0.529814706782227 -0.39131345205189033 -0.039384067641227954 0 0 0
0.002380952380952381 0.5651077109873781 0.3316378961229244 0.03165592170157194 0 0 0
0.002380952380952381 0.5324472795845028 -0.298386506220143 -0.09653892386605607 0 0 0
0.002380952380952381 0.0614850037781881 0.39363126835284146 0.10776149705256631 0 0 0
0.002380952380952381 -0.12212272345947765 -0.5827537190214762 -0.34372652617934335 0 0 0
0.002380952380952381 -0.28047158121593463 0.3628445974004295 0.30653556705242846 0 0 0
0.002380952380952381 -0.02953100867156627 0.20648244711477914 0.3925862765463775 0 0 0
0.002380952380952381 -0.10623550451141818 0.19898287771458065 0.12851711936784868 0 0 0
0.002380952380952381 -0.5461039396362238 -0.3771373814599112 0.19092488323691253 0 0 0
0.002380952380952381 -0.4451383608729458 -0.0936764365978627 0.1887545979852533 0 0 0
0.002380952380952381 -0.09545184067989995 -0.26728029182057605 -0.5037817246594471 0 0 0
0.002380952380952381 0.25353708245857626 -0.5711769221860499 0.1520226898713445 0 0 0
0.002380952380952381 -0.6456736918137123 0.1658649972465693 0.08174692061711779 0 0 0
0.002380952380952381 0.283352939869055 0.4819895748076966 -0.06168451581604384 0 0 0
0.002380952380952381 0.49021133358303337 0.11732076282115263 -0.08648236957712327 0 0 0
0.002380952380952381 -0.3421072718533322 -0.169832918046642 0.28848460350763855 0 0 0
0.002380952380952381 0.17709487415237654 0.053976913247769084 0.4821687528313287 0 0 0
0.002380952380952381 0.21441045085529312 0.3839080549045326 -0.048279137824392866 0 0 0
0.002380952380952381 0.2124131766520455 -0.3131525574902299 -0.4118323865869786 0 0 0
0.002380952380952381 -0.12327415386060663 0.4138295063563455 -0.10176300053323303 0 0 0
0.002380952380952381 0.15478239947933675 -0.15056025295467432 0.5950339266934661 0 0 0
0.002380952380952381 -0.1040824868759445 0.5242827751864393 0.12860320140068865 0 0 0
0.002380952380952381 -0.2399295622512679 0.13599813329098753 -0.4243086089366097 0 0 0
0.002380952380952381 -0.6491176893183758 -0.06504308755526123 0.10755158531007124 0 0 0
0.002380952380952381 0.054827566052723375 -0.2788589879772933 -0.6289132644745481 0 0 0
0.002380952380952381 -0.026273669974289534 -0.17062650191465123 0.05199094393766927 0 0 0
0.002380952380952381 0.6509044538525779 0.06695364472427404 0.06962983945168906 0 0 0
0.002380952380952381 0.0820113875925822 0.2521867385653923 0.07034106604118377 0 0 0
0.002380952380952381 -0.41190573006560893 0.4047723369547482 0.32197035067945945 0 0 0
0.002380952380952381 0.5480128277087473 -0.006324483096843114 -0.1639743617156051 0 0 0
0.002380952380952381 0.07321601776487557 -0.06849928882110884 -0.03705747288382462 0 0 0
0.002380952380952381 -0.11155669476276976 -0.29365843295937244 0.012811444780576293 0 0 0
0.002380952380952381 0.08905601699740494 -0.17531838714773687 0.6056200318661459 0 0 0
0.002380952380952381 0.4815962108359253 -0.2722124280705027 -0.05374790165209767 0 0 0
0.002380952380952381 0.4734483882699978 0.10250503504597719 -0.020150923072240222 0 0 0
0.002380952380952381 0.18712262601691665 -0.45716036484687567 -0.14187990512043966 0 0 0
0.002380952380952381 0.29999012834710465 -0.5219350447131307 0.15440982338842435 0 0 0
0.002380952380952381 0.3774734009544792 -0.12558826342480792 0.2105058111736634 0 0 0
0.002380952380952381 0.0834116386465305 0.316579086960508 -0.30413588494596894 0 0 0
0.002380952380952381 -0.1476217031284937 0.22895642961887244 -0.08507759407597656 0 0 0
0.002380952380952381 0.1529991240130759 0.2503014037553514 0.09979673106007346 0 0 0
0.002380952380952381 0.14180826722733278 -0.08386049734480139 -0.02062456587583509 0 0 0
0.002380952380952381 0.14784802873634584 0.0556932665183389 0.13379956955131883 0 0 0
0.002380952380952381 -0.4135718460245171 0.0667182390106592 0.31242246990809275 0 0 0
0.002380952380952381 0.07275915813854306 0.2226905218176322 0.25393743043256073 0 0 0
0.002380952380952381 0.05278204710509819 -0.04766099166400114 0.12296140618088923 0 0 0
0.002380952380952381 -0.1885662701778021 -0.5274557470034764 -0.1423514638796985 0 0 0
0.002380952380952381 0.27746513665533606 0.20020562941413025 -0.2901037641369476 0 0 0
0.002380952380952381 0.18715052712760738 0.03574621123103756 -0.088097670430721 0 0 0
0.002380952380952381 0.025920583642665727 0.22197259287808244 0.15582000299623014 0 0 0
0.002380952380952381 0.1701668778238345 0.34384203873191865 0.051841522748196485 0 0 0
0.002380952380952381 -0.2764480690741565 0.5447728475038639 -0.26480189519137615 0 0 0
0.002380952380952381 0.1862524178891757 -0.1414661545827881 -0.045536253036180786 0 0 0
0.002380952380952381 -0.43469186679060384 -0.3935770364359267 -0.3583193349725136 0 0 0
0.002380952380952381 0.21394187291167474 0.3948560372898414 0.19550137051471062 0 0 0
0.002380952380952381 0.09029930219430518 -0.589893931570037 -0.15788831334838602 0 0 0
0.002380952380952381 -0.06909445129551454 -0.47702339343025574 -0.02173012526426169 0 0 0
0.002380952380952381 0.17774826570545868 -0.09944992883182505 0.6412434441000363 0 0 0
0.002380952380952381 0.22076658611742858 -0.03131219664972684 -0.40053780341921746 0 0 0
0.002380952380952381 -0.3785845046517784 -0.008094605524544394 0.554550392188093 0 0 0
0.002380952380952381 -0.1147220265571585 -0.6407810566212487 -0.03882749102709048 0 0 0
0.002380952380952381 -0.17593951696539253 -0.5934864798420738 0.08679049784860982 0 0 0
0.002380952380952381 0.44653145744084805 0.15941419759672748 -0.08419405779696565 0 0 0
0.002380952380952381 0.5696394433467608 -0.2865932529347867 0.14269124636781896 0 0 0
0.002380952380952381 0.3995309076718395 -0.05085828943151003 0.17502700605621602 0 0 0
0.002380952380952381 0.1132839591133017 0.6017837634794113 0.15483532002609976 0 0 0
0.002380952380952381 0.37925281593107557 0.4882208028505183 -0.0816838412987972 0 0 0
0.002380952380952381 -0.2354210015759268 -0.29658614885955353 0.4286159509140573 0 0 0
0.002380952380952381 -0.38699564587386254 -0.4000424922351972 0.05183672160400554 0 0 0
0.002380952380952381 0.13950516720940265 0.559746563651001 -0.30318020586550953 0 0 0
0.002380952380952381 -0.009659457401609131 -0.3223637284114229 -0.041033906722616524 0 0 0
0.002380952380952381 -0.26582438890473775 0.20074334650281003 -0.015991764013639418 0 0 0
0.002380952380952381 0.4392551673062042 0.0036163533297447256 0.24588651767526434 0 0 0
0.002380952380952381 0.10892792774895103 -0.15707069219660955 -0.6305560625635971 0 0 0
0.002380952380952381 0.04316623965701208 0.11082565916663584 -0.047528695066833174 0 0 0
0.002380952380952381 -0.5018390952524096 0.14152125242224373 -0.3731731218463697 0 0 0
0.002380952380952381 -0.4328816937962029 -0.3141506699994084 -0.4337669120896535 0 0 0
0.002380952380952381 0.01269752934145279 0.4349958865592361 -0.08442356229363315 0 0 0
0.002380952380952381 -0.172838542426977 -0.07582610444706767 -0.13101299693959598 0 0 0
0.002380952380952381 0.6078529675953499 -0.0054351538232054585 0.2945410345405896 0 0 0
0.002380952380952381 0.46745691516828003 -0.014423170934051904 0.3361700651116663 0 0 0
0.002380952380952381 0.17727325612922396 -0.26453872046492016 -0.13235309008427726 0 0 0
0.002380952380952381 -0.6063258919491982 0.03662554516770725 -0.11185741013668475 0 0 0
0.002380952380952381 0.204528807963814 -0.3994625636871872 -0.3033375046269267 0 0 0
0.002380952380952381 -0.13203929008869933 0.26632130836764684 0.35870621583977086 0 0 0
0.002380952380952381 0.4486293162117005 -0.47760351139969803 0.19103953663609846 0 0 0
0.002380952380952381 -0.45871772797611565 0.21430218562086298 -0.23269207140416603 0 0 0
0.002380952380952381 0.14821599228463017 -0.5446220808721589 -0.14989867846922333 0 0 0
0.002380952380952381 0.13498049410245566 -0.1764778268087956 0.23782164481497922 0 0 0
0.002380952380952381 -0.511293622267883 -0.3281506202364966 -0.04682896382069237 0 0 0
0.002380952380952381 -0.25595537912459615 0.2468259164372693 -0.22544448972010878 0 0 0
0.002380952380952381 -0.26086864476994825 -0.5022494882921803 -0.17630362156938365 0 0 0
0.002380952380952381 -0.056438390641370274 -0.20207998953544 -0.3184249092657548 0 0 0
0.002380952380952381 -0.3066875793625124 -0.1708495126856985 -0.2725838785557497 0 0 0
0.002380952380952381 -0.2168973748033385 0.11682984593186689 -0.36039560037390744 0 0 0
0.002380952380952381 -0.20924508951083753 -0.18830020837714337 -0.2416345337218854 0 0 0
0.002380952380952381 -0.5823245489573109 -0.024464730805445534 0.2164252566805121 0 0 0
0.002380952380952381 -0.15466901563669896 -0.1837446348481703 0.17750626077822823 0 0 0
0.002380952380952381 0.003146874852894974 -0.3671716712812913 0.06788639017180552 0 0 0
0.002380952380952381 0.5636624260218528 -0.14126875079990736 -0.27590942691233755 0 0 0
0.002380952380952381 0.37526834964185285 0.42694473056860976 -0.09790271204121272 0 0 0
0.002380952380952381 0.206161968490281 -0.3123180941514202 0.3033648568357053 0 0 0
0.002380952380952381 0.3838301153498263 -0.0635750745619324 -0.5265194716756624 0 0 0
0.002380952380952381 -0.10436173439057565 -0.2750601572338287 0.47940146066486516 0 0 0
0.002380952380952381 -0.013240794426225062 -0.6424694542237007 -0.12950687785496737 0 0 0
0.002380952380952381 -0.38508260177682485 -0.08459733544286552 -0.059297512206348414 0 0 0
0.002380952380952381 -0.10270456621165347 -0.12320446147802458 0.17009906229442187 0 0 0
0.002380952380952381 -0.008084972477635656 0.6712152877914097 -0.08371478451725593 0 0 0
0.002380952380952381 0.18656756786161446 -0.3778834908203606 0.09238806513628428 0 0 0
0.002380952380952381 -0.08149583222845415 0.27410590542804325 0.5525542039065651 0 0 0
0.002380952380952381 0.23660581357349145 -0.08889050990543704 0.5763182388204697 0 0 0
0.002380952380952381 -0.4677011089889565 0.4908114293505952 0.030555527478827824 0 0 0
0.002380952380952381 0.1613330927218252 0.3514070322583787 0.0017650539920542093 0 0 0
0.002380952380952381 0.0763509624968293 -0.46718151932514296 -0.38580290547390644 0 0 0
0.002380952380952381 -0.14502274494411474 0.3248882950864485 0.458421224871173 0 0 0
0.002380952380952381 -0.5673448540416549 0.21649507623063105 0.12785725195679806 0 0 0
0.002380952380952381 -0.6035644849006508 -0.08351454892245644 0.20194474069293236 0 0 0
0.002380952380952381 -0.06629476748343306 -0.10369026975685348 0.6205698415725314 0 0 0
0.002380952380952381 -0.27429053419332816 -0.49773063057678724 0.39199497353557305 0 0 0
0.002380952380952381 -0.3913868069863583 -0.37155168943654754 0.3214845075344535 0 0 0
0.002380952380952381 0.22867164688132607 -0.24228075381001704 -0.22181929786479263 0 0 0
0.002380952380952381 -0.5931002016981856 0.016018573205209587 0.06316535874491198 0 0 0
0.002380952380952381 -0.6281116741231734 -0.2838857666430335 0.057456062547694836 0 0 0
0.002380952380952381 -0.4195730410349692 0.1106255703798125 0.0756038481522521 0 0 0
0.002380952380952381 0.2706189344559123 0.4525214064130054 -0.42468328277059164 0 0 0
0.002380952380952381 0.3240941743401558 0.26310464242593645 -0.3616130005146036 0 0 0
0.002380952380952381 -0.24772255235557186 0.3889864179729892 -0.02450404227981249 0 0 0
0.002380952380952381 -0.25637205541041513 -0.0685123960835634 0.578552551434099 0 0 0
0.002380952380952381 -0.09405816820389379 -0.20056699444936021 -0.11259213259296526 0 0 0
0.002380952380952381 -0.010133063811293048 0.4803128016104169 -0.07682822491105845 0 0 0
0.002380952380952381 0.5074723772598927 0.4661496932748738 -0.056504298335203755 0 0 0
0.002380952380952381 -0.5342845330412233 0.35767830689440955 -0.023907466994890055 0 0 0
0.002380952380952381 0.18073000900874356 0.15769139528225617 -0.02108793827537939 0 0 0
0.002380952380952381 -0.23487849516628884 0.5339983656309535 -0.03178201251325357 0 0 0
0.002380952380952381 0.2193890134792702 0.03750384070630042 0.49479946618306964 0 0 0
0.002380952380952381 0.44924672693023804 -0.18813126264946173 -0.34648944290207734 0 0 0
0.002380952380952381 -0.13792292584757707 -0.41474490246602036 -0.2557634689722471 0 0 0
0.002380952380952381 0.0557500300895252 0.18817454543418782 -0.6109740274804216 0 0 0
0.002380952380952381 -0.30738435288920285 0.03384072864942341 -0.5981325669192581 0 0 0
0.002380952380952381 -0.3882625967254622 -0.113425275165221 0.2258156194944114 0 0 0
0.002380952380952381 -0.1438541074516002 0.09874541684019249 -0.25066452930677147 0 0 0
0.002380952380952381 -0.062439886563940915 -0.149709969442081 0.4799776226566469 0 0 0
0.002380952380952381 -0.034543898965472546 0.6259044010585443 0.2037473230153443 0 0 0
0.002380952380952381 0.3316014525003623 -0.11182347706710014 -0.5340787771176776 0 0 0
0.002380952380952381 -0.4492025494463639 0.36765727208378207 -0.1992241793874033 0 0 0
0.002380952380952381 -0.11740550606801904 -0.376861381677916 0.4808349146034395 0 0 0
0.002380952380952381 0.45375817373768557 0.043566170301888155 0.4568318106311472 0 0 0
0.002380952380952381 0.08576952368445084 0.19861890479594027 0.5682501976698836 0 0 0
0.002380952380952381 0.2095155840570122 0.3233125814345718 0.07604060728980318 0 0 0
0.002380952380952381 0.002410375064025013 0.08164660283450699 0.3802122385593675 0 0 0
0.002380952380952381 0.3411321358068816 -0.32083367738702245 -0.1990155290070261 0 0 0
0.002380952380952381 -0.3985546085826658 0.24985475549796182 -0.2066011096708629 0 0 0
0.002380952380952381 -0.366505227643695 0.3244753246923233 -0.3632015758589005 0 0 0
0.002380952380952381 0.39571438493260686 -0.05469886088519614 -0.27913696256884957 0 0 0
0.002380952380952381 0.06772465473678488 0.4623934907422437 -0.4982325723711588 0 0 0
0.002380952380952381 -0.24353910983156082 -0.34475568442169485 0.14086636854112847 0 0 0
0.002380952380952381 0.42185418407938574 0.3144221614880331 -0.3703459681767578 0 0 0
0.002380952380952381 0.31856339689089364 0.034123781921434095 0.35169706663728934 0 0 0
0.002380952380952381 0.15683295310080722 0.12480227928535342 0.06387255801298596 0 0 0
0.002380952380952381 -0.4153888079499455 0.21265116473162307 -0.3886627890765671 0 0 0
0.002380952380952381 0.44380044850177774 -0.4858085275019842 0.16148474359813075 0 0 0
0.002380952380952381 0.5818535833793443 0.16532201542491853 -0.046956741369859674 0 0 0
0.002380952380952381 0.464303878972111 0.40769423201608346 0.17864474757104967 0 0 0
0.002380952380952381 -0.01825383939465687 -0.12270244046792425 -0.30004170542048375 0 0 0
0.002380952380952381 0.4557762350237766 -0.21235526411564823 -0.11858172024141982 0 0 0
0.002380952380952381 -0.05435979198641471 -0.4474089401504556 -0.5251365686531655 0 0 0
0.002380952380952381 -0.16912724435737497 -0.06982301100585818 0.3289107290296703 0 0 0
0.002380952380952381 -0.2655831793396569 0.36393655770475564 0.24966791666032145 0 0 0
0.002380952380952381 0.5669467987062056 -0.16329182442701093 -0.17537478959475844 0 0 0
0.002380952380952381 -0.6330527864096497 0.14005825113365766 0.184785668427552 0 0 0
0.002380952380952381 0.37304007052054633 0.28094770413502973 0.17270917293720575 0 0 0
0.002380952380952381 0.11417954134032211 0.4301061322105076 -0.3497895804619093 0 0 0
0.002380952380952381 0.3032740799022878 -0.10674748797613692 -0.18386934987876588 0 0 0
0.002380952380952381 0.4455721390561776 -0.27582142683612765 -0.02610050022270077 0 0 0
0.002380952380952381 0.07556257488932469 0.13570680355358775 -0.6357659697832772 0 0 0
0.002380952380952381 -0.5025383196207205 -0.3968697731518384 -0.24773667483880948 0 0 0
0.002380952380952381 0.3017479534334378 0.2750377876345849 0.34314758907495135 0 0 0
0.002380952380952381 0.05859101884636849 -0.24724621612870384 -0.5058011975680035 0 0 0
0.002380952380952381 -0.016070487979131343 0.3509541682618983 0.41612554868382273 0 0 0
0.002380952380952381 -0.06570526524618105 -0.4631507704016805 0.4553979822365817 0 0 0
0.002380952380952381 0.046863390854423356 0.3043741896769376 0.44394801304360265 0 0 0
0.002380952380952381 0.029792488241898948 -0.17687458847567247 0.5035956829436078 0 0 0
0.002380952380952381 -0.17803338552176745 0.47691316753565416 0.2266051274789819 0 0 0
0.002380952380952381 -0.03669385915338036 0.024687652242408 -0.16520578759875362 0 0 0
0.002380952380952381 -0.15414356071664373 -0.06304960366868924 0.011978227377393225 0 0 0
0.002380952380952381 -0.28164805761382433 0.3196385274938494 -0.4370251805351462 0 0 0
0.002380952380952381 0.09816677948928831 -0.2250449786333562 -0.041136116813406357 0 0 0
0.002380952380952381 0.007213452282296925 -0.139703266224018 -0.27952632950578626 0 0 0
0.002380952380952381 -0.04411302206121195 0.003344218077117912 -0.5691634698025722 0 0 0
0.002380952380952381 0.5116892442388343 -0.10883825542110301 -0.15592027526368282 0 0 0
0.002380952380952381 0.30209172527037637 -0.2011952459808778 -0.2884030717226974 0 0 0
0.002380952380952381 -0.5027210023257922 -0.1368569853174147 -0.18833902765928892 0 0 0
0.002380952380952381 0.430334945962489 0.5253267070293819 -0.02084608981059579 0 0 0
0.002380952380952381 -0.2393169057828701 0.5930909678662388 0.20389418304518553 0 0 0
0.002380952380952381 0.32393867593234 -0.05171569226684413 0.4186656238893803 0 0 0
0.002380952380952381 -0.4128008698532445 0.0765799436829041 -0.008035179889852827 0 0 0
0.002380952380952381 -0.277719536217871 -0.21671867653178778 0.2580527341034878 0 0 0
0.002380952380952381 -0.03133851174725716 0.1443780850407328 0.4220902327618991 0 0 0
0.002380952380952381 -0.11190872599581736 -0.48705754483513053 0.37875195334514644 0 0 0
0.002380952380952381 0.15861737819455132 -0.4843004470941262 0.14242585935452753 0 0 0
0.002380952380952381 -0.5744513846727066 0.34209809132232405 0.03338839798610559 0 0 0
0.002380952380952381 0.3178828256489012 0.06128115934497967 0.18295824514783415 0 0 0
0.002380952380952381 -0.15705097749611652 0.2503842214660737 -0.480544200820557 0 0 0
0.002380952380952381 -0.20647071335061176 -0.608676478200428 -0.18676240341188505 0 0 0
0.002380952380952381 0.2618123599396998 -0.2864445229246094 -0.4667582207988148 0 0 0
0.002380952380952381 0.11967409018665537 -0.6033419855023311 0.2636280024981088 0 0 0
0.002380952380952381 -0.4378944996768199 -0.3411498896063355 0.06640301659661303 0 0 0
0.002380952380952381 0.18565251149248888 -0.2234226259964966 -0.2261687800629379 0 0 0
0.002380952380952381 -0.540503258980312 0.13466488875545343 -0.36011162207660197 0 0 0
0.002380952380952381 -0.025274334719621722 -0.05461748966915952 -0.23212966403236207 0 0 0
0.002380952380952381 -0.5129104896868233 0.18997110939673512 0.4237775316329788 0 0 0
0.002380952380952381 -0.19833958053794778 0.3858444014538066 0.4127775831371219 0 0 0
0.002380952380952381 -0.27495350702278043 0.32894026468633514 0.07745276172078576 0 0 0
0.002380952380952381 0.15393525495195887 0.3454258454477202 -0.40085765084378605 0 0 0
0.002380952380952381 0.505330813721043 -0.31087144647367126 -0.21960970086841367 0 0 0
0.002380952380952381 -0.08251931552610206 -0.12836167811495294 0.5035560058622998 0 0 0
0.002380952380952381 -0.39833377645773943 0.4169673217660567 0.21309300212093052 0 0 0
0.002380952380952381 0.1608808349493236 0.039178472924843714 -0.37560386162653087 0 0 0
0.002380952380952381 -0.1307555734435152 0.3603114584686928 -0.1342643749706933 0 0 0
0.002380952380952381 0.09389950794565871 -0.3222543008399207 -0.1263341842879657 0 0 0
0.002380952380952381 -0.3996638440969334 0.026845789949148286 0.382153120616579 0 0 0
0.002380952380952381 -0.40116731134500555 -0.11604057366021928 -0.5289752631163933 0 0 0
0.002380952380952381 0.3462411103961034 0.18917323646239373 0.03439863514041874 0 0 0
0.002380952380952381 -0.36361033396047937 0.033873489224323275 -0.06508384906913856 0 0 0
0.002380952380952381 0.38188090462026614 0.3272452663864181 -0.015759720915613673 0 0 0
0.002380952380952381 -0.03793117989077075 0.10070398182674405 -0.636258476642877 0 0 0
0.002380952380952381 -0.31139903313439227 0.06094906737139899 -0.5334347415999556 0 0 0
0.002380952380952381 0.39623249250913123 0.11059660793804843 -0.4291314181446264 0 0 0
0.002380952380952381 -0.2779169758990545 0.4706251558536657 -0.33088408269307906 0 0 0
0.002380952380952381 -0.19928522697749015 0.6089824002062201 0.02553218356890039 0 0 0
0.002380952380952381 -0.04647458902357746 0.07669408523064565 -0.6369333627821575 0 0 0
0.002380952380952381 0.04593027912374413 0.3578085925265346 0.3890601587733518 0 0 0
0.002380952380952381 -0.09502930963788889 -0.39017378577594575 -0.36831589711129076 0 0 0
0.002380952380952381 -0.009001087197601645 -0.6238576650289506 -0.14557090119410765 0 0 0
0.002380952380952381 -0.20192650508598556 -0.6117806298055503 0.15801397224995123 0 0 0
0.002380952380952381 0.26369915640621955 0.19026243053967618 -0.23846607091224403 0 0 0
0.002380952380952381 -0.44348555201766127 0.07465567066754528 0.5196024532399101 0 0 0
0.002380952380952381 -0.4458150152693603 -0.45472085793637773 -0.18657453372520014 0 0 0
0.002380952380952381 -0.33519239753665614 0.27404699197080556 0.3897742080500382 0 0 0
0.002380952380952381 0.06416272603707163 -0.22904795018105314 -0.11443873720381538 0 0 0
0.002380952380952381 0.16946525196670684 -0.05919394718087471 -0.4670661045766442 0 0 0
0.002380952380952381 -0.04576058225671628 0.3680421108656288 0.07765067660669069 0 0 0
0.002380952380952381 -0.25417905624645365 0.43683601170158826 -0.15366482903714204 0 0 0
0.002380952380952381 -0.2294295055447833 -0.54041438248624 0.2512654593447588 0 0 0
0.002380952380952381 0.4783552444524187 -0.041407590959759426 0.1836893592447111 0 0 0
0.002380952380952381 -0.08943882717957537 0.01806463238394309 -0.4604577848938709 0 0 0
0.002380952380952381 -0.2359949495846048 0.05672555695174156 0.4558784745392956 0 0 0
0.002380952380952381 -0.4844055737755755 -0.2903425898953226 -0.3115059378631698 0 0 0
0.002380952380952381 0.2544122578964581 0.05238076437665509 0.4578230913963062 0 0 0
0.002380952380952381 -0.2711059689988125 -0.30507516025554265 -0.2675870236771757 0 0 0
0.002380952380952381 -0.27447912705510136 -0.08717813483307614 0.5667143247679796 0 0 0
0.002380952380952381 0.5008427035255815 -0.007397156842740827 -0.2671977991228348 0 0 0
0.002380952380952381 0.006822994463311225 0.0013413496656485427 -0.15073037749776777 0 0 0
0.002380952380952381 -0.3303274559141263 0.3635763509367906 0.2249140538096983 0 0 0
0.002380952380952381 -0.24228166155251213 -0.09647205315199692 -0.1470248082226929 0 0 0
0.002380952380952381 0.2820655357171055 -0.30681538126364494 0.2522765870687491 0 0 0
0.002380952380952381 -0.4748402721635496 0.20143869414778118 0.006102729205886415 0 0 0
0.002380952380952381 0.33309402482183564 -0.45350310110973285 0.3580667624254763 0 0 0
0.002380952380952381 -0.3141672117669716 0.4030535468501578 -0.21753237494979086 0 0 0
0.002380952380952381 -0.32663995941543983 -0.02747399486964901 0.25550164671191405 0 0 0
0.002380952380952381 -0.20997190002524127 0.575082447597089 0.1545814339698095 0 0 0
0.002380952380952381 -0.17669490643200378 -0.5001693584998458 0.1338028720362689 0 0 0
0.002380952380952381 0.251329511411095 0.2918111472843392 0.13312142836008575 0 0 0
0.002380952380952381 -0.20572338101921328 0.029444524800298338 0.37695388229340804 0 0 0
0.002380952380952381 0.21877573446528087 -0.5565258745822245 0.07808831413737463 0 0 0
0.002380952380952381 -0.2865564342066839 0.1535335401587202 -0.2818267831551657 0 0 0
0.002380952380952381 0.25162927663458207 -0.5700261646658148 0.1330114314224982 0 0 0
0.002380952380952381 -0.1538585229139309 0.18262441144106367 0.03757789116685445 0 0 0
0.002380952380952381 -0.3006879098686376 0.13843866704338795 -0.033510657094657385 0 0 0
0.002380952380952381 0.23900895071889547 -0.2398290590237941 -0.5153322481120091 0 0 0
0.002380952380952381 -0.2918233421892682 -0.42160499084344216 -0.07073384908920019 0 0 0
0.002380952380952381 0.28877094597106856 -0.401617677393901 0.12586710983731153 0 0 0
0.002380952380952381 0.20463835812013978 -0.31570916893410617 0.14356791095845747 0 0 0
0.002380952380952381 -0.15692323970914676 0.32290536210583815 -0.5698272257966486 0 0 0
0.002380952380952381 -0.49848472974821506 0.08885101676441955 0.10976703175266754 0 0 0
0.002380952380952381 -0.28359835155444335 -0.17211837109743897 0.1166598939086429 0 0 0
0.002380952380952381 0.32177462675705126 -0.5581499092771746 0.2334325770113007 0 0 0
0.002380952380952381 0.04183222069828213 -0.5587497598978624 -0.25082310973073124 0 0 0
0.002380952380952381 -0.44982140697556816 -0.3221426892608303 -0.20295967874287224 0 0 0
0.002380952380952381 -0.2540164664507399 0.39985783967059363 -0.4340958312096604 0 0 0
0.002380952380952381 0.3972318785429612 -0.13204081915190857 -0.3345673217395943 0 0 0
0.002380952380952381 -0.2325734409810729 0.17510228395631014 -0.4077760108162459 0 0 0
0.002380952380952381 0.2263308239627141 -0.022784972957979314 0.32730189052825504 0 0 0
0.002380952380952381 -0.02879136315826158 0.33246600460828035 0.11381449833247642 0 0 0
0.002380952380952381 0.0956785379992671 0.003182368294317217 0.5845464787478598 0 0 0
0.002380952380952381 0.5116565912624701 -0.04387786193451723 -0.023356663716715097 0 0 0
0.002380952380952381 0.3080186442890571 0.3614294104099804 -0.31537397814757523 0 0 0
0.002380952380952381 -0.354349674282275 -0.14445197105175261 -0.5398443829897336 0 0 0
0.002380952380952381 -0.032051879574276305 -0.15727043818446296 -0.4041667476780326 0 0 0
0.002380952380952381 0.2513837843851864 0.4512078852805284 -0.19801869489072382 0 0 0
0.002380952380952381 0.35053948821224845 0.46077402554407526 -0.026618571081292328 0 0 0
0.002380952380952381 0.08430493543204015 -0.27737421027186737 -0.6008198197479289 0 0 0
0.002380952380952381 -0.5298594048109858 -0.25007901317849385 -0.3402002220882968 0 0 0
0.002380952380952381 -0.16468631664315173 -0.12096364223535075 -0.10006637438153619 0 0 0
0.002380952380952381 0.38530087679721664 0.2350846103063864 -0.06865751628865902 0 0 0
0.002380952380952381 -0.17745605453430408 0.38747202548019916 -0.02890467666140695 0 0 0
0.002380952380952381 0.5081699934346794 0.3964305720669188 -0.010061946442400221 0 0 0
0.002380952380952381 0.16095770943751933 0.5137239493433237 -0.40257777253192495 0 0 0
0.002380952380952381 -0.0944330954613795 -0.3985120655323588 -0.3654741819099896 0 0 0
0.002380952380952381 0.48660703631965285 -0.27518585132255835 -0.3740859565316841 0 0 0
0.002380952380952381 0.29632904133523247 0.20629572491983642 -0.5561633789879834 0 0 0
0.002380952380952381 0.17832677819801168 0.23769626264137508 0.5107771222540967 0 0 0
0.002380952380952381 -0.23583418849621615 -0.4958036962824881 0.10204845745219165 0 0 0
0.002380952380952381 0.006565444526615574 0.2674242994371782 -0.24294873919150292 0 0 0
