810
0
0.0012345679012345679 0.5928828518167917 0.2813197643725723 0.10634528120585486 0 0 0
0.0012345679012345679 -0.3861264475940631 0.22846678471860393 0.12023076098473015 0 0 0
0.0012345679012345679 0.07969217238270991 -0.2887652362951955 0.5343601692594122 0 0 0
0.0012345679012345679 0.2722350601194234 -0.13915978609058843 0.3026119545953032 0 0 0
0.0012345679012345679 -0.2946117583582183 -0.05162390233112974 0.22301474971815677 0 0 0
0.0012345679012345679 -0.40345402993391977 -0.18804845364016776 0.37015666907946215 0 0 0
0.0012345679012345679 0.09149724278590965 0.11015053751608235 -0.2163016242944501 0 0 0
0.0012345679012345679 0.45015422456961646 -0.2986101278857087 -0.13790103267172138 0 0 0
0.0012345679012345679 0.24781041135420023 0.15305694812963921 0.5059244599866702 0 0 0
0.0012345679012345679 -0.4653022628479842 -0.02753940162648767 0.05739982361434362 0 0 0
0.0012345679012345679 0.27356129040825666 -0.025238926367505556 0.5565553163324707 0 0 0
0.0012345679012345679 0.4438290754329188 0.16922233090106348 -0.1363335588111054 0 0 0
0.0012345679012345679 0.25867575171404567 -0.4888849256514287 0.10420637106824933 0 0 0
0.0012345679012345679 -0.18251737511062957 0.01851284888411199 0.27102213198331365 0 0 0
0.0012345679012345679 -0.3683633080350858 -0.2856771188139511 -0.4551762458402417 0 0 0
0.0012345679012345679 -0.06381103632775492 0.49987933059223233 -0.43512495143458096 0 0 0
0.0012345679012345679 -0.3571903408169985 -0.2701459371621966 -0.09164871496125668 0 0 0
0.0012345679012345679 -0.4327757872349092 -0.3261713363933453 0.036165991654865566 0 0 0
0.0012345679012345679 -0.1515807071926728 -0.19969907350828187 -0.19974711675419032 0 0 0
0.0012345679012345679 0.007802645081681242 -0.2518131581476157 -0.005270068353243194 0 0 0
0.0012345679012345679 0.02854991107255025 -0.33829831950063993 -0.36218799502750837 0 0 0
0.0012345679012345679 0.13254119561528252 0.05171418125372624 -0.3527229288684517 0 0 0
0.0012345679012345679 0.07788994743547116 -0.32868392194723783 -0.5284700143204097 0 0 0
0.0012345679012345679 -0.13508658388103736 -0.5587385925754672 -0.05306933410097683 0 0 0
0.0012345679012345679 -0.6361505091303041 -0.07184864218872686 -0.24758330745844284 0 0 0
0.0012345679012345679 0.25058775116602816 0.1458758202855313 -0.42828327194688 0 0 0
0.0012345679012345679 -0.28699876151325127 -0.5018791420893638 0.03771193178890441 0 0 0
0.0012345679012345679 0.23908345851172713 -0.25030897485118375 -0.45884796673086575 0 0 0
0.0012345679012345679 0.18653047007871384 0.3960989151281972 -0.11336279227256148 0 0 0
0.0012345679012345679 0.3140238196561558 0.34946654296112195 -0.009270876859958841 0 0 0
0.0012345679012345679 -0.16735030699949027 -0.6049384667663112 0.18180352307755565 0 0 0
0.0012345679012345679 -0.24647932075783036 0.31971038425845744 0.4025472911752614 0 0 0
0.0012345679012345679 0.06997304471849099 -0.06889510232084246 0.4379502559457854 0 0 0
0.0012345679012345679 -0.21245497291807725 0.3235826785376572 0.3906919286676567 0 0 0
0.0012345679012345679 -0.04237250995410538 0.29201477625703176 0.12544996283095255 0 0 0
0.0012345679012345679 -0.6014279327557 0.0917166777253133 0.06676360675972134 0 0 0
0.0012345679012345679 0.4201069067688933 -0.42691376418222315 0.20039823168425663 0 0 0
0.0012345679012345679 -0.42883771260425324 -0.3353449919167993 -0.24741520158797878 0 0 0
0.0012345679012345679 0.4208811140568556 -0.2612036071601561 0.14050936466423117 0 0 0
0.0012345679012345679 0.6075992906995672 -0.02881869218419058 0.176026059786628 0 0 0
0.0012345679012345679 -0.2902983412248759 -0.23586437530248444 -0.3459417828787363 0 0 0
0.0012345679012345679 0.13413513896154117 0.6308558500090102 0.2035798325801171 0 0 0
0.0012345679012345679 -0.0768356341666394 -0.34100091640052027 0.3282595091634761 0 0 0
0.0012345679012345679 0.17101176123125894 -0.2120760411803594 -0.18203355346099562 0 0 0
0.0012345679012345679 -0.4892621523042022 -0.14281248933008528 -0.021585377093017256 0 0 0
0.0012345679012345679 0.5248018299226123 0.09305596946075284 0.16125274134748435 0 0 0
0.0012345679012345679 -0.11315196714715482 0.49055374051882467 -0.0864186728578307 0 0 0
0.0012345679012345679 -0.2750668064358235 0.2068577617538371 0.3473615081660694 0 0 0
0.0012345679012345679 -0.38927008177919326 0.2469241944840847 -0.4550465348791821 0 0 0
0.0012345679012345679 -0.5644219239516717 -0.16494390406058543 -0.030323093711784682 0 0 0
0.0012345679012345679 -0.2033558841544573 -0.11442992449764314 0.5305196119663599 0 0 0
0.0012345679012345679 0.05957021939229219 0.47102972343000504 -0.4295857574817691 0 0 0
0.0012345679012345679 0.08960387533196655 0.25296079207374395 -0.5384176873616565 0 0 0
0.0012345679012345679 0.4250473559629325 0.19166877982231925 0.3613288801185134 0 0 0
0.0012345679012345679 -0.06630471654863264 -0.5889847378424058 0.12771252838564423 0 0 0
0.0012345679012345679 0.13640128192665965 -0.6088914867324245 -0.020243660931904942 0 0 0
0.0012345679012345679 0.2391665260703986 -0.23641361488741847 0.5678256247865512 0 0 0
0.0012345679012345679 -0.44518579779428014 -0.4262223736498106 -0.02817357730980236 0 0 0
0.0012345679012345679 -0.21629790935506263 0.1974396386330848 -0.5867317579101913 0 0 0
0.0012345679012345679 -0.20830166143839007 -0.4374853453468831 0.47935715062067624 0 0 0
0.0012345679012345679 -0.22609232092360848 -0.05983549553002608 -0.3533843189138328 0 0 0
0.0012345679012345679 -0.03431773076386799 -0.365879371368892 0.24991723381129016 0 0 0
0.0012345679012345679 -0.1820400690935324 -0.30221018627112867 -0.41560032556152054 0 0 0
0.0012345679012345679 -0.4010188506747098 0.41960511540082124 0.2265120110982249 0 0 0
0.0012345679012345679 -0.28670514925925444 -0.24200306078844866 0.10586181939799702 0 0 0
0.0012345679012345679 -0.07149350892611393 -0.5135962502578759 0.016487205887525044 0 0 0
0.0012345679012345679 0.10795977798440892 -0.29954398416496375 -0.48964602323430323 0 0 0
0.0012345679012345679 -0.5574189365316273 -0.2902043938001652 -0.18830008946704313 0 0 0
0.0012345679012345679 0.1108573565291048 0.5869552048776191 -0.25932699832537837 0 0 0
0.0012345679012345679 -0.6248531531486363 -0.043563690406965304 0.08394385951956518 0 0 0
0.0012345679012345679 0.12724736136372175 0.329140299556218 -0.13145090654301367 0 0 0
0.0012345679012345679 -0.11199345621767695 -0.27705051658053165 -0.11538165654649915 0 0 0
0.0012345679012345679 0.5394255512172533 -0.2582310533080136 0.30529902739903436 0 0 0
0.0012345679012345679 0.10578574124199773 -0.13406236697174184 -0.3414480083378 0 0 0
0.0012345679012345679 0.24453696151773863 0.11039923955805303 -0.5976858740908257 0 0 0
0.0012345679012345679 -0.048519496352606585 0.3356545389781152 -0.2607942067593982 0 0 0
0.0012345679012345679 -0.3734896139905069 -0.1034889698367792 0.4386595652214435 0 0 0
0.0012345679012345679 -0.004003686037353401 0.075647163186436 -0.14939966531905496 0 0 0
0.0012345679012345679 -0.36376696862281593 0.4612384178346258 -0.05841517665781003 0 0 0
0.0012345679012345679 0.18152395665023568 -0.16751772787566152 -0.1634356167131416 0 0 0
0.0012345679012345679 0.2482086057385674 0.15565613657081687 0.33616161007823364 0 0 0
0.0012345679012345679 -0.098535861303381 0.16185561116542732 0.34749250478297644 0 0 0
0.0012345679012345679 0.49951246276051575 -0.14576612945015277 0.19217331816202712 0 0 0
0.0012345679012345679 0.33003460203610335 0.35842753212666684 0.18231240994422002 0 0 0
0.0012345679012345679 0.16966903240095868 0.3461636644556264 -0.44849156625927084 0 0 0
0.0012345679012345679 0.3372552630153911 -0.03510816864274374 0.2569539151765152 0 0 0
0.0012345679012345679 -0.1475283830495841 -0.4680977176682421 0.447499817987727 0 0 0
0.0012345679012345679 -0.3737586576583883 0.018455615518265498 -0.002480186499030318 0 0 0
0.0012345679012345679 -0.4957395629718336 -0.13834155631452294 -0.03406295485673271 0 0 0
0.0012345679012345679 0.6266046549072147 -0.22153955447306617 0.02384466907495739 0 0 0
0.0012345679012345679 -0.5074414248385614 0.008231005656525035 -0.13992190046444294 0 0 0
0.0012345679012345679 0.16486222487807367 -0.6182773414537092 -0.14963620111923992 0 0 0
0.0012345679012345679 0.018978439942643092 0.525822685682492 0.0954800508027635 0 0 0
0.0012345679012345679 -0.1885754097114723 0.43938898651933395 -0.17000516377490363 0 0 0
0.0012345679012345679 -0.5309472933040501 0.1210463173784306 0.24259203964285928 0 0 0
0.0012345679012345679 -0.14738394909303418 -0.44517777795186736 0.4510581361608364 0 0 0
0.0012345679012345679 0.1239371610315947 0.3635187609153864 0.2067563079476771 0 0 0
0.0012345679012345679 0.44324410685752985 -0.3526497692070282 0.04989551162055189 0 0 0
0.0012345679012345679 -0.13608465663028216 -0.5077622509557679 -0.29098563771655556 0 0 0
0.0012345679012345679 0.3281364345537788 -0.29662616459222063 -0.122669964514268 0 0 0
0.0012345679012345679 -0.013248529481575863 -0.09921367319154047 -0.2478937755238912 0 0 0
0.0012345679012345679 -0.13759013368780781 0.11663972868212064 0.43214101875624206 0 0 0
0.0012345679012345679 0.33192849833234084 0.22058365543363284 0.02349472259512325 0 0 0
0.0012345679012345679 0.12496373107201918 -0.1360347093867611 -0.652377313469558 0 0 0
0.0012345679012345679 -0.18769004720957472 -0.36211594050987383 -0.38843331402240533 0 0 0
0.0012345679012345679 -0.1806037995218252 0.046463029919710304 -0.5101076437398222 0 0 0
0.0012345679012345679 -0.0076889873232801895 0.5846917872505927 0.030150392906146743 0 0 0
0.0012345679012345679 0.5382580247638011 0.24442895968072437 -0.003464411274961423 0 0 0
0.0012345679012345679 -0.1291819943256328 0.40733240666127934 0.5162562107767229 0 0 0
0.0012345679012345679 0.6011473606377751 -0.13482506713655495 -0.047372909673394865 0 0 0
0.0012345679012345679 0.3978195016050248 -0.19289962970861496 0.40557856558876554 0 0 0
0.0012345679012345679 0.3930779030783514 0.5169418379989296 0.12223117314074314 0 0 0
0.0012345679012345679 -0.41314377513358 0.06650920422401262 0.3525843108294875 0 0 0
0.0012345679012345679 -0.14386418931515102 0.2550697793483272 0.36723998937985447 0 0 0
0.0012345679012345679 -0.39867672322897935 0.25058196681710393 0.20124049883375073 0 0 0
0.0012345679012345679 0.4552395552870209 -0.2764894012597522 -0.1657050415718037 0 0 0
0.0012345679012345679 0.1223731608396674 0.3399693666999684 -0.3417699775262407 0 0 0
0.0012345679012345679 0.07098142506008212 0.04640127753882114 0.40902651655343625 0 0 0
0.0012345679012345679 -0.20808574733224364 0.1654066020540411 -0.548324506907413 0 0 0
0.0012345679012345679 -0.5125332453054233 -0.15788358188063298 0.18762374123334752 0 0 0
0.0012345679012345679 -0.3302577283789913 0.3457600462968521 0.03702143316467236 0 0 0
0.0012345679012345679 0.22386345068773716 -0.3931407002101185 0.35070279619902495 0 0 0
0.0012345679012345679 0.16599947486388833 0.5126079682041343 0.30865124121537424 0 0 0
0.0012345679012345679 -0.6061088846321983 -0.0260672708057112 -0.3202755733552707 0 0 0
0.0012345679012345679 -0.14044425131045266 0.22512310011228054 -0.053178755306144555 0 0 0
0.0012345679012345679 0.0221597362095198 -0.3909595505148933 -0.17249529943962594 0 0 0
0.0012345679012345679 -0.25762943383882536 0.514410501670269 -0.10944143690933977 0 0 0
0.0012345679012345679 -0.09665489794040669 -0.3405470204688958 -0.32708841198203714 0 0 0
0.0012345679012345679 -0.006119499287219017 0.08949680006585836 -0.39839114676142384 0 0 0
0.0012345679012345679 -0.4659593527904881 0.42337862060167253 -0.22531142168045762 0 0 0
0.0012345679012345679 -0.4002573454366307 -0.3347377793602048 0.1510582749897897 0 0 0
0.0012345679012345679 0.5338543855449647 -0.234174297510822 0.09635036152296153 0 0 0
0.0012345679012345679 0.30530011633244614 -0.07132510907944743 0.0871356776296531 0 0 0
0.0012345679012345679 0.5510632274223893 -0.15285198816101692 0.15750846919133904 0 0 0
0.0012345679012345679 0.08065241548221001 -0.4742195727018998 0.4257116242161683 0 0 0
0.0012345679012345679 0.1140822349768542 0.45533467219193463 -0.009155269689282838 0 0 0
0.0012345679012345679 0.3732495488535771 0.3099801917306281 -0.1688283590118767 0 0 0
0.0012345679012345679 0.352908044000979 -0.11249482183736735 0.1742087099517578 0 0 0
0.0012345679012345679 -0.23323701355049553 -0.09544768667133473 0.12165703623839726 0 0 0
0.0012345679012345679 0.23789871721995098 -0.12912889919751436 -0.4164384166200641 0 0 0
0.0012345679012345679 -0.33152286826042543 -0.14208723956711897 -0.3250211235235628 0 0 0
0.0012345679012345679 0.14313499903285248 -0.4764067725594197 0.11167910368119763 0 0 0
0.0012345679012345679 0.5801649215129251 -0.33181137426439095 -0.034504154951127235 0 0 0
0.0012345679012345679 -0.27982372043825016 0.3989468038175636 -0.2378408535690315 0 0 0
0.0012345679012345679 -0.2900877432203473 -0.44487657598604075 -0.26533532317758735 0 0 0
0.0012345679012345679 0.442392066537701 -0.02881542264305782 0.010165465566785306 0 0 0
0.0012345679012345679 0.6151536600683641 0.17384422411376874 -0.0460587891219951 0 0 0
0.0012345679012345679 0.5604681724110505 -0.20790360301271898 0.28677597894033535 0 0 0
0.0012345679012345679 -0.5341814104209053 0.24552699912885131 -0.23356758840829436 0 0 0
0.0012345679012345679 -0.006910303467996173 -0.1450595377138215 0.3966031768139951 0 0 0
0.0012345679012345679 0.12783435518770206 0.4115884523304762 0.4305722137820258 0 0 0
0.0012345679012345679 -0.25136243081894516 -0.5908775558745613 0.03902409134701057 0 0 0
0.0012345679012345679 0.4138652430732142 -0.3190136013299054 0.36226407144179196 0 0 0
0.0012345679012345679 -0.19914568672966781 -0.11888563287662535 0.051254512668994806 0 0 0
0.0012345679012345679 -0.34378565315885884 -0.18871153436374347 0.27975970402193323 0 0 0
0.0012345679012345679 -0.26496145578309965 0.11561774801096036 -0.6201259128379768 0 0 0
0.0012345679012345679 0.01139786076451489 0.5804265029479485 0.2896640749656584 0 0 0
0.0012345679012345679 -0.21378605143832935 0.19350622373629625 -0.05370709406466526 0 0 0
0.0012345679012345679 0.030845862816189288 0.4271893393432698 -0.036727570953175456 0 0 0
0.0012345679012345679 -0.5615441294085599 0.3200822399846324 0.22693198284630384 0 0 0
0.0012345679012345679 -0.04878888575653793 0.3165999056481426 -0.08096526810254387 0 0 0
0.0012345679012345679 0.38989714858848845 -0.3471984297810299 -0.04204936253972701 0 0 0
0.0012345679012345679 -0.3778144251466815 0.018737511010781825 0.28429846774950873 0 0 0
0.0012345679012345679 0.38019195168372444 0.3313839392824658 -0.12441388891768557 0 0 0
0.0012345679012345679 -0.17466675285898073 0.5354468719426104 -0.08169254100828922 0 0 0
0.0012345679012345679 0.5877408302108093 -0.0638742200941502 0.32239791149043634 0 0 0
0.0012345679012345679 0.20448236567208058 0.26578078004007055 -0.15133057247134585 0 0 0
0.0012345679012345679 0.5022177201766174 -0.12074785001089794 -0.019019545452325818 0 0 0
0.0012345679012345679 0.0618503628023958 -0.1747700025443618 0.19817151920960566 0 0 0
0.0012345679012345679 0.07651784739692978 0.6208028021343107 -0.21316708975468154 0 0 0
0.0012345679012345679 -0.06225984977777685 0.6339059803715822 -0.04405368682652445 0 0 0
0.0012345679012345679 -0.5124986983742065 0.33203956883343355 0.27105351883479667 0 0 0
0.0012345679012345679 0.3414328526038165 0.5095324363960834 -0.05949053484187081 0 0 0
0.0012345679012345679 0.07892069950815057 -0.02718225970714986 0.26927314137772645 0 0 0
0.0012345679012345679 0.10772970936560684 0.35547643588851885 -0.17660943514811278 0 0 0
0.0012345679012345679 -0.1284838752220489 0.12702451891393818 -0.12520333514865215 0 0 0
0.0012345679012345679 0.5282688387003118 0.4188655542638298 -0.02449877564334225 0 0 0
0.0012345679012345679 0.2966047509858571 -0.4252828064645452 0.21182420803594096 0 0 0
0.0012345679012345679 -0.25568574678659645 -0.35872722548551333 -0.23809920553655764 0 0 0
0.0012345679012345679 0.044398509318401044 -0.4643356154025336 0.07025815768286074 0 0 0
0.0012345679012345679 0.0267139195734069 -0.5712267433315954 -0.18122502483718528 0 0 0
0.0012345679012345679 -0.30870736282958167 0.11206562134189262 0.41475232287510605 0 0 0
0.0012345679012345679 -0.21447660829560952 -0.27711817233730746 -0.04008453061620319 0 0 0
0.0012345679012345679 0.6513144007004112 0.22754460296116577 0.034564726634927385 0 0 0
0.0012345679012345679 -0.47708147910595977 -0.097193516763038 0.310546232544689 0 0 0
0.0012345679012345679 -0.14399363086106975 -0.23374509070922253 0.4731800724355073 0 0 0
0.0012345679012345679 -0.31904738099606794 -0.0488247455041946 -0.13398375403419155 0 0 0
0.0012345679012345679 0.20958755016679306 0.01688583960370286 0.47060050194639164 0 0 0
0.0012345679012345679 0.18243063126904976 0.5712657687179413 0.3168738990854599 0 0 0
0.0012345679012345679 0.39162781699794613 0.21692654571817976 -0.016175411780289462 0 0 0
0.0012345679012345679 0.47238990268045794 -0.3644010098773067 -0.17657831523153858 0 0 0
0.0012345679012345679 -0.3048057519949794 0.021430482063345968 0.031977052053087984 0 0 0
0.0012345679012345679 -0.27023060954767186 0.36427594405588165 -0.026314757287491247 0 0 0
0.0012345679012345679 0.008441390292314322 0.21041576394661654 -0.05397596267070667 0 0 0
0.0012345679012345679 0.35286753288258266 -0.25537865915666613 -0.4746010421514812 0 0 0
0.0012345679012345679 -0.32131727798272214 0.11167837749447883 -0.18346334624322178 0 0 0
0.0012345679012345679 0.15471232903853566 0.30492927013084553 -0.3913736714724957 0 0 0
0.0012345679012345679 0.3270455691871126 -0.5407172189826062 -0.22344395288066785 0 0 0
0.0012345679012345679 0.27249952878866446 0.4768292777913241 -0.011836290245668518 0 0 0
0.0012345679012345679 0.1283313466665165 -0.09290446591261912 0.5650353903836587 0 0 0
0.0012345679012345679 -0.03565084064761551 0.3490034632479654 -0.4265467345694859 0 0 0
0.0012345679012345679 0.09277289024697363 -0.1461518165856974 -0.5206427770045632 0 0 0
0.0012345679012345679 -0.12668521498222085 0.5294011648738679 -0.09045369084422322 0 0 0
0.0012345679012345679 -0.4648300971725521 0.38432874395031613 -0.12271115633940068 0 0 0
0.0012345679012345679 0.4314982291778976 -0.2513596325623774 0.3597703789037444 0 0 0
0.0012345679012345679 -0.5205953323083254 0.32563105676626514 -0.24911282267730098 0 0 0
0.0012345679012345679 -0.12260221232680912 0.03264246558130391 -0.07867665230313543 0 0 0
0.0012345679012345679 0.26620734934159634 0.3877000764155977 0.43447462008825 0 0 0
0.0012345679012345679 0.22830659843156947 0.11161204270092699 0.08673182219462137 0 0 0
0.0012345679012345679 -0.052263256004725776 -0.030757622139006666 0.05602391403489542 0 0 0
0.0012345679012345679 0.01765388668472505 -0.13328134007592538 0.531386328242878 0 0 0
0.0012345679012345679 -0.2134620057253627 -0.09320842631402707 -0.21318474621925745 0 0 0
0.0012345679012345679 -0.11260786332457144 0.368591314820639 0.014567197981871014 0 0 0
0.0012345679012345679 0.4286380221729747 0.27132051055990336 -0.14562224738482638 0 0 0
0.0012345679012345679 0.13820019892855395 0.049915223848699626 -0.631770577432783 0 0 0
0.0012345679012345679 0.31070985114203037 0.5312902053332318 0.01390673330027146 0 0 0
0.0012345679012345679 0.28939435786710954 -0.3640900766291129 0.49541411077872105 0 0 0
0.0012345679012345679 0.26226151862080066 0.1802860273819529 0.338226516747136 0 0 0
0.0012345679012345679 0.43370680113460325 0.2877707400222846 -0.31631622560108974 0 0 0
0.0012345679012345679 -0.5931749957915062 -0.3198407494010067 0.07171959365229699 0 0 0
0.0012345679012345679 -0.18990733655243303 -0.36107284433592185 -0.4015445162578838 0 0 0
0.0012345679012345679 -0.17288298036464855 -0.35990994236427576 -0.004087548677147076 0 0 0
0.0012345679012345679 0.4614967329735334 0.05007035472781482 0.015120288170022752 0 0 0
0.0012345679012345679 0.15893669725505336 0.6226621112782417 0.2044510461770058 0 0 0
0.0012345679012345679 -0.2883544586067723 -0.4940322563171428 0.09876941637812536 0 0 0
0.0012345679012345679 0.45189346178308093 -0.47790917062992405 -0.1727604787037751 0 0 0
0.0012345679012345679 -0.5020837472411976 -0.03405677978739162 0.3239231531061826 0 0 0
0.0012345679012345679 -0.3533127434569018 0.09883495790445444 -0.1022306053158121 0 0 0
0.0012345679012345679 -0.22460651499460174 0.20149970331566577 -0.254725368632364 0 0 0
0.0012345679012345679 -0.3768563960499436 -0.5004698863556457 -0.236588682257815 0 0 0
0.0012345679012345679 0.2862354020401526 -0.29269150578188413 -0.08188558466531777 0 0 0
0.0012345679012345679 0.1606415006599924 0.15198864295941705 0.26325277751431814 0 0 0
0.0012345679012345679 0.17330551002685596 0.3091413226166679 -0.3202026362478968 0 0 0
0.0012345679012345679 0.002626418455618509 0.06699392438692355 -0.12964336585502187 0 0 0
0.0012345679012345679 0.160290852958951 -0.3535824171282869 0.22424084373114617 0 0 0
0.0012345679012345679 -0.16502816888414681 0.32222419728803386 -0.3333918399510336 0 0 0
0.0012345679012345679 0.1991818169597836 -0.5636343104938882 0.17711587972791012 0 0 0
0.0012345679012345679 -0.531347398747258 0.03469233909330233 0.34168398688738094 0 0 0
0.0012345679012345679 -0.3862833144748259 -0.10419695971954002 -0.09247592163832934 0 0 0
0.0012345679012345679 0.08372562743010625 0.25117737701436493 -0.0860515866205426 0 0 0
0.0012345679012345679 0.014171201981018332 0.4681730406235385 -0.5101721994113873 0 0 0
0.0012345679012345679 0.10191554294728637 0.14968808799072222 -0.49507148371140647 0 0 0
0.0012345679012345679 0.6619974984751024 0.1250480806046689 -0.06273028717732718 0 0 0
0.0012345679012345679 0.23291153287013983 -0.13528453741740876 0.37986446029864884 0 0 0
0.0012345679012345679 -0.4193814996571137 0.016100803465917628 -0.057015774560048506 0 0 0
0.0012345679012345679 0.39436175746050806 0.10254527838416282 -0.2960483502829504 0 0 0
0.0012345679012345679 0.07138175088862452 0.661702478659059 -0.029691904995156608 0 0 0
0.0012345679012345679 0.17728506432834498 -0.49956568525469663 0.32869358149538935 0 0 0
0.0012345679012345679 0.47224801074718303 0.14857853940594898 0.03556031187048009 0 0 0
0.0012345679012345679 -0.4991162353704121 -0.1252905927297493 0.13936520926994309 0 0 0
0.0012345679012345679 -0.19302560918487346 -0.3681264766567839 0.0509025493239068 0 0 0
0.0012345679012345679 0.197686717161494 -0.057501839136579934 -0.36241183018551093 0 0 0
0.0012345679012345679 -0.07880094226384098 0.15721029242590442 0.548294819464427 0 0 0
0.0012345679012345679 -0.3677360978109973 0.09094013234886367 0.23171441236349768 0 0 0
0.0012345679012345679 0.35507196906465394 0.413061928979649 0.19023030818854275 0 0 0
0.0012345679012345679 0.05951753299102159 -0.15555325154184477 0.5324631677100068 0 0 0
0.0012345679012345679 0.38221135063385286 0.09344665369565582 -0.4430758084812692 0 0 0
0.0012345679012345679 -0.265703162086778 0.413727988959334 -0.13352351115529637 0 0 0
0.0012345679012345679 -0.059935049091824254 -0.0926893461306102 -0.6000110187543192 0 0 0
0.0012345679012345679 -0.09958060395445152 0.14696914044241446 0.0025321650499777804 0 0 0
0.0012345679012345679 0.11495999730992014 0.18953271307211841 -0.2997551577603373 0 0 0
0.0012345679012345679 -0.29235827649499907 0.1650633179789155 -0.5670714730395376 0 0 0
0.0012345679012345679 -0.05631966382096658 0.33153166817213114 0.1071232691478587 0 0 0
0.0012345679012345679 0.3342360035132141 0.16845340193046368 0.24457600029763948 0 0 0
0.0012345679012345679 -0.31760344173302496 0.5429315266682475 0.08200647430164405 0 0 0
0.0012345679012345679 -0.3000421625980175 -0.4389321684126038 -0.28262483832125107 0 0 0
0.0012345679012345679 -0.31114029930410114 0.2997793336117846 0.5354666939335117 0 0 0
0.0012345679012345679 -0.32744081515100637 0.3133275376849189 -0.11155786936036759 0 0 0
0.0012345679012345679 0.3813740922662909 -0.3119783969198152 -0.21540106950977392 0 0 0
0.0012345679012345679 -0.03009925573151878 -0.2512279007885208 0.11061439555314267 0 0 0
0.0012345679012345679 0.4129719451217581 -0.5077449347441676 0.09912524784460405 0 0 0
0.0012345679012345679 -0.12384016588448968 0.27880191972749446 0.3614466422356712 0 0 0
0.0012345679012345679 0.1740304971909116 0.47184790199973003 -0.18699441411498569 0 0 0
0.0012345679012345679 0.4900744977266903 0.13839152264557522 0.2153947674115932 0 0 0
0.0012345679012345679 -0.22586883921869025 -0.6227770956928917 -0.03640969070287808 0 0 0
0.0012345679012345679 0.12224683496616737 -0.12142564531131565 0.3032121601931241 0 0 0
0.0012345679012345679 -0.4536538107119578 -0.0673151512564746 0.1923563970284732 0 0 0
0.0012345679012345679 -0.3819130451328821 -0.3338637138890214 0.19838178655689476 0 0 0
0.0012345679012345679 0.15237501244631854 0.5726260132765282 -0.09435946723888884 0 0 0
0.0012345679012345679 -0.6055887811564247 -0.26491783607262587 0.09482061788811459 0 0 0
0.0012345679012345679 0.07817494367785016 -0.07893594886139077 -0.05842115318546345 0 0 0
0.0012345679012345679 -0.109957941350734 0.10164831205803125 0.5956079521398173 0 0 0
0.0012345679012345679 0.4071977778877466 -0.2978440031360366 -0.39657983489790993 0 0 0
0.0012345679012345679 -0.039960890861840966 -0.38863979642635066 0.08278282160008174 0 0 0
0.0012345679012345679 -0.3808629736867956 0.35226486594836265 -0.2792490629074529 0 0 0
0.0012345679012345679 -0.23010295722956026 -0.33854848077955035 0.27512820142055233 0 0 0
0.0012345679012345679 0.24500365562499052 -0.07626471670606272 -0.5448042024177152 0 0 0
0.0012345679012345679 0.04450409087586868 -0.2432399120864083 0.6045667738708237 0 0 0
0.0012345679012345679 0.5747892184731329 -0.25238195661110047 -0.10858911853125587 0 0 0
0.0012345679012345679 -0.3842414707206715 -0.28811879054319733 0.24375545928028639 0 0 0
0.0012345679012345679 -0.006540643880045696 0.07683555142295105 0.39486052535343336 0 0 0
0.0012345679012345679 -0.0038309251765012305 0.026452146678097463 0.32608805417130055 0 0 0
0.0012345679012345679 -0.09540649987657898 -0.052560225877457296 -0.5938674068775405 0 0 0
0.0012345679012345679 0.6007674366522181 0.09231712593241301 -0.2588124935089973 0 0 0
0.0012345679012345679 -0.3985783752735645 0.392340122823661 0.10498302913116977 0 0 0
0.0012345679012345679 0.03918527984991871 -0.41649910506303495 -0.40287273973360366 0 0 0
0.0012345679012345679 -0.4441995317907887 0.34230851544289226 -0.33391674021484036 0 0 0
0.0012345679012345679 0.03727269278394625 -0.5704003604037859 -0.2951444654168765 0 0 0
0.0012345679012345679 0.611651128794416 -0.16791047378683582 -0.17480765525376202 0 0 0
0.0012345679012345679 -0.21896367097063224 0.4255751656517209 0.18139027803266325 0 0 0
0.0012345679012345679 0.015798402449081803 0.468722947034632 0.4186568042399532 0 0 0
0.0012345679012345679 0.04243613939433541 -0.34543123101367484 0.29313751090077317 0 0 0
0.0012345679012345679 0.3801143330144859 -0.2695825176426479 0.37386284693802296 0 0 0
0.0012345679012345679 -0.14940112330383215 -0.13400985395150256 0.3841247501404816 0 0 0
0.0012345679012345679 -0.03629857203542205 0.47832843739691716 -0.3759247811925727 0 0 0
0.0012345679012345679 -0.4959354270518088 -0.08102148961546773 0.3904310348809648 0 0 0
0.0012345679012345679 0.5638391734320235 0.32254271636503024 0.055120067023539596 0 0 0
0.0012345679012345679 0.5233012611373259 0.17435812716761648 0.24582489821931566 0 0 0
0.0012345679012345679 0.00416470832885411 -0.6553395879391161 -0.20141479530406498 0 0 0
0.0012345679012345679 0.5944955905005656 -0.2578323189865233 0.09415021686584121 0 0 0
0.0012345679012345679 0.35259314309363726 0.2810439471859604 0.49577399776235176 0 0 0
0.0012345679012345679 -0.14491889226590052 0.5653673347566209 0.22864318107408368 0 0 0
0.0012345679012345679 -0.30692501865061966 0.5530275014093977 0.1477941307454209 0 0 0
0.0012345679012345679 -0.14917410973619816 -0.6558331541270751 0.05096607373108316 0 0 0
0.0012345679012345679 0.034424482731357814 0.2121559455838558 -0.11551348598866508 0 0 0
0.0012345679012345679 -0.1416818312894124 0.2667480967399901 0.54554527392208 0 0 0
0.0012345679012345679 -0.2697364228352565 -0.0011533563866754201 -0.31592226096424525 0 0 0
0.0012345679012345679 -0.37457596169349283 -0.23251531679252366 0.23597173430015747 0 0 0
0.0012345679012345679 -0.2679896042780696 -0.06890436120342425 0.4168823060482459 0 0 0
0.0012345679012345679 0.3180897319895255 -0.18041852663438887 0.3540735998841235 0 0 0
0.0012345679012345679 0.10442354213682327 0.1045160797652315 0.16822487243605858 0 0 0
0.0012345679012345679 0.38202278565726433 -0.1366099944695831 -0.02715177667163421 0 0 0
0.0012345679012345679 -0.05628563541448002 -0.5189085550989053 0.06968639208065791 0 0 0
0.0012345679012345679 -0.26258164833494696 0.48359030743084336 0.14497618380713284 0 0 0
0.0012345679012345679 0.23157353482358378 -0.28212083625420004 0.5715856091025309 0 0 0
0.0012345679012345679 0.29161143933061456 0.5865663065960361 -0.16423564026928633 0 0 0
0.0012345679012345679 0.29729532962479754 -0.22688324423712658 -0.27614263625906993 0 0 0
0.0012345679012345679 0.008982658945254147 0.08888627376817893 -0.5248769552793715 0 0 0
0.0012345679012345679 0.12462998120204791 -0.08300366358530493 -0.08817461863629865 0 0 0
0.0012345679012345679 0.40854178985953715 0.37331180691789523 -0.25560607205685587 0 0 0
0.0012345679012345679 0.17693077459754283 -0.4430441141855936 0.17894767099470726 0 0 0
0.0012345679012345679 0.21957678298944766 0.46301769485073563 -0.37148798308095293 0 0 0
0.0012345679012345679 0.004215282859824978 -0.3249147990447296 -0.2154037937756682 0 0 0
0.0012345679012345679 -0.4525625468351096 0.08008521330088571 -0.3336894246079359 0 0 0
0.0012345679012345679 0.10609442563946152 0.04168694533537183 -0.4224583053745035 0 0 0
0.0012345679012345679 0.23714630748297333 -0.14596885006313595 -0.19884593174429652 0 0 0
0.0012345679012345679 -0.13162453759043843 0.5847351039993932 -0.3418322171896079 0 0 0
0.0012345679012345679 0.018484060433103126 0.31482380571608165 0.35223066356151356 0 0 0
0.0012345679012345679 -0.31398701197012224 0.3160331501130705 0.023836116567163036 0 0 0
0.0012345679012345679 -0.11808963404016148 -0.18581534904404953 0.2097702855056104 0 0 0
0.0012345679012345679 0.46662863003470856 -0.38656474329334206 -0.02174622955121954 0 0 0
0.0012345679012345679 -0.005173551792470896 -0.26314644918841257 -0.49378101732669766 0 0 0
0.0012345679012345679 -0.5661395423532721 0.3267354150091566 0.14749020722748246 0 0 0
0.0012345679012345679 -0.05685797375324706 0.07201708927459692 0.030363173254584222 0 0 0
0.0012345679012345679 -0.21805894395715417 0.19815232822053672 0.5695893959648667 0 0 0
0.0012345679012345679 0.6464380337845251 -0.045571943735004415 0.07213861861904709 0 0 0
0.0012345679012345679 -0.37889765316956264 -0.1333143584227625 -0.265456273739307 0 0 0
0.0012345679012345679 -0.11587555452571843 0.48656136504137143 0.0536464989008516 0 0 0
0.0012345679012345679 0.22638538857322296 -0.2093456091037413 -0.44797661415317497 0 0 0
0.0012345679012345679 -0.2033036490087652 -0.3361350089560937 -0.5650845622795039 0 0 0
0.0012345679012345679 -0.5442650836392142 -0.27906494999953 0.047425382717873214 0 0 0
0.0012345679012345679 0.3468478263953914 0.07556623572343497 -0.255305622392359 0 0 0
0.0012345679012345679 -0.4074894730544259 0.07571877891094496 0.10459857213212069 0 0 0
0.0012345679012345679 -0.12042599745290514 0.04669572959599089 -0.4964404582053316 0 0 0
0.0012345679012345679 -0.01709867176937636 0.22777272592552628 0.12644916495283803 0 0 0
0.0012345679012345679 -0.6103367078712126 -0.10657737015269265 -0.20389016186625622 0 0 0
0.0012345679012345679 0.21436969961154412 -0.07597467963069063 -0.3688746371501429 0 0 0
0.0012345679012345679 0.31070537923933006 -0.08197178524056178 0.5945600673034837 0 0 0
0.0012345679012345679 0.028627971696034173 0.3802114577607839 -0.4780003248762593 0 0 0
0.0012345679012345679 0.10992400093644604 0.01783929173232428 0.6592666382348052 0 0 0
0.0012345679012345679 0.07573149261884365 0.25658350673402774 -0.39764281218753883 0 0 0
0.0012345679012345679 0.39165811382597726 -0.02320635704306528 0.5627490087648876 0 0 0
0.0012345679012345679 0.20983824057225522 -0.5621038074423161 -0.0035382566877234923 0 0 0
0.0012345679012345679 0.47856823671082976 0.43883532889632376 -0.06732731549188373 0 0 0
0.0012345679012345679 0.18939964618293353 0.5797911496682249 0.2527350435870121 0 0 0
0.0012345679012345679 -0.18407005592300318 -0.36151639145946296 -0.21938430033106845 0 0 0
0.0012345679012345679 0.11807891334301514 0.1989494162391591 0.016207555936819378 0 0 0
0.0012345679012345679 -0.12333904822606875 0.1865334589956138 0.29460853269997517 0 0 0
0.0012345679012345679 0.30088326566842666 -0.3791279695288256 -0.3330085441683574 0 0 0
0.0012345679012345679 -0.26511990874538544 0.3362507685461703 0.45295104378234086 0 0 0
0.0012345679012345679 -0.06583465994604322 -0.1634107538853149 0.4414151958688064 0 0 0
0.0012345679012345679 0.1824471922114902 0.211571934020743 -0.16842425778049744 0 0 0
0.0012345679012345679 0.0906110844725198 0.23532661622315612 0.061306250086848604 0 0 0
0.0012345679012345679 0.052930505995812636 -0.6232130498268813 -0.015403546290825949 0 0 0
0.0012345679012345679 -0.16771451648879493 0.5957534983073951 -0.1609713871557511 0 0 0
0.0012345679012345679 -0.06256350320143876 0.33064227961487935 -0.5200878828871848 0 0 0
0.0012345679012345679 -0.12312871610769228 -0.16261287206726038 0.44568402873633856 0 0 0
0.0012345679012345679 0.12264146984125847 0.00127804253596828 -0.2530269853469481 0 0 0
0.0012345679012345679 -0.06683718959046313 -0.1465584720156271 0.3677633996954882 0 0 0
0.0012345679012345679 0.09826049584848857 0.3825523052486473 0.055200427218155844 0 0 0
0.0012345679012345679 -0.6400950742867124 0.015371401677686886 -0.031181790686662714 0 0 0
0.0012345679012345679 0.03042321284911167 -0.3029164064741729 0.37255690432677185 0 0 0
0.0012345679012345679 0.5274974367063068 -0.2039073983964904 -0.3578441319698643 0 0 0
0.0012345679012345679 -0.34272142072117306 -0.16448273002639052 0.5546813591942565 0 0 0
0.0012345679012345679 0.24253850310736508 -0.5299493402692389 0.2528068630289441 0 0 0
0.0012345679012345679 -0.18658941283174788 0.64761585676998 -0.04674505637834954 0 0 0
0.0012345679012345679 0.16155639211325976 0.060443287039564385 -0.5395499119400998 0 0 0
0.0012345679012345679 -0.1967929404032743 0.43401198749591735 -0.24271602252878485 0 0 0
0.0012345679012345679 0.06926371160060867 0.2877486612120734 0.6202036419010682 0 0 0
0.0012345679012345679 -0.43009214744118285 0.08354065538703792 0.27297964981904255 0 0 0
0.0012345679012345679 0.0975001883222253 0.22462500323289514 -0.2383487609373772 0 0 0
0.0012345679012345679 0.295682532977935 0.28326570294433256 -0.2625536808696438 0 0 0
0.0012345679012345679 -0.37333764828669325 -0.49281230219433575 0.052908016159680285 0 0 0
0.0012345679012345679 -0.08226998106839312 0.5210508755549272 0.15734871187027244 0 0 0
0.0012345679012345679 -0.013852065598391784 0.2752572045811048 0.23156206596667248 0 0 0
0.0012345679012345679 -0.46019751956491306 0.06901306003192537 -0.34290542205030855 0 0 0
0.0012345679012345679 -0.2734441450046796 -0.4920135345367211 0.0037184518600718577 0 0 0
0.0012345679012345679 0.02393753752911399 0.22555063208689866 -0.46619761814048066 0 0 0
0.0012345679012345679 0.3216630832792639 -0.3053531625142498 0.14002675021871577 0 0 0
0.0012345679012345679 -0.27528975213659473 0.30858628849598746 0.5408380488223875 0 0 0
0.0012345679012345679 -0.2677278127385918 -0.6135334405793388 0.13616597932378133 0 0 0
0.0012345679012345679 -0.1862184431442465 -0.41264527706788146 -0.4201695091582673 0 0 0
0.0012345679012345679 -0.3735438883186984 -0.4497093195334143 -0.21258496397481313 0 0 0
0.0012345679012345679 -0.12639252619861974 0.6784888761882598 -0.006350147082108518 0 0 0
0.0012345679012345679 0.010172005357262778 0.16405367998326645 0.48955314937065464 0 0 0
0.0012345679012345679 -0.02040828129656872 0.19387377606973272 0.08814371963983825 0 0 0
0.0012345679012345679 0.1750355740360453 0.5164965139425646 0.28037116994045075 0 0 0
0.0012345679012345679 0.14157430097428209 0.29032284769129935 0.4557570668103657 0 0 0
0.0012345679012345679 0.06519094547627069 -0.07370358562335315 0.4740091284841818 0 0 0
0.0012345679012345679 -0.07334909107657687 0.13442429045465207 -0.32289513527774094 0 0 0
0.0012345679012345679 -0.36633217622398584 0.16388501549727857 0.05394494367221684 0 0 0
0.0012345679012345679 0.053636579258406515 -0.17483709550576418 0.4619542878063808 0 0 0
0.0012345679012345679 -0.36319433304316795 0.451490910872211 -0.3061089460647728 0 0 0
0.0012345679012345679 -0.1549992521191919 -0.5703454059126557 0.021713075178721765 0 0 0
0.0012345679012345679 0.06454621715081629 0.361218015784403 0.4351909496488751 0 0 0
0.0012345679012345679 0.5067298755020916 -0.36224157050961586 0.0903024936673371 0 0 0
0.0012345679012345679 -0.2975016620772452 -0.16411675180622373 -0.5209538212776273 0 0 0
0.0012345679012345679 -0.460018484407028 -0.04418134274016046 0.28714612493343994 0 0 0
0.0012345679012345679 0.4358460278379545 -0.25165179763938966 -0.18299603768236009 0 0 0
0.0012345679012345679 0.07821157403440962 0.4279882703055815 -0.5033322291905905 0 0 0
0.0012345679012345679 0.023761593221209732 -0.20601446828411255 -0.3557926368365426 0 0 0
0.0012345679012345679 -0.07937865172391918 -0.16783394448825245 0.6015473054149197 0 0 0
0.0012345679012345679 -0.1856374959540276 -0.5781699438775633 0.21135876734168232 0 0 0
0.0012345679012345679 -0.02252105382080376 0.1464687975435371 -0.1599667343561702 0 0 0
0.0012345679012345679 -0.2739057667377964 -0.07702288638044591 -0.13657696779014103 0 0 0
0.0012345679012345679 -0.13165849628348056 -0.4102864119805737 -0.4272936129007886 0 0 0
0.0012345679012345679 0.1764370265490262 0.008379380827736075 -0.05011443004537505 0 0 0
0.0012345679012345679 -0.5019128049894995 0.21540084966345605 -0.001369594543827043 0 0 0
0.0012345679012345679 0.49438775933379164 -0.16854100292496432 0.45560562891899353 0 0 0
0.0012345679012345679 0.11321855151784765 0.3737700333975995 0.2886501852804654 0 0 0
0.0012345679012345679 -0.4083510184619437 -0.1392809304724029 -0.110939208328715 0 0 0
0.0012345679012345679 -0.10555406654077594 0.10042088336651067 -0.2148609721720269 0 0 0
0.0012345679012345679 0.5605881830901506 -0.06409684639557389 -0.34935428706169114 0 0 0
0.0012345679012345679 0.5193374909226366 -0.3099077006121992 0.33285730614652376 0 0 0
0.0012345679012345679 0.41805604698496013 0.24379605219032616 0.2834460481542852 0 0 0
0.0012345679012345679 -0.10461768555188752 -0.48711242589359827 0.25983187113972495 0 0 0
0.0012345679012345679 0.3446688243809376 0.1237931347559252 0.3604678671568902 0 0 0
0.0012345679012345679 0.5060524176012822 -0.2798135041364047 -0.3218649682739312 0 0 0
0.0012345679012345679 -0.33009125558337477 -0.3194925782873287 0.16119789822246625 0 0 0
0.0012345679012345679 -0.6071408456304835 0.022082783161924465 0.039850558707937064 0 0 0
0.0012345679012345679 0.08902387820800779 0.5216774128495313 -0.2531889639632083 0 0 0
0.0012345679012345679 0.2457307304635937 -0.42305668997778684 -0.26495285107542793 0 0 0
0.0012345679012345679 -0.06481521041199385 0.40818957908504105 -0.145895660252987 0 0 0
0.0012345679012345679 0.27092121128199753 -0.3496964011575848 0.34809086548476165 0 0 0
0.0012345679012345679 -0.572519418905404 0.1610527254592507 0.34208214931076136 0 0 0
0.0012345679012345679 -0.2584848613507064 0.3838564874782022 -0.18371517728874137 0 0 0
0.0012345679012345679 -0.42425049192774567 -0.06885068224262467 0.14375567492124974 0 0 0
0.0012345679012345679 -0.06964937078989969 0.5770125483043075 -0.2313292226411381 0 0 0
0.0012345679012345679 -0.015537464455888064 -0.11284633430150615 0.13266954686677593 0 0 0
0.0012345679012345679 0.44680763925016087 -0.1433742453658996 -0.26311103242483863 0 0 0
0.0012345679012345679 0.08658433564876537 0.6239246874186569 0.08886786356868297 0 0 0
0.0012345679012345679 0.39890984461245016 -0.22511573454620515 -0.29614790764107407 0 0 0
0.0012345679012345679 0.03413700525486811 -0.11766433916719406 -0.4840791507746856 0 0 0
0.0012345679012345679 -0.2729662035249284 0.327697224101791 -0.4652941255991579 0 0 0
0.0012345679012345679 -0.09417619772687827 -0.17343096315034368 0.008836581500277156 0 0 0
0.0012345679012345679 0.1803954215141912 0.38647444631519495 -0.47925552251174774 0 0 0
0.0012345679012345679 -0.26716077399172894 0.015017957098609883 -0.24783734614522018 0 0 0
0.0012345679012345679 0.1841541053767915 0.05905582673947686 -0.5637726181266376 0 0 0
0.0012345679012345679 -0.018649358813584625 0.34243932455355497 -0.21983181532155058 0 0 0
0.0012345679012345679 -0.3188076173663759 -0.32202301226443714 -0.2413784964052928 0 0 0
0.0012345679012345679 -0.2543863572526275 0.4050433593452605 -0.3531499356033991 0 0 0
0.0012345679012345679 -0.6165304980313968 0.0172528348934398 -0.06195860687620864 0 0 0
0.0012345679012345679 -0.2554292661567912 -0.0967130570477827 0.09892675335608149 0 0 0
0.0012345679012345679 0.4887429142757663 0.09194128591770856 0.17858256555433327 0 0 0
0.0012345679012345679 0.41967808781140986 0.40750702539729333 -0.2954670802422531 0 0 0
0.0012345679012345679 0.036210028623669274 0.3894541680158287 0.5299978705106627 0 0 0
0.0012345679012345679 0.13565337767489027 -0.00627297383734323 0.42276766790099213 0 0 0
0.0012345679012345679 0.08178772322148095 0.0939008601778337 -0.517252147239796 0 0 0
0.0012345679012345679 -0.09382302331523869 0.4812966411652258 0.1378727083022503 0 0 0
0.0012345679012345679 0.1163605890600092 0.14406799157552339 0.0876524352425101 0 0 0
0.0012345679012345679 0.004520010066415468 0.5630908070384034 0.09348038833938334 0 0 0
0.0012345679012345679 0.3541434256267303 0.4873841326549843 -0.24741495159347016 0 0 0
0.0012345679012345679 0.10238937009186484 -0.3566009780745715 0.3311288814967315 0 0 0
0.0012345679012345679 -0.5006828072404457 -0.042636522872353165 0.14290399665993803 0 0 0
0.0012345679012345679 -0.4264270160011452 0.31697931233444276 -0.010170294552821174 0 0 0
0.0012345679012345679 -0.237587082817987 -0.4820855644857797 -0.19656905617512369 0 0 0
0.0012345679012345679 -0.07683768324820903 0.18305688522567665 0.1827167539534193 0 0 0
0.0012345679012345679 -0.3323236541212883 -0.07138725102896888 0.30129356705660554 0 0 0
0.0012345679012345679 0.43688364463095586 -0.18970427791120792 0.35283704002914235 0 0 0
0.0012345679012345679 -0.5985436660472049 0.1848528753411829 -0.07722722482157013 0 0 0
0.0012345679012345679 -0.2661059564996936 -0.1162248033469651 0.2045917426009875 0 0 0
0.0012345679012345679 0.458029068146283 0.04647624242702062 0.0009130215855134847 0 0 0
0.0012345679012345679 -0.5091149578919976 -0.03824350598781136 0.2794556691721837 0 0 0
0.0012345679012345679 0.14742616093284386 0.57523070268409 0.1861005112583977 0 0 0
0.0012345679012345679 -0.5287536862146004 -0.2569631235551999 -0.15958339268824137 0 0 0
0.0012345679012345679 -0.12366858190378474 0.42003162324142135 -0.47992798020987126 0 0 0
0.0012345679012345679 0.10897439106809977 -0.02521471400069939 -0.08435578448373805 0 0 0
0.0012345679012345679 0.09979406356006273 -0.0004601146077163163 -0.13601056587785854 0 0 0
0.0012345679012345679 -0.1255170164353133 -0.3262979468899238 0.07419943543186339 0 0 0
0.0012345679012345679 -0.1529679857508947 0.11500487936501068 0.22254456674651946 0 0 0
0.0012345679012345679 0.24167838536647765 -0.23571997736570285 0.44946640001144944 0 0 0
0.0012345679012345679 0.1640978978951127 -0.18517712210818724 0.049359528782086916 0 0 0
0.0012345679012345679 -0.13040209579074488 -0.442880301894637 -0.14459973786099437 0 0 0
0.0012345679012345679 -0.05941884971061929 0.1261786612981254 0.6360044127956613 0 0 0
0.0012345679012345679 0.4013586404637956 0.020032659990889747 0.25182445883539367 0 0 0
0.0012345679012345679 -0.01414950608826896 -0.13239732460892625 0.582107438547613 0 0 0
0.0012345679012345679 0.4717384663650152 0.29411477279293136 -0.13074867102798918 0 0 0
0.0012345679012345679 0.4456679164744376 -0.1490893716870775 0.10160820494659227 0 0 0
0.0012345679012345679 0.039922473017998006 0.3201988142902249 -0.4206587862396949 0 0 0
0.0012345679012345679 0.27319961635348916 -0.3089601647706675 0.2696757295067527 0 0 0
0.0012345679012345679 0.15094263536704217 0.14181536049308008 -0.04860885879978901 0 0 0
0.0012345679012345679 -0.42671042404605963 0.28932195419207424 -0.43976045495162575 0 0 0
0.0012345679012345679 0.257347796820663 0.17769177192654825 0.5017387494538077 0 0 0
0.0012345679012345679 0.6446859713138468 0.0782628410647356 -0.07748614483480543 0 0 0
0.0012345679012345679 0.40447140224170114 0.331573233184118 -0.019631828410653623 0 0 0
0.0012345679012345679 -0.3029717891723792 -0.07313890428088839 0.3409526446926 0 0 0
0.0012345679012345679 0.16092166741241398 0.34287378176953914 -0.5200539741843914 0 0 0
0.0012345679012345679 0.39370997303492195 0.11866793875711334 0.11974871958701207 0 0 0
0.0012345679012345679 -0.1855025156506537 0.2492644573858895 0.0017726477225304318 0 0 0
0.0012345679012345679 -0.4296530912135021 0.008100712455299997 0.3233766853779676 0 0 0
0.0012345679012345679 -0.1980125552243849 0.07990060460706225 0.2024646221268511 0 0 0
0.0012345679012345679 0.04297197788338561 0.2911226628500954 -0.2657664964333071 0 0 0
0.0012345679012345679 -0.40337575981517504 -0.3059246313364943 0.09101822477927583 0 0 0
0.0012345679012345679 -0.2181215712561644 -0.12265414532138827 -0.6002703281174381 0 0 0
0.0012345679012345679 -0.12887156507859224 -0.0697527844864497 -0.45484520466421186 0 0 0
0.0012345679012345679 0.19329990151683837 -0.13923111662555804 0.37976386322908096 0 0 0
0.0012345679012345679 0.27114526475252565 0.57913791005363 -0.17120478571193723 0 0 0
0.0012345679012345679 -0.020410227461147415 0.2999645914421554 0.19538684871482695 0 0 0
0.0012345679012345679 -0.05087468248379523 -0.08733721721732958 0.10723998197795552 0 0 0
0.0012345679012345679 0.058986926810787786 0.37831902956196983 -0.15141138120082884 0 0 0
0.0012345679012345679 0.2233537006630827 -0.22654963453986998 0.589228742284796 0 0 0
0.0012345679012345679 -0.35651789391406974 -0.1760294790658245 0.21241307165958226 0 0 0
0.0012345679012345679 -0.3371534099221031 0.0727446515548661 -0.34591928597208216 0 0 0
0.0012345679012345679 -0.18072574984174983 0.2989274669712341 -0.5236371194917709 0 0 0
0.0012345679012345679 -0.12610750193915424 -0.33057634332057995 0.4308814492650395 0 0 0
0.0012345679012345679 -0.20183896747570212 -0.07756505667151026 0.3722419491104083 0 0 0
0.0012345679012345679 -0.43620563289595804 -0.4734710202626825 0.02429261001014654 0 0 0
0.0012345679012345679 0.12412189675195452 -0.012879308589477945 0.46408932173959405 0 0 0
0.0012345679012345679 0.5190454424422267 -0.005580809432758537 0.30596784146289563 0 0 0
0.0012345679012345679 0.008258802612825744 0.23834257951300095 -0.25187399438762104 0 0 0
0.0012345679012345679 -0.3818539154734503 0.5587670042822738 -0.0664143281098297 0 0 0
0.0012345679012345679 -0.07664773969270892 0.11777697162978709 0.6571636710414438 0 0 0
0.0012345679012345679 -0.23106224691073654 -0.4139425536940575 -0.23992637106257436 0 0 0
0.0012345679012345679 0.45925235066015874 0.12075848812947146 -0.3318239568214877 0 0 0
0.0012345679012345679 -0.1359533668861987 0.3883179231645918 -0.15366570554676973 0 0 0
0.0012345679012345679 0.2219615826956636 -0.610731429856039 0.19197678837802948 0 0 0
0.0012345679012345679 -0.5724895759629166 0.25490852896207566 -0.16383811971816375 0 0 0
0.0012345679012345679 0.23097319335122682 0.07527032232324958 0.10477976827698118 0 0 0
0.0012345679012345679 0.40645224884823894 0.36563811232242394 0.4047706290922143 0 0 0
0.0012345679012345679 0.057170449105180716 0.4922687033389432 0.09566253839440644 0 0 0
0.0012345679012345679 0.5837031917719029 0.08955803251577843 0.21295210747896998 0 0 0
0.0012345679012345679 -0.28330174333109204 0.08870195398275411 -0.5226792986719263 0 0 0
0.0012345679012345679 -0.10814901609025883 0.12113149329948861 0.4050394825647049 0 0 0
0.0012345679012345679 0.5389237221655298 -0.01870389312381815 -0.10931269818283378 0 0 0
0.0012345679012345679 -0.16288307547189398 0.048770744923513125 0.5339788899408681 0 0 0
0.0012345679012345679 0.44667629368680234 -0.05842564660793588 0.10356564396700987 0 0 0
0.0012345679012345679 -0.09858229823483498 0.09013753403038126 0.4488419669008827 0 0 0
0.0012345679012345679 0.12851583182796286 -0.02618580071595837 -0.6045580965013251 0 0 0
0.0012345679012345679 0.5123094129134921 -0.2053122671995183 0.3697924895414213 0 0 0
0.0012345679012345679 0.35155957054827824 0.12283918810167276 -0.38720581647015284 0 0 0
0.0012345679012345679 0.33696623132198406 0.5126631236359653 0.16990760740533098 0 0 0
0.0012345679012345679 -0.008470281966723144 0.13107597240181967 0.6312852251546361 0 0 0
0.0012345679012345679 0.48094352198618784 -0.35762394771000794 -0.3044669057278586 0 0 0
0.0012345679012345679 -0.021739506716115214 0.12304098806105301 -0.06771255326293801 0 0 0
0.0012345679012345679 -0.24192948247445456 0.3776312109923433 0.4235090438916463 0 0 0
0.0012345679012345679 0.03372825502024561 -0.13815341373021267 -0.5617880014946379 0 0 0
0.0012345679012345679 0.32707622400580444 -0.24286347678195264 0.22574210796745126 0 0 0
0.0012345679012345679 -0.16903425979219486 0.1813852372770002 -0.5633012835555276 0 0 0
0.0012345679012345679 -0.5773877041485536 -0.030448994075624798 -0.35619079159621614 0 0 0
0.0012345679012345679 0.4684738102559371 -0.06326047444203593 -0.09776840853796043 0 0 0
0.0012345679012345679 -0.1313012408949479 -0.3121941219115561 -0.5376543477352708 0 0 0
0.0012345679012345679 -0.19008411627975902 0.34782546228721584 0.254230737510803 0 0 0
0.0012345679012345679 0.04692156517262643 0.07201735330466913 -0.4093342041767932 0 0 0
0.0012345679012345679 0.43178468247708074 -0.24354266597883134 -0.011807562128408703 0 0 0
0.0012345679012345679 0.18032198590917878 0.3628593439906869 0.24628140329408107 0 0 0
0.0012345679012345679 0.03155534801105201 -0.2365673607152697 0.46995363743089497 0 0 0
0.0012345679012345679 -0.46939819304731145 0.2149240520409571 0.3757491002746434 0 0 0
0.0012345679012345679 -0.06004117525587359 -0.12118275213437728 -0.5994255202795599 0 0 0
0.0012345679012345679 -0.2992598365665844 -0.43535139046629434 -0.049721702261017436 0 0 0
0.0012345679012345679 0.569775407617268 -0.10018052061734488 0.38193987835670196 0 0 0
0.0012345679012345679 0.6260586548295247 -0.21867724407038325 0.09469545977721054 0 0 0
0.0012345679012345679 -0.19824442495971462 0.0014043911379411904 -0.6074701743474217 0 0 0
0.0012345679012345679 -0.36903572611733193 0.09747924166577068 -0.1743566302249681 0 0 0
0.0012345679012345679 -0.07435446442148755 -0.5492291481190191 -0.30782048850004845 0 0 0
0.0012345679012345679 -0.3358703523237676 -0.5366098765090848 0.1744455692007467 0 0 0
0.0012345679012345679 -0.23803476759655637 0.5256991390662407 -0.25055955944670527 0 0 0
0.0012345679012345679 -0.3305458007476977 0.30855995600752933 0.09218589109278015 0 0 0
0.0012345679012345679 0.5174208378774713 0.20360840705017846 0.3106330768894909 0 0 0
0.0012345679012345679 0.03474732987694308 0.4231861533201384 -0.18211890414591922 0 0 0
0.0012345679012345679 -0.02612946278776224 0.10291462227271897 -0.28886374224744105 0 0 0
0.0012345679012345679 -0.39869206426629655 -0.09966854329337614 -0.05541660503977954 0 0 0
0.0012345679012345679 -0.045093391295508 -0.11247039269284849 -0.1349890260944132 0 0 0
0.0012345679012345679 -0.5859353364363099 0.31850474342543333 0.03267486693310247 0 0 0
0.0012345679012345679 -0.09481108014560341 -0.10257954930906024 -0.07812927941184981 0 0 0
0.0012345679012345679 -0.36701789078189767 0.5325696707247503 -0.20867512455036086 0 0 0
0.0012345679012345679 0.4177519818355505 -0.2456231460661137 -0.30240442778367455 0 0 0
0.0012345679012345679 -0.10398068783974934 0.3034942402571657 0.49248641358345907 0 0 0
0.0012345679012345679 0.10742850073124433 0.2359825670597035 5.5788006137079975e-05 0 0 0
0.0012345679012345679 0.12556905154526965 0.19365699298894679 0.5965969754611792 0 0 0
0.0012345679012345679 0.24116010964324286 -0.12704928502514626 -0.4246345053157459 0 0 0
0.0012345679012345679 -0.08851899969463924 0.4545829634601109 -0.10777708342312248 0 0 0
0.0012345679012345679 -0.0004687767161932727 0.18901357217086986 0.24096530216068718 0 0 0
0.0012345679012345679 0.35054026045417164 -0.4110225191129307 -0.41308122429674377 0 0 0
0.0012345679012345679 -0.20980451310116022 -0.010416645745775973 0.08462515271408942 0 0 0
0.0012345679012345679 -0.09257627693251684 0.5145566668644844 -0.14519376677091206 0 0 0
0.0012345679012345679 0.11846612958461226 0.5757616338688297 0.1307677017938637 0 0 0
0.0012345679012345679 0.04723540606447941 0.5792051443876408 0.3408264008360624 0 0 0
0.0012345679012345679 -0.5569989268904799 0.23424638019673047 0.2580957554783383 0 0 0
0.0012345679012345679 0.48749266818148457 -0.24098958766152145 0.422203218225191 0 0 0
0.0012345679012345679 -0.4620486025171148 0.3217609900175413 0.40128368943854065 0 0 0
0.0012345679012345679 -0.08625065827737241 -0.6255867002969322 -0.1801270064033101 0 0 0
0.0012345679012345679 -0.5572250800635858 0.35048538509872895 0.0687215497013722 0 0 0
0.0012345679012345679 -0.462673488112837 0.3697407565207462 -0.2477231797977789 0 0 0
0.0012345679012345679 0.4102213952278413 0.23535755653082005 -0.23923133578152153 0 0 0
0.0012345679012345679 -0.08003910794508586 -0.32013883647730695 -0.5110833193680878 0 0 0
0.0012345679012345679 0.06463759751445686 0.46367356413439964 -0.05807889511062319 0 0 0
0.0012345679012345679 0.2946719829450073 0.34074050862148514 0.5136544611874868 0 0 0
0.0012345679012345679 -0.00647747156347488 -0.3576966247194526 0.5625817180173666 0 0 0
0.0012345679012345679 -0.15398763237582797 0.2953752640130592 -0.3220592681183066 0 0 0
0.0012345679012345679 -0.3283421018995059 0.18432747456065265 0.48309080038814034 0 0 0
0.0012345679012345679 0.40684774247767874 -0.3625777750901416 0.4003870880137455 0 0 0
0.0012345679012345679 0.1653687905039442 -0.31976826715898626 0.3999672342212798 0 0 0
0.0012345679012345679 0.4912489514454107 0.003691338542638723 -0.18991980287635343 0 0 0
0.0012345679012345679 0.2641642127245524 -0.2949992113426084 0.41081836492022566 0 0 0
0.0012345679012345679 0.5269162335667792 0.039578887293700724 -0.3678745144697258 0 0 0
0.0012345679012345679 0.2040908297850693 0.4627314861819516 0.40245612829501665 0 0 0
0.0012345679012345679 -0.19035616957957283 -0.038955743003369285 0.47281840223690375 0 0 0
0.0012345679012345679 -0.06786474063746506 0.10752413421346765 0.04791183185018346 0 0 0
0.0012345679012345679 0.19802006187551877 -0.18196201877178453 0.009106270847861102 0 0 0
0.0012345679012345679 -0.3019220439562259 -0.500841641457663 0.22596544035021893 0 0 0
0.0012345679012345679 -0.351618447337264 -0.5947008324037919 -0.029191753245536054 0 0 0
0.0012345679012345679 0.4400762763699315 -0.3692517287563225 0.024464175558055693 0 0 0
0.0012345679012345679 0.06741086054031714 -0.24191754607192703 0.08325673909493758 0 0 0
0.0012345679012345679 -0.4049210610046155 0.2758894911552242 0.07662627295498908 0 0 0
0.0012345679012345679 -0.10032289662601056 0.16285811695990157 0.3206901266863872 0 0 0
0.0012345679012345679 0.5474405461470565 -0.030766323945703843 0.30104005825495267 0 0 0
0.0012345679012345679 -0.01989999083939861 -0.16829934609395242 -0.5358647797611844 0 0 0
0.0012345679012345679 -0.11391865388414586 0.24578639708415928 -0.595219811534408 0 0 0
0.0012345679012345679 -0.39114747308145825 0.3965267673239821 -0.29085801284549584 0 0 0
0.0012345679012345679 0.2651384158498261 0.03811276183840915 0.07955185525610838 0 0 0
0.0012345679012345679 0.2836519606848219 -0.13688739218157434 -0.29270004777714226 0 0 0
0.0012345679012345679 0.2879455362857934 0.4446282120349461 0.25020695014253025 0 0 0
0.0012345679012345679 0.5083554687120838 -0.022044422087827115 -0.03524957038543668 0 0 0
0.0012345679012345679 0.3050288872553365 -0.41018760222637396 -0.05436599421861683 0 0 0
0.0012345679012345679 -0.4592549018444737 -0.2580387813144679 -0.28391951913667374 0 0 0
0.0012345679012345679 0.33480839164888776 -0.5002888730790294 -0.1006334072670992 0 0 0
0.0012345679012345679 -0.03224300707876541 -0.30711126000807715 -0.14712544202302277 0 0 0
0.0012345679012345679 0.07345161008218923 -0.5514192278918911 -0.32576140293113015 0 0 0
0.0012345679012345679 -0.39864699316015884 -0.08831049954586974 0.1446019332442722 0 0 0
0.0012345679012345679 0.49587795040161936 0.42411953176589035 0.07841791040621414 0 0 0
0.0012345679012345679 -0.33053308290932387 0.04130423182593199 0.3166732787561223 0 0 0
0.0012345679012345679 -0.051183141797695016 -0.09335682013574056 -0.010773048957188905 0 0 0
0.0012345679012345679 0.17577222774766313 0.442810057289041 -0.2122099772957508 0 0 0
0.0012345679012345679 0.6127658117876178 0.290122028263309 0.008182411228843915 0 0 0
0.0012345679012345679 0.6336255877732695 0.08073274283784272 -0.0005848865168066507 0 0 0
0.0012345679012345679 -0.14439552915409604 -0.24818358595292364 0.3209876595651325 0 0 0
0.0012345679012345679 0.023428052435724305 -0.1603796811550083 0.5168772993823244 0 0 0
0.0012345679012345679 -0.18779782245740215 -0.4153282669730133 0.16868891651437493 0 0 0
0.0012345679012345679 0.4361789910927896 -0.21223073394387337 0.4833566957137248 0 0 0
0.0012345679012345679 -0.33680664559863494 -0.15073154250125248 -0.08755529828915141 0 0 0
0.0012345679012345679 0.3022725336767447 -0.12014064259075198 -0.5611947782488452 0 0 0
0.0012345679012345679 0.42187507345752034 0.35640238108375805 -0.21346402729532166 0 0 0
0.0012345679012345679 0.058625254297409994 0.5568605028712057 -0.3684591415799241 0 0 0
0.0012345679012345679 -0.6454335822534412 -0.030805358471626118 -0.1644874433239714 0 0 0
0.0012345679012345679 -0.46698405527669684 0.17846616674287707 0.06239879528523294 0 0 0
0.0012345679012345679 -0.206495540027725 -0.551947774728732 0.009865356144324195 0 0 0
0.0012345679012345679 -0.46314515556325464 0.11109240265917271 -0.4560530879151219 0 0 0
0.0012345679012345679 0.4008358137787128 0.4132709133869133 -0.09106110027174312 0 0 0
0.0012345679012345679 0.18929612540181842 0.44698053348791633 -0.15798427041889695 0 0 0
0.0012345679012345679 0.04274130333722471 -0.41758970782824967 0.2972423650062229 0 0 0
0.0012345679012345679 0.1240488269554948 -0.3510086714560127 0.34551449196888506 0 0 0
0.0012345679012345679 0.22336032887930335 -0.39777468394148885 -0.46961912219774266 0 0 0
0.0012345679012345679 -0.5223002258355033 0.2644912396371155 -0.2120484874274404 0 0 0
0.0012345679012345679 -0.40485019987556903 0.29721541894188713 -0.46015394734004406 0 0 0
0.0012345679012345679 -0.40037121324368685 -0.2577217250745285 0.1748940571766591 0 0 0
0.0012345679012345679 0.38984200957645854 0.15628942265162837 -0.009123424642163848 0 0 0
0.0012345679012345679 0.4378297297784069 -0.06576515585800756 0.14398028363880253 0 0 0
0.0012345679012345679 0.40163436457925006 0.13653800080516082 -0.16767805964153107 0 0 0
0.0012345679012345679 -0.45298761057298187 0.1902915850285917 -0.32861107007136525 0 0 0
0.0012345679012345679 0.49721140390772517 0.02501508609240474 0.09940979936173283 0 0 0
0.0012345679012345679 0.2446523278589674 -0.1921795993593053 -0.4988616529923317 0 0 0
0.0012345679012345679 0.046591934878474114 -0.2078765927778532 0.38921529589007486 0 0 0
0.0012345679012345679 -0.2674246295569852 -0.03342361395507362 -0.3978378611089124 0 0 0
0.0012345679012345679 0.4429201588896136 -0.22331631546163713 0.21562278437570298 0 0 0
0.0012345679012345679 0.5052578611319102 0.3469374583364479 -0.028981432617338744 0 0 0
0.0012345679012345679 0.36829044546635226 -0.2448300284703448 -0.5109025701412094 0 0 0
0.0012345679012345679 -0.2512518672803409 -0.4643362775285668 -0.06949578747488494 0 0 0
0.0012345679012345679 -0.03260224326248377 -0.6870802906820396 -0.013212826577881111 0 0 0
0.0012345679012345679 -0.006331194308423727 0.5987315126932582 0.3256114921585049 0 0 0
0.0012345679012345679 -0.22024827483183856 0.05871526324595502 -0.18682931242375092 0 0 0
0.0012345679012345679 -0.6019295618505986 0.24165540810095926 -0.07717237534342002 0 0 0
0.0012345679012345679 0.33858769143396533 -0.3875770893689462 -0.3586771662083662 0 0 0
0.0012345679012345679 -0.38139168271089285 -0.3978111630534097 0.2681607304398676 0 0 0
0.0012345679012345679 -0.23748465945348018 -0.47767034039467 -0.42056094829155116 0 0 0
0.0012345679012345679 -0.14144362450562425 0.2983562376666507 -0.4199726640141157 0 0 0
0.0012345679012345679 0.14130374285187955 0.19685258425815574 0.44048851241472303 0 0 0
0.0012345679012345679 0.5490343774824953 -0.012733763671606337 0.14280798174346498 0 0 0
0.0012345679012345679 -0.07679748148145643 -0.3872599978878251 0.18514240649371322 0 0 0
0.0012345679012345679 -0.4257244243458488 -0.23693417437889483 -0.3539222378550828 0 0 0
0.0012345679012345679 0.0703152229945636 0.40918093217461643 -0.422095405432774 0 0 0
0.0012345679012345679 0.04657244413593261 -0.19490287004917728 0.2927500400516829 0 0 0
0.0012345679012345679 0.2963495416575037 0.023088642245471535 -0.11955929267941867 0 0 0
0.0012345679012345679 -0.41332653167592465 -0.3926800091519843 0.004654416416363041 0 0 0
0.0012345679012345679 0.26783733159695905 -0.36496165431120403 0.24486013755282882 0 0 0
0.0012345679012345679 0.25987784587286034 -0.13753504553756354 0.35504685227594585 0 0 0
0.0012345679012345679 0.0034060388248743374 0.04032528728775862 -0.5863737814777047 0 0 0
0.0012345679012345679 -0.011892557411635028 0.5651081917015905 -0.1126024720317123 0 0 0
0.0012345679012345679 -0.5026410030163506 0.17516736062176214 0.13455267390431302 0 0 0
0.0012345679012345679 -0.037010685461125896 -0.3607515215494926 -0.39333211512089195 0 0 0
0.0012345679012345679 -0.5321817115659137 -0.06038075736240548 -0.20288824057715468 0 0 0
0.0012345679012345679 -0.36783874826112267 -0.2770085649530901 -0.34095655350241455 0 0 0
0.0012345679012345679 0.2598884813408369 0.3262401240537235 -0.4674268323327771 0 0 0
0.0012345679012345679 -0.223407549094343 -0.14044350958016666 0.5736302259453712 0 0 0
0.0012345679012345679 -0.10929690246127555 -0.22264059195935335 0.1805749044893005 0 0 0
0.0012345679012345679 0.4114727789352259 -0.033430160172749517 -0.18581466695849333 0 0 0
0.0012345679012345679 0.24161242474374622 -0.1294070992598703 0.565318903050054 0 0 0
0.0012345679012345679 -0.43431839358907603 -0.2201659250134142 0.25440368349320575 0 0 0
0.0012345679012345679 0.048299564657405966 0.18045672926912948 -0.05535085700779771 0 0 0
0.0012345679012345679 -0.38203130359194465 0.048687890691517646 0.3425770671647648 0 0 0
0.0012345679012345679 0.11846378894830656 -0.05230941073023484 0.6480729421529973 0 0 0
0.0012345679012345679 -0.20471427020691768 -0.15096705980885916 0.266351120984985 0 0 0
0.0012345679012345679 0.007895938714352412 -0.10983851669986545 0.04966957261639899 0 0 0
0.0012345679012345679 0.5097973836940608 -0.05550224937277275 0.3379542666523313 0 0 0
0.0012345679012345679 0.5823436066168277 0.19788151273948365 0.03881622841288356 0 0 0
0.0012345679012345679 -0.11848733523656804 0.5573237268524714 0.2300398402363114 0 0 0
0.0012345679012345679 0.3417949365841278 0.001644884466112376 -0.3326628830508032 0 0 0
0.0012345679012345679 -0.019705471651487977 0.4618041797346638 0.2738231592286122 0 0 0
0.0012345679012345679 0.41750362296859533 0.0826959866945683 0.14545188607325804 0 0 0
0.0012345679012345679 0.4503738986786483 -0.3419432808717959 -0.22459022888331948 0 0 0
0.0012345679012345679 -0.4274724521070916 0.302282037258254 0.18036913886725595 0 0 0
0.0012345679012345679 -0.06673356246050008 0.23159482467084333 -0.2021722488176044 0 0 0
0.0012345679012345679 0.10593188526226409 0.351987363665619 0.4322425471872362 0 0 0
0.0012345679012345679 -0.020083663719667418 -0.2389547245745953 0.5705482926348404 0 0 0
0.0012345679012345679 -0.39723185333006994 0.331330307892001 -0.23223130924400628 0 0 0
0.0012345679012345679 0.04227294280072541 0.5857122946682725 0.14221488610285923 0 0 0
0.0012345679012345679 0.17638013195080282 -0.2181636297596392 0.47236985320038805 0 0 0
0.0012345679012345679 0.09087036309872579 -0.1341176740828361 -0.4583398073180848 0 0 0
0.0012345679012345679 -0.09258500507971436 -0.6408011524714552 0.045963923873916346 0 0 0
0.0012345679012345679 0.2122368655196855 0.3075078092076825 0.13630642034314164 0 0 0
0.0012345679012345679 0.16381978930369867 0.031067640891801654 0.4037683557236897 0 0 0
0.0012345679012345679 0.3201556197316122 0.10324460359050965 0.5714390940489854 0 0 0
0.0012345679012345679 -0.23056429530228983 -0.3639819512665523 -0.3202471801616151 0 0 0
0.0012345679012345679 -0.017033623712300695 0.04428211635513859 -0.10579568898451452 0 0 0
0.0012345679012345679 -0.10934852671262986 0.10364209616147653 -0.2347338331082526 0 0 0
0.0012345679012345679 0.05569556182402937 0.11055264626557794 0.4429159228415449 0 0 0
0.0012345679012345679 -0.1504340157435712 -0.0007260778018656042 -0.05132979655354615 0 0 0
0.0012345679012345679 -0.04957017163319562 0.22524978299499349 0.09009496915315987 0 0 0
0.0012345679012345679 -0.22648539286393102 -0.4496896548700666 -0.14493018067387728 0 0 0
0.0012345679012345679 -0.35511882223025065 -0.4523558789867993 -0.1876420099852415 0 0 0
0.0012345679012345679 0.24050284445271153 0.035029999660262004 -0.5523857821687291 0 0 0
0.0012345679012345679 0.0294656166238516 0.11273682532507553 -0.6054749520668281 0 0 0
0.0012345679012345679 0.5778813358274575 -0.21805883465191292 -0.0052635207049392205 0 0 0
0.0012345679012345679 0.3696063026596749 -0.3653079944659984 -0.3273924607126886 0 0 0
0.0012345679012345679 0.3846034439538962 -0.3829211104502708 0.29464059972583284 0 0 0
0.0012345679012345679 0.1928249672181182 0.16735334918646042 0.10682951200809669 0 0 0
0.0012345679012345679 0.28927694942644655 -0.18214696226097543 0.49107892544870796 0 0 0
0.0012345679012345679 0.2455678630450058 0.14125800845445244 -0.154841766378661 0 0 0
0.0012345679012345679 0.2783868420437197 -0.41856157996685506 0.35764423311955257 0 0 0
0.0012345679012345679 0.05671253961442494 0.504421439447251 0.3069087814561419 0 0 0
0.0012345679012345679 -0.1758874988031439 -0.17909087722980713 -0.5999142563448783 0 0 0
0.0012345679012345679 -0.18661566656181325 -0.349608843858699 -0.18047846675948045 0 0 0
0.0012345679012345679 -0.23202850301994907 -0.13360525987113966 0.34032856971380593 0 0 0
0.0012345679012345679 0.4792137402361891 -0.23513951523457233 -0.08081229241300027 0 0 0
0.0012345679012345679 -0.2587818523687099 0.1498150398804738 -0.20274376877790504 0 0 0
0.0012345679012345679 0.3515852377444566 0.20928888336851525 0.09737807709524655 0 0 0
0.0012345679012345679 0.418840554230746 0.02445137315057035 0.3187734171352148 0 0 0
0.0012345679012345679 -0.5994932425127117 -0.23359638018766718 0.2514168751125329 0 0 0
0.0012345679012345679 0.35957354907558847 0.19027876756924156 -0.31173216444375007 0 0 0
0.0012345679012345679 0.49228155388287564 0.23799506308136847 0.33588822264597906 0 0 0
0.0012345679012345679 0.5009632898101971 0.17100950299847867 -0.33373482619222916 0 0 0
0.0012345679012345679 -0.01368137223468996 -0.028731182384648547 0.25124508681002466 0 0 0
0.0012345679012345679 0.18252688726670416 0.42213893753319265 0.292056696898478 0 0 0
0.0012345679012345679 -0.26186760368901096 -0.2978286753909843 -0.30484444618519435 0 0 0
0.0012345679012345679 -0.04843188079474728 -0.5669086223404018 0.2923316637255292 0 0 0
0.0012345679012345679 -0.2961994844466649 -0.07985203360010958 0.011094608152675484 0 0 0
0.0012345679012345679 0.590787637830135 -0.005421054763506656 0.11366583967931919 0 0 0
0.0012345679012345679 0.4507522723286793 -0.4670683017174144 -0.15913277771080703 0 0 0
0.0012345679012345679 -0.0918682184129025 0.05061843962255874 0.6248743927202538 0 0 0
0.0012345679012345679 -0.2331866695632828 0.013599012715092736 -0.3146193603208899 0 0 0
0.0012345679012345679 -0.48730450821421106 -0.06471273355511736 -0.3895011511416246 0 0 0
0.0012345679012345679 0.4521297245164733 0.08510234878809092 0.14036436114128564 0 0 0
0.0012345679012345679 0.3132669666049657 0.3455938277226277 0.278415281519196 0 0 0
0.0012345679012345679 -0.49478879180259455 0.07009577071125718 0.2094155729886862 0 0 0
0.0012345679012345679 -0.02617410354498937 0.1954800626783915 0.641354955483286 0 0 0
0.0012345679012345679 -0.4685083519785898 -0.0038337390086899234 -0.4557686517189325 0 0 0
0.0012345679012345679 0.11651487914969919 -0.5424567057161067 -0.31281770201241776 0 0 0
0.0012345679012345679 -0.04417874994239012 -0.278643718095141 0.05072215615755572 0 0 0
0.0012345679012345679 -0.16312539764900968 -0.5619812700131959 0.14692192947363394 0 0 0
0.0012345679012345679 0.06339080924488874 -0.08743272261480034 -0.27028215418036217 0 0 0
0.0012345679012345679 0.2692844999060271 0.4955740682215836 0.3032531473016215 0 0 0
0.0012345679012345679 0.2426043389671084 -0.47623794758483257 -0.22766048584258602 0 0 0
0.0012345679012345679 -0.30543823302725914 -0.15642735884907738 0.4245435884885215 0 0 0
0.0012345679012345679 -0.028220169090011918 0.22117420171429214 0.14829488302814423 0 0 0
0.0012345679012345679 -0.27942504231983856 0.38407297502605564 -0.1813930877288344 0 0 0
0.0012345679012345679 0.09993369623760205 -0.35500195545460494 -0.42092422829983267 0 0 0
0.0012345679012345679 0.1923060792422009 0.5757498751639044 -0.2872368825779563 0 0 0
0.0012345679012345679 0.5438520909314515 0.22341964887179755 -0.32679717695969485 0 0 0
0.0012345679012345679 0.4059601529026092 0.3132872043285443 -0.07951780810400283 0 0 0
0.0012345679012345679 -0.0033013159266371776 -0.06788829850345882 -0.1289548326501935 0 0 0
0.0012345679012345679 -0.1799339720015387 -0.4605896417402218 0.32332491499719207 0 0 0
0.0012345679012345679 -0.5068638732896973 0.45184108573688586 -0.09328319753739729 0 0 0
0.0012345679012345679 0.21337821825628883 0.5855947954475692 0.2854148443867968 0 0 0
0.0012345679012345679 -0.397850093030758 0.23155487707830985 -0.10372651604509327 0 0 0
0.0012345679012345679 -0.15321342954953623 0.037483502162979764 -0.05456085329967252 0 0 0
0.0012345679012345679 0.17332240587937986 0.24780624860111683 -0.06365134077745709 0 0 0
0.0012345679012345679 -0.4402394223481066 -0.19745844721448497 0.14305313023538238 0 0 0
0.0012345679012345679 -0.4033996180961935 0.08767558533546928 0.2022668934877689 0 0 0
0.0012345679012345679 -0.033316913325091645 0.17897741746898727 0.5847678332594154 0 0 0
0.0012345679012345679 0.3026089554791809 0.44017903227642785 0.2873582294817707 0 0 0
0.0012345679012345679 0.49518070558106214 0.1340770336415095 0.023778440856975874 0 0 0
0.0012345679012345679 -0.39251319308856175 0.25646705481517573 0.3341784163803096 0 0 0
0.0012345679012345679 0.13147340383166764 -0.31880845358736554 -0.5008317225328806 0 0 0
0.0012345679012345679 -0.4443348381420213 -0.4419461778972932 -0.1584239408298899 0 0 0
0.0012345679012345679 -0.26657710272637597 0.5630053729004143 0.0070806725916133205 0 0 0
0.0012345679012345679 -0.42081561270560436 0.48829643390570304 0.08747418831366151 0 0 0
0.0012345679012345679 0.07952260837130082 -0.18167992529078864 0.39031680081474335 0 0 0
0.0012345679012345679 -0.4637523481312202 0.042646221590064516 -0.301323200815529 0 0 0
0.0012345679012345679 0.25181074336928716 0.2746603307263336 -0.05413919738290201 0 0 0
0.0012345679012345679 0.08787279869018817 0.5990691612379647 0.18277201476456292 0 0 0
0.0012345679012345679 -0.18369091751713468 -0.09412657375146131 0.23361544587488733 0 0 0
