500
0
0.002 -0.04950013603436543 0.26339202771835857 0.4366555849056482 0 0 0
0.002 0.5177334904485043 0.09131559082743367 -0.19165498521771657 0 0 0
0.002 -0.34218922055876766 0.0916951378583139 0.11187170000464057 0 0 0
0.002 -0.010882898431892036 0.42938170511850365 0.3633838222846252 0 0 0
0.002 -0.16259769260144621 -0.3609053793322675 -0.35395553334894897 0 0 0
0.002 -0.3075597024519906 -0.2698238861879254 0.22016886660597962 0 0 0
0.002 0.0001693595076708265 -0.2608855666187402 0.4550177382861007 0 0 0
0.002 0.4441092910741192 -0.12621208320870309 -0.4407028847797419 0 0 0
0.002 0.5685583352127092 0.1555816899847407 -0.13391396116166498 0 0 0
0.002 0.1046430757096401 -0.11419137422399614 -0.647655992705138 0 0 0
0.002 0.48962751985311065 0.34226214981339725 -0.31351262738224894 0 0 0
0.002 0.10108842022706419 -0.62795802431379 -0.20598334631517565 0 0 0
0.002 -0.3641323473565131 0.18866309426040642 -0.22263951576045352 0 0 0
0.002 0.20666505002329827 0.3811359885765363 -0.3624764584768395 0 0 0
0.002 0.41936504917312406 -0.4245670641235542 -0.14898876877555536 0 0 0
0.002 -0.14275545570971826 0.07778546328554693 -0.5635157998752274 0 0 0
0.002 0.07384148228656472 0.4297681047772447 -0.05593259483142362 0 0 0
0.002 0.08468160695303845 0.20559188960914226 -0.20491837014097106 0 0 0
0.002 0.285290444081233 -0.24281821142205648 -0.5150719527296329 0 0 0
0.002 0.2607234477836641 -0.3622757387668898 -0.054752374033523656 0 0 0
0.002 0.3643237539370308 -0.242589199173686 0.15878857506946262 0 0 0
0.002 0.44744388097445575 -0.16919282922696963 -0.28051576995226124 0 0 0
0.002 -0.44650264315406635 0.3935502959150993 0.3425402678309016 0 0 0
0.002 0.2242155329321855 -0.4076763751374978 -0.02592048616632627 0 0 0
0.002 0.04161235917522483 -0.0004202658215216117 -0.6857243430882756 0 0 0
0.002 0.0020987928230172806 -0.09561150829822601 0.07900331186935183 0 0 0
0.002 -0.09030377038415292 -0.18926420358347673 0.2571649579229885 0 0 0
0.002 0.10508579172161434 -0.2961371426061784 0.00808069353974904 0 0 0
0.002 -0.29265584766353464 0.2967272980701979 0.1248533824948394 0 0 0
0.002 -0.03626345802493112 -0.18297639546041175 -0.37766216573381634 0 0 0
0.002 -0.18958592040780506 -0.6191598193313239 0.1424014966009652 0 0 0
0.002 -0.048611547893436906 0.3490885948468392 0.5945190074412859 0 0 0
0.002 0.24639386500760174 -0.3583102713577019 -0.4022296133370798 0 0 0
0.002 -0.2554298561093208 0.2985227739861751 0.5703683430451563 0 0 0
0.002 0.23710412883979273 0.11130955269188739 0.5992210565295624 0 0 0
0.002 -0.06250472682929799 -0.3189593107857424 -0.18573883655858878 0 0 0
0.002 0.1254902680228777 0.09484847086033975 -0.09217728457922252 0 0 0
0.002 -0.07357519021724511 0.36833195690477455 0.3514737995061352 0 0 0
0.002 -0.014218388858030121 -0.024649248485757596 0.347213886249991 0 0 0
0.002 0.16778834298308912 -0.47989680266334367 -0.3728823214995809 0 0 0
0.002 0.359399867880993 -0.25782772255303177 -0.49456689707323825 0 0 0
0.002 -0.3757457836812153 -0.25540261269462644 0.3059919183269629 0 0 0
0.002 -0.3239295593121256 0.00944838530004575 -0.08131658760247873 0 0 0
0.002 0.10011469498156378 -0.1485337523078787 0.6513217160940098 0 0 0
0.002 0.16322283198316392 0.5757050220076788 -0.004160817613533046 0 0 0
0.002 -0.02486988912024584 -0.02303597835529559 -0.49029206261296837 0 0 0
0.002 0.01594927128805673 0.14074643231646244 0.40789887984344164 0 0 0
0.002 -0.4338420912370006 -0.39494245402092754 -0.2140697262405853 0 0 0
0.002 0.3677320476230271 -0.3820786136376873 -0.34977177022617206 0 0 0
0.002 -0.12973684878855568 0.2694446607465049 -0.21177644573518833 0 0 0
0.002 0.055391273179452735 -0.0714113097232448 -0.38421209259904293 0 0 0
0.002 0.3110752142227053 -0.4313331274991307 -0.18186938198907673 0 0 0
0.002 0.17098919447194855 0.26668156465542414 0.5646128174409056 0 0 0
0.002 0.07389309579004884 -0.28427326876927844 0.18674676398849666 0 0 0
0.002 -0.4481005418562116 0.06573808836036105 -0.26108070311730913 0 0 0
0.002 -0.6324257842413844 -0.13586610250131506 0.20802134140865144 0 0 0
0.002 0.023243419340380062 0.6697317896774926 -0.006343901379909361 0 0 0
0.002 0.2684698621495458 -0.21285244596406191 -0.11601535640355502 0 0 0
0.002 -0.4517604241666114 -0.053979261917199206 0.3608349298011073 0 0 0
0.002 -0.14748904563364637 -0.44896954700529274 0.27532049865074626 0 0 0
0.002 -0.4252757607614181 -0.36579243878133305 0.14201052535798492 0 0 0
0.002 0.5301322554187761 0.07268631560346027 0.4396659237333523 0 0 0
0.002 -0.10119165124534639 0.5355236724444697 -0.33268946569919117 0 0 0
0.002 0.5454470385076429 0.1153156452626542 0.1403001282172982 0 0 0
0.002 0.17604689993889308 0.4137122901103979 0.49287496727153235 0 0 0
0.002 0.08416996912062791 -0.4209943400785853 0.31090100662550085 0 0 0
0.002 -0.1650010713050024 0.5025984563232007 -0.29273961174984 0 0 0
0.002 0.39787953734250986 0.04804893292949065 0.3653444689506609 0 0 0
0.002 -0.11692439846421653 0.0475877623353121 -0.5127204592746524 0 0 0
0.002 0.13557476598481796 -0.3203124467932846 -0.22723397331968687 0 0 0
0.002 0.09544516515458099 0.4283504040413066 -0.022981075198128885 0 0 0
0.002 0.058273022759816585 0.008349412763782092 0.5047209844790177 0 0 0
0.002 -0.24631647583410743 0.2887910081160597 -0.26451399674170545 0 0 0
0.002 0.09622490547760618 -0.44226440255021954 -0.03589214716005871 0 0 0
0.002 -0.1331287817710266 -0.4298857483628604 -0.43924269630221635 0 0 0
0.002 0.11981708829327813 0.07643159677615767 0.48562131426688476 0 0 0
0.002 -0.05062335768875672 -0.08286006543956907 -0.45666447188608017 0 0 0
0.002 -0.6344359931040973 0.1345266495232723 -0.18022957222637656 0 0 0
0.002 -0.19241620880748583 -0.2113543662495007 -0.25704411714025277 0 0 0
0.002 0.20141513449373402 -0.2087021638073726 -0.5237243086633061 0 0 0
0.002 -0.3284644284785733 -0.10362318591390754 -0.42245205284218457 0 0 0
0.002 -0.09529144168445249 -0.07509982005100978 0.4556878049648894 0 0 0
0.002 0.11807684340473966 0.18186985631840652 -0.21596349640220497 0 0 0
0.002 -0.5431934187565759 0.047785161882362814 0.19818106887244935 0 0 0
0.002 -0.2555666925978483 0.1461089543400054 -0.11191113136484432 0 0 0
0.002 -0.5750673929249768 -0.07615464259757244 -0.07832693503352732 0 0 0
0.002 -0.360654402918386 -0.21164728728876514 0.3613952485013715 0 0 0
0.002 0.4556724684597504 0.176679831369257 -0.43573672966422405 0 0 0
0.002 -0.06856632858557278 -0.6188631473241475 -0.18627232771120183 0 0 0
0.002 0.024092938861936232 -0.04043546109995834 -0.034534884116055396 0 0 0
0.002 0.2534496017033019 -0.6388187212703823 -0.02494251026025512 0 0 0
0.002 -0.5150785988539041 -0.306382207557487 0.2699300928786634 0 0 0
0.002 0.19577279863267227 0.3187250473669524 -0.3786680037989405 0 0 0
0.002 -0.15501604811674696 0.31807053679802055 -0.16129573028686844 0 0 0
0.002 0.5876928806500662 0.02080397263588752 -0.18782003363459362 0 0 0
0.002 0.46454253050897076 -0.19052089840504643 0.19642469074787655 0 0 0
0.002 -0.0794882085665317 0.052462406904713633 -0.6492395419871922 0 0 0
0.002 -0.5253011537520245 -0.440762396896218 -0.0695892944622416 0 0 0
0.002 0.0031433766203889744 -0.5258659371637031 0.16663812488660482 0 0 0
0.002 0.32393742518449814 -0.23086200635675455 -0.281885069747704 0 0 0
0.002 -0.4226212161101167 0.14854305163141435 -0.16877423383056037 0 0 0
0.002 0.15277003049493468 0.2931306398486045 -0.27195837046825583 0 0 0
0.002 -0.38415542331740066 0.006429352886450492 -0.2271572494470122 0 0 0
0.002 -0.3796066607378302 -0.4729114541617291 -0.23576459364795396 0 0 0
0.002 0.17822746002311501 0.14597081277439475 0.5996855879878772 0 0 0
0.002 0.2638815890667624 -0.519508812307747 -0.28362590889399536 0 0 0
0.002 0.12947024789989903 -0.034022135708715505 0.6758738739948942 0 0 0
0.002 0.5537646257370882 0.4043472836702817 -0.03459259357959153 0 0 0
0.002 0.5191946380641437 -0.3158903666068314 -0.14187467722626287 0 0 0
0.002 -0.12156848993567129 0.40215220460529433 -0.49668177541199643 0 0 0
0.002 -0.408214301976766 0.16716450675337088 0.24742230608951463 0 0 0
0.002 0.05305603531938991 -0.4569107007809131 -0.2470893327544573 0 0 0
0.002 -0.4169217529471337 0.23413706307648952 -0.4945227148801849 0 0 0
0.002 -0.25597229510621233 -0.25389304628839954 -0.5669705716980777 0 0 0
0.002 0.4102693047135748 0.2246368699297937 -0.45513557865560567 0 0 0
0.002 0.37474312439324997 0.023427334993276008 0.4450216047582413 0 0 0
0.002 0.07467920466621013 0.6199708357789279 0.19187994866044386 0 0 0
0.002 -0.20265926579432753 0.4112664777817759 0.3486949006513523 0 0 0
0.002 -0.09941625256545296 -0.4447450661185997 0.2377876811740865 0 0 0
0.002 -0.6023330185662668 -0.21556570786139193 -0.09927220335083095 0 0 0
0.002 -0.17860096317294044 -0.2857398736762668 0.4322571772436821 0 0 0
0.002 -0.4732816595349234 -0.2858155084769049 0.3338416133343943 0 0 0
0.002 -0.10915540866775743 -0.5094183351945121 0.11402788726613686 0 0 0
0.002 -0.16940769675881698 0.1517923285197704 0.5912031049362525 0 0 0
0.002 -0.4120075859074266 0.24210484083331785 0.06153117188116747 0 0 0
0.002 -0.3344075308100264 0.13527770778514078 0.5218114475014829 0 0 0
0.002 0.3880757144677883 0.2874825781330045 -0.27990507235458795 0 0 0
0.002 -0.42818934815741866 0.42493431443044094 -0.06092196911300883 0 0 0
0.002 -0.5586371731075809 0.2668451383546333 0.08718425125119529 0 0 0
0.002 -0.5241434856360312 0.07330490318360658 0.007818683480517568 0 0 0
0.002 0.5825031323225761 -0.16086196047162854 0.27958493498051373 0 0 0
0.002 0.22582958010783738 0.19033624195397636 0.05524073506574512 0 0 0
0.002 -0.176791252160884 0.46249610263778757 -0.09073464322544042 0 0 0
0.002 -0.14900545313670388 -0.34853242631846415 0.5023307974837631 0 0 0
0.002 0.5448657464934588 -0.15970077935417906 -0.07672762432055581 0 0 0
0.002 0.4236502004696864 0.18532672588063911 0.08322930115868263 0 0 0
0.002 0.5433362141119709 -0.3156365143397678 0.1642818501450259 0 0 0
0.002 0.5175026599611352 0.1130144311409182 0.30754827847180155 0 0 0
0.002 0.34283538165076777 -0.18235882413051385 0.4515636798722883 0 0 0
0.002 0.4673817055334424 0.2219874324037008 0.3425331802388681 0 0 0
0.002 0.04852618206499557 -0.074885312303644 0.09928169415508793 0 0 0
0.002 0.14155313184098559 -0.014008406964428538 0.05480100187911552 0 0 0
0.002 0.08892481949001232 0.381480098433513 -0.3088019766177952 0 0 0
0.002 -0.5725297485005441 0.06080697588483606 0.2013499876796684 0 0 0
0.002 0.25156735301459854 -0.42479918096054287 -0.07304238748738752 0 0 0
0.002 -0.31059420426256956 -0.4003549753958092 0.3449151821970377 0 0 0
0.002 0.34433104404973647 -0.4264095830255413 0.35760011319113744 0 0 0
0.002 0.5660127284033872 -0.13778350055530894 0.3690149126432686 0 0 0
0.002 0.36499022095161515 0.213886134385124 -0.29442865655500744 0 0 0
0.002 0.14916828693216902 0.30974434750020063 -0.4487726002737914 0 0 0
0.002 0.2462782894897497 -0.5561426776202611 0.07132648692082712 0 0 0
0.002 -0.04663644450539328 0.2551387215631971 0.5429760404205111 0 0 0
0.002 -0.016864876058081336 -0.19101130211031062 -0.0022472021719325518 0 0 0
0.002 0.4706250567379854 0.26477951168255814 -0.32866205344074184 0 0 0
0.002 0.12482371526930904 -0.5382053516379817 -0.23076858376291343 0 0 0
0.002 0.06441812765298478 -0.07462683695624278 0.25805372620599054 0 0 0
0.002 -0.35624250454789397 -0.17636790979147768 -0.22158165088627174 0 0 0
0.002 0.025335875289148702 -0.5448340534052789 0.18839828063124694 0 0 0
0.002 0.043231851679362505 -0.2210901974506104 -0.24122549615394612 0 0 0
0.002 0.5810052991266847 0.13051393281426185 0.22477686739072072 0 0 0
0.002 0.1174764585870609 0.1233654825336329 0.04076002029294583 0 0 0
0.002 -0.47812031474771743 -0.25311727841811765 0.3527623151913449 0 0 0
0.002 0.27194651019702676 0.48811193961198535 0.03430628960820524 0 0 0
0.002 -0.44299519647942764 -0.24045086957811398 -0.09426129477027509 0 0 0
0.002 -0.03548694706063844 0.3893101692202617 0.26154663150058904 0 0 0
0.002 0.397565398299791 0.07791577742446122 0.17491248272806262 0 0 0
0.002 -0.07259657900623691 -0.46159937161754155 -0.12942343249792065 0 0 0
0.002 -0.3242050117183714 0.07804343064699297 0.43051912165245193 0 0 0
0.002 0.13184306108620333 0.09824779465844574 0.1013235965520705 0 0 0
0.002 0.2150573558625047 -0.3361099128525169 -0.12377867834674867 0 0 0
0.002 0.4281169942060785 -0.1364530808107383 0.16370444283813426 0 0 0
0.002 -0.40646170302697343 -0.324693689270546 0.4195254563185078 0 0 0
0.002 0.24936999726540401 0.5772883637159149 0.2067281951076057 0 0 0
0.002 -0.284475964349827 0.20828839107637284 -0.4990761586686525 0 0 0
0.002 -0.08039877753067737 -0.3667754814373645 0.17773324041682292 0 0 0
0.002 -0.23432342516365 -0.1619661546517141 -0.05850939204423587 0 0 0
0.002 -0.27527536779534495 -0.5350118276452958 -0.21358502315630373 0 0 0
0.002 -0.23652831766809604 0.5091346110932784 -0.17055695127745935 0 0 0
0.002 0.2904308429474639 0.050740600476712396 0.5393963860593943 0 0 0
0.002 0.09378605224552339 -0.3673470479575149 0.31748315638567187 0 0 0
0.002 0.4268911355658385 0.3569806894956944 0.35861567720387216 0 0 0
0.002 -0.5260852167743887 0.16666033075297837 -0.02159491343738104 0 0 0
0.002 0.03970975050181098 -0.2067992895512442 -0.5157677793042429 0 0 0
0.002 -0.1500959885697411 0.5214179174825212 -0.08672279436486022 0 0 0
0.002 0.004521378495782036 0.23024014273522928 -0.6099191866487179 0 0 0
0.002 0.09496793148287004 0.33118514555681516 0.43966584253126556 0 0 0
0.002 0.36370007743801747 0.21767095815147525 -0.011974377279310371 0 0 0
0.002 -0.10022006479295491 -0.299862864611903 -0.48242431737368857 0 0 0
0.002 0.008909945584701772 -0.30689088877698484 -0.41407097750647937 0 0 0
0.002 -0.011188606264917854 0.27485823506920803 -0.07077642369325297 0 0 0
0.002 -0.03763877843370829 -0.09782985447819476 0.22602899595179612 0 0 0
0.002 0.5878717747196728 -0.10598723936777635 0.19770838744166488 0 0 0
0.002 -0.5084312600142582 0.028913778555744767 0.2057899921738832 0 0 0
0.002 0.5440279073161025 -0.24704340545402462 -0.3511609843833787 0 0 0
0.002 0.3099953659452466 -0.5217014694636057 0.016597404495166213 0 0 0
0.002 0.43311163478155024 0.04619274138243386 -0.5018307592874025 0 0 0
0.002 -0.15747897814721576 0.3530498519281718 0.1868155020709562 0 0 0
0.002 -0.18196560979925064 0.22413627791659285 0.32896919631049754 0 0 0
0.002 -0.11049020464522118 -0.4588715959095022 -0.358983517114618 0 0 0
0.002 0.37954701422196974 0.42221924243669695 -0.2358510363105806 0 0 0
0.002 0.19387281733759565 -0.2217619803670071 -0.17590211597408378 0 0 0
0.002 -0.229533264880967 -0.30804299330478097 0.2876692233650869 0 0 0
0.002 -0.5633838476186306 -0.2345740202716146 -0.2193840432051432 0 0 0
0.002 -0.1173205699295534 0.10218986713254981 -0.6423920869833182 0 0 0
0.002 -0.31631377386083226 0.30661344961624576 -0.5104519685589848 0 0 0
0.002 0.11976358630716061 -0.4166409569411445 -0.34288525595674973 0 0 0
0.002 -0.23022620585922535 -0.04024196222014539 0.11536970077965422 0 0 0
0.002 0.2320291603941219 -0.10902358925217638 0.10917132954526114 0 0 0
0.002 -0.3766663362081154 -0.2212135068755088 0.2655336347308781 0 0 0
0.002 -0.4177385170974585 0.36203372743889917 0.3676662479753042 0 0 0
0.002 -0.10414603212569484 -0.1614805340945177 0.6478853657093464 0 0 0
0.002 0.5728936502408308 -0.21628774577446117 0.28736816766068013 0 0 0
0.002 0.0781146453740633 0.2987811724450566 -0.4888911118097504 0 0 0
0.002 -0.1269412089159748 0.1804643166699834 -0.23437634381358977 0 0 0
0.002 0.44944440855837237 -0.30383519704704454 -0.015817122620805386 0 0 0
0.002 -0.21980209492167202 -0.2900060599824537 0.078659060163669 0 0 0
0.002 0.005449666349752318 0.46754297355944957 0.5110086499878637 0 0 0
0.002 -0.04352112810417351 0.1284038310101436 0.1268405337713549 0 0 0
0.002 0.18587550207394343 0.3291295284640929 -0.46147634919352354 0 0 0
0.002 -0.03753392864770375 0.36802034491175434 0.11345198728765002 0 0 0
0.002 -0.1224277954874429 -0.5022346335257005 -0.3279306251591367 0 0 0
0.002 0.03665299969870586 0.017414434195758992 -0.16972468008615568 0 0 0
0.002 0.2437013328595395 -0.1746368136538293 0.2485922095133849 0 0 0
0.002 0.24110671844592388 0.27837646311750125 0.04889335790069213 0 0 0
0.002 -0.00564938588938009 0.3245965044569795 -0.11706619878168503 0 0 0
0.002 0.02728268698935942 -0.07798455729286415 0.039975354210172315 0 0 0
0.002 -0.1288670985322142 0.07974247890628998 -0.3473810297567428 0 0 0
0.002 0.1002741655054034 0.12286774184082898 -0.06674697389255399 0 0 0
0.002 -0.4522710259053282 -0.23866527447211616 0.015222938623928789 0 0 0
0.002 0.21583313228448472 0.16456471691522295 0.07861928091715618 0 0 0
0.002 0.06738445686346903 -0.1397286995665319 0.5460923172518967 0 0 0
0.002 0.17605360482434063 0.09548022294879072 -0.07039224671231079 0 0 0
0.002 0.42639661822704045 -0.33586012574193114 -0.05117730841583665 0 0 0
0.002 0.07758850193866036 0.3378234414866407 -0.29695616415172926 0 0 0
0.002 -0.38437428119667355 0.14125868605822456 -0.19396991963405621 0 0 0
0.002 -0.20795411549017334 0.02691850699694653 -0.3393631204423373 0 0 0
0.002 -0.2944927375745561 -0.08056743248836024 -0.6108682182329166 0 0 0
0.002 0.13298559278132485 0.29692765176723707 0.17856311896145896 0 0 0
0.002 -0.10272207504426381 -0.418088636802108 -0.2592737999487949 0 0 0
0.002 0.3000925430437401 0.2452786046298163 0.3303496414877716 0 0 0
0.002 -0.25977277210964156 -0.2890714911762861 -0.3362141829476984 0 0 0
0.002 0.4933604211172539 0.06909712473242674 -0.3092664119394836 0 0 0
0.002 -0.3312119858278438 -0.19017025685965544 -0.39148569179758663 0 0 0
0.002 0.5774130675792358 -0.06308429484389351 0.3094103500020747 0 0 0
0.002 0.05662179926683189 -0.3572837150452312 -0.21585165565859055 0 0 0
0.002 -0.12787667017972335 -0.678405596694444 0.06372923839909829 0 0 0
0.002 -0.07893844760361787 -0.08847951167571708 -0.14767922451560309 0 0 0
0.002 -0.427210160124585 -0.4145358545320925 -0.04142555182317958 0 0 0
0.002 0.2622340015468386 0.15303746337263366 -0.04734322273907217 0 0 0
0.002 0.0759299374070006 -0.5402457294882108 0.03516761371069232 0 0 0
0.002 -0.15008231804885216 -0.033229132527650564 0.16250692277614398 0 0 0
0.002 0.36574531858413106 -0.28376607523659186 0.11397533065588852 0 0 0
0.002 -0.5297470073469529 0.21446840841908552 0.22521987670154228 0 0 0
0.002 -0.109735906703436 0.12728155114079526 0.32077308955448963 0 0 0
0.002 0.11879959854907016 -0.003428642776378824 -0.6546146386883781 0 0 0
0.002 0.3690253736329229 -0.020610588282224573 0.09300661785942499 0 0 0
0.002 -0.07662894570760265 0.04811490350145075 0.24656077439491966 0 0 0
0.002 0.598864874242907 -0.18922712493667354 0.11685952886355672 0 0 0
0.002 -0.37407769552923503 0.4126132497182607 0.1689353919532637 0 0 0
0.002 0.2313760417595198 0.010371340762370231 0.15826641562572374 0 0 0
0.002 0.3388286261120569 -0.3129966164249286 0.370273640596415 0 0 0
0.002 -0.29793081379581876 -0.3485755922317403 -0.10201587810380941 0 0 0
0.002 -0.09626409799892188 -0.0795983510813083 0.3719574050645386 0 0 0
0.002 0.44792167204167604 -0.035154024290303724 0.1629433569362062 0 0 0
0.002 -0.5009298109038397 0.09321038369505293 0.42487463531998876 0 0 0
0.002 -0.11531472883370823 -0.30698523052951104 -0.277189214615833 0 0 0
0.002 -0.03442890139312003 0.07629123509636182 0.21762336250661582 0 0 0
0.002 -0.559265618189531 -0.22878856447991427 0.19892917871235807 0 0 0
0.002 -0.1756690946021899 0.19102578132168005 -0.013189465860453926 0 0 0
0.002 -0.5128419354555662 -0.2050468268303001 -0.10140226487923672 0 0 0
0.002 -0.030681067003536445 0.04510957681824164 -0.4965634919661865 0 0 0
0.002 -0.5778231712237569 -0.23200175281414176 -0.10707487653821879 0 0 0
0.002 -0.21142699924012368 0.5231491753383415 -0.3413696902514179 0 0 0
0.002 -0.12613136607926348 0.10150552664739754 0.3281157919163553 0 0 0
0.002 -0.3147412781138866 0.02528371824666304 0.20229568294234332 0 0 0
0.002 0.04852682442856026 -0.03136163507772323 0.07386419252003316 0 0 0
0.002 0.361722816577821 -0.12042042924429376 0.3028730045169564 0 0 0
0.002 -0.18151158568746348 0.39862705125039755 0.2969633124227797 0 0 0
0.002 0.024187691632708612 0.17706181783002564 0.142895169316052 0 0 0
0.002 0.21553345748012806 -0.575226506309939 0.09270326112003226 0 0 0
0.002 0.559859319082988 -0.2000835435453266 0.233141968454751 0 0 0
0.002 -0.2059833781821659 -0.6261378849807895 -0.04657742882191682 0 0 0
0.002 0.28689333826879304 -0.10116683056464097 0.17954129085415219 0 0 0
0.002 -0.022255599886912263 0.04045568381102966 -0.6535621076484099 0 0 0
0.002 0.2119339216599246 0.08116032702456322 0.03537014621286831 0 0 0
0.002 -0.022215073548243133 0.0009719562260011812 0.5343001441615347 0 0 0
0.002 0.2357031474131487 -0.5409503146290242 0.31321702835843734 0 0 0
0.002 -0.18241793411031176 0.33996967687464763 -0.3083406821756441 0 0 0
0.002 0.10465508607539857 0.29028634180609725 -0.48228163027152604 0 0 0
0.002 -0.36225497603843615 -0.05195176754966416 0.2074866033824715 0 0 0
0.002 0.4523272572977264 -0.32637662449760674 0.2387787726834741 0 0 0
0.002 0.34159487722222637 0.0439662361244202 0.3091825895808661 0 0 0
0.002 0.3381593475953453 -0.4940877140642592 0.08369183540904612 0 0 0
0.002 0.14911721621205665 -0.21860766828487138 -0.5454024622852142 0 0 0
0.002 0.11089655549173756 -0.479642234505605 -0.09685324789763461 0 0 0
0.002 0.42673261170900795 0.2796499389055462 0.3254077515129009 0 0 0
0.002 -0.44023374596600223 0.26231998539035833 0.02499856051204764 0 0 0
0.002 -0.20238671897937657 -0.4419518411937175 0.26466210722392036 0 0 0
0.002 -0.010218030115817992 0.39526975013733195 -0.44341336341104376 0 0 0
0.002 -0.549506579902056 -0.052651247540622996 0.010625052531548381 0 0 0
0.002 -0.3209621931253019 0.12760913977114685 0.42736148383295186 0 0 0
0.002 -0.1670739569621438 -0.36690989898891274 -0.21547736884647484 0 0 0
0.002 -0.12053020205265358 0.3842566960029162 0.42525292614287274 0 0 0
0.002 -0.06344012196342536 -0.06324719909909496 -0.30503938005799786 0 0 0
0.002 0.21305853123874272 -0.6051408072327421 0.1756473500238246 0 0 0
0.002 0.3327303182189503 0.38042372736671665 0.3356575598903313 0 0 0
0.002 0.25210652206496476 0.4790278889336295 0.1716727777667321 0 0 0
0.002 0.6009520777363788 -0.04347010633364268 0.12948430647587458 0 0 0
0.002 0.12534209249183617 -0.08339473681936527 -0.020181984621703716 0 0 0
0.002 0.16827025449340413 0.38738141812987936 -0.13257154344396815 0 0 0
0.002 -0.3655537792751179 0.12301334555635988 0.09379593455761735 0 0 0
0.002 0.4374669380994186 -0.16729570951775435 0.3705564212843191 0 0 0
0.002 -0.07445784012906036 -0.44087740252320406 0.32234962582914317 0 0 0
0.002 -0.015508019477692552 0.1633133672573954 0.4168947903585276 0 0 0
0.002 -0.2823327171920157 -0.38189085503997827 -0.11509230431959319 0 0 0
0.002 -0.40179939927167596 0.31038200497276747 0.39471429828242016 0 0 0
0.002 0.016360051390487598 0.12479884413414893 0.509311794328835 0 0 0
0.002 -0.44626255705614043 -0.062061289485608837 -0.3613124402902343 0 0 0
0.002 0.3097598902159742 -0.37098102925382637 -0.3223305618696019 0 0 0
0.002 0.2383811529632609 -0.024602199607850126 0.17875199717210832 0 0 0
0.002 -0.14508483977930187 -0.5705910293032767 0.03703843610441259 0 0 0
0.002 -0.14986983641012808 -0.6576650288778728 -0.11082139008015232 0 0 0
0.002 0.35564565614497634 -0.44971397335604474 0.346828259879615 0 0 0
0.002 -0.039066692491095636 -0.1822521648282281 0.6334751869929242 0 0 0
0.002 -0.5318640524331643 0.09370590202169984 0.393710732852929 0 0 0
0.002 0.21637141622447031 -0.28625669768828016 0.1461197575728179 0 0 0
0.002 0.5561265902695938 -0.21656557054058506 -0.3045155557897993 0 0 0
0.002 -0.15325600552813537 0.09844765449465054 0.5867458528834998 0 0 0
0.002 0.3827269971563416 0.553557969908028 0.04433336560823297 0 0 0
0.002 -0.015407121148750726 0.22684966261105818 0.5313682179160761 0 0 0
0.002 0.3758679464037031 0.07608940326790245 -0.09246750714165951 0 0 0
0.002 0.2611345734864715 -0.599993995554986 -0.21398248540944767 0 0 0
0.002 -0.08213209979517902 0.12475984992080068 0.22399354872610908 0 0 0
0.002 0.1613816458701928 0.6559101329291095 -0.0015396794297113609 0 0 0
0.002 0.5990371504903239 -0.1872488886540286 -0.06085235407129085 0 0 0
0.002 0.43819848875508666 0.5074643633486506 0.027188867705779617 0 0 0
0.002 0.4774088736339896 0.17711373432886834 -0.06066035678183105 0 0 0
0.002 -0.08353894596226846 -0.5706197616847731 -0.020833751736132552 0 0 0
0.002 -0.19731840048491534 0.3158508069895892 -0.06453046232325248 0 0 0
0.002 -0.22726812872787194 0.2269011187767943 0.5616430590780622 0 0 0
0.002 -0.07070920509939203 -0.4675330861931121 -0.06138951884368881 0 0 0
0.002 0.40513376384071964 -0.20993621752342384 -0.416391797402787 0 0 0
0.002 -0.18020050104717153 -0.3653818969276395 0.547165741322261 0 0 0
0.002 0.2478781912492526 -0.2483068392272773 -0.07197073342556193 0 0 0
0.002 -0.30499644674349996 -0.3510568091287916 0.11657809678776196 0 0 0
0.002 -0.37437790386327924 -0.3016714331542837 0.46067224939726265 0 0 0
0.002 0.4418412749927118 -0.3377897868630672 -0.36940331248812514 0 0 0
0.002 -0.3432462594660462 0.013322463330378667 0.013322782977679526 0 0 0
0.002 -0.20659419683659622 0.18263298309666526 -0.07758210594628241 0 0 0
0.002 -0.18157929635173345 -0.00486407406567343 0.2801723974531217 0 0 0
0.002 -0.2476237190616735 0.4270634338848701 -0.2921786334576567 0 0 0
0.002 -0.12269193029290969 0.3144690551844342 0.10533762220240031 0 0 0
0.002 -0.2665315638845194 -0.2434570965894638 -0.1552850434283417 0 0 0
0.002 0.26581144716727545 -0.55292333014189 -0.09784439274733872 0 0 0
0.002 -0.47338642059756997 -0.3583108000830966 0.2918702647614794 0 0 0
0.002 -0.09541512114974657 -0.4028748139290485 -0.47429382295262873 0 0 0
0.002 -0.3949175837023084 -0.4006803158872057 -0.3668922125697721 0 0 0
0.002 -0.16039400138304244 0.500684476092119 -0.04556378230505762 0 0 0
0.002 -0.24060639750887172 -0.094189036716855 0.08205668715308445 0 0 0
0.002 -0.5047103084636786 -0.09141085167000716 0.10960297855607802 0 0 0
0.002 -0.19631849398331577 -0.09934549078978043 -0.4150961521986238 0 0 0
0.002 0.18884058986813784 0.2521048640883869 -0.5966227886097265 0 0 0
0.002 -0.07886474616492324 -0.6406605547397645 0.23644503869632688 0 0 0
0.002 -0.23580706451660682 -0.2749582880404154 0.5355927765006263 0 0 0
0.002 0.09736127327473203 -0.40231864605823237 -0.5005224868780944 0 0 0
0.002 0.08204692130125993 -0.08046889289635117 -0.43612532327531217 0 0 0
0.002 -0.18732300304907568 -0.00378157139399477 0.4121458866308523 0 0 0
0.002 -0.06699917835896407 0.11459875573754351 -0.10531015619157424 0 0 0
0.002 0.08231866917307948 -0.5582211072665029 -0.29064482223451865 0 0 0
0.002 0.5986615492022114 -0.07116166839417393 0.01669396500091338 0 0 0
0.002 0.014998595166822982 0.5169795382635858 0.4286728610820968 0 0 0
0.002 -0.1075146502528013 0.06953333074288717 0.28447332783548734 0 0 0
0.002 -0.09785488988807699 -0.39791927727578413 -0.3586206198062566 0 0 0
0.002 -0.046897700107965686 0.004098678007679276 0.29826146513169866 0 0 0
0.002 0.33748985074459015 0.4311750095452478 0.00585293393822877 0 0 0
0.002 0.20386055713729412 -0.08705305923067337 -0.5772014882460443 0 0 0
0.002 -0.0769343046448566 0.5171915089413571 -0.21373330568123083 0 0 0
0.002 -0.1848811805840805 -0.2878062809117436 -0.4085469576563712 0 0 0
0.002 -0.15535060241490165 -0.6665001777764882 -0.09789970399420726 0 0 0
0.002 -0.6035046799506488 -0.17584630231893117 -0.0624660428792689 0 0 0
0.002 0.012952987975837027 0.09574855553798517 -0.25671365609882607 0 0 0
0.002 -0.20683757379223652 0.015630547501791835 -0.1797775732647316 0 0 0
0.002 0.30443729876573405 -0.06717012569412892 -0.5111465724212091 0 0 0
0.002 -0.4992539127197432 -0.43575390260418995 0.053806287939512996 0 0 0
0.002 0.6389499209461034 0.15774056320938884 -0.17912883310828934 0 0 0
0.002 0.30171394307850874 -0.11581695389567759 -0.31481317301761674 0 0 0
0.002 0.47517645129778446 -0.3976755344654833 -0.21591898306861668 0 0 0
0.002 0.28305657815656715 0.13388414904756385 -0.25609308339310644 0 0 0
0.002 0.300298948892742 0.053577469731452554 0.27950613455891005 0 0 0
0.002 -0.15146239541472883 -0.03893657670356403 0.13413851298567364 0 0 0
0.002 -0.05963618525792291 0.3427945230473968 -0.31755547222034725 0 0 0
0.002 0.22012532228413306 0.008016122669317246 -0.3297808375067891 0 0 0
0.002 -0.10155617735063101 -0.6030193751202885 -0.30853581710114253 0 0 0
0.002 -0.3512343946877062 0.45690786611281003 0.14360898650284323 0 0 0
0.002 -0.11903450932131221 -0.28198051466052415 -0.49755648447852807 0 0 0
0.002 0.17478520359658545 0.2794106434456569 -0.5700561000276375 0 0 0
0.002 0.02773599868433508 -0.6459814461615276 0.12423720164624691 0 0 0
0.002 0.2565837121023959 0.09831896733870626 -0.5779410512243985 0 0 0
0.002 0.005634279550145711 -0.2239579487220184 -0.5079780247123907 0 0 0
0.002 -0.20698878734631798 -0.15303045654779884 -0.5951853234938407 0 0 0
0.002 0.09944159235508335 -0.45865466795144033 -0.43081214747050733 0 0 0
0.002 0.383093169362381 -0.42131714835805795 0.11268794838552067 0 0 0
0.002 -0.3170127149213204 0.008816367034270172 0.44954204287765703 0 0 0
0.002 0.4556072038224446 0.2203952284535266 0.0049658934727815195 0 0 0
0.002 0.43541257346744505 -0.10667376151019967 -0.5168926657971857 0 0 0
0.002 0.5248702835610708 -0.267294850375757 -0.24867228893464371 0 0 0
0.002 -0.10977800139814442 0.5885506396887066 -0.019365104103140504 0 0 0
0.002 0.29739208351264373 0.3770216915921372 0.08208848208889716 0 0 0
0.002 -0.3031635207437892 -0.3892528760225819 -0.30776888360143906 0 0 0
0.002 -0.08990389304875647 -0.5420840771005563 -0.1220643490442722 0 0 0
0.002 -0.31061678086886924 -0.5191088989261858 -0.040417916354861895 0 0 0
0.002 0.03404033700630448 -0.3863331745712922 -0.03468002820808158 0 0 0
0.002 0.22125217134173095 0.013413841788102935 0.08403737062573009 0 0 0
0.002 -0.3401474913032643 -0.5530734039542384 -0.18320940801175206 0 0 0
0.002 0.47547387621504267 -0.3893919420683643 0.10087322092116154 0 0 0
0.002 -0.18355196219915498 0.08879409594990788 0.11665649442643816 0 0 0
0.002 0.08102466159956313 0.4610125562229316 -0.05845191351574919 0 0 0
0.002 0.5568004124138702 -0.1093961700892415 0.21890286757521973 0 0 0
0.002 0.3765993891023687 -0.23669325746854356 -0.2815429080079872 0 0 0
0.002 -0.1957279558704795 -0.44507256425256425 -0.32897905408095857 0 0 0
0.002 0.3486360539181261 0.39080666753765075 -0.17543178673149218 0 0 0
0.002 0.2977813092347378 0.021018058465950246 -0.3564610520920362 0 0 0
0.002 0.21290886124665917 -0.2296073632543194 -0.4568745056515769 0 0 0
0.002 -0.041605946707392046 0.6165119759782818 -0.2385720002032074 0 0 0
0.002 -0.1235867258524034 0.2850629090260633 -0.5317266168860197 0 0 0
0.002 0.23646675019996571 0.39671600662560547 0.4292693994317143 0 0 0
0.002 0.32778236006516953 -0.32273098171783915 -0.31046329842991227 0 0 0
0.002 0.4898563365311618 -0.06189933957872669 0.26092012394827097 0 0 0
0.002 -0.20637975206414033 0.08904435824488588 -0.3363968346585962 0 0 0
0.002 0.25001866700291764 0.24615605139532898 -0.20056873279487958 0 0 0
0.002 -0.6297959081892377 -0.15197514689167999 0.1760349196796505 0 0 0
0.002 0.49166152260192925 -0.2808371701582866 -0.09838592078965812 0 0 0
0.002 -0.15559144243445489 0.21017155012323702 -0.5530778448529419 0 0 0
0.002 -0.042766957217242114 0.6340351025902704 0.1396962740247397 0 0 0
0.002 0.1829851785930528 -0.17893386841559125 -0.6306384161239853 0 0 0
0.002 0.2806916957055634 -0.40061203923060085 -0.49097304698694133 0 0 0
0.002 0.5116114599443047 0.3719029054768477 -0.24495269810831743 0 0 0
0.002 0.05184724716901112 0.14212794087750766 -0.030678138771176745 0 0 0
0.002 -0.2904941134306141 0.3577053053876344 -0.05144123132946746 0 0 0
0.002 0.3204447629622095 0.016279778846002783 0.22279933752187353 0 0 0
0.002 -0.5623167238185942 0.3147817221763933 -0.2132028197872925 0 0 0
0.002 -0.27031907231492097 -0.4356819089424757 -0.4442870741686714 0 0 0
0.002 0.21294465678660457 -0.41878281274919776 0.15010460056830863 0 0 0
0.002 -0.5003758172075393 -0.3773624117356727 0.0015862056868790417 0 0 0
0.002 0.2843451555213029 0.6140975152203455 -0.06892700193410857 0 0 0
0.002 0.4928742840302323 0.03516690617224744 -0.023079111372180834 0 0 0
0.002 -0.08577244926851112 -0.5319533720915619 0.2722356492322798 0 0 0
0.002 0.32073268346646133 -0.19733790323068423 -0.48239060150316954 0 0 0
0.002 0.3122178650162544 -0.39939554903885244 -0.38011090794950936 0 0 0
0.002 0.01736659586098503 0.3033851382340194 0.051501915050863205 0 0 0
0.002 0.494725266854515 0.45858892207154417 0.1531398666413518 0 0 0
0.002 0.13937614041687227 -0.6073252141140071 0.03544880481957429 0 0 0
0.002 -0.44459756397532 0.2239198689097415 0.42480493012477727 0 0 0
0.002 0.3166869079731869 -0.44573971441242055 0.06445939131854277 0 0 0
0.002 -0.08178222791742738 -0.2554307734355795 -0.11302553345834573 0 0 0
0.002 0.519151043151248 -0.008243290381811567 0.19676303695062441 0 0 0
0.002 0.17241793759189872 0.2652646216084448 -0.1316721737898739 0 0 0
0.002 -0.05850732465192114 0.25406195396571446 -0.1464038184362699 0 0 0
0.002 0.0037617043651254622 0.2393556037747508 0.1469322135102401 0 0 0
0.002 0.4312114577131919 -0.13726359789088757 0.23736901347469241 0 0 0
0.002 0.2026817875213389 0.15511509336950405 0.6270800351240841 0 0 0
0.002 -0.12902747743305407 -0.03860983827768533 -0.356366832829563 0 0 0
0.002 -0.2618864350081225 0.3740807402816193 0.3519338186080364 0 0 0
0.002 -0.6041355403075193 -0.10662286123400476 0.12491036322880823 0 0 0
0.002 0.3133899648128595 -0.14358118047785878 0.4148328830393456 0 0 0
0.002 -0.3949983839458046 0.2571019701676013 0.2955302078214427 0 0 0
0.002 -0.23642850654866318 0.24623849050767074 0.10903753403944141 0 0 0
0.002 -0.39990006649183857 0.4538092754391339 0.2647383334077034 0 0 0
0.002 -0.12441360778018454 0.3803349922349445 -0.30936314970840045 0 0 0
0.002 -0.40797174675927994 0.10494382757334345 -0.2592168193264419 0 0 0
0.002 -0.3915832197892721 0.025005626851507434 0.10064443885462324 0 0 0
0.002 -0.12649902256052908 -0.12585699845523668 0.24608531529750238 0 0 0
0.002 -0.09859747541463704 0.03193228660824355 -0.22470983227920202 0 0 0
0.002 0.2552871862021314 0.17113023767408791 0.06560433790311965 0 0 0
0.002 0.24157117132337902 -0.09875374142455177 0.010495721915928059 0 0 0
0.002 0.4418806385492259 -0.16310596012568843 -0.138076740346707 0 0 0
0.002 -0.18254025975286256 -0.5347055676909612 0.3023315315905829 0 0 0
0.002 -0.18738538830178156 0.01669180917482373 0.6352765317701969 0 0 0
0.002 -0.27478173564213615 -0.40671999209138343 -0.40108820495792363 0 0 0
0.002 -0.2852816803959155 -0.01394344773793153 -0.2910462456811822 0 0 0
0.002 -0.6062907681580044 -0.00982303245969108 0.31011941025610484 0 0 0
0.002 0.2555610595148946 0.023910895645682575 -0.39800101431426677 0 0 0
0.002 -0.13116743888665933 -0.5281949563957855 -0.17280983613401774 0 0 0
0.002 0.07229403069874984 0.24422713575070365 0.547994375775061 0 0 0
0.002 -0.21524876776117335 0.030940336243602286 -0.012457430458827256 0 0 0
0.002 0.26270876859412173 0.32211435417077455 -0.44491730285815384 0 0 0
0.002 0.17431445243811805 -0.5784980581506182 0.056716778157093896 0 0 0
0.002 -0.05340018703334743 0.3489383851774021 -0.2842261856710544 0 0 0
0.002 0.1860164315027078 0.18782729032515913 0.023086063824237623 0 0 0
0.002 -0.48672456411881077 -0.017894870448012898 0.37524440030392286 0 0 0
0.002 0.0875466014605838 0.1768794510067197 -0.05218008817434583 0 0 0
0.002 -0.11933664033553597 0.12391580619189599 0.06261718509854987 0 0 0
0.002 0.10310656624051977 -0.5336068146782659 -0.041195025250605845 0 0 0
0.002 -0.3237206590396393 0.3797020604126319 0.04626526897377587 0 0 0
0.002 -0.5136277029550735 0.04758493013138505 0.2774429599164767 0 0 0
0.002 -0.07345605722819898 -0.2752517070771926 0.49590382112845466 0 0 0
0.002 -0.016744245191857708 -0.2674648124411534 -0.07349793067859797 0 0 0
0.002 0.15166793074475365 -0.03611384236928903 0.46259788358128096 0 0 0
0.002 -0.479687962529474 -0.21821837024652208 -0.03003887369595045 0 0 0
0.002 -0.4637495437050591 0.13082624175425941 0.34457728837336565 0 0 0
