260
0
0.0038461538461538464 -0.03125853379927947 0.0037058501107538173 0.08507994880068707 0 0 0
0.0038461538461538464 0.29197806868482196 -0.3331851736708985 -0.4598283527317786 0 0 0
0.0038461538461538464 0.06881456077404699 -0.3408080021838746 0.08173919857579764 0 0 0
0.0038461538461538464 -0.30973790281197955 0.580482248363921 0.12930409495194217 0 0 0
0.0038461538461538464 0.29576707950945597 -0.11047616407649492 -0.610442162085166 0 0 0
0.0038461538461538464 0.5064678764344634 0.20266202679994105 -0.24739781340640293 0 0 0
0.0038461538461538464 0.20211612848774163 -0.4351647508175713 0.07328680208926683 0 0 0
0.0038461538461538464 0.07113293782906488 0.48065127483922876 -0.1379272369756354 0 0 0
0.0038461538461538464 -0.3445084286202631 0.3472200196039233 -0.3459236469826869 0 0 0
0.0038461538461538464 -0.2210322767302467 0.04246827380611257 -0.06569693446727617 0 0 0
0.0038461538461538464 0.10348419478775302 -0.1890263135907763 0.36975771677457503 0 0 0
0.0038461538461538464 0.15504643410614846 -0.23939899457029257 0.3440787163497636 0 0 0
0.0038461538461538464 -0.34523849390570427 0.031108295378973673 -0.5007146226779656 0 0 0
0.0038461538461538464 -0.08181288045162596 0.5999736199048389 0.19127606075562156 0 0 0
0.0038461538461538464 0.02964293489719195 -0.5180184189314115 -0.2569843610001294 0 0 0
0.0038461538461538464 -0.34641765908265243 -0.3561709795101652 -0.04451679385598874 0 0 0
0.0038461538461538464 0.16736077826273346 0.605930344276714 0.058193442168575346 0 0 0
0.0038461538461538464 0.49670254482698134 0.05954439035511953 0.05210588607518688 0 0 0
0.0038461538461538464 0.5093689871953644 0.21489978332081514 0.0254743526059015 0 0 0
0.0038461538461538464 -0.15535912669349602 0.223548926083945 -0.26713778284496215 0 0 0
0.0038461538461538464 -0.4653917398811524 -0.13707998332701907 -0.4794905549030432 0 0 0
0.0038461538461538464 -0.12186113870256877 -0.4908329122273182 -0.32918733815887236 0 0 0
0.0038461538461538464 0.45862015026549213 -0.1787874135358135 0.12213918260359394 0 0 0
0.0038461538461538464 -0.29653758832303817 0.1555306450937279 -0.31598822359636203 0 0 0
0.0038461538461538464 -0.629229496770907 -0.10786830986224638 0.03750878872626962 0 0 0
0.0038461538461538464 0.2731110238634025 0.04492840612326673 -0.43550140890084943 0 0 0
0.0038461538461538464 -0.21626634516390675 -0.5021308967028347 0.1290747691956696 0 0 0
0.0038461538461538464 -0.0036624236029197763 -0.5256518528127223 0.022728018232632655 0 0 0
0.0038461538461538464 -0.06010138267588394 0.3376787576886809 -0.1661091434076509 0 0 0
0.0038461538461538464 0.4128465528651542 -0.05837293215840057 0.48762970692555413 0 0 0
0.0038461538461538464 -0.021734619204028905 -0.09914255613045608 0.12608998378887026 0 0 0
0.0038461538461538464 0.1844842672446131 -0.2626044396391969 -0.4334403082678774 0 0 0
0.0038461538461538464 -0.17741463946545175 -0.0059930957685057585 0.3008968557461465 0 0 0
0.0038461538461538464 0.024243850566525282 -0.6915936878465406 -0.0373836416440639 0 0 0
0.0038461538461538464 0.007660793429964558 -0.017612466238935143 -0.6290224460069297 0 0 0
0.0038461538461538464 0.23658581002957155 -0.27339014379383103 -0.050806596398961006 0 0 0
0.0038461538461538464 -0.2819861063617423 -0.2629034360548962 -0.5446961385225806 0 0 0
0.0038461538461538464 0.1263580232522733 -0.19433490427938047 0.14987647141002194 0 0 0
0.0038461538461538464 0.332206056831629 -0.02007947457757382 0.27774234307340534 0 0 0
0.0038461538461538464 0.33588684689207804 0.1389153238709836 -0.09752039183670709 0 0 0
0.0038461538461538464 -0.08870068360749644 0.4022371325115336 0.09789302225435623 0 0 0
0.0038461538461538464 -0.16191439419897094 -0.25604497171461604 -0.5806829131395798 0 0 0
0.0038461538461538464 -0.30563382779210796 0.389591759275687 0.18990862500032682 0 0 0
0.0038461538461538464 0.3084326979623569 -0.07907969675366237 -0.297472437556854 0 0 0
0.0038461538461538464 0.47145506619577143 0.3682571404247676 -0.14969977798737066 0 0 0
0.0038461538461538464 -0.09397679912068549 0.39563336883597944 -0.03263222363030153 0 0 0
0.0038461538461538464 0.27484593393712875 -0.01264341375318079 -0.5214289987999771 0 0 0
0.0038461538461538464 -0.10722309385468978 -0.5168289755080511 0.06661783510652469 0 0 0
0.0038461538461538464 -0.0011462335643327598 0.036421232602348225 -0.6422632020432029 0 0 0
0.0038461538461538464 -0.22583505117309968 -0.009113301255349784 -0.05874755669660356 0 0 0
0.0038461538461538464 0.17466548918461264 -0.16045202844266546 0.24595936073512598 0 0 0
0.0038461538461538464 -0.05277648107100448 -0.31177975723582013 -0.5829683303527678 0 0 0
0.0038461538461538464 0.06327787132365224 -0.2595362927869439 -0.13386426919126637 0 0 0
0.0038461538461538464 0.010837194584873394 0.025271670638805834 0.12044155593248337 0 0 0
0.0038461538461538464 0.33260617909780155 -0.17170248673214794 -0.3425869465773603 0 0 0
0.0038461538461538464 -0.07581755045573975 -0.2850886903641186 0.4869231428820872 0 0 0
0.0038461538461538464 0.21491409363823763 0.049590495344212365 -0.646261596332211 0 0 0
0.0038461538461538464 0.4370161408513704 -0.043056371616657665 -0.1882141209731375 0 0 0
0.0038461538461538464 -0.2779067697068749 -0.144252014290113 0.3974211168628721 0 0 0
0.0038461538461538464 -0.290683016458515 -0.44687014596200814 0.1334388917968131 0 0 0
0.0038461538461538464 0.43227400552534334 0.2274962356113801 -0.35092534259142766 0 0 0
0.0038461538461538464 0.1809935508979464 0.31254010693693707 -0.5628691769959929 0 0 0
0.0038461538461538464 -0.05117003107882159 -0.05059428423656525 -0.43696257735388727 0 0 0
0.0038461538461538464 0.14735638539990345 -0.4198254698872672 -0.5142357753230986 0 0 0
0.0038461538461538464 -0.48068635957582745 -0.35175062664981677 0.14383411813808886 0 0 0
0.0038461538461538464 -0.040850649370783115 0.18441826507873754 -0.46472965331213695 0 0 0
0.0038461538461538464 0.24785133773851942 -0.297671190531126 0.3799929338546647 0 0 0
0.0038461538461538464 0.12145363313261272 0.11404662998135803 0.6386014197524859 0 0 0
0.0038461538461538464 0.501376667225327 -0.288381290915812 0.03235626260569779 0 0 0
0.0038461538461538464 -0.5240612802539898 -0.009127245383811211 -0.4128427197190739 0 0 0
0.0038461538461538464 0.38812964403636446 0.17511428371506763 0.40254852737533453 0 0 0
0.0038461538461538464 -0.30887845450154006 0.053322953698601024 -0.07562905951274922 0 0 0
0.0038461538461538464 -0.286501592837131 -0.052355697004949256 0.27483342605541583 0 0 0
0.0038461538461538464 0.5532272085179163 -0.18864788589453926 -0.048171306730676974 0 0 0
0.0038461538461538464 -0.09695756936345666 -0.26678684079477416 0.09873864086189653 0 0 0
0.0038461538461538464 -0.43657383543876344 -0.28324140899275635 0.14131742387545054 0 0 0
0.0038461538461538464 0.11454778850113861 0.40327612939087415 -0.5043234361503789 0 0 0
0.0038461538461538464 0.6121342168906665 0.05378354914849274 0.12399412364452501 0 0 0
0.0038461538461538464 0.10063637926629754 0.5438025320253684 0.03615677961987699 0 0 0
0.0038461538461538464 -0.5521418857326369 -0.17733728203511587 0.33239238774411134 0 0 0
0.0038461538461538464 -0.1785605626979289 0.44170331474393565 -0.4341137013540076 0 0 0
0.0038461538461538464 0.10536808696485327 -0.38757600953166926 0.2153941154383648 0 0 0
0.0038461538461538464 0.6218518444763257 -0.050637273707593605 0.17944000836893662 0 0 0
0.0038461538461538464 -0.27152854745132954 0.3536188931391631 0.3108221249197791 0 0 0
0.0038461538461538464 -0.3801981897004205 0.2542969709458125 -0.27921507753186686 0 0 0
0.0038461538461538464 -0.47331898084960383 -0.24942352046340083 0.4300948719755167 0 0 0
0.0038461538461538464 -0.3397426035187358 0.13133593308305716 0.1254338314623234 0 0 0
0.0038461538461538464 -0.47159497250993976 0.4276009228447654 0.21123890934319892 0 0 0
0.0038461538461538464 -0.30308719779971394 -0.18647376526324883 0.21475587323321735 0 0 0
0.0038461538461538464 0.0202964789709369 0.2191081771217226 -0.5490465637690938 0 0 0
0.0038461538461538464 0.18021984617457953 0.35990035229524314 -0.28341741951675614 0 0 0
0.0038461538461538464 0.33780892346579444 -0.19422659391440633 -0.14495863851298277 0 0 0
0.0038461538461538464 0.567025379473702 -0.00862971602503019 0.08351993423463107 0 0 0
0.0038461538461538464 -0.23747303186748633 0.2823279904859209 -0.27061219101512257 0 0 0
0.0038461538461538464 -0.23136687355050395 -0.5626181958281226 0.06004664856244126 0 0 0
0.0038461538461538464 0.33365486579257886 0.18636172755296734 -0.2559260987849525 0 0 0
0.0038461538461538464 -0.08133842461507143 0.661240420332423 -0.04421395821312087 0 0 0
0.0038461538461538464 -0.283604596982375 -0.2745828822461875 0.17013015331492154 0 0 0
0.0038461538461538464 0.4880858174897024 0.11898102046122999 -0.0869629832146768 0 0 0
0.0038461538461538464 0.1653889588387483 0.623341415150196 -0.1056298162498468 0 0 0
0.0038461538461538464 0.09282568768609292 -0.1883512640103924 -0.4244158764648356 0 0 0
0.0038461538461538464 0.115280001556927 -0.3895374514422502 -0.15432224786712473 0 0 0
0.0038461538461538464 0.32863376870611966 -0.06804717374196544 0.3652319836702055 0 0 0
0.0038461538461538464 0.10367701802744893 0.45291299337060825 -0.2976334048689046 0 0 0
0.0038461538461538464 0.5462682639759516 0.2100745405360087 0.004158706052837431 0 0 0
0.0038461538461538464 -0.33802581874099163 0.09209490997514236 0.4353995148617939 0 0 0
0.0038461538461538464 -0.6274183156325053 -0.011174025219266578 0.23333717956618957 0 0 0
0.0038461538461538464 -0.09564544910463015 0.5198763963731031 0.13850578846048486 0 0 0
0.0038461538461538464 0.33739656634698584 0.14753243630835128 0.17786553979153547 0 0 0
0.0038461538461538464 0.31394596376206796 -0.23210943860014482 -0.07486277590426542 0 0 0
0.0038461538461538464 0.04019331660622829 -0.25626137486192047 0.6374910788600638 0 0 0
0.0038461538461538464 -0.3744166171623965 0.11491078002726764 0.2992943010636984 0 0 0
0.0038461538461538464 0.13760303355268064 -0.5382346052874133 -0.009530577754163704 0 0 0
0.0038461538461538464 0.2921769135756525 -0.4696060799137229 0.22311288420001127 0 0 0
0.0038461538461538464 0.14281543489354298 0.10290207653016031 0.1491478543508566 0 0 0
0.0038461538461538464 -0.470484252785879 0.2662851912742221 -0.004977936243586025 0 0 0
0.0038461538461538464 0.2048926246126914 0.3484635515670168 -0.550057077964774 0 0 0
0.0038461538461538464 0.21308468060832772 -0.23705697044905322 -0.08613167303771915 0 0 0
0.0038461538461538464 -0.24076373030970194 -0.13925155295968322 0.3499898393014168 0 0 0
0.0038461538461538464 0.36946378286216386 -0.16936933740754304 0.18183166208034354 0 0 0
0.0038461538461538464 0.10944942254680762 -0.11976404867332562 0.08828185387749958 0 0 0
0.0038461538461538464 -0.2584728331038028 -0.23290548074362505 -0.34288516666083996 0 0 0
0.0038461538461538464 0.5247353030775599 -0.3843048253752911 -0.16312750417049932 0 0 0
0.0038461538461538464 0.3107067170300615 0.006707819579031519 0.2400878527432839 0 0 0
0.0038461538461538464 0.3602343746374267 0.1877914061177973 0.454748106124475 0 0 0
0.0038461538461538464 0.28133661631278545 0.5191223355686083 -0.19758644680077847 0 0 0
0.0038461538461538464 -0.3448502690135997 -0.4117173822007719 0.30187048357719526 0 0 0
0.0038461538461538464 0.1582229230165109 0.3218416369791642 0.20658400021359064 0 0 0
0.0038461538461538464 -0.5937221312706074 0.022933599310677316 0.26834544696043816 0 0 0
0.0038461538461538464 -0.44119888687511566 0.3574890935618569 -0.19968755775621858 0 0 0
0.0038461538461538464 -0.5952890611416738 0.0643929586278867 -0.3196550482290796 0 0 0
0.0038461538461538464 -0.03313396883803658 0.31030955738841903 -0.5398238772383419 0 0 0
0.0038461538461538464 -0.33714587402173335 0.5379976555105175 0.190083951828869 0 0 0
0.0038461538461538464 -0.2875856166133383 0.43362388192391094 -0.45083979674699676 0 0 0
0.0038461538461538464 0.13908819638794642 0.3905307976455897 -0.36523068454722746 0 0 0
0.0038461538461538464 -0.5865827686335678 0.1296662300987798 -0.05387311527580896 0 0 0
0.0038461538461538464 0.4407979450916762 0.2525189636098596 0.3071297146739678 0 0 0
0.0038461538461538464 0.43122478633089534 0.1982722236169079 0.018305541109287907 0 0 0
0.0038461538461538464 0.08075959805326567 -0.1278029759684741 0.33627283204737185 0 0 0
0.0038461538461538464 -0.23917462408676987 0.15917294162515805 0.4738762745716378 0 0 0
0.0038461538461538464 0.41584096558196104 0.44790970841628325 0.16972444750201343 0 0 0
0.0038461538461538464 -0.5625102967702965 -0.35707455532282206 0.02066844260318542 0 0 0
0.0038461538461538464 0.5013753762935251 -0.05909565834898659 0.2806519617862919 0 0 0
0.0038461538461538464 -0.0691801588735974 0.030525208631602168 -0.12427882896734556 0 0 0
0.0038461538461538464 -0.024858564776443007 -0.15583356093625508 -0.4955490671387657 0 0 0
0.0038461538461538464 -0.47579184339371533 0.18491557174824697 0.4684396445137319 0 0 0
0.0038461538461538464 0.29071607587735643 0.19739758263286744 -0.3306456745703896 0 0 0
0.0038461538461538464 -0.16605630628281176 0.2071772002026047 -0.11784030046235723 0 0 0
0.0038461538461538464 0.061968315513983005 0.10387912802909807 -0.37913796866398647 0 0 0
0.0038461538461538464 0.22277014255054306 0.04078647119419918 -0.1722433957551749 0 0 0
0.0038461538461538464 -0.5653930541450819 -0.35777141665599227 0.05834340906192201 0 0 0
0.0038461538461538464 -0.28072011768486144 0.5958043933133288 0.13604096108155234 0 0 0
0.0038461538461538464 0.26646807716817955 -0.3126935822829966 0.4209220185573556 0 0 0
0.0038461538461538464 0.1660415191738617 0.09225920714600905 -0.41257122770410304 0 0 0
0.0038461538461538464 -0.4255537052387115 -0.24041182323564556 0.35350661527129257 0 0 0
0.0038461538461538464 -0.17032750191335125 0.11235092360690337 -0.2423016618636184 0 0 0
0.0038461538461538464 0.22434915301433175 0.3868774724115493 -0.2511311438615123 0 0 0
0.0038461538461538464 -0.11334356426962047 -0.179673643101695 0.2060580987242991 0 0 0
0.0038461538461538464 0.43038696244372443 0.05476926799958657 0.0939477540305894 0 0 0
0.0038461538461538464 -0.34787876891706215 0.24308597012323233 0.4758320496668552 0 0 0
0.0038461538461538464 -0.664755694063887 0.05802183857842573 -0.09850411977109849 0 0 0
0.0038461538461538464 0.14316618279963314 0.19314807722882077 -0.3196114718757262 0 0 0
0.0038461538461538464 -0.42601474828944447 0.4545765809771372 0.02945296331699276 0 0 0
0.0038461538461538464 0.03436498726203798 -0.1557370331070155 -0.5220906531754588 0 0 0
0.0038461538461538464 -0.06159600291177034 0.07636706356676666 -0.6022057712883875 0 0 0
0.0038461538461538464 0.06858988965796696 -0.012960228162539536 0.48415453886640875 0 0 0
0.0038461538461538464 0.6071987272495982 0.15107309900095095 -0.010179269946952023 0 0 0
0.0038461538461538464 0.05012993642052287 0.5630767213595749 -0.14754613186624144 0 0 0
0.0038461538461538464 -0.41005223400108654 -0.4954285758977543 0.09455695027516627 0 0 0
0.0038461538461538464 0.4166208721961243 -0.4064521051654626 -0.19327945395633142 0 0 0
0.0038461538461538464 -0.23809055534055873 0.05773130396434501 0.5368253209354353 0 0 0
0.0038461538461538464 0.2661314061659663 0.2294140913430788 0.4963813897848225 0 0 0
0.0038461538461538464 0.49019685819338576 0.2336343904503128 0.23795005078269998 0 0 0
0.0038461538461538464 -0.30500915764417147 -0.39943569941338947 -0.0831654937131782 0 0 0
0.0038461538461538464 0.4355337747073129 -0.016478021155784398 -0.25127101647869887 0 0 0
0.0038461538461538464 -0.4082582503521378 -0.16921698710829575 -0.31656299552759054 0 0 0
0.0038461538461538464 0.2901958102399089 -0.5884340697201628 -0.037841728466305305 0 0 0
0.0038461538461538464 0.025829141382002593 -0.40880248693429727 0.3095299287893225 0 0 0
0.0038461538461538464 0.02024867228735307 -0.3037849748019224 0.4289937162002609 0 0 0
0.0038461538461538464 -0.0020604552250322026 -0.3780994546780778 0.5026777276722587 0 0 0
0.0038461538461538464 0.35184619430447295 -0.07020611733603815 0.4298114586512585 0 0 0
0.0038461538461538464 0.29376157032002786 -0.5465477135904112 -0.15780866744566008 0 0 0
0.0038461538461538464 0.5997377423813557 -0.09433252988135392 -0.27475011375606456 0 0 0
0.0038461538461538464 -0.051748724271517145 0.422019420481486 0.05961824884610456 0 0 0
0.0038461538461538464 -0.40128597946356903 0.3495582247764925 -0.40737900997051 0 0 0
0.0038461538461538464 0.49196400360374337 0.06418532155468736 -0.07174790688106593 0 0 0
0.0038461538461538464 0.13965323093511087 0.32277823288437707 0.10738907942906388 0 0 0
0.0038461538461538464 0.0578179650368543 -0.19796394478304977 0.44547621097916007 0 0 0
0.0038461538461538464 0.01841563582046341 -0.4545747655406614 -0.438563056515559 0 0 0
0.0038461538461538464 0.5993847696300689 -0.03247728123909821 -0.1683070656495091 0 0 0
0.0038461538461538464 -0.36086803271165235 0.20279008575610982 0.22518945282910513 0 0 0
0.0038461538461538464 -0.6369754733353774 -0.04889148800490002 0.07714347630927515 0 0 0
0.0038461538461538464 -0.22405627528705618 0.011270458197785776 0.41705273500009726 0 0 0
0.0038461538461538464 -0.6062189712388472 0.3176874956659837 0.02283775108900967 0 0 0
0.0038461538461538464 0.5473868205355968 0.2561663997772262 -0.31991042589911817 0 0 0
0.0038461538461538464 -0.027552430930118374 -0.09265840066875536 0.24808586971018745 0 0 0
0.0038461538461538464 -0.3423150087920876 -0.40324925000629563 -0.09816203093267942 0 0 0
0.0038461538461538464 -0.4174164436501606 0.13052997616493708 -0.3895294529757052 0 0 0
0.0038461538461538464 0.013378284115897756 -0.08020273025654132 0.5521342566291945 0 0 0
0.0038461538461538464 -0.4349610575686143 -0.05586393313457903 -0.18830790944726067 0 0 0
0.0038461538461538464 0.1541023271716442 -0.6119500384730702 -0.10111276400260352 0 0 0
0.0038461538461538464 0.42970161984984323 -0.2562590337760004 0.24727387918069027 0 0 0
0.0038461538461538464 0.1010219682475775 0.31463449130179744 -0.4886125883031983 0 0 0
0.0038461538461538464 0.17676154334236 -0.1113254903100765 0.3073598181844198 0 0 0
0.0038461538461538464 0.3178343176253611 -0.11280166785289432 0.010321308188971085 0 0 0
0.0038461538461538464 0.25365550045800545 -0.4202263977297872 -0.018748803059971182 0 0 0
0.0038461538461538464 0.45626561459171744 -0.27262984263786894 -0.0007258948976839102 0 0 0
0.0038461538461538464 0.21788265780154395 0.34510141217329676 -0.30405414492203214 0 0 0
0.0038461538461538464 -0.22279739071924085 0.4958793432416655 -0.1537221581518094 0 0 0
0.0038461538461538464 0.4517476458986688 0.24386029009240848 -0.13247895676128119 0 0 0
0.0038461538461538464 0.1981811264108469 -0.02165140048281849 -0.21221820829934493 0 0 0
0.0038461538461538464 0.2111596302049129 0.13901173049023166 -0.48284845700102585 0 0 0
0.0038461538461538464 0.5228881185550169 -0.3147273106367582 -0.009435198970252403 0 0 0
0.0038461538461538464 0.18296025167727897 0.334020246486755 -0.007079801837246441 0 0 0
0.0038461538461538464 0.4298664160153634 -0.16833787789343715 -0.4520887926328926 0 0 0
0.0038461538461538464 0.5726689698941012 0.025037663848185267 -0.08841818371391447 0 0 0
0.0038461538461538464 -0.07582013314469649 0.03756650657624298 0.6774922623627904 0 0 0
0.0038461538461538464 0.346664313675262 -0.05556388402690113 -0.15082305932939308 0 0 0
0.0038461538461538464 -0.5852584773259119 -0.13362138372698437 0.2748235248646704 0 0 0
0.0038461538461538464 -0.41857479757617894 -0.28928583954406367 -0.42742113503589435 0 0 0
0.0038461538461538464 0.17139666379958612 0.4327285040799799 0.3899736872441529 0 0 0
0.0038461538461538464 0.1321061086602881 -0.5134617612076066 0.07082350031133479 0 0 0
0.0038461538461538464 0.03287444470023421 0.1565979392746615 -0.5775853001548718 0 0 0
0.0038461538461538464 -0.565723355188939 -0.1902394659984633 0.3527666517649005 0 0 0
0.0038461538461538464 -0.1293030275635744 -0.09527590583706969 -0.40602819680591395 0 0 0
0.0038461538461538464 0.16321822910591946 0.20350515877027317 -0.19492170527357552 0 0 0
0.0038461538461538464 0.6089347953058541 -0.31708297837548177 0.07144597399519176 0 0 0
0.0038461538461538464 0.254730593601291 0.5039979792433331 -0.40076379625232195 0 0 0
0.0038461538461538464 -0.43951564999197623 0.1685401066191972 0.46560240685489596 0 0 0
0.0038461538461538464 0.314421952641496 -0.14281675885976278 0.039105297154184364 0 0 0
0.0038461538461538464 -0.20994980546396877 0.06688608381596402 -0.207894467571827 0 0 0
0.0038461538461538464 0.3951731448460024 0.3750825586903864 0.08382017738787839 0 0 0
0.0038461538461538464 0.060588923259522524 0.6063445710772225 0.042688363491034456 0 0 0
0.0038461538461538464 0.4912873642579521 0.35678619966698716 -0.015505772091060487 0 0 0
0.0038461538461538464 0.06529485986796764 0.21391009971780153 -0.6558284598073187 0 0 0
0.0038461538461538464 -0.3287160150322661 0.0660144743768359 0.4640002049361659 0 0 0
0.0038461538461538464 -0.25562964530627097 -0.07713848546799856 -0.23065436483872956 0 0 0
0.0038461538461538464 0.3525940286957552 0.06151540242697712 0.008392979785609574 0 0 0
0.0038461538461538464 -0.642375167858851 0.14861567538094692 0.025354671374860353 0 0 0
0.0038461538461538464 0.2567082860362779 -0.5065316150964383 0.18599843103486036 0 0 0
0.0038461538461538464 0.09284294342580585 -0.40426849080577015 0.08350178853654949 0 0 0
0.0038461538461538464 0.3776761081897776 -0.17356861649894303 -0.5515453256493992 0 0 0
0.0038461538461538464 0.2017838281152484 -0.051900946800452194 0.560086536017445 0 0 0
0.0038461538461538464 -0.41023446223338594 0.2379063222451927 -0.043252452118092054 0 0 0
0.0038461538461538464 -0.34055381220088954 -0.22871130936307735 -0.40739038878800193 0 0 0
0.0038461538461538464 -0.6042163443345395 0.2390467190210081 0.022362294551235343 0 0 0
0.0038461538461538464 0.2590730214222385 0.397434952089085 -0.11258247132762608 0 0 0
0.0038461538461538464 -0.3193702995413678 -0.054681416121900916 0.2307411520741913 0 0 0
0.0038461538461538464 0.036974854915962876 0.135546916732616 0.08020896794548214 0 0 0
0.0038461538461538464 0.38314506829018913 -0.1358252810683109 0.13912245763688613 0 0 0
0.0038461538461538464 -0.09304161852871269 -0.16031516271524401 0.27019524919109894 0 0 0
0.0038461538461538464 0.3450131948694914 0.39245465381957373 0.3720619008827897 0 0 0
0.0038461538461538464 0.5098958616109933 -0.07448793355756243 -0.126221859271469 0 0 0
0.0038461538461538464 0.6490661881857873 0.1476432880025067 0.0405733304935973 0 0 0
0.0038461538461538464 -0.24368999138677552 -0.20524871576726375 -0.49775516829093763 0 0 0
0.0038461538461538464 -0.4869857894790323 -0.22730142158968647 -0.12275639284352854 0 0 0
0.0038461538461538464 -0.20270046632091532 -0.5873159472907413 -0.24822854110774406 0 0 0
0.0038461538461538464 -0.13399560217840203 0.01380804976098222 0.06916213879141953 0 0 0
0.0038461538461538464 -0.02327877725003001 0.3381947769811787 0.07627612593484767 0 0 0
0.0038461538461538464 -0.027530759483665578 -0.03143603043000706 -0.3657099516600528 0 0 0
