1010
0
0.0009900990099009901 0.4489524898020154 0.4084766253999492 0.31743032945485944 0 0 0
0.0009900990099009901 -0.03670544198272285 -0.09437617911368706 -0.3449239450311089 0 0 0
0.0009900990099009901 -0.35417472133075795 0.48502018040726397 -0.32032046075601356 0 0 0
0.0009900990099009901 0.2759271276018018 0.2012533768653807 0.5401211254850097 0 0 0
0.0009900990099009901 -0.12571225415633602 -0.44824264863429064 0.00996164098756056 0 0 0
0.0009900990099009901 -0.1663441330380731 0.4418280957588435 -0.10082763131358702 0 0 0
0.0009900990099009901 0.34854953318639925 0.11614229225065927 0.24977002134685156 0 0 0
0.0009900990099009901 0.5703611758079954 -0.2113508517332607 -0.18088455848556784 0 0 0
0.0009900990099009901 0.5037033120966714 0.3280437568770116 -0.21356567709836263 0 0 0
0.0009900990099009901 -0.07679624534485278 -0.6543907221200668 0.0796350019634898 0 0 0
0.0009900990099009901 -0.0669934481320194 -0.6759660763771236 0.0635986792836113 0 0 0
0.0009900990099009901 0.327389298414514 -0.2116267827243035 -0.45065172820949145 0 0 0
0.0009900990099009901 -0.6337923998579259 0.03524333388156531 0.036937660752744524 0 0 0
0.0009900990099009901 -0.016392522463838512 0.2728167750664075 -0.4915864029297046 0 0 0
0.0009900990099009901 -0.18129058109514534 0.38275608740332584 0.41973176535440876 0 0 0
0.0009900990099009901 0.2515635363084155 0.1308282014828981 0.501577898567585 0 0 0
0.0009900990099009901 -0.4070899771422994 0.27583405124942123 0.21926520393673637 0 0 0
0.0009900990099009901 0.08801426461751484 0.32288282086059555 0.039038798225549794 0 0 0
0.0009900990099009901 -0.5618565232730525 -0.3336829200135515 0.19930494431273582 0 0 0
0.0009900990099009901 0.2829200826789509 -0.0874169715319765 0.4116297307951902 0 0 0
0.0009900990099009901 -0.022121110165296894 0.33955478480732537 -0.4798813379784223 0 0 0
0.0009900990099009901 0.4674956771708348 0.06144119511860083 -0.3348111505470671 0 0 0
0.0009900990099009901 0.19797074105136173 0.2569271917900132 0.28053352932907427 0 0 0
0.0009900990099009901 0.29970776773518343 -0.12312153206794976 -0.04892689510045196 0 0 0
0.0009900990099009901 -0.2681025385588622 0.08637446367992622 -0.4117121630859529 0 0 0
0.0009900990099009901 -0.36687848061892325 0.3559427389434468 -0.14238562055964962 0 0 0
0.0009900990099009901 0.39936031008612993 0.2956411679190593 -0.07992366582172089 0 0 0
0.0009900990099009901 -0.42347949903596116 -0.03983640880551074 0.40796031415330325 0 0 0
0.0009900990099009901 0.004555124028048632 0.0698193746817289 0.32591763550453967 0 0 0
0.0009900990099009901 0.38723407913174557 0.04434734409000185 0.4826611519795054 0 0 0
0.0009900990099009901 -0.26825846482870264 -0.1301282523804084 0.14430022890654332 0 0 0
0.0009900990099009901 0.3026485751137315 -0.20538364226793168 0.23506990324603036 0 0 0
0.0009900990099009901 -0.09985902532650881 0.05630657384202332 -0.003061297835452409 0 0 0
0.0009900990099009901 0.12883962149599806 -0.46123689676639934 -0.0280248789124739 0 0 0
0.0009900990099009901 -0.4113241153215658 -0.26397494831315405 -0.19475140532379792 0 0 0
0.0009900990099009901 0.12450866387060291 -0.25469875347421916 -0.2556985996259724 0 0 0
0.0009900990099009901 -0.2244806827425396 -0.46926608312643986 0.29785345173936056 0 0 0
0.0009900990099009901 0.08737519632018663 0.3265300064856266 0.14678038099298876 0 0 0
0.0009900990099009901 -0.12814708852098614 -0.09468479709897358 0.22581764859998255 0 0 0
0.0009900990099009901 0.037529988484873836 -0.040307796641428126 0.12914174303730305 0 0 0
0.0009900990099009901 0.02613703322383123 0.22749112664106672 -0.4415259884416636 0 0 0
0.0009900990099009901 -0.46401216038131127 -0.3756195036177278 -0.33937684433030935 0 0 0
0.0009900990099009901 -0.347568208557809 -0.16531060605157946 -0.14030041503633656 0 0 0
0.0009900990099009901 0.07723129603134767 -0.41975200611172736 0.31277874156157554 0 0 0
0.0009900990099009901 -0.08086036183727822 -0.6429048382585644 -0.10084252348185684 0 0 0
0.0009900990099009901 -0.31987883552940655 0.5559703192176716 0.19805551278281996 0 0 0
0.0009900990099009901 0.5519687135433275 -0.1985631388509232 0.02449306624588579 0 0 0
0.0009900990099009901 -0.35131387734578323 0.08340571783280737 -0.3262907359043274 0 0 0
0.0009900990099009901 0.03937822610421639 0.06626759921217189 0.6714506662654305 0 0 0
0.0009900990099009901 -0.6479670757345897 0.06514243840717539 -0.21874392633940765 0 0 0
0.0009900990099009901 0.21534881573015546 -0.16215670367204021 0.4957433285433326 0 0 0
0.0009900990099009901 0.3647981556247972 0.03930549899064764 0.37910407402988355 0 0 0
0.0009900990099009901 -0.21767736742101856 0.07456142814508558 0.43318394214939704 0 0 0
0.0009900990099009901 -0.004695902313395221 0.2961219812824421 0.24878515022331069 0 0 0
0.0009900990099009901 -0.46122681259019976 -0.028128268685031516 0.383257690001517 0 0 0
0.0009900990099009901 -0.11735465977983194 0.2659596679495242 0.223366961455759 0 0 0
0.0009900990099009901 0.33965744071315285 0.513103878860485 -0.3187198678207811 0 0 0
0.0009900990099009901 -0.27707739805334713 -0.07645515212016651 -0.27593631879455716 0 0 0
0.0009900990099009901 0.29486049299549505 0.4625272856644332 0.061863683203984075 0 0 0
0.0009900990099009901 -0.33616504959254206 0.040045330992641986 0.4625196402568652 0 0 0
0.0009900990099009901 -0.06007211941425419 -0.23688812242707116 0.6434788196531522 0 0 0
0.0009900990099009901 -0.08607873987955136 -0.326842574267525 -0.38171939488988715 0 0 0
0.0009900990099009901 -0.03275380736306466 0.48543475019537247 -0.2027508309444043 0 0 0
0.0009900990099009901 0.21189572333517342 -0.09077386375987022 0.2722681773900596 0 0 0
0.0009900990099009901 0.4554729545251857 -0.2420498090733245 -0.39581927723117294 0 0 0
0.0009900990099009901 -0.4408995871828562 -0.44837188148313467 -0.07054763663251709 0 0 0
0.0009900990099009901 0.14816348234140636 -0.34347358109264675 0.08307791755994508 0 0 0
0.0009900990099009901 -0.15492318293309965 -0.1373494685563475 0.127049999477193 0 0 0
0.0009900990099009901 -0.19951779793993787 0.14052827870285264 -0.49510347952470857 0 0 0
0.0009900990099009901 0.26777638114430985 -0.15672898811111916 0.5444346484393668 0 0 0
0.0009900990099009901 -0.06519085078879562 0.31953387027456664 0.5387663769545642 0 0 0
0.0009900990099009901 -0.033209838154573956 0.20923702274003836 -0.14305788844218445 0 0 0
0.0009900990099009901 0.5371040319108429 -0.01667277331069765 -0.2704992699110941 0 0 0
0.0009900990099009901 0.027642470716231545 -0.09516338433356895 -0.6211664721411786 0 0 0
0.0009900990099009901 -0.01031180443977287 0.1971895325017331 0.6059551747421339 0 0 0
0.0009900990099009901 -0.057358699594629234 -0.15451650069488698 -0.6386126064843342 0 0 0
0.0009900990099009901 -0.05779968342556759 0.2877287595321367 0.14712505597710815 0 0 0
0.0009900990099009901 0.011133832398242638 -0.242037213463865 0.19885804886113795 0 0 0
0.0009900990099009901 0.07865144007553616 -0.5592019563768953 0.18101461686981454 0 0 0
0.0009900990099009901 -0.08759326606699748 -0.3456340617898022 -0.2660839031891198 0 0 0
0.0009900990099009901 0.009831340635181162 0.15419614820706257 0.33828485011887593 0 0 0
0.0009900990099009901 0.10446604975905623 0.1027498247073247 0.4546244169945037 0 0 0
0.0009900990099009901 0.4715194263764096 -0.3025073204043547 0.0009036583544071309 0 0 0
0.0009900990099009901 -0.4035432097631173 -0.28437908930718775 -0.006416545421341168 0 0 0
0.0009900990099009901 -0.2059583680753876 0.46918028547551427 0.3249661576046404 0 0 0
0.0009900990099009901 0.4334810226002792 -0.41983659923167566 -0.2957852712913172 0 0 0
0.0009900990099009901 -0.26815477118026576 -0.30208669231575025 0.4760660138973741 0 0 0
0.0009900990099009901 0.3678386281636203 0.3302228312546818 0.4681455153824399 0 0 0
0.0009900990099009901 -0.26794981326540396 0.39171827723088554 0.3488625944170916 0 0 0
0.0009900990099009901 -0.3358949475193862 -0.3697740799180203 0.2645207326635627 0 0 0
0.0009900990099009901 0.6694035280257971 -0.09249997331241364 -0.07151271040848864 0 0 0
0.0009900990099009901 -0.47237623499188325 0.3944323258643711 -0.1708457255216375 0 0 0
0.0009900990099009901 0.2074973784320461 -0.20686842520976437 -0.4707530432074603 0 0 0
0.0009900990099009901 0.4242273915451859 0.17916085454333003 0.24790187203736588 0 0 0
0.0009900990099009901 0.3546199514463371 -0.4970493361666879 -0.11170658677581259 0 0 0
0.0009900990099009901 -0.4651021486580887 0.09878275858228572 -0.47081375459701896 0 0 0
0.0009900990099009901 0.3151967893423355 0.16772559648287286 -0.4178276310085996 0 0 0
0.0009900990099009901 -0.09964365275919645 -0.5576888970150908 0.3821122371778494 0 0 0
0.0009900990099009901 0.4648826157296571 0.350980639278111 -0.2029561436488904 0 0 0
0.0009900990099009901 0.2562031160085506 -0.3342121361802771 0.3238345907498147 0 0 0
0.0009900990099009901 0.4387509277216837 -0.4798842258634909 -0.09689948456063738 0 0 0
0.0009900990099009901 -0.3021513762293619 -0.12119774970393066 0.07271581281704063 0 0 0
0.0009900990099009901 -0.27456977352651757 -0.09288388543318483 0.14614562145745003 0 0 0
0.0009900990099009901 -0.29042035596712595 -0.3893840417410213 0.1799261477180746 0 0 0
0.0009900990099009901 -0.18529732779848 0.5012153120784464 0.045034387106480354 0 0 0
0.0009900990099009901 -0.18803516379897314 -0.5890687221570777 -0.10854636685446223 0 0 0
0.0009900990099009901 0.13702409628537296 0.5413125961556662 0.12306511857489574 0 0 0
0.0009900990099009901 0.20819618773191 -0.19213467900554948 -0.44414683306578656 0 0 0
0.0009900990099009901 -0.5016175527628334 0.11492839853787581 -0.45128562658235627 0 0 0
0.0009900990099009901 -0.5286175364130181 -0.20519534937203623 0.06657802582090869 0 0 0
0.0009900990099009901 -0.4640831614753621 0.10532803212616436 -0.04483677350247409 0 0 0
0.0009900990099009901 -0.6139877177683146 0.005367224607096927 -0.3147223303451459 0 0 0
0.0009900990099009901 -0.09915826195256171 -0.5944556809106385 -0.29493621809500026 0 0 0
0.0009900990099009901 -0.008615374079941332 -0.3006487296289191 0.5278497135246994 0 0 0
0.0009900990099009901 -0.5510864033940309 -0.36745474931763344 0.10920869195162662 0 0 0
0.0009900990099009901 0.07388875376345438 -0.05521202454735318 -0.08249361056859497 0 0 0
0.0009900990099009901 -0.27309079343972587 -0.3980983886760376 -0.3167454720465066 0 0 0
0.0009900990099009901 0.23219519315022777 0.44941421817565613 0.40438409690848137 0 0 0
0.0009900990099009901 0.2768266956707943 0.4301959468591756 0.06920471713955219 0 0 0
0.0009900990099009901 -0.5426059043076081 -0.3105657659460814 0.1349589065715971 0 0 0
0.0009900990099009901 0.018483240930578418 0.3178441220432956 -0.1988115176418214 0 0 0
0.0009900990099009901 0.20163615297600507 -0.5096464344217699 -0.038123417312784375 0 0 0
0.0009900990099009901 -0.09031773779742784 -0.37111707063661614 -0.5602392714197086 0 0 0
0.0009900990099009901 -0.43172583077464777 0.2061889490135739 0.49953172854276656 0 0 0
0.0009900990099009901 -0.13691857959907439 -0.34973668547991676 0.5653366679390032 0 0 0
0.0009900990099009901 -0.390044043570498 0.2570544608658111 -0.4837581360494201 0 0 0
0.0009900990099009901 0.413632764271846 0.4975838396670703 -0.18027902456710504 0 0 0
0.0009900990099009901 -0.18306941232613888 -0.2704607812487588 -0.38492523933904754 0 0 0
0.0009900990099009901 0.21302092189180566 -0.15360056462866745 0.08885532369858107 0 0 0
0.0009900990099009901 0.6277088974536638 -0.08556708247179025 -0.2096977307946671 0 0 0
0.0009900990099009901 0.3845611260846872 -0.14390517959789617 0.4318400056586975 0 0 0
0.0009900990099009901 -0.5123158726704096 -0.3251327719126194 -0.17660524804413902 0 0 0
0.0009900990099009901 0.2526955057621695 -0.27146899356117854 0.19498179094817222 0 0 0
0.0009900990099009901 0.15164477847639948 -0.09949704990200864 0.4532843810957747 0 0 0
0.0009900990099009901 -0.5538714850590231 0.23191157947020963 -0.22142219241958275 0 0 0
0.0009900990099009901 0.15965820406481232 0.5980656722102976 0.05473776630839105 0 0 0
0.0009900990099009901 0.5001179029177631 0.24394855871454763 -0.07364065718843496 0 0 0
0.0009900990099009901 -0.3586876542239325 0.41903782257921884 -0.35023022859499015 0 0 0
0.0009900990099009901 0.29539169177839353 -0.36509884147626753 0.46887745540735615 0 0 0
0.0009900990099009901 0.23166343684043575 -0.07612442387685894 -0.061605726776035714 0 0 0
0.0009900990099009901 -0.07136142880831052 -0.22134213315434145 0.19292415978019123 0 0 0
0.0009900990099009901 0.0341707345770212 0.027309017678448396 0.42622422345543265 0 0 0
0.0009900990099009901 -0.13016851612626784 0.025100645829330817 -0.5079903811183738 0 0 0
0.0009900990099009901 0.17667976490714504 0.14452825324969742 -0.5970544303051531 0 0 0
0.0009900990099009901 0.20840358570675988 0.1623941451873034 0.4446874821109625 0 0 0
0.0009900990099009901 -0.4724861085927427 -0.04943781936391571 -0.13132408569079923 0 0 0
0.0009900990099009901 -0.20034463054646304 0.14027397742287695 -0.48859454907769295 0 0 0
0.0009900990099009901 0.04008629395708602 -0.4270706539939609 0.41792771399980444 0 0 0
0.0009900990099009901 0.36116527902153833 -0.1512901923136037 0.48514884014 0 0 0
0.0009900990099009901 -0.0180640780812165 -0.2451844547274517 -0.4574030721038811 0 0 0
0.0009900990099009901 0.3208813003660771 0.0464837510986646 -0.07282533316161835 0 0 0
0.0009900990099009901 0.43843593233806144 0.2805120575179657 0.04353470256374915 0 0 0
0.0009900990099009901 -0.03635317739906778 -0.28793941790919625 0.627930711081025 0 0 0
0.0009900990099009901 -0.2896693509878395 -0.14525641114396481 -0.17428141712830095 0 0 0
0.0009900990099009901 0.41268013104381795 0.5130797617723999 -0.13310449210547204 0 0 0
0.0009900990099009901 0.08024483083446056 -0.21077369261098158 0.45868977010620066 0 0 0
0.0009900990099009901 0.3228197543223975 0.5206628909054778 -0.11186268753147237 0 0 0
0.0009900990099009901 -0.16965869464919897 -0.17681922434831687 -0.22212779411689476 0 0 0
0.0009900990099009901 0.25626080165603166 0.11074135248807189 0.09286879538201911 0 0 0
0.0009900990099009901 0.31631935137356554 0.5339039288088003 -0.002164622238269528 0 0 0
0.0009900990099009901 0.39838888678808587 -0.26232280061047525 -0.33961254842949146 0 0 0
0.0009900990099009901 -0.48312557466622935 -0.335085935309266 -0.2274879128250885 0 0 0
0.0009900990099009901 0.1178155372912863 0.27408594156088545 0.5581608380198374 0 0 0
0.0009900990099009901 0.04880983082005243 0.22510768360138866 -0.5985121950839251 0 0 0
0.0009900990099009901 0.15204799724330129 -0.20831684130555034 0.4744784329306834 0 0 0
0.0009900990099009901 0.4544655666919562 0.40700231448163254 -0.09523706689420579 0 0 0
0.0009900990099009901 0.07735206143797524 -0.5418136348713537 -0.04243331762123957 0 0 0
0.0009900990099009901 -0.4309747736607035 0.1470850454217806 -0.12757379044614803 0 0 0
0.0009900990099009901 0.0793110882382093 0.4914538952384291 -0.3365768722931356 0 0 0
0.0009900990099009901 0.20759211463703386 0.14379612601313152 -0.5531292315207705 0 0 0
0.0009900990099009901 -0.3314118925079658 0.03492424605253088 0.5786285911586349 0 0 0
0.0009900990099009901 -0.4002505563918132 -0.18797571053203782 0.20242530835617517 0 0 0
0.0009900990099009901 -0.13954261287181619 -0.2613974722838422 0.38674862495083095 0 0 0
0.0009900990099009901 -0.04549292609155231 0.06602990540861813 0.29053400155496795 0 0 0
0.0009900990099009901 0.2112738454575834 -0.19850157838751692 -0.2115736955127886 0 0 0
0.0009900990099009901 0.06292023605852544 0.4326495953577133 0.22667793447856927 0 0 0
0.0009900990099009901 -0.3896263312291099 0.4323513158128519 0.2897121991032293 0 0 0
0.0009900990099009901 0.49338718292784667 0.24934863420998377 0.09154910454678994 0 0 0
0.0009900990099009901 0.21682965123884407 0.1454507088495988 -0.020317570651886906 0 0 0
0.0009900990099009901 -0.021594843897955546 0.5232439035845623 0.01739482452621851 0 0 0
0.0009900990099009901 0.5582746646470874 -0.08184655612392562 0.18240557524477385 0 0 0
0.0009900990099009901 0.475528595847629 0.10783759703247761 0.2188711183692079 0 0 0
0.0009900990099009901 0.23142036873958693 0.2880001230887931 0.46185898742577564 0 0 0
0.0009900990099009901 0.27531903756285286 0.4225221752318196 0.35097678484222433 0 0 0
0.0009900990099009901 -0.3320970736239818 -0.3038554587045722 0.23864900480130594 0 0 0
0.0009900990099009901 -0.04495963355693956 -0.4943242338427752 -0.36902389229000654 0 0 0
0.0009900990099009901 -0.5523827230162749 -0.1821201416573134 -0.09941601131683288 0 0 0
0.0009900990099009901 -0.13543396624648799 -0.13032114018653615 -0.29149210322360947 0 0 0
0.0009900990099009901 -0.15423228647721374 -0.06135551421805637 -0.20757263646385724 0 0 0
0.0009900990099009901 0.283663673440185 0.11587903632398265 -0.5669572611799526 0 0 0
0.0009900990099009901 -0.24571990059725085 -0.3501918535438198 -0.3393495848309509 0 0 0
0.0009900990099009901 -0.07073292403697128 -0.3886746897243477 0.06320464993508414 0 0 0
0.0009900990099009901 0.6277624336575547 0.011167691805130107 0.0634652144029069 0 0 0
0.0009900990099009901 0.1684729857021195 0.09835969214597735 -0.010653596390159344 0 0 0
0.0009900990099009901 0.05384213113911044 -0.12604904381794924 0.6441970946163071 0 0 0
0.0009900990099009901 0.06545524171315259 -0.3774407339197128 0.16046051083329319 0 0 0
0.0009900990099009901 -0.37123760567737213 -0.20196720322459263 -0.055040571990647665 0 0 0
0.0009900990099009901 -0.0076374601905967445 0.39785251204571437 -0.49163550770170933 0 0 0
0.0009900990099009901 -0.3476175054547093 0.050144932596802555 0.33317993366352333 0 0 0
0.0009900990099009901 -0.29488797679067535 -0.27565595378745167 -0.018173140909007606 0 0 0
0.0009900990099009901 0.3600355172298116 -0.41187557199537744 -0.06861399669280036 0 0 0
0.0009900990099009901 0.3132746019751618 -0.24264873032011877 -0.40483172682728485 0 0 0
0.0009900990099009901 0.34986359312583887 -0.13259060455685637 -0.0033694893562860625 0 0 0
0.0009900990099009901 0.443472175292043 -0.4671672396568009 -0.22601818621314243 0 0 0
0.0009900990099009901 0.28283622713696616 0.30818549731410244 0.013119688379631147 0 0 0
0.0009900990099009901 -0.2871525691054504 0.024162049318027234 -0.18866954131141456 0 0 0
0.0009900990099009901 0.21868706597286305 -0.4733522432546558 -0.28002376075938457 0 0 0
0.0009900990099009901 -0.35286285835845055 0.246049519098737 0.10870224842959562 0 0 0
0.0009900990099009901 -0.6262752906270096 -0.17693106495518282 4.984843694370746e-05 0 0 0
0.0009900990099009901 -0.35915025656779603 0.056111709498547685 0.31953932002965263 0 0 0
0.0009900990099009901 0.517244565501107 -0.05135666464221369 0.3245508650996916 0 0 0
0.0009900990099009901 0.3226820273714075 0.3057718488444604 0.47434509834530353 0 0 0
0.0009900990099009901 -0.2569459181769258 0.40811438004614775 0.36774452644966527 0 0 0
0.0009900990099009901 0.10846279771481754 -0.26787293323124134 0.33404964857824476 0 0 0
0.0009900990099009901 -0.11252973268065818 -0.3567488766218956 0.3045936128915361 0 0 0
0.0009900990099009901 0.08168909407728546 -0.010219138675286888 -0.5229610497660754 0 0 0
0.0009900990099009901 -0.0833333311100402 -0.12165635434300578 -0.5797177992979009 0 0 0
0.0009900990099009901 -0.09501001324334467 -0.20481778095920936 -0.2956111012776072 0 0 0
0.0009900990099009901 -0.0361338179849339 -0.18881245405519242 0.028947513876128296 0 0 0
0.0009900990099009901 0.2888398932915902 -0.2890270071105947 0.3190816485420025 0 0 0
0.0009900990099009901 0.3638686371882959 0.11410524401105056 0.5528976870035586 0 0 0
0.0009900990099009901 0.35394693490157514 0.13423206914761915 -0.10035580676832265 0 0 0
0.0009900990099009901 -0.34452983593558695 -0.4063538033342647 0.10769693181714467 0 0 0
0.0009900990099009901 0.10062320332727838 0.49446803619724344 -0.3980822626504017 0 0 0
0.0009900990099009901 0.09461562402665098 0.0730490429929109 -0.27988598551440447 0 0 0
0.0009900990099009901 0.14133843620611422 -0.04528712038267879 0.5138573716104803 0 0 0
0.0009900990099009901 0.041681387676946555 -0.5678143320648354 0.14895300752833288 0 0 0
0.0009900990099009901 0.20558514966434843 0.18317481880977785 0.35139180097580186 0 0 0
0.0009900990099009901 -0.4093497409072088 -0.25041136008312975 -0.09075036137653111 0 0 0
0.0009900990099009901 -0.6501232406673408 -0.07408496169486001 -0.18008640651996952 0 0 0
0.0009900990099009901 -0.22616034488915762 -0.4581102907132792 -0.08254127979001855 0 0 0
0.0009900990099009901 -0.3221153744254118 0.30498660645009423 0.3525684094901463 0 0 0
0.0009900990099009901 0.010832400911886733 -0.17887210086513192 -0.5513742960680682 0 0 0
0.0009900990099009901 -0.2656524382036681 0.39453327420016987 -0.43285682771482925 0 0 0
0.0009900990099009901 0.2579607451761378 -0.27196987920344545 0.09225621034456298 0 0 0
0.0009900990099009901 -0.6183670308443768 0.1166288107611846 -0.18104195964225783 0 0 0
0.0009900990099009901 0.26501617659267374 -0.1939686777546456 0.18369898348302668 0 0 0
0.0009900990099009901 0.1996678876897256 0.2789224550519608 -0.4879316509121341 0 0 0
0.0009900990099009901 -0.06545375508555984 0.486915633245645 0.38866131444993735 0 0 0
0.0009900990099009901 -0.4218107674230735 -0.19033142411200094 0.015919168805612588 0 0 0
0.0009900990099009901 -0.11368466398971924 -0.05814108469348225 -0.17529366375676703 0 0 0
0.0009900990099009901 -0.259055566183069 0.06268396383100945 -0.47625079310260987 0 0 0
0.0009900990099009901 0.2940695806937383 0.45091846402737984 -0.23181787157763967 0 0 0
0.0009900990099009901 0.002941838116006355 -0.2047809860694093 0.5630753933053769 0 0 0
0.0009900990099009901 0.24320714618713882 0.26835316663728065 -0.5302159561383174 0 0 0
0.0009900990099009901 -0.47851954206326847 -0.39374751153628135 0.0008185637395572935 0 0 0
0.0009900990099009901 0.24822403081310246 0.38011741374789054 -0.43453866640512545 0 0 0
0.0009900990099009901 -0.29838509741059643 -0.2580816379359452 0.014790595763179227 0 0 0
0.0009900990099009901 0.038883456944010325 0.3985626887794938 0.5096181524934191 0 0 0
0.0009900990099009901 0.07105912408390869 -0.5943126208210836 0.1803360659732956 0 0 0
0.0009900990099009901 0.1456020528330496 0.3088337392823497 0.0652386222965187 0 0 0
0.0009900990099009901 -0.422718767532512 0.07432618501224696 0.3056960380398406 0 0 0
0.0009900990099009901 0.06315435721420129 -0.36235476044264214 0.4339976240315833 0 0 0
0.0009900990099009901 0.360432239816681 0.1339401387451731 -0.5425634409242825 0 0 0
0.0009900990099009901 -0.12233856982696042 0.5731513841384837 -0.07633631986237681 0 0 0
0.0009900990099009901 0.21996394495110116 0.07165169522402423 -0.5343209611900439 0 0 0
0.0009900990099009901 0.05766889090385823 -0.12581111447171586 0.27210892761112565 0 0 0
0.0009900990099009901 0.297984884287554 0.06388151086033289 -0.6007156674392152 0 0 0
0.0009900990099009901 0.45763380486690836 -0.005449298406926294 0.03521022744379353 0 0 0
0.0009900990099009901 -0.002090454651282503 0.43777126518788123 0.024295242723655755 0 0 0
0.0009900990099009901 0.05993060418555315 0.028169394945416336 -0.27029420400702686 0 0 0
0.0009900990099009901 0.20325306582636715 0.0677739917372942 -0.2056024810326659 0 0 0
0.0009900990099009901 -0.25351154627771305 -0.13840385004805061 -0.046386098346375436 0 0 0
0.0009900990099009901 0.1586935846974153 -0.4176359345212647 -0.3509110984085664 0 0 0
0.0009900990099009901 -0.35092961481082463 0.24480214828954197 -0.4923400122726794 0 0 0
0.0009900990099009901 -0.16973099077411202 0.08866055080459131 -0.26189698398840316 0 0 0
0.0009900990099009901 -0.11737018194566264 -0.2935290458205191 0.22924336721975305 0 0 0
0.0009900990099009901 -0.5226464145663777 -0.26084663974408867 -0.14020144157465964 0 0 0
0.0009900990099009901 -0.23950226437828634 0.009325832313405526 -0.2449038023766911 0 0 0
0.0009900990099009901 -0.320307590659844 0.339040537824435 0.04915526097122479 0 0 0
0.0009900990099009901 0.14038788369323982 0.14484044288960385 -0.38392928644828495 0 0 0
0.0009900990099009901 -0.5788053634939961 0.23166386095662436 -0.20645806872691919 0 0 0
0.0009900990099009901 -0.3046575292434092 -0.4722989117822656 -0.28665811562675564 0 0 0
0.0009900990099009901 0.2519605746540602 -0.41583347210330607 -0.3908547461313764 0 0 0
0.0009900990099009901 0.36315009605971216 0.13634382981171378 0.3296924877242813 0 0 0
0.0009900990099009901 0.23526692201345187 -0.264181380968425 0.4080605217849568 0 0 0
0.0009900990099009901 -0.22230220870910708 0.3042740792540608 0.3140661094595775 0 0 0
0.0009900990099009901 -0.23759007423397127 0.1385805392667282 -0.3211570139544271 0 0 0
0.0009900990099009901 -0.01770627998126587 -0.22258912497328148 -0.42282390914937706 0 0 0
0.0009900990099009901 0.1760657547518674 -0.519028831578415 0.24885645149163574 0 0 0
0.0009900990099009901 0.37680496471206976 0.40172797180265357 -0.1357347891588474 0 0 0
0.0009900990099009901 0.15102479821649933 0.2250809850260947 -0.06771454436883317 0 0 0
0.0009900990099009901 0.3987452209236253 -0.49063763251799763 -0.19458094208225335 0 0 0
0.0009900990099009901 0.5845207209285791 0.005246663711209253 0.04924223633562709 0 0 0
0.0009900990099009901 0.2881191882230735 0.0726170700153118 -0.5642197838183329 0 0 0
0.0009900990099009901 -0.27112936326860654 -0.2926818285034309 -0.45908663601769095 0 0 0
0.0009900990099009901 0.10523601961647448 0.36152836365037105 0.3679532558798871 0 0 0
0.0009900990099009901 -0.46601143370669523 0.40309088381360314 0.0063557463478815125 0 0 0
0.0009900990099009901 0.3972402264335736 0.1415072724142082 -0.3694373161451381 0 0 0
0.0009900990099009901 0.18598425468083293 0.12153494806369736 0.5620694203183974 0 0 0
0.0009900990099009901 0.3104244902330235 0.5525903856349511 -0.1724631876691289 0 0 0
0.0009900990099009901 -0.26541344589796784 -0.3611788004182 0.2842031666090789 0 0 0
0.0009900990099009901 -0.4490623550978992 0.1388295057930293 -0.04182333844747593 0 0 0
0.0009900990099009901 -0.523571966364741 0.3402826998102618 -0.2959417671525966 0 0 0
0.0009900990099009901 0.03262812858287638 0.05123850037341926 -0.42070414303647485 0 0 0
0.0009900990099009901 0.03781878888014382 -0.1976070887208687 0.4660237239844849 0 0 0
0.0009900990099009901 -0.5118342546702025 0.018723357912739724 0.027903472561012492 0 0 0
0.0009900990099009901 -0.35497568866681967 0.06685429474608501 0.171024769450017 0 0 0
0.0009900990099009901 -0.38562447380942927 0.09361848637431451 -0.5238853411830104 0 0 0
0.0009900990099009901 -0.44749212850865255 0.2781566481052234 0.25962453016562287 0 0 0
0.0009900990099009901 0.1746687661572648 -0.16573192523546942 0.11673290575457472 0 0 0
0.0009900990099009901 0.46310363558472806 0.1285593369848908 0.2761574838852687 0 0 0
0.0009900990099009901 -0.23402055047155385 -0.26370796149211323 -0.43143692131018824 0 0 0
0.0009900990099009901 0.46456999708205654 -0.1734183962040753 0.0010387939694941788 0 0 0
0.0009900990099009901 -0.429331268776254 -0.09351168229725738 -0.3781788964517766 0 0 0
0.0009900990099009901 0.2871716209483425 0.26169017185796123 -0.29424991813233475 0 0 0
0.0009900990099009901 -0.035317838860437586 0.0433500096909547 -0.1569727729729697 0 0 0
0.0009900990099009901 -0.31575806974658305 -0.19852096739236508 0.3877183641699531 0 0 0
0.0009900990099009901 0.09830411835243383 -0.32360893132297247 0.1391394175658792 0 0 0
0.0009900990099009901 -0.11919075782956971 0.14779275918850454 0.24646791941264598 0 0 0
0.0009900990099009901 -0.08868891065073674 -0.21449878820545268 0.5372187873627383 0 0 0
0.0009900990099009901 0.0617186401815565 -0.005977798371485295 -0.00633517605020585 0 0 0
0.0009900990099009901 0.20242840704703743 -0.19256420694465778 0.26987718619365314 0 0 0
0.0009900990099009901 -0.607038799536965 -0.18134737856795186 -0.15018929872753617 0 0 0
0.0009900990099009901 0.3204837867709893 0.5097545720894506 0.19781285073060847 0 0 0
0.0009900990099009901 -0.12448280558444223 0.33787942349084144 0.34601564557095366 0 0 0
0.0009900990099009901 -0.424601892149701 -0.3986309710880401 -0.1821297452278973 0 0 0
0.0009900990099009901 0.5190660065326087 -0.2569747062968056 0.0941988363224072 0 0 0
0.0009900990099009901 0.02911965924575866 0.3305159664123222 0.4378384642311745 0 0 0
0.0009900990099009901 0.2663722886315456 0.3696111206005357 -0.10984193128578874 0 0 0
0.0009900990099009901 0.24820000304743367 -0.15936260348396974 0.08507155028058541 0 0 0
0.0009900990099009901 0.4018298292114549 0.47582955009493794 -0.20834581191675178 0 0 0
0.0009900990099009901 0.047804063481636135 0.1588918783532951 -0.3080310401632908 0 0 0
0.0009900990099009901 0.2532283283435007 -0.03345728630498433 0.6232335465624798 0 0 0
0.0009900990099009901 -0.4410211915090123 -0.37516063162444485 0.09609910288476047 0 0 0
0.0009900990099009901 0.42176033550927755 -0.29831728203357644 0.3414192848498087 0 0 0
0.0009900990099009901 -0.21984506787436991 -0.12339428663514912 0.07831773760542529 0 0 0
0.0009900990099009901 0.02828679795601509 0.5492523179142167 -0.280241643606654 0 0 0
0.0009900990099009901 -0.22556548353176378 0.4029469238737201 -0.1651214873758237 0 0 0
0.0009900990099009901 -0.2774369633724229 0.2532171843572741 0.5343636586577931 0 0 0
0.0009900990099009901 -0.05818633939367764 0.08756464763697239 0.10978372933676556 0 0 0
0.0009900990099009901 -0.5550418725826473 -0.1228819889755249 -0.2755307765487517 0 0 0
0.0009900990099009901 -0.4467275336261306 0.02571960039455574 -0.23835698198800118 0 0 0
0.0009900990099009901 -0.21038775876055069 0.23668661938567095 0.05314104626115283 0 0 0
0.0009900990099009901 -0.631464803250872 -0.08206222616292454 0.0018708118071981514 0 0 0
0.0009900990099009901 0.3324207377630506 -0.27234689742016815 -0.338001374918721 0 0 0
0.0009900990099009901 -0.33254095719075777 -0.30909486920896273 -0.23715382397631543 0 0 0
0.0009900990099009901 0.18450768778165214 0.2947136992826202 -0.12554651073379425 0 0 0
0.0009900990099009901 0.11166561036548843 0.32182467136091675 -0.5689511280079997 0 0 0
0.0009900990099009901 -0.0708324458556603 -0.4203494878669429 0.16120688915972636 0 0 0
0.0009900990099009901 -0.05305101098973928 -0.025066333074183187 -0.22028267261185058 0 0 0
0.0009900990099009901 -0.05888443582813839 0.12079566561954411 0.21990028575955756 0 0 0
0.0009900990099009901 0.3754602486319534 -0.27095812763710014 0.4572039977699444 0 0 0
0.0009900990099009901 0.5669346869924806 0.04577484760328776 -0.09123567715021659 0 0 0
0.0009900990099009901 0.03867075551304478 0.5471150894019166 -0.06778661802695406 0 0 0
0.0009900990099009901 0.4682326302312614 0.10054637898718269 -0.47659648714886227 0 0 0
0.0009900990099009901 0.15223738548995824 0.14433975360031498 0.5011979967853873 0 0 0
0.0009900990099009901 -0.3016620699277042 -0.18915599505296535 -0.22212718663149317 0 0 0
0.0009900990099009901 -0.20443854160165897 0.24493815479162148 -0.3471178774442778 0 0 0
0.0009900990099009901 -0.1662231563772518 -0.14216615664517712 0.273157737680952 0 0 0
0.0009900990099009901 -0.014437642187170465 0.17172632189835846 0.6491791726448651 0 0 0
0.0009900990099009901 -0.5354505093657281 -0.23698631392881653 -0.22781194481897085 0 0 0
0.0009900990099009901 -0.3845666421999772 0.3899268116554745 0.29972598680134205 0 0 0
0.0009900990099009901 -0.14846405658854156 -0.05143335019284183 -0.19788498680627578 0 0 0
0.0009900990099009901 -0.025879988857629134 -0.20869535162635036 0.3882357210840845 0 0 0
0.0009900990099009901 0.22381260971571032 -0.3078351112720311 0.18766727201848987 0 0 0
0.0009900990099009901 -0.512435685680147 -0.10786409385652704 -0.363699433292726 0 0 0
0.0009900990099009901 0.15114376895083947 -0.4548812125256826 0.3703109551229121 0 0 0
0.0009900990099009901 -0.4670326221052989 -0.22622013568113952 -0.02693207480538031 0 0 0
0.0009900990099009901 0.06908731739419285 -0.1793768284517603 0.09122684927792128 0 0 0
0.0009900990099009901 -0.22829510465835096 0.12422424644790654 0.44433840838128486 0 0 0
0.0009900990099009901 0.010754655586450937 -0.40094920963692043 -0.00974122265762695 0 0 0
0.0009900990099009901 0.19454959681088418 0.6054678191735093 -0.15202302976445334 0 0 0
0.0009900990099009901 0.024779438963428886 -0.13945534855341277 -0.16728454201264548 0 0 0
0.0009900990099009901 -0.4295594410568855 -0.4623592424647345 0.08357007091591996 0 0 0
0.0009900990099009901 0.41159172638148306 0.23360987092665164 -0.2944438737514768 0 0 0
0.0009900990099009901 -0.20197932725357323 -0.2309612493105666 -0.6077470994984724 0 0 0
0.0009900990099009901 0.5245493676677194 0.3848777942658203 -0.17106619460164657 0 0 0
0.0009900990099009901 0.2542201509986002 0.3634218485601563 0.3345690698028512 0 0 0
0.0009900990099009901 0.34717660081512364 -0.09302506870132149 0.38592506402963533 0 0 0
0.0009900990099009901 0.07927982913677792 -0.46059456782932057 0.23380538443933374 0 0 0
0.0009900990099009901 -0.14235726805456989 0.39303487642252644 0.2617985113714833 0 0 0
0.0009900990099009901 -0.2428186101362127 -0.26064682711349957 -0.16030592967690105 0 0 0
0.0009900990099009901 -0.09812616442230679 0.026897918596478727 0.03884266655706562 0 0 0
0.0009900990099009901 -0.17898157109065144 -0.03523470853346619 -0.026726532901676384 0 0 0
0.0009900990099009901 -0.012166868920510283 -0.2699803818156031 0.15109744034727898 0 0 0
0.0009900990099009901 0.6067685603191321 -0.20063323127559252 0.15401277884538675 0 0 0
0.0009900990099009901 0.25187562381577955 -0.20742579363410182 -0.5612152712135895 0 0 0
0.0009900990099009901 0.2703364730358085 0.4449045253207752 0.359170442896921 0 0 0
0.0009900990099009901 -0.09097685076668394 -0.5487313682148807 -0.38554748515108006 0 0 0
0.0009900990099009901 0.5832526964009443 -0.21675572730848408 0.008089508734812461 0 0 0
0.0009900990099009901 0.16051572786838333 0.3221461205243429 0.008847727621676422 0 0 0
0.0009900990099009901 -0.5529221822141218 -0.27877831775238054 0.2668886173960574 0 0 0
0.0009900990099009901 0.005901915646491802 -0.5043357610248027 -0.040339857611301995 0 0 0
0.0009900990099009901 0.31599878673149406 0.17073327363723326 -0.1673865729083615 0 0 0
0.0009900990099009901 -0.5034790333488236 0.3890442148434634 0.26507584380936505 0 0 0
0.0009900990099009901 -0.5486947464505545 0.013145088643584468 0.15714415936403747 0 0 0
0.0009900990099009901 0.05461151968139888 -0.2846943699985643 -0.48801755908455535 0 0 0
0.0009900990099009901 -0.02211256829440477 0.22545960699475046 0.03602050378184505 0 0 0
0.0009900990099009901 0.045224830811550716 -0.29829262524502054 0.585337890629877 0 0 0
0.0009900990099009901 0.17587292355070275 -0.4632224705173807 -0.09422182124478586 0 0 0
0.0009900990099009901 0.18345162366907036 0.332739665334674 -0.43626855147690397 0 0 0
0.0009900990099009901 0.22245580225894204 0.0194409066200532 0.04933192938430863 0 0 0
0.0009900990099009901 -0.10030064628482915 0.5078043556667398 -0.15225986024996893 0 0 0
0.0009900990099009901 -0.3083287442277819 0.42749578480783956 0.44040316762587434 0 0 0
0.0009900990099009901 -0.15826019580727613 -0.38240716770202887 0.10247439734583749 0 0 0
0.0009900990099009901 0.256088306790495 -0.052866267728796136 -0.45346364630041275 0 0 0
0.0009900990099009901 0.24728364183369922 -0.6433785408877205 0.06376449960488846 0 0 0
0.0009900990099009901 0.1830467158689052 0.08959606975046977 -0.5692498127987621 0 0 0
0.0009900990099009901 -0.19113582106023838 -0.0779138422159391 -0.43157138483957136 0 0 0
0.0009900990099009901 -0.13484737398703703 -0.4112701579176848 -0.5273736263454153 0 0 0
0.0009900990099009901 0.07939411546125262 0.35786359489781877 0.26505759918352356 0 0 0
0.0009900990099009901 0.2269956164314609 0.24226125785935887 -0.08335482814802338 0 0 0
0.0009900990099009901 0.34446361262076847 0.1277882513898735 -0.42154354670418875 0 0 0
0.0009900990099009901 0.14091394537749521 -0.016330946326253704 0.2904223281560451 0 0 0
0.0009900990099009901 -0.03850628861594444 0.06637335333663179 -0.6821313452830223 0 0 0
0.0009900990099009901 -0.36569169900662285 0.29379182988150376 0.3968713390692829 0 0 0
0.0009900990099009901 -0.35162534615656665 -0.07717870259217192 0.004794314786100377 0 0 0
0.0009900990099009901 -0.44713136691976774 -0.019767927413235686 0.08096782903933405 0 0 0
0.0009900990099009901 -0.44908386873936884 0.041899071368498075 0.27474710747519143 0 0 0
0.0009900990099009901 -0.21649184002929914 -0.3908509012834433 0.3873597498192911 0 0 0
0.0009900990099009901 0.12545852146341321 0.5072361340425464 0.2572290883334231 0 0 0
0.0009900990099009901 0.00019521918669940884 0.5671630932443892 -0.21876094920044528 0 0 0
0.0009900990099009901 -0.2740904096883222 -0.12963572872458715 0.3304730617000807 0 0 0
0.0009900990099009901 0.31363913691845713 -0.258641187595855 -0.3898816734261497 0 0 0
0.0009900990099009901 0.44070164988074906 -0.21118490533044007 -0.38528074325400435 0 0 0
0.0009900990099009901 0.2756989249812729 0.47127966148154543 -0.1866573869172968 0 0 0
0.0009900990099009901 0.037843897948740345 0.3378233894068993 -0.4556570669974752 0 0 0
0.0009900990099009901 -0.22979036500593736 -0.21833702794145354 -0.2871505539014911 0 0 0
0.0009900990099009901 -0.20142866330020257 -0.01700547238995661 0.4476226366890694 0 0 0
0.0009900990099009901 -0.13985626548797775 -0.2801050895803641 0.5343153542518126 0 0 0
0.0009900990099009901 0.061836279461726776 0.32094263638527903 0.4449868364885203 0 0 0
0.0009900990099009901 -0.15673895618548572 -0.12971757241425946 0.33540273797495807 0 0 0
0.0009900990099009901 0.10037057031729482 0.3223730821790078 0.2694407557490047 0 0 0
0.0009900990099009901 -0.13795701866611718 -0.5488025069059594 -0.2258551353919997 0 0 0
0.0009900990099009901 -0.24300108970483877 -0.34076785831511397 0.10800440004612646 0 0 0
0.0009900990099009901 0.2808616315175879 0.09579794995045285 0.22003431421170586 0 0 0
0.0009900990099009901 0.09607736279641356 -0.25642634106026724 0.5434799636404775 0 0 0
0.0009900990099009901 -0.12792166427465382 -0.6141490506155461 0.205129572763162 0 0 0
0.0009900990099009901 -0.5326795578472673 -0.022226972553734358 0.3553349609869141 0 0 0
0.0009900990099009901 -0.052284628557130536 0.34739629117618226 -0.21985540338941542 0 0 0
0.0009900990099009901 0.3142311490261186 -0.3057170084647742 0.06409044776493718 0 0 0
0.0009900990099009901 -0.44601462523923985 0.08797278384768589 -0.03781801203625851 0 0 0
0.0009900990099009901 -0.5647583353201129 0.08521935199551577 0.03510236845351279 0 0 0
0.0009900990099009901 0.03293505291158125 0.042777342360846585 0.006498108620292427 0 0 0
0.0009900990099009901 0.10639555102025565 0.08354988392408046 -0.10440273188927934 0 0 0
0.0009900990099009901 0.22567633037711712 0.34480267568249073 0.19796644307966316 0 0 0
0.0009900990099009901 -0.17532833512890508 0.07630998340481777 -0.18919713123573034 0 0 0
0.0009900990099009901 -0.26897579558844187 -0.09531050268497818 0.20868030964967643 0 0 0
0.0009900990099009901 -0.24490271356818696 0.5266879981066018 -0.22082634358098935 0 0 0
0.0009900990099009901 -0.06336904775151694 -0.23406297383123578 0.11298295826684111 0 0 0
0.0009900990099009901 0.14704571252689527 0.10538989550895402 -0.560246086961455 0 0 0
0.0009900990099009901 -0.03700499336257348 0.5486197576571109 0.42010778513568736 0 0 0
0.0009900990099009901 0.27387427962173166 -0.34212543864601397 0.45620182981793095 0 0 0
0.0009900990099009901 0.09170864819760664 0.011344075812167523 0.09945112941934947 0 0 0
0.0009900990099009901 0.2433664311859726 -0.029316484217777425 -0.412347451070044 0 0 0
0.0009900990099009901 -0.09054843307217958 -0.09442950529289698 -0.6050600564151369 0 0 0
0.0009900990099009901 0.15800121506684867 0.271356200805507 0.07074692723095184 0 0 0
0.0009900990099009901 0.013656418917991743 0.3891209472117651 0.35648608560260453 0 0 0
0.0009900990099009901 0.3269291381890851 0.22315468815486866 -0.5188976068431682 0 0 0
0.0009900990099009901 -0.046268268900048516 -0.5109906976633553 -0.44948827564097565 0 0 0
0.0009900990099009901 -0.3303220341593445 -0.3741018501910066 0.17802217238073376 0 0 0
0.0009900990099009901 -0.012191664652235774 -0.48978721888648186 0.2584496905241301 0 0 0
0.0009900990099009901 0.18804067457186235 0.10233494021328025 0.5838546960682327 0 0 0
0.0009900990099009901 0.17648480011622814 0.32818510560566155 0.136099248983277 0 0 0
0.0009900990099009901 -0.03560884518714367 -0.28109973048771375 -0.5396419059824504 0 0 0
0.0009900990099009901 0.3825458812802109 0.3073386497250904 0.19529609828290226 0 0 0
0.0009900990099009901 0.3118826474918267 -0.41588414654892136 0.044497607603950565 0 0 0
0.0009900990099009901 0.0402695029546185 0.36995379084333974 0.3122617517406405 0 0 0
0.0009900990099009901 -0.11127762184624337 0.31779388100036854 -0.34858049398988666 0 0 0
0.0009900990099009901 0.5128842292745205 -0.066407884747755 0.3957241528996675 0 0 0
0.0009900990099009901 0.6065408680791873 -0.0007606683320781492 0.05814152282692328 0 0 0
0.0009900990099009901 0.15627051771213385 -0.3446386353272417 0.1837155262387431 0 0 0
0.0009900990099009901 -0.04457670744555986 -0.37375555631535073 0.37644432532612293 0 0 0
0.0009900990099009901 -0.11105270650801663 0.4192788161033074 0.2576316610660129 0 0 0
0.0009900990099009901 0.21947357078280716 0.1043152457322099 -0.2343050598176952 0 0 0
0.0009900990099009901 0.5914656749556934 -0.2573759643330768 -0.11933715772303347 0 0 0
0.0009900990099009901 -0.07507547975069379 0.4462935225031342 0.18233679385485177 0 0 0
0.0009900990099009901 -0.07670543215737734 -0.4241495249597803 -0.0017275127823434388 0 0 0
0.0009900990099009901 -0.12457336240514177 -0.352430836440053 0.255913311193223 0 0 0
0.0009900990099009901 -0.4030029907625428 0.28975909078269424 -0.18922981102849448 0 0 0
0.0009900990099009901 0.04249509791811839 -0.2043528782359917 0.15663769347010384 0 0 0
0.0009900990099009901 0.30560302127566236 0.2035575670355492 0.30211216058258844 0 0 0
0.0009900990099009901 0.3585007509673811 -0.5797891267585027 -0.10662813230496473 0 0 0
0.0009900990099009901 -0.5090310808710637 0.17734298678663604 0.16505612152890317 0 0 0
0.0009900990099009901 -0.09066852866951533 -0.011900250337398279 -0.40522264411372844 0 0 0
0.0009900990099009901 0.008147306394827603 0.15750495096226966 0.5020468323019459 0 0 0
0.0009900990099009901 -0.10101298944797449 0.16320608960361896 0.5993827946697806 0 0 0
0.0009900990099009901 0.4297473277305271 -0.34318863853494647 -0.12177998642913734 0 0 0
0.0009900990099009901 0.05443121829139907 0.2606978312801351 -0.4081020680027824 0 0 0
0.0009900990099009901 -0.16152977673500393 -0.1216653029164602 -0.35607596647236706 0 0 0
0.0009900990099009901 0.23033018366565428 -0.0764433828284932 -0.36188667780528644 0 0 0
0.0009900990099009901 -0.02285774383002221 0.037887303399665076 -0.0037571246027399982 0 0 0
0.0009900990099009901 0.3531454757382301 -0.19766669303486348 0.17209197894159883 0 0 0
0.0009900990099009901 0.48257874870359857 -0.35557368534059186 -0.0531041511291085 0 0 0
0.0009900990099009901 -0.03928731884008718 0.20024318911208272 0.3086591935230637 0 0 0
0.0009900990099009901 0.05648597534257011 0.2342852615153655 0.6363047017447407 0 0 0
0.0009900990099009901 0.435278254972031 -0.3282618932427405 0.01554719640956642 0 0 0
0.0009900990099009901 -0.11660338161266692 -0.03487991111118203 -0.09942759124354944 0 0 0
0.0009900990099009901 -0.0066010458724865394 -0.02094322299758834 -0.2519739066994184 0 0 0
0.0009900990099009901 -0.21390548400876616 -0.3239986748788199 -0.30658910790557414 0 0 0
0.0009900990099009901 0.2636887452065604 0.4476524353143165 -0.26795654374187683 0 0 0
0.0009900990099009901 -0.004205755061738698 -0.4813216346589313 -0.4913664557331079 0 0 0
0.0009900990099009901 -0.3852107695367351 -0.02674060972172356 0.3885290904355895 0 0 0
0.0009900990099009901 0.2470195568800276 -0.31015361747182485 0.07322019175940574 0 0 0
0.0009900990099009901 0.2673724200497206 -0.3701445689832769 -0.2234231000804039 0 0 0
0.0009900990099009901 -0.11790235736251363 -0.05817336595098879 -0.18655048481584466 0 0 0
0.0009900990099009901 -0.0810034555877543 0.050365388066467946 0.4323967109286658 0 0 0
0.0009900990099009901 -0.24966080327038384 0.48327021698929085 -0.03097367891045609 0 0 0
0.0009900990099009901 -0.2662437073414418 0.18744836914156696 0.31548514676285616 0 0 0
0.0009900990099009901 -0.2318837095779063 -0.22245243139344445 -0.1823320319448984 0 0 0
0.0009900990099009901 0.04646062087133563 0.00462400917033568 -0.317054557338976 0 0 0
0.0009900990099009901 0.3315190981219788 0.44760819657659684 -0.39737870984778007 0 0 0
0.0009900990099009901 0.31932206708745486 0.3381093079190712 0.11157546589933522 0 0 0
0.0009900990099009901 0.2743204462950127 -0.2964501877147334 0.08334028222347131 0 0 0
0.0009900990099009901 -0.44334302082094634 -0.1032464858400741 0.3059090846850418 0 0 0
0.0009900990099009901 -0.050701816665857755 0.6328926046214166 0.2171072892418402 0 0 0
0.0009900990099009901 0.15757613124662373 0.44920443584213676 -0.010822073018374625 0 0 0
0.0009900990099009901 0.3257553579629182 0.33306635249445904 -0.44662090868844767 0 0 0
0.0009900990099009901 -0.47837065774072585 0.028755186113050325 0.050118076339614945 0 0 0
0.0009900990099009901 -0.29032950765827337 -0.4326439353931687 -0.32563122277640316 0 0 0
0.0009900990099009901 -0.0734871236754432 0.16975202323444044 0.38278901928292935 0 0 0
0.0009900990099009901 -0.4329646210576268 -0.33703035537743187 -0.378399678893846 0 0 0
0.0009900990099009901 -0.006777478701685223 0.1200817852363504 -0.6142433662611456 0 0 0
0.0009900990099009901 -0.2657700923414349 -0.24471445848443518 0.07696163252942735 0 0 0
0.0009900990099009901 0.37497977647442327 0.23875266649211932 0.48037868634679287 0 0 0
0.0009900990099009901 0.22768019708639206 0.11800824364396506 -0.6318683434293453 0 0 0
0.0009900990099009901 0.25932188245518295 0.07305992883253462 -0.5962011484793523 0 0 0
0.0009900990099009901 0.18251949376492177 0.34356517304168993 -0.23643651162609464 0 0 0
0.0009900990099009901 0.22247918284251134 0.6099068385553681 0.01665419234807247 0 0 0
0.0009900990099009901 -0.08458978165968728 -0.014184983181012656 0.43694626280727306 0 0 0
0.0009900990099009901 -0.20495483430662684 -0.3175949845742352 0.07023044604285056 0 0 0
0.0009900990099009901 0.23499630504953356 -0.4660664750031872 0.07172934006485594 0 0 0
0.0009900990099009901 -0.325213709857957 -0.41732677768015525 0.29549460256104454 0 0 0
0.0009900990099009901 0.12159072617739512 -0.25542280905103276 0.07439212579576447 0 0 0
0.0009900990099009901 0.3767625884795083 0.1609637214493937 0.32795926950540266 0 0 0
0.0009900990099009901 -0.28162042976470314 0.31737646972428746 0.21362190683657126 0 0 0
0.0009900990099009901 0.14806483653753083 0.033275103897439026 0.5589749216162765 0 0 0
0.0009900990099009901 -0.07180533608056869 0.09172175428627567 0.4176447126390782 0 0 0
0.0009900990099009901 -0.4435012559931669 -0.2803564679593879 -0.4348359032701814 0 0 0
0.0009900990099009901 -0.3447127356033563 0.3883417525804604 0.4381622002396683 0 0 0
0.0009900990099009901 0.14055475302706066 -0.03351745665346899 -0.4356758579912035 0 0 0
0.0009900990099009901 -0.07494593265690926 0.36595299830283085 -0.275742289858904 0 0 0
0.0009900990099009901 -0.20379250083807288 -0.14685767579312992 0.3189961296212105 0 0 0
0.0009900990099009901 -0.06984292268691829 -0.19983842764609247 0.5641485165405616 0 0 0
0.0009900990099009901 -0.05766224599513516 0.4383194564598514 0.08474964199105352 0 0 0
0.0009900990099009901 0.2917847181622109 0.05028996133608345 -0.3359034397844668 0 0 0
0.0009900990099009901 -0.5268783951847755 0.2243760222498079 0.059191280725823844 0 0 0
0.0009900990099009901 0.08406983857997903 -0.5264693479107552 0.058885957511339376 0 0 0
0.0009900990099009901 0.1781319506866693 0.20224006873331182 -0.03792973344103108 0 0 0
0.0009900990099009901 -0.6566639709807681 0.15353620924605982 0.04001316285871375 0 0 0
0.0009900990099009901 0.34754239994151875 0.4593001244037308 0.3081103332041803 0 0 0
0.0009900990099009901 -0.08764025066653955 0.03128758565301795 0.00501016425208328 0 0 0
0.0009900990099009901 -0.08210711953422539 -0.6102429596207234 0.14763062820377423 0 0 0
0.0009900990099009901 -0.5962361389799347 -0.19774164989729617 0.11982634539329157 0 0 0
0.0009900990099009901 0.38899426196352993 0.5148649625894851 -0.06146447922684908 0 0 0
0.0009900990099009901 0.4534311917176096 0.15611074204950762 -0.12218033952954356 0 0 0
0.0009900990099009901 0.2324694107299008 -0.23362253203511926 0.5680360982099072 0 0 0
0.0009900990099009901 0.3993361803813225 -0.08717521477273923 0.28810995169170783 0 0 0
0.0009900990099009901 0.1730961643581815 -0.33334014135895845 0.5776566884220573 0 0 0
0.0009900990099009901 0.11538955753865214 -0.2563535388264716 -0.5065639764608506 0 0 0
0.0009900990099009901 0.5294605402795518 -0.08635293511643198 -0.19167339094788516 0 0 0
0.0009900990099009901 -0.5504683781970345 -0.015260333039397543 -0.05365822778037486 0 0 0
0.0009900990099009901 -0.09887001087842912 0.4581171074878024 -0.01178487039291 0 0 0
0.0009900990099009901 0.3057405646094029 0.02386152469617063 -0.11941174355437682 0 0 0
0.0009900990099009901 -0.3860262703508427 0.1494318542938693 -0.3002675495043844 0 0 0
0.0009900990099009901 -0.40389552756962444 -0.3199116723215283 0.10162610607156913 0 0 0
0.0009900990099009901 -0.07871930334477006 0.3933781949201022 0.09486833973171731 0 0 0
0.0009900990099009901 0.23290938010732437 -0.4848593228138735 -0.15783467968753737 0 0 0
0.0009900990099009901 -0.42349489010158886 0.38228711954221045 0.010706109526646128 0 0 0
0.0009900990099009901 0.09818429203630834 -0.4158099994513573 0.538385235488585 0 0 0
0.0009900990099009901 -0.351809768421756 -0.18051016317753593 0.5496227086151223 0 0 0
0.0009900990099009901 -0.30618611539679963 0.3805127222792206 0.25805288524228787 0 0 0
0.0009900990099009901 0.24890523831929276 -0.5029069191155897 0.05226834061886763 0 0 0
0.0009900990099009901 -0.4591862611793618 -0.17041212442665976 0.046837285722881775 0 0 0
0.0009900990099009901 0.47863987277606723 0.43082510597262125 -0.05215431699725608 0 0 0
0.0009900990099009901 0.11483517494559987 0.34280584430092936 0.25816893705955907 0 0 0
0.0009900990099009901 0.48022498959427456 -0.178554133239038 -0.2898955594532158 0 0 0
0.0009900990099009901 0.13078041671451768 -0.38532792213964345 -0.34267572591580525 0 0 0
0.0009900990099009901 -0.1333515616231306 -0.17552394304575594 -0.04594441202492232 0 0 0
0.0009900990099009901 -0.09196419637955033 0.19052913876883515 0.026261657230531425 0 0 0
0.0009900990099009901 0.05854029081022629 -0.3057711379130029 -0.5567546758164923 0 0 0
0.0009900990099009901 -0.47531682498667915 0.40081725126656986 -0.2702891034313502 0 0 0
0.0009900990099009901 -0.27718446204185526 0.09022562548449266 -0.5385663474533378 0 0 0
0.0009900990099009901 0.2958101369171952 -0.29943950768550687 -0.17031149847014654 0 0 0
0.0009900990099009901 0.32580714095286184 -0.5064475512856503 -0.29775797435043533 0 0 0
0.0009900990099009901 0.08091541586625096 0.3395521776563429 0.24002889171012115 0 0 0
0.0009900990099009901 -0.10468467470736682 0.15416373570624511 0.46055640113744806 0 0 0
0.0009900990099009901 -0.20706444300478105 0.3322708072710061 -0.057405950469490825 0 0 0
0.0009900990099009901 -0.24314633224853435 0.351814103617017 -0.5194646133323186 0 0 0
0.0009900990099009901 -0.057728726889836456 -0.4596542500013767 0.2201337371609758 0 0 0
0.0009900990099009901 0.22207515980539483 -0.017867657195134737 -0.6097579658087597 0 0 0
0.0009900990099009901 0.1635399552913211 0.4790701446304973 0.36275880233188124 0 0 0
0.0009900990099009901 0.4122688749488555 -0.09389784674447019 0.40891676983056885 0 0 0
0.0009900990099009901 -0.09001719742467391 0.46361740296524917 0.06896300008329802 0 0 0
0.0009900990099009901 0.17981106829733282 0.22033401171982916 -0.11259525192617562 0 0 0
0.0009900990099009901 -0.5613005202919588 0.3826495423243497 -0.0850794270435943 0 0 0
0.0009900990099009901 -0.3073295242463188 0.058583598202176415 0.06121066514699993 0 0 0
0.0009900990099009901 -0.1315739739824804 -0.6003711501876278 0.15410069680287292 0 0 0
0.0009900990099009901 0.1071962548629566 0.17058470811478244 -0.008712227588317644 0 0 0
0.0009900990099009901 0.026801903669724313 -0.011517795715565384 0.5180891884359553 0 0 0
0.0009900990099009901 -0.049206246286989316 -0.42866644800012604 0.3988403964881003 0 0 0
0.0009900990099009901 -0.2086446137680117 0.22988337903051126 -0.21282578296399968 0 0 0
0.0009900990099009901 0.289830378117638 -0.1625322218206685 0.08235091130287024 0 0 0
0.0009900990099009901 -0.23074245346967545 -0.16120070671411016 -0.0771976255299462 0 0 0
0.0009900990099009901 0.39703596105551303 -0.3509646365243613 -0.05031465218503145 0 0 0
0.0009900990099009901 0.17073516712610962 0.28158376675538677 0.4820277366520475 0 0 0
0.0009900990099009901 0.26031597435294423 -0.22287533923224337 0.5908050204965601 0 0 0
0.0009900990099009901 0.2826559126559402 -0.42498350963835496 0.07876557125531142 0 0 0
0.0009900990099009901 0.6076125432023803 -0.2961947419326235 0.02413545849377382 0 0 0
0.0009900990099009901 0.27808864197990496 0.02271711603201336 0.5186497016523556 0 0 0
0.0009900990099009901 -0.1525089568192616 -0.1100664050441974 -0.333009774516503 0 0 0
0.0009900990099009901 0.10764698876152563 -0.25143703885096547 0.6094715735742507 0 0 0
0.0009900990099009901 -0.18926882745645482 0.26418506861897006 0.0413745854589023 0 0 0
0.0009900990099009901 -0.5196677833230737 0.09635094476412853 -0.04181130235031794 0 0 0
0.0009900990099009901 -0.2074281928420056 0.5603914859612795 -0.20197415958652687 0 0 0
0.0009900990099009901 -0.28957441492810154 0.12493525606451755 -0.290696567998835 0 0 0
0.0009900990099009901 0.05271226164662794 -0.1336085632773597 -0.11857813606405794 0 0 0
0.0009900990099009901 0.531517548377304 -0.030811363820046078 -0.30317695088083013 0 0 0
0.0009900990099009901 0.4659812509522218 -0.0420196241122184 0.06180425214096347 0 0 0
0.0009900990099009901 -0.11969463587769676 -0.16469323438678804 -0.20359688144164656 0 0 0
0.0009900990099009901 0.3236642521018211 -0.14645829375636893 -0.18101246738732915 0 0 0
0.0009900990099009901 0.3428399478471731 0.5122593878999847 0.09740581461387206 0 0 0
0.0009900990099009901 -0.19358641172577917 0.1603360209675139 0.5945757901368615 0 0 0
0.0009900990099009901 0.10316824939282321 0.630591279748232 0.08101343202073079 0 0 0
0.0009900990099009901 -0.16369684285779268 -0.03427150638964435 0.17198463918254386 0 0 0
0.0009900990099009901 -0.1855612588411975 -0.433257176918805 -0.201081424834982 0 0 0
0.0009900990099009901 -0.22459785724891143 0.2946795161202044 0.07867876752116937 0 0 0
0.0009900990099009901 -0.16480839027815555 0.4506373053330906 -0.06469630179325284 0 0 0
0.0009900990099009901 -0.3100096797709252 -0.006081834797321675 0.37935811801881314 0 0 0
0.0009900990099009901 -0.15495775307550913 0.1710368894737376 -0.5634137314815928 0 0 0
0.0009900990099009901 -0.3023784942297681 0.5298890156306417 0.0637179779015092 0 0 0
0.0009900990099009901 -0.25003040013709843 -0.3847412605734264 0.35035227957599663 0 0 0
0.0009900990099009901 0.11177741398353094 -0.504322945772892 0.219093161491772 0 0 0
0.0009900990099009901 0.2707532800701651 0.33123296267641184 -0.3022984868075263 0 0 0
0.0009900990099009901 0.1697545167484993 -0.48066878068120655 0.36389841542658313 0 0 0
0.0009900990099009901 0.30664605593905664 0.038748330105648564 0.49463756724173175 0 0 0
0.0009900990099009901 0.4457591799492176 0.18395795645270904 0.35090988483520485 0 0 0
0.0009900990099009901 -0.29197924033314776 -0.48820855426543014 0.05195442608860549 0 0 0
0.0009900990099009901 0.04475079191381774 0.21448022295086613 0.6381592485404849 0 0 0
0.0009900990099009901 -0.4537388457821722 0.011850272226173303 -0.29607860527783025 0 0 0
0.0009900990099009901 -0.6343964142256924 -0.07552041050886109 -0.06234481585439114 0 0 0
0.0009900990099009901 0.41330911948240345 -0.2423464327586879 -0.47173583203323827 0 0 0
0.0009900990099009901 0.19104718629116801 -0.12753015061991188 -0.6362037666069409 0 0 0
0.0009900990099009901 0.26382357191878375 0.2771093847072433 0.35390214843086937 0 0 0
0.0009900990099009901 0.3505541253000605 -0.5540642740639917 -0.05806506359475271 0 0 0
0.0009900990099009901 0.26671366836988664 0.036434901932047785 -0.5446733585320134 0 0 0
0.0009900990099009901 0.43160499367118343 -0.30876149091439986 0.14586135918404572 0 0 0
0.0009900990099009901 0.04005243285070982 -0.11382712625731901 -0.5636601497988338 0 0 0
0.0009900990099009901 0.1226943609702362 0.5619252197921895 -0.2063759315634285 0 0 0
0.0009900990099009901 -0.10084948851022946 -0.3143833600157224 0.5729597971800366 0 0 0
0.0009900990099009901 -0.14680247092789883 -0.15730226773832218 -0.42402574356717804 0 0 0
0.0009900990099009901 0.012999188582860735 0.45006848153473 0.21152497447795438 0 0 0
0.0009900990099009901 -0.5740884333942974 0.24947660705573707 -0.13545382668762002 0 0 0
0.0009900990099009901 -0.23611450975386766 0.6033477329572087 -0.11009270466080051 0 0 0
0.0009900990099009901 0.03458177818408355 0.06388183973736096 0.3456964071315579 0 0 0
0.0009900990099009901 0.0810121632680405 -0.3657833838057564 -0.4813819703388069 0 0 0
0.0009900990099009901 0.3241008041965817 -0.3906703114331854 -0.11442216913535684 0 0 0
0.0009900990099009901 0.29190200517068454 -0.08777728211321316 0.31465674703387797 0 0 0
0.0009900990099009901 0.006282526485606612 0.6900945138957058 0.001464011522181251 0 0 0
0.0009900990099009901 -0.07839591077748677 -0.36931637789619887 0.30595893143829667 0 0 0
0.0009900990099009901 0.29921652683299377 -0.3793045809466477 0.1241997260790552 0 0 0
0.0009900990099009901 0.29859676701557125 -0.48031912241218677 0.2717247670575382 0 0 0
0.0009900990099009901 -0.015871622556953336 0.12585490542752995 -0.438449297809488 0 0 0
0.0009900990099009901 -0.06289562157484466 0.08586507877986084 0.09150245689618636 0 0 0
0.0009900990099009901 0.3378040571859714 0.2955888265601932 0.5085693413181954 0 0 0
0.0009900990099009901 -0.409114819948826 0.10796253875304576 0.10562723948309972 0 0 0
0.0009900990099009901 -0.36384372491067524 -0.20548036520676285 0.1718705964850262 0 0 0
0.0009900990099009901 -0.04346601946334781 -0.2863299348834506 -0.0400049773926054 0 0 0
0.0009900990099009901 -0.5389721487310652 0.3605577835920748 -0.20913934412698035 0 0 0
0.0009900990099009901 -0.2764116153299536 -0.380139567421068 0.0681677511603744 0 0 0
0.0009900990099009901 0.0927941106973807 0.49690305647502314 0.05317292890674247 0 0 0
0.0009900990099009901 0.062281647805847655 0.4563764703490381 0.17769466996500394 0 0 0
0.0009900990099009901 -0.2426295511052519 0.12624494034084074 -0.3869002428006305 0 0 0
0.0009900990099009901 0.4725455535953355 0.10336009537007572 0.0977203014420366 0 0 0
0.0009900990099009901 -0.47575741980511976 -0.33724584767319504 0.30251840763463755 0 0 0
0.0009900990099009901 -0.39793110177763585 -0.263482130102729 -0.4407504561380479 0 0 0
0.0009900990099009901 0.41482020382622486 -0.08744002446814171 0.1545496548088907 0 0 0
0.0009900990099009901 -0.5806569762283985 -0.13910227551553142 -0.22371207507479746 0 0 0
0.0009900990099009901 -0.12140807376737767 0.2479287787868199 -0.09796371408451744 0 0 0
0.0009900990099009901 0.2533834037503135 -0.3235673714509574 0.1880028311495615 0 0 0
0.0009900990099009901 0.5018503269301234 -0.013224696811431081 0.10363916694507573 0 0 0
0.0009900990099009901 0.41927753598030343 0.2188523314746208 -0.17684469705207148 0 0 0
0.0009900990099009901 0.3570025088080348 0.01225405831599598 0.46706119021770365 0 0 0
0.0009900990099009901 -0.2649827577356832 0.49952511059726706 -0.24787413147965154 0 0 0
0.0009900990099009901 -0.40404370234055415 0.285087721598769 0.2119996647230682 0 0 0
0.0009900990099009901 0.3819608720816732 -0.43899415951280724 -0.13482393790149977 0 0 0
0.0009900990099009901 0.320534510409222 0.18219033743616064 0.45888377077912346 0 0 0
0.0009900990099009901 0.2346770581347058 -0.02323354958972958 0.3483217468582522 0 0 0
0.0009900990099009901 -0.4910997332851867 0.2023782229313242 0.41797283623294895 0 0 0
0.0009900990099009901 -0.30363928127354806 -0.2550465972187971 0.499333296258959 0 0 0
0.0009900990099009901 -0.09607172404363135 -0.25891980148779214 0.3482134837820298 0 0 0
0.0009900990099009901 0.5664843172251655 -0.1500966632723229 -0.03477306724787516 0 0 0
0.0009900990099009901 -0.08141428373878114 0.5201986901872421 -0.09034362015527483 0 0 0
0.0009900990099009901 -0.056508054191945885 -0.18150477134224852 -0.6537431362269989 0 0 0
0.0009900990099009901 -0.5860185508443828 -0.28213855690402156 -0.01697672876093171 0 0 0
0.0009900990099009901 -0.06625556913783406 -0.6329701252922623 0.206719347572821 0 0 0
0.0009900990099009901 0.3327950824857742 -0.020632591258941017 -0.012671969359576898 0 0 0
0.0009900990099009901 0.17535311802799877 -0.3547332695604295 0.3592807865698289 0 0 0
0.0009900990099009901 0.3451934376224453 -0.1921455585512223 0.46389737839159734 0 0 0
0.0009900990099009901 -0.08544272230015795 0.4312518542528772 0.34116175554137296 0 0 0
0.0009900990099009901 0.19644766537719338 -0.10210524537714878 0.027883840570236126 0 0 0
0.0009900990099009901 -0.1448251296868841 -0.5719003892518384 -0.2564466592157068 0 0 0
0.0009900990099009901 0.4449200194933954 -0.2909629659828357 -0.33766965145552735 0 0 0
0.0009900990099009901 0.11957033966431604 0.14147655349367683 -0.0036999616321407944 0 0 0
0.0009900990099009901 -0.21652300385521775 -0.15379002634618433 0.3352813939308887 0 0 0
0.0009900990099009901 0.23229638429170285 -0.07731339456196612 0.3065679848706291 0 0 0
0.0009900990099009901 -0.07971851230278401 0.5070229864771728 -0.25035216516558334 0 0 0
0.0009900990099009901 -0.3704710043466571 0.08822264809701356 -0.12094190897542781 0 0 0
0.0009900990099009901 -0.0013175212001837109 -0.5419485385226722 0.24829481476808912 0 0 0
0.0009900990099009901 0.4110385558383079 -0.10341097341588767 0.20759836386682087 0 0 0
0.0009900990099009901 0.14372915691269145 0.26692574023910726 0.10578826188074511 0 0 0
0.0009900990099009901 0.2616959451558241 -0.21312857987167477 -0.18523786810414725 0 0 0
0.0009900990099009901 -0.12070558977157504 -0.2143618094939594 0.021647674283983013 0 0 0
0.0009900990099009901 -0.6442722331771836 0.06337338849865914 -0.08791744123616513 0 0 0
0.0009900990099009901 -0.588159503878457 -0.33779656024417387 0.10546670296530283 0 0 0
0.0009900990099009901 -0.635498633054713 0.08605343938325596 -0.02831960505879849 0 0 0
0.0009900990099009901 -0.5788138641075462 -0.28418685390983556 -0.06877649490215344 0 0 0
0.0009900990099009901 -0.09989375056109939 0.24119161101396966 0.10167386155511066 0 0 0
0.0009900990099009901 -0.14353945826382536 -0.5674992631738607 -0.3664090690326655 0 0 0
0.0009900990099009901 0.16829219114882424 0.2502100952375949 -0.6177561110309392 0 0 0
0.0009900990099009901 0.20831114704942616 -0.30827996514003386 0.33253930439829915 0 0 0
0.0009900990099009901 0.19764267306792935 0.1330392080311535 0.5582371708686461 0 0 0
0.0009900990099009901 0.08489973438304521 0.08999378610049047 0.5407073632288733 0 0 0
0.0009900990099009901 -0.06473034880337931 -0.41176502906963397 -0.01663302106932299 0 0 0
0.0009900990099009901 -0.5868604262196722 -0.14772354407279373 -0.336410461128095 0 0 0
0.0009900990099009901 0.5071264380035928 -0.03463512142595922 -0.3497034201219068 0 0 0
0.0009900990099009901 0.12017845901430947 -0.0453334188275755 0.2319046453383644 0 0 0
0.0009900990099009901 -0.10550995798155773 0.44598039731876415 0.20120151291044983 0 0 0
0.0009900990099009901 -0.5535101006885712 0.23432303975904298 0.12606738494239306 0 0 0
0.0009900990099009901 -0.34975629274070874 0.07621207192254148 0.17490341023304046 0 0 0
0.0009900990099009901 0.4933654627888723 -0.26168064506539185 -0.3824900478452833 0 0 0
0.0009900990099009901 0.5840119353475519 0.24472920777209597 -0.2256156097510566 0 0 0
0.0009900990099009901 0.09835630509760865 -0.027119270907409978 -0.21210615416862041 0 0 0
0.0009900990099009901 -0.10464996028809449 -0.14679185218663665 0.647630544823963 0 0 0
0.0009900990099009901 0.22475998247207332 -0.12595513101983205 -0.3108551855048039 0 0 0
0.0009900990099009901 0.5403727289169225 0.19750649380135393 0.05006464308716412 0 0 0
0.0009900990099009901 0.03141857981248079 -0.39615194773475154 0.4446723486095325 0 0 0
0.0009900990099009901 -0.5214644668940013 -0.322612914115853 -0.1249312146673132 0 0 0
0.0009900990099009901 -0.07496943504412612 -0.645357701321693 0.08622871271476176 0 0 0
0.0009900990099009901 -0.31540710793415544 -0.1746354656760164 0.16198972036445927 0 0 0
0.0009900990099009901 0.512794798096642 -0.36049068667742384 0.28688777852056296 0 0 0
0.0009900990099009901 -0.5108192088391255 -0.11460863430384721 -0.005911999286344949 0 0 0
0.0009900990099009901 0.0161590317504478 -0.02370743591102609 -0.33913901276150754 0 0 0
0.0009900990099009901 -0.0017703734796367724 0.3539943886805501 -0.2429219395015926 0 0 0
0.0009900990099009901 0.2803937444391611 -0.39087821792537514 -0.4571731188848873 0 0 0
0.0009900990099009901 -0.06750645234223832 0.17699696758593675 0.3233763911504824 0 0 0
0.0009900990099009901 -0.3727760084094893 0.3227885220724373 -0.4384594763232357 0 0 0
0.0009900990099009901 -0.47249331950123985 0.029801677050978866 -0.24544087832144745 0 0 0
0.0009900990099009901 -0.332905118898976 0.04197930363464227 0.31485605307381054 0 0 0
0.0009900990099009901 0.327231833609205 -0.0047366932913186464 -0.5530916732888852 0 0 0
0.0009900990099009901 0.48872434844443463 0.14374397353966667 0.18750325049532338 0 0 0
0.0009900990099009901 0.06711458363930403 -0.00910543102786536 0.41159807175550567 0 0 0
0.0009900990099009901 0.021775520517616567 0.07372526453231038 0.6659190971438878 0 0 0
0.0009900990099009901 -0.1611060166455635 0.1726384573566221 0.10021281226988722 0 0 0
0.0009900990099009901 0.05068543255812406 0.35019465614509643 -0.3112259854886916 0 0 0
0.0009900990099009901 0.19932558517817636 0.521657771275982 0.14259705653856852 0 0 0
0.0009900990099009901 0.4562121245553795 0.005388961059157121 0.24074607549089602 0 0 0
0.0009900990099009901 -0.5632365590253497 -0.019077938587911188 -0.30918308301976166 0 0 0
0.0009900990099009901 0.20323270808045082 -0.10446893228046189 -0.2532460819713151 0 0 0
0.0009900990099009901 0.024085199129944175 -0.2630229200039079 0.037306196687616894 0 0 0
0.0009900990099009901 0.32780528553066246 0.030593857600580716 0.20547235099155972 0 0 0
0.0009900990099009901 0.017777060343786573 -0.0393984638164106 -0.03584287720355572 0 0 0
0.0009900990099009901 -0.3068360043308035 0.4518280189611598 -0.34194685459183044 0 0 0
0.0009900990099009901 0.3857782327922361 -0.09667714722571293 0.33296044072748965 0 0 0
0.0009900990099009901 -0.40864218341675984 -0.2096719604459116 -0.4670186756365643 0 0 0
0.0009900990099009901 0.2393373061799454 -0.30683063009483147 0.3283922897767338 0 0 0
0.0009900990099009901 -0.29273602632370604 -0.272700746501045 0.10873474367707509 0 0 0
0.0009900990099009901 0.2839435303366083 0.112511455663293 -0.49613735814246623 0 0 0
0.0009900990099009901 -0.3758318271607164 0.1865498219046794 -0.016290173121581656 0 0 0
0.0009900990099009901 0.5187528833910867 -0.23828002414526972 -0.04432384244658224 0 0 0
0.0009900990099009901 -0.22423873259573887 -0.4007832377394129 0.4717986933178586 0 0 0
0.0009900990099009901 -0.07083817304125728 0.466335951976893 0.4738455610319309 0 0 0
0.0009900990099009901 0.46166806174769565 0.1935036663647811 -0.4588299085277582 0 0 0
0.0009900990099009901 -0.259469952186948 0.47343332182553516 -0.2282802556593427 0 0 0
0.0009900990099009901 -0.5053051449445101 0.35319735718011414 0.2943142307870973 0 0 0
0.0009900990099009901 0.15541700856561552 -0.3946804442933187 0.11886428221528458 0 0 0
0.0009900990099009901 -0.27560511527524906 0.5414016187862062 -0.3279666899575793 0 0 0
0.0009900990099009901 0.27718383761531196 0.0315283489162442 -0.4746373265414681 0 0 0
0.0009900990099009901 0.5733528403924593 0.3621128696549332 -0.017573679403503698 0 0 0
0.0009900990099009901 -0.5162555703005969 0.008941598658362571 -0.1300016349002844 0 0 0
0.0009900990099009901 -0.5095192597936761 -0.07907418618460098 -0.20062136841890682 0 0 0
0.0009900990099009901 -0.4015902303059265 -0.23690859573590192 -0.4605571629196215 0 0 0
0.0009900990099009901 -0.45984769418402865 0.45218938497546884 0.11945281200699594 0 0 0
0.0009900990099009901 0.5793326236147268 -0.014118271031066078 0.33371956658731944 0 0 0
0.0009900990099009901 0.0065675619378702775 0.5200341774322609 -0.29693768982591123 0 0 0
0.0009900990099009901 0.08649638389532179 -0.21301556736325156 -0.18609688888533027 0 0 0
0.0009900990099009901 0.24589215028882933 0.43038064611404475 -0.16175765212990015 0 0 0
0.0009900990099009901 0.26611203641782916 -0.10585311685811095 0.6115885190849538 0 0 0
0.0009900990099009901 0.11720275114669337 -0.20129414903999987 -0.5567487454473126 0 0 0
0.0009900990099009901 0.22632740548947322 -0.05271713870139731 -0.3976254143167686 0 0 0
0.0009900990099009901 -0.4263000499595041 -0.18151456246148814 0.2928817764317852 0 0 0
0.0009900990099009901 0.2813165905229055 0.09751652061051752 -0.001715598577489539 0 0 0
0.0009900990099009901 0.3857890556060616 0.004033868930693114 -0.26390544214753103 0 0 0
0.0009900990099009901 -0.23123057792855325 -0.3733337179416604 -0.33585124289719304 0 0 0
0.0009900990099009901 -0.12397011475287684 0.5234776428669408 -0.31317667761379436 0 0 0
0.0009900990099009901 0.43205863592399724 -0.23611920667652475 -0.055882672295145264 0 0 0
0.0009900990099009901 -0.5055511350072899 -0.3597308845291061 -0.2074816288768904 0 0 0
0.0009900990099009901 -0.046044484547940044 -0.5048687160114828 0.10396407745727784 0 0 0
0.0009900990099009901 0.24220438715391746 -0.15562845228528407 -0.40170924395179564 0 0 0
0.0009900990099009901 -0.1632639071874365 -0.08490809915243604 -0.07594458424954828 0 0 0
0.0009900990099009901 0.22056731521247902 0.035988183703679205 -0.16503883347925702 0 0 0
0.0009900990099009901 0.2853840241302875 -0.2424195068882763 -0.02906949442556389 0 0 0
0.0009900990099009901 0.1272955709104062 0.4309063163184169 -0.5081720943976753 0 0 0
0.0009900990099009901 0.4737041197736771 0.1392211070946114 -0.2708399725778346 0 0 0
0.0009900990099009901 0.26968681101268466 0.14790452187947664 -0.009284590207461611 0 0 0
0.0009900990099009901 0.3727958503859204 0.18383971187172232 0.5057748716594319 0 0 0
0.0009900990099009901 -0.29429301419593706 0.5115480683076338 -0.19971511407299933 0 0 0
0.0009900990099009901 0.3284613879269351 0.15187761637821387 -0.0989577818667945 0 0 0
0.0009900990099009901 0.006393676136723977 0.423409468418696 -0.16509858931365234 0 0 0
0.0009900990099009901 -0.09747760643019586 0.49618522220821587 -0.4334670271338345 0 0 0
0.0009900990099009901 0.14311995472451658 -0.024323800150562774 0.41654848814060597 0 0 0
0.0009900990099009901 -0.33676829178947854 0.3198918839298208 -0.40075841142668783 0 0 0
0.0009900990099009901 0.47722787250731524 -0.10214209749515096 -0.4412602420396845 0 0 0
0.0009900990099009901 0.40741708419906825 -0.037443644424361815 0.37653547034006024 0 0 0
0.0009900990099009901 -0.3906969640566242 0.12181287996957252 0.30681073613589294 0 0 0
0.0009900990099009901 -0.3064888756595508 -0.4858086757296099 0.11968243215631327 0 0 0
0.0009900990099009901 0.3992394727672657 0.3178933004269633 0.055117234664947036 0 0 0
0.0009900990099009901 0.4370168286453745 -0.2470323853714768 -0.23112036793315882 0 0 0
0.0009900990099009901 -0.08714340336234677 0.38203531484825204 0.17554474709962944 0 0 0
0.0009900990099009901 -0.0121658692522239 0.6186128593548207 -0.1771750511919237 0 0 0
0.0009900990099009901 -0.32413790646762797 0.21364458686103568 -0.17468375104320502 0 0 0
0.0009900990099009901 0.305829609390071 -0.07176266177304982 -0.49388667909754747 0 0 0
0.0009900990099009901 0.2746288467550701 -0.21514827544325857 -0.32397173692981796 0 0 0
0.0009900990099009901 -0.5534712838037066 -0.045425946925907346 0.40668269390502515 0 0 0
0.0009900990099009901 -0.2538701050251689 0.2954966170881441 -0.260622353700574 0 0 0
0.0009900990099009901 0.06062075565954698 0.14964408394325993 0.608295972151284 0 0 0
0.0009900990099009901 -0.4128070410028632 -0.37105541152568094 -0.2200694302336079 0 0 0
0.0009900990099009901 0.06914181710561969 0.29956923470068086 0.0315673104397093 0 0 0
0.0009900990099009901 0.27702727947409544 -0.5276836427945846 -0.11687239781330379 0 0 0
0.0009900990099009901 -0.02666705403851302 -0.2905092815309576 0.04093992608666658 0 0 0
0.0009900990099009901 -0.2560337823129906 0.6079974383758062 -0.2112725746705971 0 0 0
0.0009900990099009901 -0.09887510776185682 -0.4179802666822575 -0.38596142312135295 0 0 0
0.0009900990099009901 0.11786776455392911 0.15370795158668196 -0.004951438437683341 0 0 0
0.0009900990099009901 0.10926495156940835 0.3980543274717914 0.021998327917759474 0 0 0
0.0009900990099009901 -0.15722997255382443 -0.4303894948892969 0.1102936066051404 0 0 0
0.0009900990099009901 0.4264822076245801 0.07655307707196769 -0.49338854112685165 0 0 0
0.0009900990099009901 -0.41126351755132323 -0.0881813351849624 -0.3816699487610674 0 0 0
0.0009900990099009901 0.34663315018868845 0.24940181885131565 0.19949624866889548 0 0 0
0.0009900990099009901 -0.32855948543963626 0.26499572109646613 -0.4692773073278215 0 0 0
0.0009900990099009901 0.41185827665763897 0.05327942506479606 -0.20209826334401948 0 0 0
0.0009900990099009901 0.012756158309458431 -0.5246648798128167 -0.16897680671798979 0 0 0
0.0009900990099009901 0.3940878600352883 -0.11836621626748364 0.013083649712130552 0 0 0
0.0009900990099009901 -0.14729561950102574 -0.13231272866616503 -0.6633230342476185 0 0 0
0.0009900990099009901 -0.05871934856513431 -0.6182679989447997 -0.006829795315988797 0 0 0
0.0009900990099009901 -0.5537164528758263 -0.06410626267442587 -0.1729908524410503 0 0 0
0.0009900990099009901 0.09203153561266084 -0.18220213284830739 -0.14129896093911062 0 0 0
0.0009900990099009901 0.3372518671185523 -0.2044785498874802 0.305980553736351 0 0 0
0.0009900990099009901 -0.3642875180094898 -0.5348357935872838 0.06187797763682606 0 0 0
0.0009900990099009901 0.055554920917552424 0.36654165075343337 0.3022914267989563 0 0 0
0.0009900990099009901 0.1176876890214418 0.5742759354758908 0.13768937198601205 0 0 0
0.0009900990099009901 -0.5805830889739657 -0.18381195795490793 0.15725320534514908 0 0 0
0.0009900990099009901 -0.3825119313877624 -0.059879082941822086 -0.17781277566470008 0 0 0
0.0009900990099009901 -0.04374920644285276 0.1292764592406458 -0.3929291813490737 0 0 0
0.0009900990099009901 -0.6242318937956461 -0.035635592477282256 -0.03360324828784757 0 0 0
0.0009900990099009901 -0.38743970550811063 -0.14109573886243065 -0.5279532747803976 0 0 0
0.0009900990099009901 0.4383356404556194 0.1942856490503564 0.006446333710328006 0 0 0
0.0009900990099009901 0.3296337875342299 0.1108229170718447 -0.23484080036601074 0 0 0
0.0009900990099009901 0.34235960679295213 0.4462598068783309 0.11621423398410793 0 0 0
0.0009900990099009901 0.06826386002135033 -0.2820702090213695 -0.01044800364770249 0 0 0
0.0009900990099009901 0.3949844925362706 -0.23434679542777712 0.48741657337730654 0 0 0
0.0009900990099009901 -0.3530416349361858 0.22333003358396908 0.01894582368197833 0 0 0
0.0009900990099009901 -0.09597493462455303 0.40018129844723804 -0.32728956253187286 0 0 0
0.0009900990099009901 0.40273551137566727 0.17027676898031685 0.45866731226535484 0 0 0
0.0009900990099009901 -0.09210400875902244 0.4719985192981399 0.20203546228394917 0 0 0
0.0009900990099009901 0.5428174361656858 -0.030883467276376288 -0.1913766074271903 0 0 0
0.0009900990099009901 -0.43752375391626713 0.25596136022759797 -0.027336147090326512 0 0 0
0.0009900990099009901 -0.47836957763120985 0.0951936619321385 0.19219989542680652 0 0 0
0.0009900990099009901 -0.17054887353048673 -0.5286446511460057 0.14589918323864004 0 0 0
0.0009900990099009901 -0.4266441558805992 0.07853773521503658 -0.4317306853202662 0 0 0
0.0009900990099009901 0.1788465268265605 0.40218386800190653 -0.3029269249782022 0 0 0
0.0009900990099009901 -0.01113003339054881 0.3947443681514433 0.4627289037588755 0 0 0
0.0009900990099009901 -0.12423257380382366 -0.526870956361374 0.17649179516013064 0 0 0
0.0009900990099009901 0.08798993111897585 0.6270731861195878 -0.10273873297859454 0 0 0
0.0009900990099009901 0.17589378872112216 -0.07136146155930499 0.42651828991450746 0 0 0
0.0009900990099009901 0.4479339692009259 0.20693347476547844 0.4409164313964159 0 0 0
0.0009900990099009901 -0.5369161339746221 0.17073233579785102 0.028682234154404518 0 0 0
0.0009900990099009901 -0.10954889285106223 -0.3136690941283313 0.32637920513418345 0 0 0
0.0009900990099009901 -0.286789889611419 0.006399928807145232 -0.621310624041676 0 0 0
0.0009900990099009901 -0.03370778427898807 0.17905347990786585 -0.3888601800824774 0 0 0
0.0009900990099009901 -0.1711361191976698 -0.2553515894492317 -0.006229187444212653 0 0 0
0.0009900990099009901 0.13599798439958885 -0.47931676178853333 -0.38522519717919396 0 0 0
0.0009900990099009901 0.5783297764406284 -0.1800021299462548 -0.3112530627004941 0 0 0
0.0009900990099009901 -0.46134947149974176 0.18557794809429787 -0.31322589966525355 0 0 0
0.0009900990099009901 0.5566832138125635 -0.30568698749527967 -0.040892152692059536 0 0 0
0.0009900990099009901 -0.18240565560669894 0.4292140346459998 -0.3480369277537563 0 0 0
0.0009900990099009901 -0.0949636884572861 0.4204842352839664 0.029324143385030484 0 0 0
0.0009900990099009901 0.28641830284564995 -0.16653421720677467 -0.4521058308255563 0 0 0
0.0009900990099009901 -0.04072882162065478 0.07286233536041764 -0.032459949278485 0 0 0
0.0009900990099009901 0.08317381611861338 0.12842107748690212 0.6652727237888864 0 0 0
0.0009900990099009901 -0.11434429589749977 0.43256619373413163 0.04125912669759023 0 0 0
0.0009900990099009901 -0.2193077594291242 0.20700304979249465 -0.24420213705531973 0 0 0
0.0009900990099009901 -0.090362702961079 -0.42418300734240166 0.04347848261777775 0 0 0
0.0009900990099009901 -0.17416057985790234 0.08151149541811382 0.6196881201347947 0 0 0
0.0009900990099009901 -0.01921225273545847 -0.5369265318176477 0.25630331841510773 0 0 0
0.0009900990099009901 -0.03334077751103446 0.0942219967517994 -0.48052075478345707 0 0 0
0.0009900990099009901 0.08880223076814879 0.10399339798031786 -0.3996081635212549 0 0 0
0.0009900990099009901 0.4618047454034571 -0.168611763423077 0.2649096381941598 0 0 0
0.0009900990099009901 0.1258296258971977 0.57525353991094 0.11073125545484885 0 0 0
0.0009900990099009901 0.16118798177373256 -0.1583424751145358 -0.6387090290496618 0 0 0
0.0009900990099009901 0.3069096971036246 -0.1021849177264654 -0.2640767003107741 0 0 0
0.0009900990099009901 0.5151854083587776 -0.07647188384599214 0.3457986733528248 0 0 0
0.0009900990099009901 -0.14170329243155289 -0.2314444456815537 -0.1531954437684092 0 0 0
0.0009900990099009901 -0.08498367913625932 0.21672379280333684 0.4882249949444246 0 0 0
0.0009900990099009901 0.3136265493096139 0.2972273335951321 -0.2886057079131196 0 0 0
0.0009900990099009901 0.1050147787846862 0.5873028005893963 -0.3162005396817514 0 0 0
0.0009900990099009901 0.13742374700121013 -0.36039043488995665 -0.22593645713314037 0 0 0
0.0009900990099009901 -0.03701241509821204 0.5358083867216135 0.03943331653019216 0 0 0
0.0009900990099009901 0.3108891098271853 -0.4552398552230795 -0.2726886396929421 0 0 0
0.0009900990099009901 -0.32380362280118086 -0.2448353891366841 0.5040861555031391 0 0 0
0.0009900990099009901 -0.42225072850546236 -0.35376345545034105 0.3260685423108585 0 0 0
0.0009900990099009901 0.18725282880688143 -0.36572099384591955 -0.2034186578805551 0 0 0
0.0009900990099009901 0.17751507101506958 -0.49569826869833467 0.009888585934142094 0 0 0
0.0009900990099009901 -0.3556644470388015 0.038458011670541976 0.5744065460927871 0 0 0
0.0009900990099009901 -0.5199393763325763 0.2082050961027898 0.3945751536699063 0 0 0
0.0009900990099009901 0.16624329429310056 -0.35692488957998675 -0.005321181755403081 0 0 0
0.0009900990099009901 0.47850522793716554 -0.42166530782963496 0.15279309790826695 0 0 0
0.0009900990099009901 0.06129294289311886 -0.17867870238778458 -0.6536104510900465 0 0 0
0.0009900990099009901 0.36874078566286744 0.2972204661788995 -0.35953193955488855 0 0 0
0.0009900990099009901 -0.21288378862639631 0.12943293595696648 -0.1077205505120844 0 0 0
0.0009900990099009901 0.05992283076834908 0.20070350287349287 0.17028347818917156 0 0 0
0.0009900990099009901 -0.5417832388774102 -0.28264599341805796 0.1953427152884207 0 0 0
0.0009900990099009901 -0.25274084399467145 -0.48176166506427326 0.13490648361381438 0 0 0
0.0009900990099009901 0.219775263565207 0.1857902499005589 0.4443350558792536 0 0 0
0.0009900990099009901 -0.11509399745889569 0.5413660002009253 -0.012490061863985692 0 0 0
0.0009900990099009901 -0.1697332079233021 0.03287405326480421 0.4341243157816885 0 0 0
0.0009900990099009901 -0.10626966982202345 0.3945263908452721 0.020563858796177524 0 0 0
0.0009900990099009901 0.4310197190351814 -0.3551963792709295 0.07794194895098895 0 0 0
0.0009900990099009901 -0.35056929558388517 0.33901369145314814 0.4883933891516911 0 0 0
0.0009900990099009901 0.02443068559595159 0.10424241524194196 0.23194574939295562 0 0 0
0.0009900990099009901 0.2902105577564824 0.5218497343791481 -0.03239875266301091 0 0 0
0.0009900990099009901 -0.6234747772614067 -0.15635686098505247 -0.2104507368392626 0 0 0
0.0009900990099009901 0.19633056119666742 0.2636013430824788 0.5072232374692253 0 0 0
0.0009900990099009901 -0.36405770939478055 0.25534971292956704 0.2123305075992729 0 0 0
0.0009900990099009901 0.6073504474822061 -0.0011292365266584632 -0.1215056931288937 0 0 0
0.0009900990099009901 -0.4146121233075292 0.4041072426583295 -0.31286273213678334 0 0 0
0.0009900990099009901 0.055068561983503156 -0.14445827716548038 -0.27895204997733786 0 0 0
0.0009900990099009901 0.2078204680740536 0.4045992914087586 -0.04113566033714639 0 0 0
0.0009900990099009901 0.017044169287661767 0.10028609141575864 -0.022702836154545398 0 0 0
0.0009900990099009901 -0.2772000478000082 0.16072309232889584 -0.4981213541967834 0 0 0
0.0009900990099009901 0.32724489031264664 -0.29599975327130645 -0.5295793732238337 0 0 0
0.0009900990099009901 0.04925262649560471 0.6702114458109014 -0.12977307370074914 0 0 0
0.0009900990099009901 -0.5833077518510144 -0.3224209966726088 0.07393350457277122 0 0 0
0.0009900990099009901 -0.3604567563063505 0.018149243888797857 -0.4143033873391733 0 0 0
0.0009900990099009901 0.06481803476487162 0.07618433320458445 -0.5350300622345708 0 0 0
0.0009900990099009901 -0.012787757221578822 0.5279456869477627 -0.2359607967771831 0 0 0
0.0009900990099009901 0.29345420400724564 -0.5596000586029098 0.02367117173756852 0 0 0
0.0009900990099009901 -0.4986820917905662 0.07662431425994187 -0.39955421224144455 0 0 0
0.0009900990099009901 -0.07641143446529364 -0.6857257597183319 0.05495211613510592 0 0 0
0.0009900990099009901 -0.3065519394877877 0.4258251740520762 -0.3809568104144004 0 0 0
0.0009900990099009901 -0.4027568440144272 0.007379760595998177 0.18657336745198386 0 0 0
0.0009900990099009901 -0.03613007077551842 0.11812314473232538 -0.07005319288457365 0 0 0
0.0009900990099009901 0.002774543357946628 -0.4290326123065646 0.41604924652245473 0 0 0
0.0009900990099009901 -0.23162659912015174 0.5638297974502189 -0.0062630086019916315 0 0 0
0.0009900990099009901 -0.10721899907037652 -0.5578007475067148 0.12046117269841876 0 0 0
0.0009900990099009901 0.5990889122088 0.23148397489330286 0.22005955403601404 0 0 0
0.0009900990099009901 0.5905304857749452 -0.07375048714419437 0.15609851622997362 0 0 0
0.0009900990099009901 0.23603714834626385 -0.5063761750582468 0.185960190722459 0 0 0
0.0009900990099009901 0.5764784286489588 -0.021661802216628088 0.02463337450172463 0 0 0
0.0009900990099009901 -0.08380374637223002 0.6313155576700897 -0.15883570763199142 0 0 0
0.0009900990099009901 -0.3879946099883745 0.17002556963031215 -0.27613075824088296 0 0 0
0.0009900990099009901 0.22357251789619467 0.48224997761237687 -0.06151895731813548 0 0 0
0.0009900990099009901 -0.0843643080815315 -0.009797500939560045 0.14560158359948105 0 0 0
0.0009900990099009901 0.029486637475609805 -0.37484411823455777 0.23804926769017729 0 0 0
0.0009900990099009901 -0.2977805019631616 -0.011854901412143331 0.46373344179883935 0 0 0
0.0009900990099009901 -0.26727636232470514 -0.5474335778656022 -0.30448806790827804 0 0 0
0.0009900990099009901 0.19071112787680228 -0.18645599394557974 0.4402134391110458 0 0 0
0.0009900990099009901 0.11748880414320799 0.1582672379327029 -0.5632342187208865 0 0 0
0.0009900990099009901 -0.14629552250629793 0.08644247261952469 0.17401840811122546 0 0 0
0.0009900990099009901 0.2498206107603254 0.33722886080743486 0.09697943144702591 0 0 0
0.0009900990099009901 -0.43555158891921764 0.024225674329325955 -0.16826165092290082 0 0 0
0.0009900990099009901 0.30501541519060965 -0.5619550044088262 0.1996986374179296 0 0 0
0.0009900990099009901 -0.07154145768757672 0.09376175823674239 -0.021497325206314956 0 0 0
0.0009900990099009901 0.11717661238519807 -0.4888543526411922 0.3279517122981737 0 0 0
0.0009900990099009901 -0.5539345489658779 -0.081032170891021 0.018121366920892574 0 0 0
0.0009900990099009901 0.2296235856009005 0.5040821225282253 0.1940244243618101 0 0 0
0.0009900990099009901 -0.32144382589025267 -0.264181554849548 0.07084242645714782 0 0 0
0.0009900990099009901 0.4814149458363467 -0.15563381917162394 0.35419386994696955 0 0 0
0.0009900990099009901 -0.29543215136785644 -0.026884949894900884 0.33976715685675446 0 0 0
0.0009900990099009901 -0.35081957537718844 -0.0474739125413234 0.3571146807467897 0 0 0
0.0009900990099009901 -0.3481704964693825 -0.3347402349323227 -0.4701891176595077 0 0 0
0.0009900990099009901 0.4682620634177372 0.10490535704226626 0.0883619165945551 0 0 0
0.0009900990099009901 0.3457515967312773 0.23604193046822916 0.4103889377094123 0 0 0
0.0009900990099009901 -0.21866372256379252 -0.25050342294325084 -0.1862129328918333 0 0 0
0.0009900990099009901 -0.3892283128840261 0.38476397377003396 0.1946860863030069 0 0 0
0.0009900990099009901 -0.21995870156025712 0.04431914180400196 0.44513877357982634 0 0 0
0.0009900990099009901 0.5363162222246086 -0.0011819389046680072 0.3045116212473811 0 0 0
0.0009900990099009901 0.06062283753781059 0.21943713929258182 0.5809805784406772 0 0 0
0.0009900990099009901 0.31569603003340985 0.37854973562996663 0.30830784610397216 0 0 0
0.0009900990099009901 0.14848237488754917 -0.03265343002580644 -0.19009777007089168 0 0 0
0.0009900990099009901 -0.3670204487737971 -0.09830687852761574 0.1124698646217998 0 0 0
0.0009900990099009901 0.3690702575975353 -0.09287116152047167 -0.1240366485164108 0 0 0
0.0009900990099009901 -0.22178608468877214 0.21431679356888264 0.11053216649571859 0 0 0
0.0009900990099009901 0.1911279597760191 -0.3003873121484174 0.16766788180621178 0 0 0
0.0009900990099009901 -0.23102018954316333 -0.10719673709021138 -0.43266030270344646 0 0 0
0.0009900990099009901 0.10031777034902031 0.558651972994272 0.3705891039576062 0 0 0
0.0009900990099009901 -0.31467260066980757 -0.3542043942293104 -0.4050011121667536 0 0 0
0.0009900990099009901 0.11652374154442074 -0.5583219952953886 -0.06325598153793177 0 0 0
0.0009900990099009901 -0.07240450079697908 0.294098602133281 -0.32292404947320436 0 0 0
0.0009900990099009901 0.0091465725535542 0.13779220324527727 0.4474898173720583 0 0 0
0.0009900990099009901 -0.5197829588340205 -0.3436285881235644 0.10005644507001839 0 0 0
0.0009900990099009901 0.375904390427546 0.028448641310303276 0.34677354160041907 0 0 0
0.0009900990099009901 -0.026718616364658596 0.14405586698449743 -0.06889189224679271 0 0 0
0.0009900990099009901 0.0899234414072977 0.36805347026617785 0.5485582742902977 0 0 0
0.0009900990099009901 0.05583735369539829 -0.2848103812391685 -0.5439857463753079 0 0 0
0.0009900990099009901 0.31263348194104107 -0.4594583601954521 -0.11430031126908496 0 0 0
0.0009900990099009901 0.2472306753489696 -0.44221389920797644 0.2194385248811944 0 0 0
0.0009900990099009901 0.40346308822400756 0.4279871451923292 -0.15948352482200076 0 0 0
0.0009900990099009901 -0.4277122619167535 0.2667533956359137 0.06171964819455615 0 0 0
0.0009900990099009901 -0.23611730223170838 -0.000769016103129745 0.5246283192692587 0 0 0
0.0009900990099009901 -0.17687880952436394 0.40530769686820506 -0.2806638736144328 0 0 0
0.0009900990099009901 0.48789529253447406 0.3293352786377232 -0.04647042344947709 0 0 0
0.0009900990099009901 -0.04425050683045388 -0.18814810784136712 0.5529772402708003 0 0 0
0.0009900990099009901 0.02241439026700569 -0.021880143879124857 -0.4213799744058635 0 0 0
0.0009900990099009901 0.2810576424638216 0.26327157792482303 -0.2367811777159264 0 0 0
0.0009900990099009901 0.0844289637203834 -0.36812288386245623 -0.11956604663422032 0 0 0
0.0009900990099009901 -0.4522889068272138 0.24169898954019212 -0.35538082263423676 0 0 0
0.0009900990099009901 -0.1637146191759358 -0.3627621656449323 0.24906591281298884 0 0 0
0.0009900990099009901 -0.04671688442629953 -0.031126185782597692 0.30283741640556816 0 0 0
0.0009900990099009901 -0.15863633071298544 -0.18453104850288915 -0.07855256771476368 0 0 0
