370
0
0.002702702702702703 0.30828097478848243 -0.01274798779121318 -0.39281310739152697 0 0 0
0.002702702702702703 -0.5788698082341408 -0.09579045623986789 -0.1342610120246966 0 0 0
0.002702702702702703 0.16287379346452235 0.19830920975820845 0.3514130261856626 0 0 0
0.002702702702702703 -0.42731355706618274 0.4526742431999488 0.07963136422762442 0 0 0
0.002702702702702703 0.28071029421882965 0.04572905985547025 -0.5728937818343379 0 0 0
0.002702702702702703 -0.2880282176378695 -0.018887537917606657 -0.5477226121671778 0 0 0
0.002702702702702703 -0.1077405266731364 0.5656645236215847 0.26052612595579105 0 0 0
0.002702702702702703 0.3397256419341964 0.10311529185581075 0.22822456944796002 0 0 0
0.002702702702702703 -0.051528175208683975 -0.11091610749277138 -0.09993214195807364 0 0 0
0.002702702702702703 0.1788138613412141 -0.5383836340231419 0.3018210550855331 0 0 0
0.002702702702702703 -0.10371880373398266 0.12328597600196498 0.21608776984471223 0 0 0
0.002702702702702703 0.37451259214114585 0.12032781051318832 0.18992240073244077 0 0 0
0.002702702702702703 0.1774070372991679 0.23139510964245474 0.13269147750578203 0 0 0
0.002702702702702703 0.22655646211250932 -0.20315320218509966 0.0779752405056234 0 0 0
0.002702702702702703 -0.04051404329273101 0.20087784996565247 0.5590797870187397 0 0 0
0.002702702702702703 -0.006644629058985191 0.08940663020087528 0.15187343365593886 0 0 0
0.002702702702702703 -0.04859168440785419 0.1798068825849103 -0.36702414401355454 0 0 0
0.002702702702702703 0.12368093125021305 0.4998304428127819 0.36239616718489087 0 0 0
0.002702702702702703 -0.07025145477840047 -0.2344672791212909 0.1480842979577061 0 0 0
0.002702702702702703 -0.4270209661324851 -0.35086860870966385 0.07418026315826874 0 0 0
0.002702702702702703 -0.300439368820361 -0.518179929839998 0.30967931453308345 0 0 0
0.002702702702702703 0.4295036815467699 0.058180772432378465 -0.08367120890302583 0 0 0
0.002702702702702703 -0.02855345887096392 -0.5539591891241987 0.412575398146405 0 0 0
0.002702702702702703 -0.1131851414474272 0.13051663070357136 -0.4116974007028264 0 0 0
0.002702702702702703 0.1597433265758242 0.08249140270881253 0.3041748665215398 0 0 0
0.002702702702702703 0.4546188391639678 -0.20545807098879548 -0.3810284660461514 0 0 0
0.002702702702702703 -0.5251061387004873 0.19026210850428532 -0.16054487213322055 0 0 0
0.002702702702702703 -0.13301517976949942 -0.12263443477407279 -0.45038717451894267 0 0 0
0.002702702702702703 -0.5866491231918469 0.2551999126106828 0.21649974810538436 0 0 0
0.002702702702702703 -0.28452137905116226 -0.11391329294674893 -0.5026985411452236 0 0 0
0.002702702702702703 -0.027553106341615768 -0.12326628627398956 -0.5025710316107856 0 0 0
0.002702702702702703 -0.11918220083118773 -0.12907553816111828 -0.2053164193307776 0 0 0
0.002702702702702703 -0.06798532587329527 0.2161301702766536 -0.2699072678247413 0 0 0
0.002702702702702703 -0.11488944607733621 0.13888660838450317 0.08898190047266652 0 0 0
0.002702702702702703 0.37587109744863473 -0.008957099004014453 -0.3049040382365143 0 0 0
0.002702702702702703 -0.06912103386585804 -0.3008435342356903 0.4314849839527906 0 0 0
0.002702702702702703 -0.6563559720445198 -0.11914672501034519 0.15571090960110967 0 0 0
0.002702702702702703 -0.19071133820821484 -0.16297950209040715 0.572900532307896 0 0 0
0.002702702702702703 0.12090399808968563 0.3941533926098405 -0.44850959258159395 0 0 0
0.002702702702702703 0.20541325589919002 -0.13327141807255105 -0.3118181717118279 0 0 0
0.002702702702702703 0.0012688132449300384 -0.21214252703476488 -0.6302819501793088 0 0 0
0.002702702702702703 -0.5004239365246337 -0.012377133259253974 -0.4139662754307592 0 0 0
0.002702702702702703 -0.43653371376340033 -0.1413846511030045 -0.14880788391265712 0 0 0
0.002702702702702703 -0.05029805310160106 -0.01166526347581445 -0.33996924841821013 0 0 0
0.002702702702702703 0.13837080437941568 -0.13566197555659032 -0.47293062548593257 0 0 0
0.002702702702702703 0.0990319096743114 0.44175949012298044 -0.16831986501305388 0 0 0
0.002702702702702703 -0.15352075628687278 -0.5387626707892634 -0.11043100904471632 0 0 0
0.002702702702702703 0.5684558283980327 0.30495548380936627 -0.14845488246906396 0 0 0
0.002702702702702703 -0.0026252565449059457 -0.5536863448444174 -0.2536826501966189 0 0 0
0.002702702702702703 -0.28709396644647034 0.606610134241815 -0.07195423229323318 0 0 0
0.002702702702702703 0.253747448895486 -0.4597987136767681 -0.13221864222664068 0 0 0
0.002702702702702703 0.15370852449865718 0.416887305532935 -0.3304582295645936 0 0 0
0.002702702702702703 -0.09088027552356794 0.3139248738168548 0.4928776951661854 0 0 0
0.002702702702702703 -0.13372940114260337 -0.3429655083020394 0.5160671800611246 0 0 0
0.002702702702702703 0.363554975943468 0.19703927872400598 0.017789199708712105 0 0 0
0.002702702702702703 -0.06136297882294735 0.025410398354698726 0.1982424598442911 0 0 0
0.002702702702702703 -0.20751246718473854 -0.2740977814905194 -0.34874227910972594 0 0 0
0.002702702702702703 -0.10754923917198388 0.11223195581115217 0.40116842619180565 0 0 0
0.002702702702702703 -0.22665714358936365 -0.505060840997274 -0.22457260355725298 0 0 0
0.002702702702702703 0.35374439437714655 -0.0396987250558117 -0.3804315649250311 0 0 0
0.002702702702702703 -0.41988955673759776 -0.05843602872815519 -0.2541881635634235 0 0 0
0.002702702702702703 -0.5307116448630305 -0.21684473947672245 0.2761969801577743 0 0 0
0.002702702702702703 -0.5140914222671111 0.07335650652925473 0.3345523207596394 0 0 0
0.002702702702702703 -0.12803158914214086 0.4428536814457436 0.38047625078542396 0 0 0
0.002702702702702703 0.18650321451860583 -0.04205147191015846 0.6231457720781408 0 0 0
0.002702702702702703 -0.15783752325367945 -0.6450165605881963 0.09380825169423906 0 0 0
0.002702702702702703 -0.08145923731224526 0.4251943603331963 0.120945068160283 0 0 0
0.002702702702702703 -0.18091562989474005 0.6087842950477569 -0.01826264997188912 0 0 0
0.002702702702702703 0.1427044851857626 -0.269786568671484 0.6012351880839557 0 0 0
0.002702702702702703 -0.48615109554939095 -0.08739257686657323 -0.009108347921096323 0 0 0
0.002702702702702703 0.3731332358106368 -0.11655077063517129 -0.3195434001151026 0 0 0
0.002702702702702703 0.2874111982610826 0.5169628102737728 -0.10845300079092819 0 0 0
0.002702702702702703 -0.533972208888589 -0.04119478519574174 -0.3528771784646021 0 0 0
0.002702702702702703 0.27099183299296664 0.10568528682951775 0.4074951997589977 0 0 0
0.002702702702702703 0.16735443998188732 0.09146813304538393 -0.6175787562303854 0 0 0
0.002702702702702703 0.12638211507107644 0.5244472950414545 0.1145661519511593 0 0 0
0.002702702702702703 -0.3724189107937234 -0.10269134490987927 -0.2882544182075932 0 0 0
0.002702702702702703 -0.15295947545288513 -0.2446973955734889 -0.09986390422595418 0 0 0
0.002702702702702703 -0.332393089560582 0.13232836998823697 -0.1947023661234772 0 0 0
0.002702702702702703 -0.38927466981218434 0.2935702893168837 -0.33452451389703625 0 0 0
0.002702702702702703 -0.13909956112749927 -0.5719928490672274 0.14997573153019192 0 0 0
0.002702702702702703 -0.18030766668132034 0.4285959883171312 0.3598389363056692 0 0 0
0.002702702702702703 -0.026218855226740154 -0.40667172284418357 0.341084298659071 0 0 0
0.002702702702702703 -0.4336345094529122 -0.06488027668431924 0.28693790171786987 0 0 0
0.002702702702702703 0.5391180011456629 0.20308285731827108 -0.3258700559376436 0 0 0
0.002702702702702703 -0.5080070728286755 -0.2896961748632451 -0.21941598098065243 0 0 0
0.002702702702702703 0.4587072445557994 -0.25791348945368664 0.07385823141661733 0 0 0
0.002702702702702703 0.1147009958142235 0.2779890930029988 0.20465954981491732 0 0 0
0.002702702702702703 -0.0710840395448951 0.15419589856602678 0.04211400999247733 0 0 0
0.002702702702702703 -0.338842594266041 -0.38612562346464707 0.27910752836372654 0 0 0
0.002702702702702703 -0.09073911394794956 0.602030566720783 -0.2359491071959422 0 0 0
0.002702702702702703 -0.3084026940970258 -0.21135015757514786 -0.5582867204430364 0 0 0
0.002702702702702703 0.06396709495829099 0.133258505328412 0.29996289303337975 0 0 0
0.002702702702702703 -0.28026720823707213 -0.43669275878023106 0.01905242798909045 0 0 0
0.002702702702702703 -0.38843162204528947 -0.2476534353200722 0.41039687383359974 0 0 0
0.002702702702702703 0.33901181347926684 0.10728213321044894 0.009108376009024777 0 0 0
0.002702702702702703 -0.00874366212789392 0.4726563385586774 -0.06708384484551062 0 0 0
0.002702702702702703 -0.3699772475324051 0.37181786332555367 0.036084815097823034 0 0 0
0.002702702702702703 0.22102839300034433 0.054404671578590066 0.3311007934885301 0 0 0
0.002702702702702703 -0.25444379938727046 0.262015334810306 -0.22190708965241238 0 0 0
0.002702702702702703 0.6183538659212927 -0.1403894910894789 -0.23197866659287839 0 0 0
0.002702702702702703 -0.13640708808361798 -0.19682744762062002 0.6178049547537522 0 0 0
0.002702702702702703 -0.006898964500735221 0.16485007296220028 0.06417773347404414 0 0 0
0.002702702702702703 0.0287722242425749 -0.46712496804822023 -0.35045011843226503 0 0 0
0.002702702702702703 0.20570469676111683 0.3885773337687206 -0.5013084980139183 0 0 0
0.002702702702702703 0.14889277244301302 0.25396697535454027 0.6228993791811198 0 0 0
0.002702702702702703 -0.24881687675889394 -0.4033530900437419 0.38164815610758407 0 0 0
0.002702702702702703 -0.37867743924422587 0.4483545190367611 0.32201822570380534 0 0 0
0.002702702702702703 -0.5269896525959709 0.10530173102735918 0.0013632890791719552 0 0 0
0.002702702702702703 -0.0762519219608534 0.24220828862744362 0.31242784736111767 0 0 0
0.002702702702702703 -0.2854579063627972 0.34612969556999174 0.5101059115992274 0 0 0
0.002702702702702703 -0.4474108073172884 0.4638322570786479 0.044078984754463556 0 0 0
0.002702702702702703 0.037073414450123826 0.018172926879456944 -0.11566970819220648 0 0 0
0.002702702702702703 -0.08850178174341622 -0.31923626194087934 0.4182256206758708 0 0 0
0.002702702702702703 0.14251368362239641 0.02359980703338822 -0.6172042037557329 0 0 0
0.002702702702702703 -0.23593283792461936 -0.5359734218837489 0.33750047504735264 0 0 0
0.002702702702702703 -0.2246005090136491 0.12096200985761353 -0.33949058116064385 0 0 0
0.002702702702702703 -0.3033765324269944 -0.04291363818782668 -0.03472673754819834 0 0 0
0.002702702702702703 0.08162872871136612 -0.2411640136942719 -0.15775480077205006 0 0 0
0.002702702702702703 -0.3648752964378219 -0.46658296391446563 -0.27351528105681466 0 0 0
0.002702702702702703 0.32000660239310635 -0.5841370642395232 0.08183877747272271 0 0 0
0.002702702702702703 -0.09582696497872693 0.6285053468741035 -0.21245622212092738 0 0 0
0.002702702702702703 -0.2588836407968587 -0.21526763370820712 -0.1045602895205017 0 0 0
0.002702702702702703 -0.6194305064114826 -0.12379226485516291 -0.21112021886455934 0 0 0
0.002702702702702703 -0.4059473724296072 0.1319420232354527 -0.07404176173639693 0 0 0
0.002702702702702703 -0.42049253029503947 -0.5063060972720733 -0.10625594593237289 0 0 0
0.002702702702702703 0.592153649846024 -0.09408124012707765 0.06824310680509608 0 0 0
0.002702702702702703 0.30886985465571876 -0.32569402787372004 0.007462934528247178 0 0 0
0.002702702702702703 0.03866824871534244 -0.10601365497327042 0.42630589918102474 0 0 0
0.002702702702702703 0.04862417028659322 0.40696613938918336 0.17819030987224757 0 0 0
0.002702702702702703 -0.5990276004900598 -0.3351767319733603 -0.09259775207446347 0 0 0
0.002702702702702703 0.24402061565126593 0.1305052375212238 0.08546205358448752 0 0 0
0.002702702702702703 -0.3656128978264011 -0.27584520774242954 0.22879863419133234 0 0 0
0.002702702702702703 0.1506820037001067 0.36138433387819274 0.48551518929537263 0 0 0
0.002702702702702703 -0.12109741488210074 0.45841957627066904 0.24902891490454196 0 0 0
0.002702702702702703 0.12747807447220616 -0.39061365866216363 -0.4195163786593446 0 0 0
0.002702702702702703 0.2138533440940962 -0.2905764910025232 0.4748742108904872 0 0 0
0.002702702702702703 0.4280488894407503 0.1352511479916849 0.3909719963018444 0 0 0
0.002702702702702703 -0.3499615710678279 0.1885792937203347 0.14140733013363582 0 0 0
0.002702702702702703 0.4282421413606571 -0.15678350366563742 0.1450135058790611 0 0 0
0.002702702702702703 0.5276055412289561 -0.08365872181088352 -0.3618821035685997 0 0 0
0.002702702702702703 0.43564936800458504 -0.15241861685866975 0.2529991413180098 0 0 0
0.002702702702702703 -0.017147782084853923 -0.18996961058461823 0.25937482222396074 0 0 0
0.002702702702702703 0.18846278045681508 0.2946009538569331 0.4219875649962686 0 0 0
0.002702702702702703 -0.1883043629474148 -0.08361778794762237 0.6075136649844782 0 0 0
0.002702702702702703 0.4610144097371171 -0.0886300182333548 0.4882631007696235 0 0 0
0.002702702702702703 0.03817282277157055 -0.3661482452560807 0.49666010283990797 0 0 0
0.002702702702702703 -0.11236780219737921 -0.06396080339189697 -0.0429186994192348 0 0 0
0.002702702702702703 -0.2770346604337544 -0.29445757065181055 -0.17603580731760562 0 0 0
0.002702702702702703 0.5416071643864565 -0.06803818439997641 0.11450597027956229 0 0 0
0.002702702702702703 0.339539412423246 0.18638345914096757 -0.31845308433550834 0 0 0
0.002702702702702703 -0.610862366635449 -0.06205970347169381 -0.21659592595388344 0 0 0
0.002702702702702703 -0.2877426064487479 0.4129095859162407 0.2839233160592807 0 0 0
0.002702702702702703 0.5637666500969458 0.059219357536204636 -0.3146075466902302 0 0 0
0.002702702702702703 0.49260328291703215 -0.2875488619553771 -0.38928342775387553 0 0 0
0.002702702702702703 -0.3901672002330938 0.08623891896015494 -0.27604223884632184 0 0 0
0.002702702702702703 -0.09924252759673262 -0.29440162238828566 0.46190270829715835 0 0 0
0.002702702702702703 0.3790322493244074 -0.030711302991383534 0.03155663646463284 0 0 0
0.002702702702702703 0.010819991625260292 -0.4103405177043254 -0.22788882303780597 0 0 0
0.002702702702702703 -0.09667458027618958 0.5210045908402121 0.2878428932208092 0 0 0
0.002702702702702703 0.36909499699218834 0.3272872782603862 -0.11666523200654598 0 0 0
0.002702702702702703 0.25644873317433203 0.36687809508397834 0.011117330413232991 0 0 0
0.002702702702702703 0.3517588182278211 0.3432590015867948 -0.23091836714592087 0 0 0
0.002702702702702703 -0.1058614048800517 -0.29332556874213067 -0.41401127074560495 0 0 0
0.002702702702702703 0.18029951788276932 0.3703565535690234 0.42285167373456795 0 0 0
0.002702702702702703 -0.29711322455865813 0.4696024588007152 0.0481630386094554 0 0 0
0.002702702702702703 -0.41344300993070593 0.11970348480032156 0.31652849135822186 0 0 0
0.002702702702702703 -0.2733617320028832 0.2202783640238907 -0.04518493683698138 0 0 0
0.002702702702702703 0.06777805044127035 -0.32601789235338036 0.14047141435030458 0 0 0
0.002702702702702703 0.18251719548431192 0.5450077330881737 0.255554373414748 0 0 0
0.002702702702702703 -0.22632267680767842 0.18024108577299328 -0.605722659759433 0 0 0
0.002702702702702703 -0.14839705040044265 -0.4400903901013766 0.3514790965124022 0 0 0
0.002702702702702703 -0.02932439178755505 0.5971856916100128 -0.05731873610749286 0 0 0
0.002702702702702703 0.18447547818746687 0.3379760184186876 0.337851186081211 0 0 0
0.002702702702702703 -0.40066104327663193 0.4315420349303508 -0.24758747827462294 0 0 0
0.002702702702702703 -0.4704026933912344 -0.2929292362778017 -0.23509090900382124 0 0 0
0.002702702702702703 -0.12643401497972703 -0.07167847343719469 0.27331956454365186 0 0 0
0.002702702702702703 -0.02689228571689217 -0.06220535842650098 -0.4216929480633379 0 0 0
0.002702702702702703 -0.4876801959786521 0.18864074822862095 -0.27066218862517677 0 0 0
0.002702702702702703 -0.49575160706905425 0.2207268561927079 -0.023163635971725327 0 0 0
0.002702702702702703 0.339538359381442 0.0847754205495898 0.05084465181434321 0 0 0
0.002702702702702703 -0.4855539997248079 -0.37194352593722724 -0.191974550058825 0 0 0
0.002702702702702703 -0.09247208100678554 0.04202891313656056 0.3323422473686247 0 0 0
0.002702702702702703 0.3988625388472094 0.31405264735386573 0.22793120159478505 0 0 0
0.002702702702702703 -0.48342994885754165 0.35485265677429745 -0.06165875151729729 0 0 0
0.002702702702702703 0.057649898803960396 -0.34706886547546667 0.28074063647891606 0 0 0
0.002702702702702703 0.2931675211563598 0.16627790121980615 0.3207386208867649 0 0 0
0.002702702702702703 0.17935878611648912 0.24033887850497798 0.07192610283650207 0 0 0
0.002702702702702703 -0.09877146566429708 -0.00785076429773575 0.17264511536979404 0 0 0
0.002702702702702703 -0.3382890501876697 0.2127331233872165 -0.017291779996610444 0 0 0
0.002702702702702703 0.10022109700112933 0.25125308790135165 0.42619216632806345 0 0 0
0.002702702702702703 -0.5104654958750138 -0.10995467449629479 0.3897297225163558 0 0 0
0.002702702702702703 -0.15663532208628442 0.5650348474885631 0.0848932683381916 0 0 0
0.002702702702702703 -0.07646231412088027 0.2848803512258861 0.5485328960095677 0 0 0
0.002702702702702703 -0.41048290443620644 0.4293788956196574 -0.08503189820989376 0 0 0
0.002702702702702703 0.06292986526423035 0.12763807603905428 -0.21522934600480503 0 0 0
0.002702702702702703 -0.6314390043289669 0.16237883416783772 0.1790889416655432 0 0 0
0.002702702702702703 -0.3598731152900398 0.00862466847475676 0.2692916497203526 0 0 0
0.002702702702702703 -0.5105530387574735 0.11237723638428596 -0.4518900286336509 0 0 0
0.002702702702702703 -0.3817789332850889 -0.3380352245020563 -0.40473345207156536 0 0 0
0.002702702702702703 0.2601256622325876 0.32444489910751767 0.012935539908225543 0 0 0
0.002702702702702703 -0.40703395568464507 0.3256974512237211 0.057905143955872124 0 0 0
0.002702702702702703 0.3639362849834848 -0.2459624174335438 -0.13607799379491997 0 0 0
0.002702702702702703 -0.23430708413836873 -0.6363530094486911 0.043922872891696815 0 0 0
0.002702702702702703 0.3761320329088832 0.08708705353331045 -0.4692976947307603 0 0 0
0.002702702702702703 -0.0484818680664132 -0.43945081761078886 0.4522694427460422 0 0 0
0.002702702702702703 0.14284565711292174 -0.3618644651491336 -0.2952968454722034 0 0 0
0.002702702702702703 0.4664711945914537 0.4210736085510075 -0.1537805406506502 0 0 0
0.002702702702702703 -0.3830628924961379 0.3282322154857328 -0.43085362513493153 0 0 0
0.002702702702702703 -0.45301691857670384 -0.4713404349945175 0.10580947481571949 0 0 0
0.002702702702702703 0.40567572422627246 0.005149824275135894 -0.37844318554005335 0 0 0
0.002702702702702703 0.40415136393770873 -0.1600490194443955 0.040262785966090675 0 0 0
0.002702702702702703 -0.3144795542834652 0.2750800731501414 0.155145527890992 0 0 0
0.002702702702702703 0.07146530958013476 0.40179685080172284 0.49501316886771407 0 0 0
0.002702702702702703 -0.24454790453337233 -0.3935817070427518 0.006499606338751009 0 0 0
0.002702702702702703 -0.39797727052982285 -0.27035085778669254 -0.08049308719930762 0 0 0
0.002702702702702703 0.3289987410831887 0.5286320555531832 0.22789244475367715 0 0 0
0.002702702702702703 0.6439700223800133 -0.130906431708468 -0.14166003177278338 0 0 0
0.002702702702702703 0.1275244239442013 0.006608462247182081 -0.07003094888144473 0 0 0
0.002702702702702703 0.0036832419647539524 0.10095812301056838 0.2696992880310242 0 0 0
0.002702702702702703 -0.07560309490678113 0.16671204057055988 -0.01440810197547935 0 0 0
0.002702702702702703 -0.11877736599230376 0.579455373986792 0.16740399419966948 0 0 0
0.002702702702702703 0.1988098579054833 0.2645444129178013 -0.1275374747493134 0 0 0
0.002702702702702703 0.3607286055778749 -0.5463090273311431 -0.21416569802019028 0 0 0
0.002702702702702703 0.3244327502447604 -0.24746879584395542 -0.4425680004855392 0 0 0
0.002702702702702703 0.3209631504414798 0.3003456903326542 -0.050581631385617006 0 0 0
0.002702702702702703 -0.05625492061975148 -0.43813704546612847 -0.4533350427983749 0 0 0
0.002702702702702703 -0.6276301278355803 0.2738304517390408 0.10101805674241471 0 0 0
0.002702702702702703 0.522428575460029 0.18173625748897987 0.35379070375022115 0 0 0
0.002702702702702703 0.39927444357483827 -0.42643310055795275 -0.16439792035183318 0 0 0
0.002702702702702703 -0.2644324556769716 0.38171396231738247 -0.21587613332327463 0 0 0
0.002702702702702703 -0.40116724396115694 0.042287683052642425 0.01177020477571369 0 0 0
0.002702702702702703 -0.108495019573166 0.5189240457444486 0.4185447828903704 0 0 0
0.002702702702702703 0.3093102335524167 -0.5838788595588204 -0.031471018210421906 0 0 0
0.002702702702702703 0.667429202161175 0.1435781677356944 -0.05160097316671324 0 0 0
0.002702702702702703 -0.12894221310034845 0.15457261578641893 0.5368301520318424 0 0 0
0.002702702702702703 -0.5675295597258082 -0.21023709987012013 -0.135872767539751 0 0 0
0.002702702702702703 0.06580855333925244 0.5594069297181187 0.34663075984089636 0 0 0
0.002702702702702703 0.353777112070561 -0.4602523258631134 -0.1190916541404296 0 0 0
0.002702702702702703 -0.23200466507713366 -0.250465679879338 0.2648535514118847 0 0 0
0.002702702702702703 -0.1040982630797463 -0.591117182671811 0.07609256656150128 0 0 0
0.002702702702702703 -0.04195452377831288 0.0414034206654339 0.3638954200432466 0 0 0
0.002702702702702703 0.5558754360136138 -0.29050172155501663 0.24103887072551533 0 0 0
0.002702702702702703 -0.0167347026501481 -0.4391665254139898 0.11660325493224313 0 0 0
0.002702702702702703 0.4363680627368252 0.2689748291752323 0.06628261545327263 0 0 0
0.002702702702702703 0.11344525892725703 -0.5588679053837252 -0.0988945749116708 0 0 0
0.002702702702702703 0.26199651312514194 0.5388657122976619 0.16975463827381893 0 0 0
0.002702702702702703 0.15990198619643695 -0.006608439534618934 -0.2822578483132882 0 0 0
0.002702702702702703 -0.3168766170745053 -0.07119180068282445 -0.5549130244150456 0 0 0
0.002702702702702703 -0.24961876192539942 -0.4894611321538511 0.08463722474332107 0 0 0
0.002702702702702703 0.25273836332422644 0.3137071313009294 -0.21510823502742898 0 0 0
0.002702702702702703 0.19013783934591405 0.4749479782709028 0.10351767591822869 0 0 0
0.002702702702702703 0.23866964959981424 -0.40098839374189277 -0.1433919650610427 0 0 0
0.002702702702702703 0.04842993814602058 -0.362282207514077 -0.2113063915608368 0 0 0
0.002702702702702703 -0.3100364116165005 0.32787857874980036 -0.029737787760408155 0 0 0
0.002702702702702703 -0.15204371620523865 -0.32238312887658566 -0.09754616071061341 0 0 0
0.002702702702702703 -0.3710635781750482 0.3932291059140205 -0.29933291617709024 0 0 0
0.002702702702702703 0.5697554051053736 0.04473165237713914 -0.332225340625822 0 0 0
0.002702702702702703 -0.5883806363960598 0.11206509072701759 0.12622257764121622 0 0 0
0.002702702702702703 0.5136569230335196 -0.1393950662724243 0.3933396468210949 0 0 0
0.002702702702702703 0.37786421358328487 0.36814841726201547 -0.4472971603186779 0 0 0
0.002702702702702703 -0.21466259795827852 -0.25310001741399246 0.424551192622261 0 0 0
0.002702702702702703 0.41224596139161235 -0.14967014505765722 -0.028666602483766013 0 0 0
0.002702702702702703 -0.06076266457391742 -0.3076842853052018 -0.6154584776357792 0 0 0
0.002702702702702703 0.16720870900410845 -0.047037656552975586 0.3602278412851356 0 0 0
0.002702702702702703 0.32886042234737994 0.3489351207808863 -0.036060129699652305 0 0 0
0.002702702702702703 0.0797136861587925 -0.06944640905563727 0.6480734933174968 0 0 0
0.002702702702702703 -0.09446980841521557 -0.13038673745069784 -0.6495139757840224 0 0 0
0.002702702702702703 -0.007041460546311083 0.35663129197769466 0.30455945758953773 0 0 0
0.002702702702702703 -0.23753894200457534 0.33562190224826915 0.3318436954346586 0 0 0
0.002702702702702703 0.3202981381014104 -0.1883637487499559 -0.3409131549187322 0 0 0
0.002702702702702703 -0.29749641303471935 -0.3503715536449947 -0.2694191950711912 0 0 0
0.002702702702702703 -0.12842606167523224 0.23892250534950768 -0.22756683631705288 0 0 0
0.002702702702702703 -0.17655097851159635 -0.33801906906640017 -0.2834600277926487 0 0 0
0.002702702702702703 0.4086192383317594 -0.4322092162607702 -0.018740318640434555 0 0 0
0.002702702702702703 -0.05261688192573469 0.25785481277058103 0.3392154432442752 0 0 0
0.002702702702702703 -0.21335082336901537 0.15133153369082641 -0.11551367353503318 0 0 0
0.002702702702702703 0.2508136177589904 -0.22449187577366372 0.11564646133356153 0 0 0
0.002702702702702703 -0.5284859708642045 0.12401910728180397 -0.34770626600401455 0 0 0
0.002702702702702703 -0.0914915881227978 0.47744400271892223 0.11333267786750459 0 0 0
0.002702702702702703 -0.5191496341417633 -0.027803973606171394 -0.026134256080066334 0 0 0
0.002702702702702703 -0.21122898959012135 -0.15000415448377988 0.10730132564512436 0 0 0
0.002702702702702703 0.2875631915599144 0.36366330506852984 0.4107468080484593 0 0 0
0.002702702702702703 -0.3424749381259429 -0.3320198726392147 -0.45882333453597557 0 0 0
0.002702702702702703 0.29909795596193034 -0.041859869055188556 0.18350663910476345 0 0 0
0.002702702702702703 0.3445137830350906 -0.43808459815876777 -0.022531722770080982 0 0 0
0.002702702702702703 -0.18630715158585467 -0.4976984504020546 0.24819664304791944 0 0 0
0.002702702702702703 -0.5079196794990205 0.3665286210529333 -0.24003290176534497 0 0 0
0.002702702702702703 -0.036082060932945276 0.3606729154835434 0.26825536463815763 0 0 0
0.002702702702702703 -0.12825713576771217 0.10144162788349723 0.11642278480701657 0 0 0
0.002702702702702703 -0.16551121437845048 0.2665557514753991 0.10380860035367254 0 0 0
0.002702702702702703 0.2721409752806415 0.41632434065149704 0.21076820473297753 0 0 0
0.002702702702702703 0.06686258034483611 0.0842535987849016 -0.6260367349101555 0 0 0
0.002702702702702703 -0.40969936512958643 0.022740226980121372 -0.04991104759479163 0 0 0
0.002702702702702703 0.3180091836514187 0.1478968071859517 -0.09145728417317421 0 0 0
0.002702702702702703 0.4059158823979947 -0.34754949743331526 0.3800744766311896 0 0 0
0.002702702702702703 0.2977872032990106 0.22742054348759894 -0.4903515149692488 0 0 0
0.002702702702702703 0.15233568791759663 0.2092767658074499 0.532128428438713 0 0 0
0.002702702702702703 -0.3026948586096207 0.31118316897834225 -0.0130600911662757 0 0 0
0.002702702702702703 -0.1586940073348476 0.5031614603610343 0.3716724983949509 0 0 0
0.002702702702702703 -0.25107156771569106 -0.4994002888714308 -0.3649196381609936 0 0 0
0.002702702702702703 -0.38805637686705396 0.5467784049854894 0.06418501435633027 0 0 0
0.002702702702702703 0.49029376036822125 0.10743396564313738 -0.26949621803459883 0 0 0
0.002702702702702703 -0.46250126686236526 0.38857662994998704 0.0870577322420761 0 0 0
0.002702702702702703 -0.10346221713260113 -0.28414856396044125 -0.5900290667868183 0 0 0
0.002702702702702703 0.23353014006675177 0.31392833196766023 0.03734269487680474 0 0 0
0.002702702702702703 0.12567676495348515 0.4717168356911418 -0.43097555788440645 0 0 0
0.002702702702702703 0.2887248403251254 -0.2346942080385348 0.09797263250905609 0 0 0
0.002702702702702703 0.17941113356321675 -0.5093495778319392 -0.2877805512668344 0 0 0
0.002702702702702703 -0.03808544376997286 -0.37723835591208194 -0.17350615443928066 0 0 0
0.002702702702702703 -0.2703380654078071 0.17476942644021773 0.4167338902101268 0 0 0
0.002702702702702703 0.33496866203197806 -0.06253036001009728 -0.14821895657400458 0 0 0
0.002702702702702703 -0.1102660063114183 0.25131830567481994 -0.4372865079956801 0 0 0
0.002702702702702703 -0.1269037246697777 0.48051663300186986 -0.2012686185904722 0 0 0
0.002702702702702703 0.2101486029829286 -0.2665030301449616 0.2622532380595776 0 0 0
0.002702702702702703 -0.13746639743827513 0.20223388181168814 -0.4363562695233105 0 0 0
0.002702702702702703 0.4553825067352408 -0.04289367370903413 -0.3643947314235533 0 0 0
0.002702702702702703 0.2720561743510921 0.020587756416985414 -0.011165199021404178 0 0 0
0.002702702702702703 -0.3015811688359908 -0.28369383145685917 -0.1689024175481409 0 0 0
0.002702702702702703 0.4034853309995533 0.16969897661487468 0.08336216620342767 0 0 0
0.002702702702702703 0.47219005419073434 0.3685807019726902 0.16429008674471351 0 0 0
0.002702702702702703 0.10277683037853404 0.42732173750265934 -0.3637346961072403 0 0 0
0.002702702702702703 0.3733857267322942 0.16064919263498184 0.3738634559017425 0 0 0
0.002702702702702703 0.3674919818029597 -0.10236554917836332 -0.5505260696491431 0 0 0
0.002702702702702703 0.03686104834840492 0.36719157799128893 -0.522974578468823 0 0 0
0.002702702702702703 0.6467843536943331 -0.15507011636662826 0.1592977081483776 0 0 0
0.002702702702702703 -0.07890858479771909 0.4467243554054557 -0.39153874656320703 0 0 0
0.002702702702702703 -0.3696553125207304 0.39187009664469075 0.3251668318143277 0 0 0
0.002702702702702703 -0.17983872807339177 -0.14599500007505245 -0.08079194102319455 0 0 0
0.002702702702702703 -0.0908827017138574 -0.3924645297332645 -0.5326824114051318 0 0 0
0.002702702702702703 -0.18064688373015558 0.3541279945076569 -0.2230036724140006 0 0 0
0.002702702702702703 0.21387804151403064 0.3184916227045021 -0.21240237119869484 0 0 0
0.002702702702702703 -0.011102539025231358 0.018318518737395807 0.0656066304230914 0 0 0
0.002702702702702703 -0.25365444464001813 -0.04140696278767108 0.3144333474405942 0 0 0
0.002702702702702703 0.02329494622364355 -0.6387512820097896 -0.15735278231942998 0 0 0
0.002702702702702703 0.17652252681152314 -0.5293316191574693 0.22928693656662436 0 0 0
0.002702702702702703 -0.17504919753769396 -0.36951260109551104 -0.26468477324696 0 0 0
0.002702702702702703 0.5617662416478927 -0.26073684328174795 -0.13188191003979063 0 0 0
0.002702702702702703 0.25559831553053486 -0.19561460725965824 -0.5410083786156415 0 0 0
0.002702702702702703 -0.2947247672067185 0.29240465855235803 -0.4883262270699444 0 0 0
0.002702702702702703 -0.2759426094057637 0.042996317437841894 -0.2640390441656755 0 0 0
0.002702702702702703 -0.3297490748456629 -0.016136565573493404 -0.38772488141356914 0 0 0
0.002702702702702703 -0.3341717559435654 0.17129649489207405 0.5577864531897901 0 0 0
0.002702702702702703 0.25262630727316115 -0.22917739671640172 0.08734930197693665 0 0 0
0.002702702702702703 0.11337828428883776 0.011657540888564605 0.5504806741555848 0 0 0
0.002702702702702703 -0.5107817799857401 -0.05635621155032559 -0.35364645908229525 0 0 0
0.002702702702702703 0.35672479146242153 0.435976255565025 0.3127819606381195 0 0 0
0.002702702702702703 -0.41547585869242215 -0.2609698546821837 0.2212701788229275 0 0 0
0.002702702702702703 0.0952773731378896 0.4869326309778164 -0.22233707069907166 0 0 0
0.002702702702702703 -0.0240064636948274 0.3174926293390657 0.16021778874351605 0 0 0
0.002702702702702703 0.1881239018288868 -0.34813432053390203 -0.4736890118304119 0 0 0
0.002702702702702703 0.38666390606644313 0.38841021128949543 -0.09087407894769445 0 0 0
0.002702702702702703 0.5252215900285239 0.06877538387678925 0.023272275258879444 0 0 0
0.002702702702702703 -0.3142555140699659 -0.4975321401315266 0.22597027807414619 0 0 0
0.002702702702702703 -0.028878656919490098 -0.4092880092809876 0.24693786599046766 0 0 0
0.002702702702702703 -0.31016354336187224 -0.3013314199793808 -0.5231794668001561 0 0 0
0.002702702702702703 0.05202536445677871 -0.330112366972695 0.18189280822718948 0 0 0
0.002702702702702703 0.1088868359113139 -0.4815315487965167 0.43558850507350066 0 0 0
0.002702702702702703 0.264213991503148 0.4818403747055831 0.09455695164486155 0 0 0
0.002702702702702703 0.5397725440914828 -0.3574923105636462 0.18939054015876255 0 0 0
0.002702702702702703 0.02980371776038302 0.20623651200888776 -0.4713705361829246 0 0 0
0.002702702702702703 -0.306626137168026 -0.16541204142964522 -0.190837489346115 0 0 0
0.002702702702702703 -0.29356462868315497 -0.37946495754953413 -0.238221767036274 0 0 0
0.002702702702702703 0.47474952130377407 -0.09173229326272149 -0.26300076356656427 0 0 0
0.002702702702702703 -0.529241529527223 0.06941345194798824 0.39196715610508637 0 0 0
0.002702702702702703 0.465172338618796 -0.1958576619189868 0.40598632266716783 0 0 0
0.002702702702702703 -0.3000452536393208 -0.1873729484211746 0.47128728283594284 0 0 0
0.002702702702702703 -0.568156960701921 -0.38761070177918655 0.07337188329035199 0 0 0
0.002702702702702703 0.6428840088900939 -0.22683506094358358 -0.06475067588088078 0 0 0
0.002702702702702703 0.5357376622074279 -0.062217749653906994 -0.08480715839595832 0 0 0
