250
0
0.004 0.30389322940066127 -0.1348559747009436 0.60704411423038 0 0 0
0.004 -0.34885817229082444 -0.3385637172715299 -0.034922238959346104 0 0 0
0.004 -0.16641000083023744 0.37099248016675074 -0.38783884864332646 0 0 0
0.004 0.3909658943767813 -0.27536949971978575 -0.10748124395160184 0 0 0
0.004 0.0978496278778301 0.17909574443178428 0.504483263806893 0 0 0
0.004 -0.4909174280756363 0.17002513206126857 -0.09612251498676953 0 0 0
0.004 -0.18541361536028048 -0.2963370289517716 0.2094149713399278 0 0 0
0.004 0.0003204599338425424 -0.26134044308341453 -0.3085018464721428 0 0 0
0.004 0.1936252935255389 0.1258634436236611 0.3216598715349055 0 0 0
0.004 0.401476997759464 -0.48776522219442486 -0.2236246449169492 0 0 0
0.004 -0.237153140958161 -0.31118833234195253 0.4807880468351344 0 0 0
0.004 -0.5243194799337515 -0.04296860346195136 -0.10102782337287088 0 0 0
0.004 -0.1752511127565789 -0.011610382576699938 0.07691685827607388 0 0 0
0.004 -0.4281310446691524 0.26635228652946624 0.20266108982469833 0 0 0
0.004 0.2750193162973086 0.16436001194667393 -0.12897045280353905 0 0 0
0.004 -0.10600932606449774 0.17555023257485927 -0.6574245526462225 0 0 0
0.004 -0.5021949107311777 -0.313885179286015 0.34367044658603985 0 0 0
0.004 -0.03888303153409465 0.013134975519308341 -0.5713207551338143 0 0 0
0.004 -0.24649996303284707 -0.012763187777425033 -0.32638904244586675 0 0 0
0.004 -0.06752468332076661 0.24314264435241523 -0.20276906262802905 0 0 0
0.004 -0.3390735967988498 0.021740352914550266 -0.3935892827180203 0 0 0
0.004 0.16391532012548696 -0.3218704701614399 -0.4770930597283735 0 0 0
0.004 -0.1768010892276018 -0.42343199200300413 -0.06863388417188741 0 0 0
0.004 -0.07030795414878223 -0.38633497834039354 -0.5240992438216898 0 0 0
0.004 -0.14703298434823048 -0.3005007046133729 0.5702967497714202 0 0 0
0.004 -0.060731851779284085 -0.09188857052031027 0.008462886582976538 0 0 0
0.004 0.2099812717138031 0.19774851930267726 -0.3901287142266195 0 0 0
0.004 0.18108116784448916 0.3495406415837346 -0.4727050675180765 0 0 0
0.004 -0.019870840872333883 -0.3690228253148519 -0.434709651618797 0 0 0
0.004 -0.3631684515201479 0.3490108633697415 0.08585898142596539 0 0 0
0.004 0.018371646068984563 -0.024269516853606163 0.22601282490320568 0 0 0
0.004 0.35986011861179407 0.017856975624192764 0.19873026208557132 0 0 0
0.004 0.1848553067367671 0.26860377805691893 -0.19184896975115906 0 0 0
0.004 0.3032329515963059 0.10725443911049179 0.11957594862016117 0 0 0
0.004 0.45226564911061967 0.005785601777227015 -0.4535273913210048 0 0 0
0.004 0.22914276787324758 -0.006016242421349047 0.5618654180366638 0 0 0
0.004 -0.017468063677067082 0.11687218548587573 -0.4550507606697766 0 0 0
0.004 -0.4725279710639296 0.06359601209136528 0.2228352378478496 0 0 0
0.004 0.03200893293617054 -0.3293483213042469 -0.14479552800599102 0 0 0
0.004 0.15831203250238207 0.17083885948039781 -0.446200384162295 0 0 0
0.004 -0.5171559678085028 0.19573272512942633 0.24194522364856 0 0 0
0.004 0.6531011460815362 -0.1203603917409763 0.03140662029390621 0 0 0
0.004 -0.19235481576739824 -0.14528903434746265 -0.022383384271945302 0 0 0
0.004 0.47891336774881144 -0.12913605803665393 -0.34089167956510086 0 0 0
0.004 0.37370357727506975 -0.2940276463933377 -0.05069400551822839 0 0 0
0.004 -0.29045958065146166 0.0003272976809885917 -0.24581844132061845 0 0 0
0.004 -0.19927981699054848 -0.04902120595219769 -0.11278622182014841 0 0 0
0.004 -0.4132599691094841 0.14138632099969628 0.3640955682656531 0 0 0
0.004 -0.3530545006834362 -0.39151933472520034 0.2876745475354213 0 0 0
0.004 -0.13788623626041993 0.4704179777536432 0.3630781701812126 0 0 0
0.004 -0.4345362415738717 -0.31307719725896016 -0.1054652131366898 0 0 0
0.004 -0.3447272054167129 0.29782217919809434 -0.3117514675941784 0 0 0
0.004 0.06217819164076734 0.466811882956588 -0.47703488518342374 0 0 0
0.004 0.4713993851084579 0.010023832050960692 -0.3298304482485056 0 0 0
0.004 -0.0202831816274581 -0.43945594008052985 0.398386874376562 0 0 0
0.004 0.27200104541813613 -0.4272149433964054 -0.4118877104645926 0 0 0
0.004 -0.6004860247214485 -0.08783974648833065 0.01654299427443311 0 0 0
0.004 0.07870366125623518 0.3986564947385965 0.5309768930863082 0 0 0
0.004 -0.20032655679943545 0.10916763964016596 -0.12252592264715 0 0 0
0.004 -0.38652374079909707 0.41054372863210553 -0.3259737258779947 0 0 0
0.004 -0.35470546810316317 0.021962236737372222 -0.5224672643561146 0 0 0
0.004 -0.29261684395675247 -0.22217559824745242 -0.4465890177522109 0 0 0
0.004 -0.2751350809201334 -0.35542911335543026 0.021491755153346562 0 0 0
0.004 0.20367575153271453 -0.5646706630451477 0.2815735193119803 0 0 0
0.004 -0.10783735220959989 -0.024835997066880954 0.20119232727926184 0 0 0
0.004 -0.08521174004257948 0.03036525609907011 -0.03664755713632542 0 0 0
0.004 -0.3442013117035165 0.10658800201983099 0.4204695202535913 0 0 0
0.004 -0.3351654683934535 0.3894994808934244 0.17861257779320464 0 0 0
0.004 -0.16964026316582156 -0.08569585002588052 -0.40981923879451504 0 0 0
0.004 0.4197575289468165 -0.023214935734660047 -0.11314390234542678 0 0 0
0.004 0.40884108834114635 0.01857676882847143 0.44675452967566126 0 0 0
0.004 0.08788749233894137 0.13037937654458157 -0.5625681365187534 0 0 0
0.004 -0.2973923085383025 -0.18047420114081883 -0.033316606782647654 0 0 0
0.004 0.16629460327883452 0.28279776167879384 -0.23969487676622822 0 0 0
0.004 0.019037887747319977 -0.06138557577755678 -0.6026628279269054 0 0 0
0.004 0.09659579890369654 -0.2940585245347626 -0.29663366177181233 0 0 0
0.004 0.017473225161246764 0.29745842879829315 -0.49735221970924076 0 0 0
0.004 -0.413009922952975 0.07576543887554334 -0.3301267978153655 0 0 0
0.004 -0.23706780397060936 0.18747619419845904 0.5510836565682452 0 0 0
0.004 0.5122217439326026 0.3326476524186656 -0.05995990540723127 0 0 0
0.004 0.10455931036412772 -0.13244655957026055 -0.23144942931785278 0 0 0
0.004 -0.06248976041132976 0.25058408008737515 0.3644283521800905 0 0 0
0.004 0.38817732589227877 -0.2712065507276472 -0.2896208950081638 0 0 0
0.004 -0.23675062167449815 -0.0041357734268848345 0.5368327909967883 0 0 0
0.004 -0.4236809342030304 0.06452891446743868 -0.48967800613600576 0 0 0
0.004 0.48220388433730405 -0.24766666790851596 0.42694563789918744 0 0 0
0.004 -0.032619928266640244 -0.05526190233823982 -0.39916339437758525 0 0 0
0.004 0.22180858801677159 0.03522381534940965 -0.19069061081814828 0 0 0
0.004 -0.4986400766607559 0.1776330698246849 -0.030258027862258317 0 0 0
0.004 0.0754991686378258 -0.45105074691198715 0.13400765103018358 0 0 0
0.004 -0.08737427862029502 -0.08839875280310794 -0.4632101555734419 0 0 0
0.004 0.21958051656328095 0.34615765532121595 -0.4557970467706452 0 0 0
0.004 0.16813286269067154 -0.15535991052512754 -0.5422020082115881 0 0 0
0.004 -0.4209319992299509 0.02810014345097184 -0.2114000587426071 0 0 0
0.004 0.30325393001984374 0.5912911986141556 -0.08204016508277272 0 0 0
0.004 0.4862500795270035 -0.3499956647308936 0.13536139755963794 0 0 0
0.004 0.1462702799177927 -0.22491348784082774 0.020097784956925605 0 0 0
0.004 0.07781179724146403 0.10848251071567083 -0.1534444435337029 0 0 0
0.004 -0.4290761965777081 -0.3631176622755741 0.036746673504062514 0 0 0
0.004 0.5424590253258822 0.4234313646754549 -0.007370436657801971 0 0 0
0.004 0.5771251552707934 -0.27279441148415107 -0.04280340688295781 0 0 0
0.004 -0.11564890957766458 0.2981557588226931 -0.12704985317502937 0 0 0
0.004 0.40021807868507003 0.06861382349114223 -0.004784179629314826 0 0 0
0.004 0.03596719834886979 -0.12175865322706267 0.2176120819663287 0 0 0
0.004 0.12685955330569548 -0.07316409776299787 0.6070716574267145 0 0 0
0.004 0.20846798479089557 -0.4688412635453129 -0.28212159961784966 0 0 0
0.004 -0.24032258389990183 0.3606620943975739 -0.41613298624502393 0 0 0
0.004 -0.08550214081498594 -0.1767340665825441 -0.3203063884257459 0 0 0
0.004 0.1820344744298853 -0.3151191179437598 0.2557505269808224 0 0 0
0.004 0.2083889905783693 0.07229235522335811 -0.05989404668629097 0 0 0
0.004 0.20909140800395284 0.1629326031857169 -0.47673270374505905 0 0 0
0.004 0.03168747142541314 -0.4663399961445784 -0.06786090721057002 0 0 0
0.004 0.16244021515041931 0.17284988884201372 0.042346768287680074 0 0 0
0.004 -0.04125127442695536 0.2182861639070938 -0.16154086373051293 0 0 0
0.004 0.34669092566734316 -0.2906820925250542 -0.1891222896850388 0 0 0
0.004 -0.38091026097285047 -0.06974150285909571 0.3216578235198412 0 0 0
0.004 0.3151414291793493 0.028286359891139614 -0.12179547593465744 0 0 0
0.004 -0.012249167901592433 0.24872781873067962 0.043941686597115726 0 0 0
0.004 0.26566995164203416 0.0874180529413048 0.2852389243636601 0 0 0
0.004 -0.07600056154064466 -0.2287868333168223 0.4161820171056072 0 0 0
0.004 -0.12000639496592473 -0.12447448740987455 -0.39237746921718325 0 0 0
0.004 0.24587926156501244 -0.4279446448270569 0.07265414220227938 0 0 0
0.004 0.12077938680636222 -0.37591650300877094 0.2821670521754674 0 0 0
0.004 -0.0164256845684996 -0.5923403553486892 0.07763038699968586 0 0 0
0.004 0.1207434337671545 -0.21245739541437927 -0.4830376179083353 0 0 0
0.004 0.433348339617588 0.09410873661880383 -0.1738224857905294 0 0 0
0.004 -0.4388055069279586 0.4149234125872399 0.04084438449856207 0 0 0
0.004 -0.06606253802669461 -0.08296459804446044 -0.3135478618591016 0 0 0
0.004 0.29894102397025446 0.16276615821822238 -0.29834763111942153 0 0 0
0.004 -0.14963715946260528 0.3669640335207292 -0.06170344238218611 0 0 0
0.004 0.24483642810702455 -0.30618900334704474 -0.15538145920349247 0 0 0
0.004 0.11807131589834527 -0.05316241728507261 -0.5444460307843879 0 0 0
0.004 0.34521149777102816 0.28449909343396584 0.4373678238137693 0 0 0
0.004 0.3333260312317808 -0.41017865904005135 0.1381970025875329 0 0 0
0.004 -0.6330403787701543 -0.04661414630224757 -0.11444358939966792 0 0 0
0.004 0.3758010810460094 -0.34008876633342605 -0.25636759575958 0 0 0
0.004 0.32137553543092123 -0.40978845350091886 -0.18708718589461454 0 0 0
0.004 -0.1693753733729909 -0.12528088028925574 -0.2375097719716135 0 0 0
0.004 -0.020824755454675284 0.46072606827886464 0.12869277348166636 0 0 0
0.004 -0.42256973339379555 0.06207508273019687 0.2604098326894342 0 0 0
0.004 0.0606217904432196 0.42571397277326783 -0.3586316343141502 0 0 0
0.004 0.3421575178423672 -0.0064157964599374315 0.2962400659996206 0 0 0
0.004 0.2245947693935416 0.2525862743187213 0.3851516671288178 0 0 0
0.004 -0.2682647613993034 -0.05440644589804935 0.541953241927913 0 0 0
0.004 -0.27404133449483076 0.23195964530376886 -0.37277810016078344 0 0 0
0.004 -0.5492917982450026 0.05919961520272073 0.3600228712027187 0 0 0
0.004 0.01868028992724235 0.2564787630271922 -0.11859138617650017 0 0 0
0.004 0.040004146253490296 -0.12049520556447778 -0.1833948920189484 0 0 0
0.004 -0.1269863514821233 0.5265858792339633 0.3814383134546762 0 0 0
0.004 0.2691427476945442 -0.5313939703245635 0.24120010250419188 0 0 0
0.004 -0.2296208449923616 -0.37593906287222756 0.0710672658941132 0 0 0
0.004 0.058645554947282394 0.1788913365535364 -0.3399813797669788 0 0 0
0.004 0.11401289717866843 0.14153823853224354 -0.5312636619778549 0 0 0
0.004 -0.12077271599746235 -0.44045173466476395 0.5208993051767424 0 0 0
0.004 -0.18093783911890626 -0.32898703216465347 -0.4176916217619791 0 0 0
0.004 -0.49187369234634915 0.17003311637786717 0.2332258514634774 0 0 0
0.004 -0.0767552320417145 -0.19081611812972432 0.0672902090379 0 0 0
0.004 -0.05547836455641349 0.37269745291890805 0.016718896153874566 0 0 0
0.004 0.03395525958562039 -0.17767234261090672 0.09675168783767035 0 0 0
0.004 -0.06907283425432928 0.10522186279848673 0.6285739200404226 0 0 0
0.004 0.2208397530122948 -0.20676444022962528 -0.599826665943057 0 0 0
0.004 0.5163217667382374 -0.11207357632674352 0.2618927848918517 0 0 0
0.004 0.09903709471433265 -0.5055007123067805 -0.06481899501441123 0 0 0
0.004 0.1956694672620097 0.5205005838577259 0.13738520129645257 0 0 0
0.004 0.4517157964997369 0.17540691587248042 0.3254732873606244 0 0 0
0.004 0.48567704852144705 0.29928013031587497 -0.17957967700014776 0 0 0
0.004 -0.36581310449584775 -0.03615297861492693 0.3428286694780662 0 0 0
0.004 0.4853187643896334 0.02538163816966184 0.21889212493611518 0 0 0
0.004 0.0385463437662624 0.3843051715349844 0.20410597255034937 0 0 0
0.004 0.4646858463229528 -0.13175164067179618 0.4060624741340422 0 0 0
0.004 0.2671043601297639 -0.1598884082955266 0.4031866262082907 0 0 0
0.004 -0.054761706975596375 0.3775859020995655 -0.10243668691589142 0 0 0
0.004 0.16288283000321668 0.04664297043071772 0.4145055826043101 0 0 0
0.004 -0.2638384734336519 -0.5481022171004556 0.03300265188867791 0 0 0
0.004 0.15206871976848074 -0.009300221647967568 0.487904751076021 0 0 0
0.004 0.40438166603633086 0.23484556604740542 0.1951794654942556 0 0 0
0.004 0.49468635765450625 0.16555912614750862 0.4091977407547381 0 0 0
0.004 0.34491357497159264 -0.055750910025498306 -0.40132356989359796 0 0 0
0.004 0.2717618895898118 0.5989267563012097 -0.09811982327014142 0 0 0
0.004 0.5310361822375734 -0.20955572045535617 -0.3167470400239773 0 0 0
0.004 0.409960471177147 -0.14064689759323828 -0.2960285553562412 0 0 0
0.004 -0.3054371162253217 -0.4253389673761686 -0.00876118872898449 0 0 0
0.004 0.1856252630626459 -0.6560931636164882 0.08742539815736179 0 0 0
0.004 0.03992258588634121 -0.22273092947877296 0.27131696730012184 0 0 0
0.004 -0.5487735039629164 0.15987871667052345 -0.28828895802498794 0 0 0
0.004 -0.5884885579984726 -0.13496341010971163 0.10957843525253225 0 0 0
0.004 0.05172996717764374 0.16041942988112945 0.03699174346755721 0 0 0
0.004 -0.018635121173041985 -0.06348773224716196 0.02714725225314262 0 0 0
0.004 -0.5866539446689305 -0.07177561389523458 -0.320062274028478 0 0 0
0.004 -0.04599766081695255 -0.01977799043684562 -0.08493361088855064 0 0 0
0.004 -0.3612130713487457 -0.08850275866505972 0.4272945691366222 0 0 0
0.004 -0.5805827438138569 0.016416085884336386 0.1337813415410089 0 0 0
0.004 0.14350555062225548 0.30418732358244105 0.15204902521948008 0 0 0
0.004 -0.13974780988176078 0.23964604006025844 -0.1955698434504597 0 0 0
0.004 -0.04844395654402277 -0.4572680317345673 -0.0681795276815249 0 0 0
0.004 -0.04391885367187983 -0.002532576338588715 -0.24166720435934827 0 0 0
0.004 0.2718471998542631 0.13300103635595353 0.1607803567063187 0 0 0
0.004 0.42829621376221944 -0.27204739825762136 -0.37467092324082424 0 0 0
0.004 -0.31204796850974853 -0.030301513432026795 0.04639124898985388 0 0 0
0.004 -0.4813403489947763 0.2503821076674228 0.3632581670647197 0 0 0
0.004 -0.2842121338420092 -0.33515171861049015 0.07654799238094985 0 0 0
0.004 -0.5415327588600093 -0.15770607715089915 -0.2718377682425141 0 0 0
0.004 -0.4646693154247891 -0.08534097535906482 0.47005455649434386 0 0 0
0.004 -0.01955513798361275 -0.5654430408378195 0.22773662606997405 0 0 0
0.004 0.2003076837136145 0.17237141412588658 0.29999887674749115 0 0 0
0.004 -0.054742527663904854 -0.3143581922314332 0.21352581086685282 0 0 0
0.004 -0.35084528693738243 -0.4501840492322021 0.2124184052138109 0 0 0
0.004 0.07260711348717877 0.4489022565055315 0.2344860518019829 0 0 0
0.004 0.1862355344116976 -0.3381168109115371 -0.45901869639796394 0 0 0
0.004 0.18048842574382204 0.07773134441395614 -0.2568510003431304 0 0 0
0.004 -0.26668900066905227 -0.5772692600080557 -0.04296274861539141 0 0 0
0.004 0.5102179533374919 0.07224156934092019 0.40322616362405705 0 0 0
0.004 0.3312916984399538 0.07925365175632283 -0.27874904923666727 0 0 0
0.004 0.36107856292589985 0.064764258835524 -0.35775180170602733 0 0 0
0.004 0.06709864284201925 0.5559114929978862 -0.3935541509452062 0 0 0
0.004 -0.07411250248442224 -0.014886004598588224 -0.0829720190728443 0 0 0
0.004 0.3264601650384182 0.04182724065747598 -0.28150462718285174 0 0 0
0.004 0.265611969764768 -0.28649424160966885 -0.14705396071340554 0 0 0
0.004 -0.2253829804473842 -0.4955788683297864 0.11279407549750266 0 0 0
0.004 0.30835644751989255 0.24995230129774135 0.19540276425258785 0 0 0
0.004 0.14334095582304698 0.5258409868663346 0.275588028165323 0 0 0
0.004 -0.33559606769706674 -0.4519096718243692 -0.40261751487395825 0 0 0
0.004 -0.26599173829180095 -0.2661657090188266 -0.22202668317481025 0 0 0
0.004 -0.3738880131535681 0.10165143517370849 0.07467994619177015 0 0 0
0.004 0.024231867631213 0.3297728888396804 0.24131083911602072 0 0 0
0.004 -0.4858518229095828 0.2940802487361658 0.37549342837933636 0 0 0
0.004 0.11392595580159472 -0.13258800614214253 -0.00997445067831974 0 0 0
0.004 -0.555556681088327 -0.1197150380526441 -0.16605098655805645 0 0 0
0.004 0.08681756044137606 0.4952428033023892 -0.1062034795446779 0 0 0
0.004 0.2616834347046775 0.04586997058728761 -0.3937509359817861 0 0 0
0.004 0.531809863207278 -0.3304147158994937 0.07124457141125984 0 0 0
0.004 0.001128078411357229 0.6735523590037367 0.10786564359808518 0 0 0
0.004 -0.2628555288624112 0.2049672092007385 -0.24520831266622364 0 0 0
0.004 0.22305782583213762 0.23554123890029796 0.09558640129722785 0 0 0
0.004 -0.026833895137186228 0.5374668980687053 -0.3403534346131872 0 0 0
0.004 0.1823091708308311 0.2086451399884223 0.4419014836111881 0 0 0
0.004 -0.023833525276173495 -0.5184653998716047 -0.219497779354704 0 0 0
0.004 -0.4883194225946642 0.32167203509692255 0.370223728431274 0 0 0
0.004 -0.31531224647467476 0.5892522813813404 -0.002192214562344254 0 0 0
0.004 -0.5922180612242209 0.29993498670832436 -0.0061967754231665095 0 0 0
0.004 0.16072546152483622 -0.5029801903259269 -0.369715639646331 0 0 0
0.004 0.34682345584224133 -0.4782119563310615 -0.15157479337672167 0 0 0
0.004 0.39214437368271243 0.09891105533975926 -0.3532854002308967 0 0 0
0.004 0.4447173149184736 -0.36587727717613744 0.14300574825601678 0 0 0
0.004 0.04411968745336196 0.23405381706185638 -0.6360270649812403 0 0 0
0.004 -0.5646132760363972 -0.19484465656091357 0.03320911432232685 0 0 0
0.004 0.32157434849853167 -0.2493584709108768 0.1708803728179617 0 0 0
0.004 0.07955323924827593 0.22259267105327607 0.14777469993309975 0 0 0
0.004 0.15925037300838377 0.38675017385939053 0.020719453893359246 0 0 0
0.004 0.39446986574351367 -0.05005770986106945 0.5140340986288271 0 0 0
