390
0
0.002564102564102564 0.31182224165612754 0.32858779121966314 -0.19575670401875828 0 0 0
0.002564102564102564 -0.29179444701634827 0.27580707929202547 0.208474500564205 0 0 0
0.002564102564102564 0.247799933110666 0.03624031230581046 0.17895827423332636 0 0 0
0.002564102564102564 0.5149397046660577 -0.2759247451604222 0.32333536554489767 0 0 0
0.002564102564102564 0.46542479341201043 0.472142681525743 -0.07786879334636941 0 0 0
0.002564102564102564 0.5321649955681114 -0.2914764550507712 0.12446592160101934 0 0 0
0.002564102564102564 0.5150032039096449 0.15449976988290712 0.24376178288395134 0 0 0
0.002564102564102564 0.08018003939571779 -0.2597011543920248 -0.23123541739458986 0 0 0
0.002564102564102564 0.0010243998291189996 -0.06339387157626324 -0.07172974667626016 0 0 0
0.002564102564102564 0.2578359350339697 -0.5001918643669494 -0.08357077002417747 0 0 0
0.002564102564102564 0.18006507909329128 0.1810564941993719 -0.05408268996084382 0 0 0
0.002564102564102564 0.5074363054758524 -0.004228035870877568 -0.3315665351648601 0 0 0
0.002564102564102564 0.020721115321609033 -0.4452330763748864 0.40662777320077614 0 0 0
0.002564102564102564 0.5187500914923271 -0.19444950539347722 -0.39111912322072123 0 0 0
0.002564102564102564 0.4086863184132472 0.04934567253822816 0.40503605476333776 0 0 0
0.002564102564102564 0.3688252579159373 0.2069257382450845 -0.4995686761000728 0 0 0
0.002564102564102564 0.2920330613513057 -0.27067283566452294 -0.5609656915796183 0 0 0
0.002564102564102564 0.2967422743229912 -0.05178881160227049 -0.044855427952730724 0 0 0
0.002564102564102564 0.22758215772548004 -0.3292642985003194 0.08187251898632411 0 0 0
0.002564102564102564 0.026478236833138862 -0.6210880190888207 0.3033237144015737 0 0 0
0.002564102564102564 0.5029044147544427 0.39898685962646896 0.13569190537717696 0 0 0
0.002564102564102564 0.32324786663843585 0.07164433325389016 -0.5749938064031809 0 0 0
0.002564102564102564 -0.4060355723474809 0.06863348563550511 0.12263365201011936 0 0 0
0.002564102564102564 -0.13049212714426076 -0.37938851390287587 -0.18674257132216374 0 0 0
0.002564102564102564 0.6331143425063498 0.032703785739007285 0.26976381212931183 0 0 0
0.002564102564102564 0.164421071089272 -0.48008228701213157 -0.11497087345347046 0 0 0
0.002564102564102564 0.5110691706622161 -0.04982077128527847 0.21065108771302116 0 0 0
0.002564102564102564 -0.2651393359458767 -0.5235238254536045 -0.12923416715926406 0 0 0
0.002564102564102564 0.41935368584377297 0.3011697763242565 0.28447931266625026 0 0 0
0.002564102564102564 -0.2661741989722039 0.16128864308893764 0.24373236160010536 0 0 0
0.002564102564102564 -0.2946545327663053 0.43262034289439255 -0.0932296009369529 0 0 0
0.002564102564102564 -0.5580779704637118 -0.2209469420255992 -0.10367080179136344 0 0 0
0.002564102564102564 -0.19507200134416317 -0.6332240888913764 -0.03159855594030517 0 0 0
0.002564102564102564 -0.10417057901933768 0.17380310496614618 -0.14101597669731142 0 0 0
0.002564102564102564 -0.152245993181769 -0.2412155021911174 0.07107309782324607 0 0 0
0.002564102564102564 0.44081119223622767 -0.17970060724241135 0.28099316002766744 0 0 0
0.002564102564102564 -0.3310802131807557 -0.19984805971052702 -0.21900164340304631 0 0 0
0.002564102564102564 0.08834459804648769 -0.08132102336998959 -0.09712990752147595 0 0 0
0.002564102564102564 0.03347704533937064 -0.011307253306412867 0.04360754479174938 0 0 0
0.002564102564102564 -0.32686149712275314 0.16684723601923745 0.33612245003222185 0 0 0
0.002564102564102564 0.404544106235736 0.2751126101879419 -0.4429847810579902 0 0 0
0.002564102564102564 -0.150056766742227 -0.31731563368389887 -0.41869519089842766 0 0 0
0.002564102564102564 0.43551534913733253 -0.04011284513427167 0.12866714961678236 0 0 0
0.002564102564102564 -0.5740124986004684 0.1809733140276004 -0.16100721581719252 0 0 0
0.002564102564102564 0.30767242389593624 0.18519038500574816 0.23538493147266873 0 0 0
0.002564102564102564 -0.09685303068383436 0.5561312311470068 -0.1465592476515204 0 0 0
0.002564102564102564 -0.2551223002293007 0.5897359761129484 -0.0798546807315721 0 0 0
0.002564102564102564 -0.43885600510815514 0.2216930161531268 0.09688909197979687 0 0 0
0.002564102564102564 -0.1791945542809681 0.23606735355000605 0.34059956912419914 0 0 0
0.002564102564102564 0.055492287393932256 0.21243721721500802 -0.3140350182331358 0 0 0
0.002564102564102564 0.11107995954308802 -0.6077039134384996 -0.16095890322508744 0 0 0
0.002564102564102564 0.10794326771891329 0.529820703132414 0.005698647458824719 0 0 0
0.002564102564102564 -0.35386675466097434 -0.10222892779065457 -0.18640379027702217 0 0 0
0.002564102564102564 -0.22556811379720546 -0.37570040078118794 -0.14138405764896156 0 0 0
0.002564102564102564 -0.12996027984864983 -0.2644870377772252 0.12587240826657078 0 0 0
0.002564102564102564 0.3948746808450883 -0.30929579204648955 -0.2625235562228409 0 0 0
0.002564102564102564 -0.23055532004106175 0.21908677924899295 -0.39291947782465303 0 0 0
0.002564102564102564 0.37846307085118125 -0.0526646412436429 0.48485437451723357 0 0 0
0.002564102564102564 0.19544597465016592 -0.40875765164108335 0.08887756999781007 0 0 0
0.002564102564102564 -0.027103636530407618 -0.4823467139167363 -0.21115436895596534 0 0 0
0.002564102564102564 0.2169731196068026 0.07751994405446445 0.24320967677692143 0 0 0
0.002564102564102564 0.5019203522536009 0.4248086668324942 0.16050359357704286 0 0 0
0.002564102564102564 0.1102447796904112 -0.14371870601304407 -0.43362487786325254 0 0 0
0.002564102564102564 0.17746876458828906 -0.029865918587522956 -0.33037130457995423 0 0 0
0.002564102564102564 0.10020659654410753 0.14482712418184515 -0.1896771509653942 0 0 0
0.002564102564102564 0.612930082467027 0.2795108620013559 0.0043662067513053114 0 0 0
0.002564102564102564 -0.20710554265507936 -0.09096329505552513 0.23065630967347836 0 0 0
0.002564102564102564 -0.36230443723851874 0.07916346008499262 -0.0815033389439532 0 0 0
0.002564102564102564 -0.018734478600062703 0.10618225213786688 0.2542101661211158 0 0 0
0.002564102564102564 0.19113640146636213 -0.0799399712076477 0.016487682862438843 0 0 0
0.002564102564102564 0.1586009634948854 -0.3285199337703844 -0.47569483488830094 0 0 0
0.002564102564102564 -0.34405338735531604 0.5683752450111413 0.15498491647534018 0 0 0
0.002564102564102564 0.26678165794570674 -0.27430376214548774 0.3496768739078133 0 0 0
0.002564102564102564 -0.44649274994248395 0.40150151578602483 0.2868446166652106 0 0 0
0.002564102564102564 -0.4052803269174071 -0.38749498505622293 0.2925854568177097 0 0 0
0.002564102564102564 -0.47387204004474526 -0.21020828500415664 0.2701068149546761 0 0 0
0.002564102564102564 0.34430802743031125 0.1649498800555389 0.09763444909402572 0 0 0
0.002564102564102564 0.2454502489222224 -0.5480053192119115 0.15300677276170957 0 0 0
0.002564102564102564 0.48709086888274894 -0.46194818210980976 -0.06441285941853805 0 0 0
0.002564102564102564 -0.2830140685013233 0.0606510101790374 -0.019598704197602314 0 0 0
0.002564102564102564 -0.1340042099602837 0.12399071248009114 0.1922759411204276 0 0 0
0.002564102564102564 0.3422540955538919 -0.2866735101795858 -0.37882788287623376 0 0 0
0.002564102564102564 0.5313994642440582 0.2682902270216732 0.05947302627892544 0 0 0
0.002564102564102564 -0.0791473133874271 -0.09951971360667153 -0.5257064477015062 0 0 0
0.002564102564102564 0.059969802330428465 -0.10255446755208066 -0.6236417187050965 0 0 0
0.002564102564102564 -0.18741680256773013 0.18909434580975437 -0.177706848106676 0 0 0
0.002564102564102564 0.002398851744243126 0.2292542047402168 0.5891931280166899 0 0 0
0.002564102564102564 0.42352772435150665 -0.282388397998609 -0.19120415266462443 0 0 0
0.002564102564102564 0.3605782239499122 0.3959785575251568 0.15848936363039826 0 0 0
0.002564102564102564 -0.36379331656326874 -0.1532497459546012 -0.22394678543557023 0 0 0
0.002564102564102564 -0.2769594529935182 -0.05703232519005869 -0.4462884063246642 0 0 0
0.002564102564102564 -0.058507755644676314 0.28246534326189354 0.08240577850243136 0 0 0
0.002564102564102564 0.11612348093638206 0.05043879788334337 0.24681376003806285 0 0 0
0.002564102564102564 -0.34123221585687297 -0.38735744711155157 0.38922589231357796 0 0 0
0.002564102564102564 -0.4707573746908249 0.3231420110013312 0.11279286799713252 0 0 0
0.002564102564102564 0.09970443222257397 0.5659810108808605 0.03709586450894942 0 0 0
0.002564102564102564 -0.3497095117270412 -0.28890488073407733 -0.2628822823416848 0 0 0
0.002564102564102564 0.0549039980593296 0.26774104423330247 -0.03719139714834425 0 0 0
0.002564102564102564 0.23217997907633786 0.48101173766773286 0.31369779293983935 0 0 0
0.002564102564102564 0.03821121684457161 -0.3430764386350551 0.05296544829576328 0 0 0
0.002564102564102564 -0.5718577188522016 -0.030230678323648733 -0.014851449835579091 0 0 0
0.002564102564102564 -0.21534809492014337 0.4550609133089064 0.11356521572860545 0 0 0
0.002564102564102564 -0.06523124231327981 -0.471858176656792 -0.29464919546681223 0 0 0
0.002564102564102564 -0.25852759368176187 -0.05121437384503824 0.0023309417932283055 0 0 0
0.002564102564102564 0.3737000277704261 0.23828037407513689 -0.4388284309678073 0 0 0
0.002564102564102564 -0.6071463036489332 -0.0811557732049337 0.12353182807117014 0 0 0
0.002564102564102564 -0.09161121947196547 -0.3262708659442779 -0.10043470994863768 0 0 0
0.002564102564102564 -0.030074409604501827 0.3855734599697403 -0.5465362094187621 0 0 0
0.002564102564102564 0.048242422589244216 0.3077073748710529 0.2523166217833879 0 0 0
0.002564102564102564 0.5256547575453392 -0.1311695186291095 -0.0014151511835963633 0 0 0
0.002564102564102564 -0.416069626850986 -0.05858894952136111 0.3098857967035958 0 0 0
0.002564102564102564 0.41552802175255305 -0.21756351968743173 0.2239870206726794 0 0 0
0.002564102564102564 -0.6034910345681564 -0.09250813570539393 0.02561928844548233 0 0 0
0.002564102564102564 -0.4474374196812709 0.007345057187009443 -0.07346143568522459 0 0 0
0.002564102564102564 -0.034474737156165655 0.22326433483073588 -0.23112779948690404 0 0 0
0.002564102564102564 0.6301055032916567 0.1663472555343643 0.179221629757128 0 0 0
0.002564102564102564 -0.06696210170092146 0.14465412280282347 0.21734378655668563 0 0 0
0.002564102564102564 -0.20692751631782583 -0.409981394257744 -0.2923686747910328 0 0 0
0.002564102564102564 0.30545298904472207 -0.40833115985739526 0.014297483126733158 0 0 0
0.002564102564102564 0.023739563957651217 -0.17999845472022058 0.3661224206584767 0 0 0
0.002564102564102564 -0.4249698357805389 0.2355846022650094 0.036066677815430194 0 0 0
0.002564102564102564 0.4790166484017738 -0.04340586635124153 -0.2924749400265548 0 0 0
0.002564102564102564 0.09559288251429572 -0.3187974056682992 0.399814233027769 0 0 0
0.002564102564102564 0.3139651100877227 0.1016294530119072 0.02456929630073362 0 0 0
0.002564102564102564 0.050484943003481615 0.6014241150985771 0.06859057208931812 0 0 0
0.002564102564102564 -0.13781857150775326 -0.39841320099914473 -0.08716553117440407 0 0 0
0.002564102564102564 -0.052111517564413935 0.155727259220576 -0.6156184260439259 0 0 0
0.002564102564102564 -0.12829748670049965 -0.2410904769746332 0.4355599680818809 0 0 0
0.002564102564102564 -0.09762872509842493 -0.5035079834176476 -0.18785717870212867 0 0 0
0.002564102564102564 -0.45527081452188267 -0.2771513731184635 0.41217283026593626 0 0 0
0.002564102564102564 -0.0013013929315113507 0.04240376276662817 -0.5587176676816364 0 0 0
0.002564102564102564 0.19170188160782667 -0.15545861735794217 -0.19807324692010977 0 0 0
0.002564102564102564 -0.16244080079362136 0.2810652339191733 0.28627279326127597 0 0 0
0.002564102564102564 0.6251295940758856 -0.09584715814346212 0.11430811507888541 0 0 0
0.002564102564102564 -0.21309931694297202 0.35510197892817025 0.25138772191551995 0 0 0
0.002564102564102564 -0.30154931577897076 -0.23473184231560895 0.4599147960602439 0 0 0
0.002564102564102564 0.2954320931137378 0.4657427863831815 -0.21743336811787992 0 0 0
0.002564102564102564 0.4021943654370831 -0.5167597507379456 -0.07557927686761833 0 0 0
0.002564102564102564 -0.15841422950275558 -0.5091277982076037 0.30271544969765296 0 0 0
0.002564102564102564 0.1747416928622933 0.22903136530774537 -0.06890308262166951 0 0 0
0.002564102564102564 -0.1690345463436623 0.5296612082820293 0.40951106313845964 0 0 0
0.002564102564102564 -0.25674346056631286 -0.41847596301860857 0.14458875029982587 0 0 0
0.002564102564102564 -0.25574300514511056 0.20061274226398526 0.20276007917789682 0 0 0
0.002564102564102564 -0.5830821367967843 -0.2808543133198408 0.0216315705744211 0 0 0
0.002564102564102564 0.3648503357023532 -0.3665779946208106 -0.14312941081435163 0 0 0
0.002564102564102564 0.326812430647045 -0.1476002243408217 0.23645942715116633 0 0 0
0.002564102564102564 0.09987830264847448 -0.2533576966564394 0.5309993099343169 0 0 0
0.002564102564102564 0.29198070451961616 0.4630106187967445 -0.42002226821739175 0 0 0
0.002564102564102564 0.078916242953491 0.12770213249740905 0.5191739353874347 0 0 0
0.002564102564102564 -0.21907952743611184 -0.21252899179659174 0.07828185452120147 0 0 0
0.002564102564102564 0.3266021398602519 0.16333862128874077 -0.2716365314515627 0 0 0
0.002564102564102564 -0.03408684881375971 0.6334383253691006 -0.11425758651195862 0 0 0
0.002564102564102564 -0.12847516608393547 0.12060294728880401 -0.3788869614144871 0 0 0
0.002564102564102564 -0.12562408122097968 -0.41769682620627313 0.20793431698361367 0 0 0
0.002564102564102564 -0.15987181722833613 0.3602089414137983 0.41318089025151644 0 0 0
0.002564102564102564 -0.22363660622981693 -0.3462283696269423 0.03441594716602581 0 0 0
0.002564102564102564 -0.6084462419946668 -0.16055541168342302 -0.13835386740647115 0 0 0
0.002564102564102564 0.44261887634424774 0.3336811898703381 -0.27164186474153457 0 0 0
0.002564102564102564 -0.16842542323352738 -0.526745903031571 -0.07496661498310411 0 0 0
0.002564102564102564 0.32353362847991074 0.40197088334953357 0.3879736316859613 0 0 0
0.002564102564102564 0.31175345936832155 -0.24108867689374183 0.48733087956885796 0 0 0
0.002564102564102564 0.3560970636393 -0.4415343273008685 0.2224411696704393 0 0 0
0.002564102564102564 -0.0007872326938392498 -0.6260735818969523 -0.045176214165825755 0 0 0
0.002564102564102564 -0.3591905090731525 0.17244330182594864 0.2944844473943957 0 0 0
0.002564102564102564 -0.17404387900926038 0.2913219993793777 -0.3256423275689496 0 0 0
0.002564102564102564 -0.2980982133931175 0.40756709580603573 0.3502458558761963 0 0 0
0.002564102564102564 0.11876885711548073 0.2326418641692959 -0.5808207534074629 0 0 0
0.002564102564102564 -0.4841903752043006 0.3796019642424344 0.30367453181426524 0 0 0
0.002564102564102564 -0.03768896981027304 0.1263082325950434 -0.38738457933172216 0 0 0
0.002564102564102564 0.3488816361144115 0.09411270357454588 0.4369947035422622 0 0 0
0.002564102564102564 -0.4894536569398931 -0.22695277139280445 -0.2101111323687278 0 0 0
0.002564102564102564 0.27490183212370706 0.17823739872469543 0.16619776119889684 0 0 0
0.002564102564102564 0.10377285903734877 0.24508224843646148 -0.33896918690782624 0 0 0
0.002564102564102564 0.4541381767817074 0.3300349506045734 0.27438231586257666 0 0 0
0.002564102564102564 -0.5057319521376725 -0.05798874818984213 -0.12368846268911914 0 0 0
0.002564102564102564 -0.1595802446030381 0.08300914536997418 -0.24987801084215974 0 0 0
0.002564102564102564 -0.1447615064351098 -0.31958752062880863 0.38618013527387124 0 0 0
0.002564102564102564 -0.4919568799396538 -0.10631116473119498 0.22625308970739894 0 0 0
0.002564102564102564 0.126158748867328 -0.14925405565461794 -0.2552176794788076 0 0 0
0.002564102564102564 0.3157642082786965 0.4231237282732402 0.07921116246983956 0 0 0
0.002564102564102564 -0.13097683289809806 0.4634333395822562 -0.41626168174464234 0 0 0
0.002564102564102564 -0.4767115228559938 0.0800836509592517 0.31470656685261816 0 0 0
0.002564102564102564 0.08130419876165702 0.457752633233066 -0.37935456868370876 0 0 0
0.002564102564102564 0.3323027751084142 -0.34183231814105164 0.037148725400712596 0 0 0
0.002564102564102564 -0.14904374395600084 -0.37928570189506505 0.02565945626836539 0 0 0
0.002564102564102564 -0.5457284938922748 -0.1212319332142993 0.011023086911337021 0 0 0
0.002564102564102564 -0.20191684765259754 -0.283440971804335 0.32809309869431774 0 0 0
0.002564102564102564 -0.31444805716872887 -0.2213177424350186 -0.5101673881297979 0 0 0
0.002564102564102564 0.027458036571556037 0.26197155479148765 0.025410922238253558 0 0 0
0.002564102564102564 0.2371828208822517 -0.08082971565471596 -0.33447953803570624 0 0 0
0.002564102564102564 -0.14404693085558176 0.5683467319997505 0.34148864600353285 0 0 0
0.002564102564102564 -0.27284305683051957 0.09166099467356277 -0.07735351891719416 0 0 0
0.002564102564102564 0.21282846057024668 -0.30739116003521727 -0.2564844206762762 0 0 0
0.002564102564102564 -0.5839592741742373 0.27019878667125413 -0.2301974957493108 0 0 0
0.002564102564102564 0.24464281055056294 -0.3140426647693101 0.34756559846279633 0 0 0
0.002564102564102564 0.0533963746372985 0.2517698578110018 -0.17380451670253294 0 0 0
0.002564102564102564 -0.20444172288847665 0.3978857071284966 0.49613308901604763 0 0 0
0.002564102564102564 0.299890393150906 0.3919430200860277 -0.29461198570815417 0 0 0
0.002564102564102564 0.5256631593161615 -0.19718305381700726 0.2988149790789417 0 0 0
0.002564102564102564 -0.46163203925240176 0.052038176399204036 0.4473558256924874 0 0 0
0.002564102564102564 -0.5061401859226443 0.1585821230641287 -0.05952731058103622 0 0 0
0.002564102564102564 -0.35933613552262594 -0.4841673321759974 0.006949219569209921 0 0 0
0.002564102564102564 0.3272292615031954 -0.222390764581852 0.212553796807812 0 0 0
0.002564102564102564 0.27408413441278734 -0.1637018143873363 0.003125646857466374 0 0 0
0.002564102564102564 -0.09267363697006449 -0.0859424208040896 -0.5657562420125405 0 0 0
0.002564102564102564 -0.25178955484748217 0.33363372196355373 0.3767541425178781 0 0 0
0.002564102564102564 0.11789402765109872 -0.5349996270862186 -0.34401343053381866 0 0 0
0.002564102564102564 0.3132658455496376 -0.5294153967444474 -0.008507840237696953 0 0 0
0.002564102564102564 0.5379465601645853 -0.2933773232096242 0.010831207265203358 0 0 0
0.002564102564102564 -0.19038828911363645 0.547246174048075 -0.20302569896610068 0 0 0
0.002564102564102564 -0.21940841641940848 0.08887511171320395 0.5411879565064417 0 0 0
0.002564102564102564 -0.11261978278556468 -0.22299034406031168 -0.22990851372502108 0 0 0
0.002564102564102564 -0.21716817212611297 0.019205472011591156 0.010867729801248572 0 0 0
0.002564102564102564 -0.17323542187732296 -0.41035798235547916 -0.19576988745698146 0 0 0
0.002564102564102564 -0.4460932577061393 0.14437104619026578 0.38300045225708 0 0 0
0.002564102564102564 -0.17123596044150635 -0.6192711942022104 -0.249222838265259 0 0 0
0.002564102564102564 0.5479293852691565 0.10453830223759714 -0.06576003006073823 0 0 0
0.002564102564102564 -0.3813920023369171 -0.44087452499845275 -0.30715094917025626 0 0 0
0.002564102564102564 -0.24565116472554696 -0.3194812110578306 -0.05654908137761735 0 0 0
0.002564102564102564 0.07921181492706066 0.19308049038806038 0.3663858492146004 0 0 0
0.002564102564102564 -0.12128848908753972 -0.3448042065951737 0.11639193179141004 0 0 0
0.002564102564102564 0.08113372049191192 -0.010343310135474819 0.025057151572813133 0 0 0
0.002564102564102564 0.38790928674297404 -0.16504855698669793 0.4328110581627983 0 0 0
0.002564102564102564 0.19232555233746967 -0.47929198001397294 0.24176156299988177 0 0 0
0.002564102564102564 -0.09335743713567295 -0.11687966520220651 0.15479074949758714 0 0 0
0.002564102564102564 -0.11788775232268815 0.009428029772680533 -0.0632494211027336 0 0 0
0.002564102564102564 -0.08160455321379569 -0.5484136103033689 -0.25336553779067444 0 0 0
0.002564102564102564 0.27805285613522335 -0.314482401351401 0.14931955057964524 0 0 0
0.002564102564102564 0.33104960046306164 -0.414388837742665 -0.4263320191670597 0 0 0
0.002564102564102564 0.122287527910218 -0.15333449454417408 0.41982609632347934 0 0 0
0.002564102564102564 -0.022143464516159003 0.5432395198874407 0.3134306342786536 0 0 0
0.002564102564102564 0.32241462994674736 -0.35067555952694524 -0.2819702459674767 0 0 0
0.002564102564102564 -0.13066770073806594 0.27958243088385915 0.43984053948080304 0 0 0
0.002564102564102564 0.12520093096677293 -0.2720388279086728 0.24407029545888195 0 0 0
0.002564102564102564 0.3385373667986581 0.05776452771072236 -0.4201984647852842 0 0 0
0.002564102564102564 0.08309198176161454 -0.3057360155504235 0.38046108958874475 0 0 0
0.002564102564102564 -0.18706891123694955 -0.4566989118705691 -0.34984875257126974 0 0 0
0.002564102564102564 -0.15204215860890927 0.12814457241929195 0.053153557853661035 0 0 0
0.002564102564102564 -0.10168804404456823 -0.012275023269224158 0.6205916030543984 0 0 0
0.002564102564102564 0.15379371033994232 -0.5776222528135954 -0.22841358816057844 0 0 0
0.002564102564102564 -0.018581759263661332 -0.05813175000614661 -0.5642838769371622 0 0 0
0.002564102564102564 -0.3242451820878828 0.40082291022906513 -0.19390540176081805 0 0 0
0.002564102564102564 0.17121197906413432 0.5062829016909294 -0.13056745334880665 0 0 0
0.002564102564102564 0.14717847755803415 -0.11034933619971961 0.6015486280499285 0 0 0
0.002564102564102564 0.028161375861524274 0.3921926322407518 -0.47097480889554794 0 0 0
0.002564102564102564 0.27131227812410313 -0.4159685487460368 0.26325780001648585 0 0 0
0.002564102564102564 0.06711637250329874 -0.2388413554989507 -0.5497910679416179 0 0 0
0.002564102564102564 -0.501661280413628 0.11950677181548518 -0.23865609955040393 0 0 0
0.002564102564102564 0.016163388609795833 -0.02869731378744811 -0.44216723273722813 0 0 0
0.002564102564102564 -0.13946695920373153 0.12371507697569967 -0.381328108276921 0 0 0
0.002564102564102564 0.28746813611194105 -0.37391090420775647 -0.04698833703828898 0 0 0
0.002564102564102564 0.25640502363349515 -0.2660789621568621 -0.5062548187445238 0 0 0
0.002564102564102564 -0.03521628553053833 0.04192658935296001 0.3125068537287155 0 0 0
0.002564102564102564 -0.06106528912661288 -0.4270166700706922 -0.4697276261065128 0 0 0
0.002564102564102564 0.30031201741933305 -0.6049041112756395 -0.04052773912338467 0 0 0
0.002564102564102564 0.43041399203829683 0.13696705075085083 0.389154918006687 0 0 0
0.002564102564102564 -0.06577074285413666 0.25386925180896525 0.029685375199712878 0 0 0
0.002564102564102564 -0.11407559805501478 0.1713869068962329 -0.590466757005394 0 0 0
0.002564102564102564 -0.3327173549276147 0.48244722686080327 0.22666181473793998 0 0 0
0.002564102564102564 0.15712964244286318 0.3649355569464978 -0.45803883165603043 0 0 0
0.002564102564102564 0.052379573558825915 0.009047819371467467 -0.23836624383465194 0 0 0
0.002564102564102564 -0.1471699650175639 -0.4094317319871401 -0.16785806831295563 0 0 0
0.002564102564102564 -0.2963401292037352 0.08072367800741018 -0.42665523198024513 0 0 0
0.002564102564102564 0.38712168469573244 -0.04929482277956216 -0.1844579956288481 0 0 0
0.002564102564102564 -0.2563016072708682 0.27954243565017584 -0.11914693395915422 0 0 0
0.002564102564102564 -0.048612862176540116 0.3302577324749431 -0.10609200922077129 0 0 0
0.002564102564102564 -0.45947883693005315 -0.3242099939417629 -0.13099203502439474 0 0 0
0.002564102564102564 -0.42235213646901076 0.40289985648556187 -0.25687227746652996 0 0 0
0.002564102564102564 -0.5575163359288605 0.2990551069058632 -0.2720935104215562 0 0 0
0.002564102564102564 -0.3850701808987843 -0.36141489371309105 0.009827594205933389 0 0 0
0.002564102564102564 -0.11294275819596906 0.18292246547351773 0.21032199653346934 0 0 0
0.002564102564102564 -0.36692731242420346 0.05044291743528169 0.4454377411033371 0 0 0
0.002564102564102564 0.15133230583975213 0.18620350801440963 0.12326333491814884 0 0 0
0.002564102564102564 0.16393575346372347 -0.29758062503310584 -0.1338048482842251 0 0 0
0.002564102564102564 -0.13520269819498912 0.45836018753163726 -0.4954421899096341 0 0 0
0.002564102564102564 0.26078469949426475 0.08256747238536956 0.27858431112854776 0 0 0
0.002564102564102564 0.2327309663549468 0.43438098827459287 -0.40430310635861527 0 0 0
0.002564102564102564 -0.2549267266374058 0.10679432921536419 -0.5955168785337019 0 0 0
0.002564102564102564 0.31926213662531927 0.5488997011072559 -0.20735305015968133 0 0 0
0.002564102564102564 0.5066547171305796 0.2577012991246405 0.045696533541078034 0 0 0
0.002564102564102564 0.09242623135548048 0.058483836357687356 0.5957464835826825 0 0 0
0.002564102564102564 0.07447189346742547 -0.3159017794817308 -0.5247431837600972 0 0 0
0.002564102564102564 -0.39957632797836784 0.3602299643551037 -0.19407385646924802 0 0 0
0.002564102564102564 0.06962256903350673 -0.25347360798918545 -0.4499419343883898 0 0 0
0.002564102564102564 -0.3349090527069701 0.12960365512232558 -0.0992158917377414 0 0 0
0.002564102564102564 0.014073310139556835 0.25647029155630013 0.572212320063484 0 0 0
0.002564102564102564 -0.07793592171283456 -0.09658862035740172 -0.44669992432318034 0 0 0
0.002564102564102564 -0.1208743341408091 -0.4557192632965404 -0.48881938445573675 0 0 0
0.002564102564102564 0.02024978784990758 -0.2569554267971501 -0.4134144759867531 0 0 0
0.002564102564102564 0.10135035852305596 0.26575891044511063 -0.580083358840537 0 0 0
0.002564102564102564 0.21986611285444926 -0.27541241677931627 0.20594193431743618 0 0 0
0.002564102564102564 0.5094267283711095 0.03472033258393574 0.34189774727882716 0 0 0
0.002564102564102564 0.24461350648530122 -0.4030082139791437 0.22896674048272625 0 0 0
0.002564102564102564 -0.204183770788376 0.33780454659837705 0.4464025667205496 0 0 0
0.002564102564102564 0.32160724470705454 -0.147636453400202 0.16537844959658562 0 0 0
0.002564102564102564 -0.37769435487253633 -0.24436102299329976 0.4999321518128657 0 0 0
0.002564102564102564 -0.5238698768488811 0.131455225289613 0.3302236581603441 0 0 0
0.002564102564102564 0.28994247521952865 -0.29133096304121614 0.02161241773109887 0 0 0
0.002564102564102564 -0.5666481919760772 -0.16690876542258443 0.19649782033452556 0 0 0
0.002564102564102564 0.2128907313204522 -0.46698253414447555 0.4627566303224993 0 0 0
0.002564102564102564 -0.4354747649909221 0.27444186168465473 0.205272397738279 0 0 0
0.002564102564102564 -0.06464031307944484 -0.1332849848465622 -0.4022868449130829 0 0 0
0.002564102564102564 -0.13245050143164636 0.6768178659530018 -0.048140590997973125 0 0 0
0.002564102564102564 -0.2876582179172799 0.3964421254736503 0.28006162623546327 0 0 0
0.002564102564102564 0.4901710486315556 -0.4104521776475508 0.10218375960608488 0 0 0
0.002564102564102564 -0.0007572007834449696 0.5953272088825778 0.07671014645267882 0 0 0
0.002564102564102564 0.25666123716220884 -0.6074223625363157 -0.1016823859032863 0 0 0
0.002564102564102564 -0.07154561210025377 0.022773887978741133 0.040262665879417375 0 0 0
0.002564102564102564 0.18144858253679794 -0.11303824840661009 -0.039603900041326544 0 0 0
0.002564102564102564 0.20757333550563078 0.3674726525646134 0.15358517851659115 0 0 0
0.002564102564102564 0.26989224732089295 -0.41903099109621345 0.16600897499708597 0 0 0
0.002564102564102564 -0.08891055392925211 -0.07564802716011894 -0.14056564460573934 0 0 0
0.002564102564102564 0.3462531411727563 -0.43838671587372224 0.24435200856966374 0 0 0
0.002564102564102564 0.1448269372669251 0.021257116628898894 -0.6582423328149988 0 0 0
0.002564102564102564 0.1876115365565338 -0.003334072151128768 -0.4255688918813227 0 0 0
0.002564102564102564 0.36907789682311076 -0.1795295440154636 0.11186623826822066 0 0 0
0.002564102564102564 0.07066300091871787 0.48324505185558403 -0.25822528744930295 0 0 0
0.002564102564102564 -0.3925410891880928 -0.0633904957907105 -0.11148581701773069 0 0 0
0.002564102564102564 5.1318845001334264e-05 -0.5294160332098546 -0.025572564952931177 0 0 0
0.002564102564102564 -0.3990195894805163 -0.017838349471885617 -0.46170779125575573 0 0 0
0.002564102564102564 -0.08759534710320659 -0.43657285673538954 -0.31304392639701834 0 0 0
0.002564102564102564 0.06761342962254832 0.33858103850799137 -0.028770599870519466 0 0 0
0.002564102564102564 -0.33492316353961515 0.17142866391588923 0.12615558853467815 0 0 0
0.002564102564102564 -0.12955868242985072 0.44320988645507636 -0.3982137753887576 0 0 0
0.002564102564102564 -0.2155423547759682 -0.551041820964618 0.02431170794147273 0 0 0
0.002564102564102564 0.028362706019459536 0.205614084420081 -0.1490398766466721 0 0 0
0.002564102564102564 0.1936199694412233 0.12922132256079677 0.11883924311545299 0 0 0
0.002564102564102564 -0.5418376383831958 0.08028158523910497 -0.32023060222939087 0 0 0
0.002564102564102564 -0.008223846271154984 0.12173349683735933 0.3351759887340047 0 0 0
0.002564102564102564 0.11204396837152068 0.37300758857515726 0.2675152830428704 0 0 0
0.002564102564102564 0.14023294863196703 0.04067986213716612 -0.3295363843882667 0 0 0
0.002564102564102564 0.42010905862810244 0.44306486876559037 0.10970313734788703 0 0 0
0.002564102564102564 0.0010251487244106925 -0.42439084807087557 -0.024549424008305436 0 0 0
0.002564102564102564 -0.11541578930576074 -0.11876425348314966 0.320350388317097 0 0 0
0.002564102564102564 -0.04429182158652295 -0.34442538150408225 -0.4915156532230608 0 0 0
0.002564102564102564 -0.02295959157842221 0.27927200584860806 0.13902374279979857 0 0 0
0.002564102564102564 0.38275587494435753 0.39465597239756206 -0.08785925243067642 0 0 0
0.002564102564102564 0.5183635192148173 0.1406483364836792 -0.21141514962835015 0 0 0
0.002564102564102564 0.018002038872557757 0.03163282980403432 -0.24997153314385484 0 0 0
0.002564102564102564 0.1927140534702081 0.32989826846982034 0.415188316494591 0 0 0
0.002564102564102564 -0.6758553988353838 0.0264104726340135 -0.11196490509785698 0 0 0
0.002564102564102564 -0.023800095084192063 0.17032339601475655 -0.346173618835416 0 0 0
0.002564102564102564 0.12070731371131437 0.5878189224859557 -0.2260049748416193 0 0 0
0.002564102564102564 -0.44019747349907307 -0.34656465595375113 0.14145518633776863 0 0 0
0.002564102564102564 0.08513089931187531 -0.1810397653389955 -0.23240573510787868 0 0 0
0.002564102564102564 -0.09576275085237727 -0.1509425737990298 0.35831913244249863 0 0 0
0.002564102564102564 0.6067553917892835 0.1385505526530647 0.08730139384259018 0 0 0
0.002564102564102564 -0.2889278818559269 0.4120207339951708 -0.44633238835177896 0 0 0
0.002564102564102564 0.28645885660245046 -0.12593827537021798 0.10213720224583202 0 0 0
0.002564102564102564 -0.39121009188018224 0.01698042343639505 0.5513560692963501 0 0 0
0.002564102564102564 -0.3685987642037362 0.28961557795838133 -0.2092977256578144 0 0 0
0.002564102564102564 0.11080153178671735 -0.16360326834333325 0.1181683628373328 0 0 0
0.002564102564102564 -0.32484601801275037 0.19080287546246089 -0.5020401785602867 0 0 0
0.002564102564102564 -0.06459661109475802 -0.4976019723463506 0.32839193402125033 0 0 0
0.002564102564102564 -0.42812924534632113 0.09038723566739923 0.45185898101683536 0 0 0
0.002564102564102564 -0.3823583436392215 -0.16013669168425623 0.3346175677958949 0 0 0
0.002564102564102564 0.06294874148289907 -0.11994658239772014 -0.40656803750346393 0 0 0
0.002564102564102564 0.16210408462388085 0.034973966235494154 0.4133645338522624 0 0 0
0.002564102564102564 0.5621581755287541 0.03258915159550024 0.01611671878363282 0 0 0
0.002564102564102564 0.31729883829075367 -0.31647619868557936 -0.49008826145976475 0 0 0
0.002564102564102564 -0.46943505769418875 0.16528478818440168 -0.38162016635492363 0 0 0
0.002564102564102564 0.0024169289826351066 0.09120321299845632 0.356358103647557 0 0 0
0.002564102564102564 0.19174785482848467 0.2332972963571122 0.44573735922483054 0 0 0
0.002564102564102564 -0.1718897753282401 -0.09575113854942514 -0.13253419924784118 0 0 0
0.002564102564102564 -0.2415923009615684 -0.44188417313775563 0.43081950880280023 0 0 0
0.002564102564102564 0.09687842066770787 0.24988548609344743 -0.5918761130380485 0 0 0
0.002564102564102564 -0.02786223236090933 -0.03487619997642356 0.08469314708825232 0 0 0
0.002564102564102564 0.10902618537102163 -0.5584589700354874 -0.1253627139524415 0 0 0
0.002564102564102564 0.30535985049185105 0.1058194187098332 -0.051702261440598474 0 0 0
0.002564102564102564 -0.0978745564437286 -0.5873538531992639 -0.27425246120933267 0 0 0
0.002564102564102564 -0.5205815490118743 0.3850240716819098 -0.1877553054168451 0 0 0
0.002564102564102564 0.17687356130183451 0.4404121470262011 -0.2781807022416106 0 0 0
0.002564102564102564 0.588052804696539 0.02952208125183742 0.035596379885939465 0 0 0
0.002564102564102564 -0.1526462492907724 -0.07589099591209462 -0.49026256056787737 0 0 0
0.002564102564102564 -0.5182188972949795 0.3399037442868525 -0.24819682463089454 0 0 0
0.002564102564102564 -0.4082337065331462 -0.22752174497264632 0.1935878050087587 0 0 0
0.002564102564102564 -0.19161407244660128 -0.1529786606180966 0.4867302667710549 0 0 0
0.002564102564102564 0.07332156927838264 0.4076975005571401 -0.31810446327326286 0 0 0
0.002564102564102564 -0.3439315981297164 -0.22852759103412149 0.22301632114037112 0 0 0
0.002564102564102564 -0.11397692616329298 -0.10304268511146811 -0.04605164400825015 0 0 0
0.002564102564102564 0.38297651161367935 0.20431998481440508 0.08363409455072858 0 0 0
0.002564102564102564 0.05180766772075799 -0.04485321938379426 0.2995049116647075 0 0 0
0.002564102564102564 0.274714846577789 0.2439417792976464 0.17218399062920406 0 0 0
0.002564102564102564 0.19107437257135335 -0.09544314892606336 -0.24197662945649207 0 0 0
0.002564102564102564 -0.591910763908799 -0.08232015469576301 0.16938537203261156 0 0 0
0.002564102564102564 -0.15286648022314625 0.15213421455960222 -0.21085586528065775 0 0 0
0.002564102564102564 0.1931543958891228 -0.507182164799542 -0.00893822386181903 0 0 0
0.002564102564102564 -0.37072723095887816 -0.21868476478025053 0.4859239820434577 0 0 0
0.002564102564102564 -0.315896027545116 0.4407593765897703 0.24363710644733902 0 0 0
0.002564102564102564 -0.28202180912171804 0.3640274844463873 -0.2744063637810077 0 0 0
