160
0
0.00625 0.2097845452819623 -0.15429047492317713 0.34615864007164865 0 0 0
0.00625 0.13671203539472232 -0.4111454647325866 -0.4157892386747455 0 0 0
0.00625 0.13998007432058804 -0.15544552291683011 -0.4175502512376494 0 0 0
0.00625 -0.23561746270500816 -0.07232907423709789 -0.643218317716217 0 0 0
0.00625 -0.56087157948033 -0.10946632665828218 -0.28463236183697826 0 0 0
0.00625 -0.23361063130795073 -0.19792957253440616 0.6073510929521024 0 0 0
0.00625 -0.11738294895971967 0.5203001315514614 -0.4356457304240899 0 0 0
0.00625 -0.3247993947547669 0.15210759400908402 -0.5826547490774396 0 0 0
0.00625 0.22544590908395928 0.3732138891491838 -0.014164927492151161 0 0 0
0.00625 0.11946428800410175 -0.6271111673339932 -0.1700489370132089 0 0 0
0.00625 -0.24082454056130193 0.5731327232951896 0.2794708984481849 0 0 0
0.00625 -0.343619867729166 0.49714553616885865 -0.07039066114813088 0 0 0
0.00625 0.36891120340022704 0.1213908951673952 -0.21011571590053413 0 0 0
0.00625 -0.42604464570568334 0.04627784129252287 -0.36843424068755654 0 0 0
0.00625 0.5700920287617173 0.19150789616652997 -0.0138298014949479 0 0 0
0.00625 -0.3647634526896981 7.487819406838523e-05 0.5042384169718566 0 0 0
0.00625 0.48151344932672874 0.28092914629234295 -0.2806984083662728 0 0 0
0.00625 0.11681259790047369 0.38331851451286086 -0.20009537693345014 0 0 0
0.00625 -0.10555729088496005 0.3739943536355373 0.28905162863416356 0 0 0
0.00625 0.26219605057367507 -0.2203996989771031 -0.05772021918950698 0 0 0
0.00625 0.3285845708066025 0.515805139554219 -0.32358338027369 0 0 0
0.00625 -0.009775615808826656 -0.4433320454674052 0.02938975919448407 0 0 0
0.00625 -0.26111035132504135 -0.21539114637994775 -0.5678546083660293 0 0 0
0.00625 0.5937473669399799 0.26494676874959644 0.07186989580769766 0 0 0
0.00625 -0.2985702124219429 0.0587954367727493 -0.2094520454485425 0 0 0
0.00625 -0.4402899279632392 -0.1421250105389961 0.4081935186560383 0 0 0
0.00625 -0.036931333120060986 -0.10518139395963261 -0.2793688332143302 0 0 0
0.00625 -0.421295108680164 -0.009771183343622545 -0.1814590629506641 0 0 0
0.00625 -0.09447749883083506 0.5072539259875898 0.36999136811982586 0 0 0
0.00625 -0.5306617838063707 0.3218178108787907 -0.24799455937951448 0 0 0
0.00625 0.13176596317299719 -0.3416688081788477 0.43914651836392077 0 0 0
0.00625 0.0547700117936316 -0.1769670352271868 -0.01542822883352066 0 0 0
0.00625 0.12403437064357671 0.06778091251526229 -0.3180342149660029 0 0 0
0.00625 0.5615089978973932 -0.11581736658481653 -0.010442605709891176 0 0 0
0.00625 -0.12593201448495955 -0.6127477012357032 -0.1305587167202543 0 0 0
0.00625 0.11589656884715559 -0.060318446574938483 0.07140816090890259 0 0 0
0.00625 -0.0007385331531028201 -0.02792577883588696 0.184774473825245 0 0 0
0.00625 0.43289010677242123 -0.3328234842988565 -0.35846445122414405 0 0 0
0.00625 0.12251668179259051 -0.39415219761266534 -0.5468833213031719 0 0 0
0.00625 0.39480494960667845 0.30894234743852267 -0.2696516860094598 0 0 0
0.00625 -0.0448992335064292 -0.2193769875241165 -0.12111897951814891 0 0 0
0.00625 0.26443269302242467 0.4445155067775707 0.33826366146385733 0 0 0
0.00625 -0.02098129953670428 0.30134531516762675 -0.11663539212697584 0 0 0
0.00625 0.2323527403303541 0.571671903223558 -0.24738699982112677 0 0 0
0.00625 0.15358136786491314 0.2344090819441985 -0.04753455011065979 0 0 0
0.00625 -0.01632521451031173 0.47530874395255246 -0.37088542398628366 0 0 0
0.00625 0.026386528297020907 0.18858980478543697 0.1956206838598762 0 0 0
0.00625 0.18345924238627603 0.3123058290296933 0.4715541223499192 0 0 0
0.00625 -0.45487776732848 0.2222960839996444 0.14328926814052056 0 0 0
0.00625 -0.2749429936510796 -0.2359835195914804 0.32475495266719767 0 0 0
0.00625 0.17569170599008058 0.4313691725580096 -0.20180882770999017 0 0 0
0.00625 -0.4160695586462011 0.1567576868636706 0.4020407095040892 0 0 0
0.00625 -0.16753979152371393 -0.26370298798305125 -0.492365719796344 0 0 0
0.00625 -0.24991358709318862 0.19297783042503053 -0.08383924655665255 0 0 0
0.00625 0.25981473841128067 -0.0014870211590702598 -0.19121088312189602 0 0 0
0.00625 0.16819003394690593 -0.47170129030806723 -0.470645606003699 0 0 0
0.00625 0.0897957339381872 0.089450657014672 -0.1268802852940176 0 0 0
0.00625 -0.5923569469911497 0.12610863418601087 -0.020816991338557203 0 0 0
0.00625 -0.2144209142933007 -0.5680435807755793 -0.0006552237134049714 0 0 0
0.00625 0.493796865870661 -0.03122743548366903 0.18671867544538753 0 0 0
0.00625 0.16775197114177517 0.28966330493126324 8.520277544770935e-06 0 0 0
0.00625 0.2447417170344626 -0.11798506268739961 0.5436022149050035 0 0 0
0.00625 0.008267484901306018 0.050044599847294556 -0.09956682397784729 0 0 0
0.00625 -0.06441145369367535 0.119191867077771 0.04718862387666717 0 0 0
0.00625 0.19003590466339482 0.22885349990824633 -0.5183058647759329 0 0 0
0.00625 0.3381605689618853 -0.17448706589203927 -0.2679637818918133 0 0 0
0.00625 0.0264779685443098 -0.6352594399644595 -0.2715561809841135 0 0 0
0.00625 0.32220351777520895 -0.5815817489413498 0.16055415620452193 0 0 0
0.00625 -0.294505413678061 0.38524375244414066 -0.40157004432522164 0 0 0
0.00625 -0.0002898591713283793 0.2687266389091408 -0.41466708284220183 0 0 0
0.00625 0.34523899732370167 -0.004441446293102576 -0.052597994395025154 0 0 0
0.00625 0.48898565670904237 -0.3203971570551342 -0.05948199310351013 0 0 0
0.00625 -0.5963065420989708 -0.15316068038841985 0.27066788834073074 0 0 0
0.00625 0.3160965967055443 -0.3176772277385681 0.0352017685090726 0 0 0
0.00625 -0.45705522271190463 -0.5144546841576322 0.07337345450844086 0 0 0
0.00625 0.3368034661971816 0.3571614231645694 -0.17848549629358185 0 0 0
0.00625 0.06915741176999152 0.12559201267856537 -0.6205313108977686 0 0 0
0.00625 0.5582684685329677 -0.17201158421690213 -0.1287780289714613 0 0 0
0.00625 0.1790362251675233 0.4630139243343648 -0.47451416285835846 0 0 0
0.00625 -0.23154894054937222 -0.448632437584823 0.31112895908799754 0 0 0
0.00625 -0.6093503490615092 0.13683849707754508 0.14756346380258387 0 0 0
0.00625 0.10275324052273231 -0.5641544793822281 -0.10610086693223783 0 0 0
0.00625 0.10395844043918974 0.2372471661597003 -0.3506275497913909 0 0 0
0.00625 -0.28012499592553747 0.08477982244027978 0.005270888770903259 0 0 0
0.00625 -0.25485516120177093 -0.5564256623946838 0.06898546495422717 0 0 0
0.00625 0.4505394752821326 0.08379894983271642 -0.11843798326774539 0 0 0
0.00625 0.2638587755917391 -0.09969920157942755 0.08338591570967263 0 0 0
0.00625 0.4255943361520268 0.2572003783175246 0.08200057635493765 0 0 0
0.00625 0.09024725194474283 -0.04320044117071993 -0.21762967082637694 0 0 0
0.00625 -0.2204942679970964 0.08888612417212326 -0.3299276866026946 0 0 0
0.00625 -0.14356931474682594 0.34847769501246467 -0.040385646447507514 0 0 0
0.00625 0.14206410079816761 -0.22861388775347144 -0.5645606447976894 0 0 0
0.00625 0.3602990492019457 0.36141075685875707 -0.06505863264581639 0 0 0
0.00625 0.007822751115121897 0.16911838024674664 0.5581345306840018 0 0 0
0.00625 0.2798195021894877 0.13325222584596183 -0.39042194679423065 0 0 0
0.00625 0.5268580004090789 -0.3283339319963819 -0.00031343118743208334 0 0 0
0.00625 -0.26769204550517745 0.20558715633932592 0.1562767523993802 0 0 0
0.00625 0.3935493747909343 -0.3631420415884551 0.3285821858153737 0 0 0
0.00625 -0.09425164177453252 -0.18607399343771597 -0.3652452964704671 0 0 0
0.00625 0.5957605605360943 -0.2534393505213863 0.10227967130494711 0 0 0
0.00625 0.3708456036789635 -0.029755496206481685 0.11459847360518069 0 0 0
0.00625 0.4994742146768865 0.09443154809925551 -0.43520229037894426 0 0 0
0.00625 -0.0730664440784632 -0.622975558469687 -0.17610614812823802 0 0 0
0.00625 0.10690397908465248 0.036903140773780416 0.4991714598605479 0 0 0
0.00625 -0.4105476731165551 0.05514648575753333 -0.1881881607070236 0 0 0
0.00625 -0.2340643628164134 0.07366319688917218 -0.5058192719863411 0 0 0
0.00625 0.2880278001964302 0.34354083440573374 0.323601690500044 0 0 0
0.00625 0.4943888858571828 -0.3931036162939638 0.13546781360558152 0 0 0
0.00625 0.2085833497831869 0.05799406678372274 0.031007404110855986 0 0 0
0.00625 0.5134786533562194 -0.24783074254893636 -0.34704038897306017 0 0 0
0.00625 -0.5173033387298228 0.28060645072984103 0.11090583003445292 0 0 0
0.00625 -0.009548653753643499 0.2927067396601728 0.5717934666212282 0 0 0
0.00625 -0.28009557305493604 -0.019562340690153515 0.2623862952063882 0 0 0
0.00625 -0.413015593234766 -0.41494255675197583 -0.30564283190855035 0 0 0
0.00625 -0.654055007480135 0.1636844768270031 0.1135067095194327 0 0 0
0.00625 -0.5431628403359642 -0.29582336329329806 -0.26947899529386543 0 0 0
0.00625 -0.21498450020133467 -0.1387848490117442 -0.01993248357628553 0 0 0
0.00625 0.08256980217670777 -0.06021248639563061 -0.3444460498205019 0 0 0
0.00625 0.27777667904197934 0.4434362537193822 -0.27458666096278045 0 0 0
0.00625 -0.12299979124861815 0.3975573270929771 -0.44986186573844444 0 0 0
0.00625 -0.07750266286587204 -0.228408443871167 0.43783280382407164 0 0 0
0.00625 -0.2851606594112426 -0.171234440409516 -0.0018429234352614 0 0 0
0.00625 0.31128816518123165 0.4695938618019569 0.2482777673214595 0 0 0
0.00625 -0.11860183572230812 -0.4247816854872583 -0.3124818894726651 0 0 0
0.00625 0.3900186659375203 0.42668152928873376 0.1357793486789597 0 0 0
0.00625 -0.013610576791753067 -0.27772032524485135 0.2866757804290037 0 0 0
0.00625 -0.23349358621162433 0.34259624265379224 -0.09412135546378379 0 0 0
0.00625 -0.47482839173042557 0.15718508356178004 0.07873079102503154 0 0 0
0.00625 0.3398241608378412 0.5600234847195645 -0.18187875099784603 0 0 0
0.00625 -0.5658313918883104 -0.009798689151399417 0.36446268051892744 0 0 0
0.00625 0.038582959074141165 0.43718654787485944 0.13892132954267697 0 0 0
0.00625 0.347198069122843 -0.5405234619349085 -0.2227065043570815 0 0 0
0.00625 0.6141202122668322 -0.04496826972771226 -0.03434977976804823 0 0 0
0.00625 0.3043226941028602 0.36902339828364333 -0.3144580825875772 0 0 0
0.00625 -0.10012703071869225 0.12517652662686576 0.6232365926251258 0 0 0
0.00625 -0.5338249789372098 0.09926318113978093 -0.325579368003746 0 0 0
0.00625 -0.0962856439406362 0.34798153276159693 0.50032128550481 0 0 0
0.00625 -0.04577900389708101 0.19616090619572515 -0.44353512340860957 0 0 0
0.00625 -0.11179988035037805 0.13144242691800506 -0.5053055371071382 0 0 0
0.00625 -0.17175426187868575 -0.5456215466487679 0.3291487916909976 0 0 0
0.00625 0.3280618811955487 0.39063785362174386 -0.09747097975996909 0 0 0
0.00625 -0.4603992611101941 -0.341876707846162 -0.21645869208331064 0 0 0
0.00625 0.26439111377860797 -0.38664740484814547 0.370630254319854 0 0 0
0.00625 0.6144781504390597 -0.0172712471295466 -0.30559565436381264 0 0 0
0.00625 0.36455789922350873 -0.2267992294923259 0.5282843559009996 0 0 0
0.00625 -0.2808039288771348 0.16702904440241081 0.00622126382712516 0 0 0
0.00625 0.02694337693996059 0.03716972055012244 -0.08725961870026484 0 0 0
0.00625 0.06507677829608915 -0.38825310186334167 0.10654414148959501 0 0 0
0.00625 0.3038320835262625 -0.032401127897509936 -0.2124496044408005 0 0 0
0.00625 0.29543153465246685 -0.10992313901042783 -0.5263616564114741 0 0 0
0.00625 0.605984576527011 -0.27601340294746146 -0.15590997617901386 0 0 0
0.00625 -0.01031768020358759 0.657361717253377 0.00410968704835172 0 0 0
0.00625 0.16072856553432632 0.08943606057647084 -0.20638155871814332 0 0 0
0.00625 -0.2836964770100781 -0.00608896072543704 -0.22823089353967949 0 0 0
0.00625 -0.13605671470197517 -0.35821969084635075 0.30521053613286975 0 0 0
0.00625 -0.0655378272142479 0.29156603223261784 0.22012521127469312 0 0 0
0.00625 0.028132792994060404 -0.3301984382691542 -0.19075549301191658 0 0 0
0.00625 -0.25606540934951133 0.20422342172794322 -0.23642434731848777 0 0 0
0.00625 0.557517914149583 -0.1384285169301015 0.3120634800477338 0 0 0
0.00625 -0.05702561571529662 0.318253384658834 0.5620678743978508 0 0 0
