190
0
0.005263157894736842 0.494988585197183 0.4180340472350374 0.14546382211071462 0 0 0
0.005263157894736842 0.003576185424623843 0.21349631087814297 0.590533897114309 0 0 0
0.005263157894736842 -0.015088475363882805 0.30166702243924887 -0.41177802973431954 0 0 0
0.005263157894736842 -0.5007819029506735 0.4247331915551477 -0.10186059388782198 0 0 0
0.005263157894736842 -0.43275839677051253 0.2448410039559272 0.03937715523047127 0 0 0
0.005263157894736842 0.39815517736187034 -0.26141089347210134 0.4612724453820302 0 0 0
0.005263157894736842 -0.31993297164368445 0.30654757162824087 0.28742533624361083 0 0 0
0.005263157894736842 -0.44078582713377323 -0.008159244892554575 -0.5190490102941792 0 0 0
0.005263157894736842 0.37808908385904205 0.32607249495271323 -0.45026463031404473 0 0 0
0.005263157894736842 0.18990074139679872 -0.03384789607246662 0.5211995985545838 0 0 0
0.005263157894736842 0.3384931180687646 0.4615101927193918 -0.3787283230110799 0 0 0
0.005263157894736842 0.16829963553884164 -0.2666064055534072 -0.20760936559734927 0 0 0
0.005263157894736842 0.5083032436372995 -0.28881688655345966 0.027544547176473238 0 0 0
0.005263157894736842 0.42051696145913037 0.4484770820392195 0.016496758627591777 0 0 0
0.005263157894736842 0.07167350775437908 -0.043211646902273575 -0.6879573638945687 0 0 0
0.005263157894736842 0.28000060711780206 -0.23168663599819211 0.07991481679526986 0 0 0
0.005263157894736842 -0.39289131649886794 -0.16050595739583173 0.15249449371178456 0 0 0
0.005263157894736842 0.6078771651569524 0.11311110879795398 0.08699683413537967 0 0 0
0.005263157894736842 0.5300489042778991 0.2793396828004242 -0.25954907390685705 0 0 0
0.005263157894736842 0.01040368771440299 0.026205273944071805 -0.02460684218364315 0 0 0
0.005263157894736842 0.06664758543988623 0.2847491625120867 -0.29502768025691284 0 0 0
0.005263157894736842 -0.20193617516395976 -0.15688906615878828 -0.3570316304028004 0 0 0
0.005263157894736842 0.587598064624017 0.10691541219766804 -0.11779626464063922 0 0 0
0.005263157894736842 -0.49408138012096814 0.036411827192411775 -0.14123805727900188 0 0 0
0.005263157894736842 0.42848437244188525 0.4690577568207548 -0.2777194251641397 0 0 0
0.005263157894736842 -0.1736690033311211 0.1359122220571328 0.6121694119518413 0 0 0
0.005263157894736842 -0.03562911881249486 0.40645702450970067 0.41320854019696995 0 0 0
0.005263157894736842 0.6350964497615624 0.17290316319709875 0.02945895871291312 0 0 0
0.005263157894736842 0.6006495934345554 -0.023378350887736564 -0.139746621569539 0 0 0
0.005263157894736842 0.36179062829941755 -0.4977889880832474 -0.18958406557120755 0 0 0
0.005263157894736842 -0.3571793869591227 -0.16285575124633447 0.3677324064667141 0 0 0
0.005263157894736842 0.30680943233071634 -0.3879799213983448 0.45571376873229946 0 0 0
0.005263157894736842 -0.5849514465574727 0.03329348129273224 0.33574024471446345 0 0 0
0.005263157894736842 0.20775410158892954 -0.35346505492676283 -0.04211650042040804 0 0 0
0.005263157894736842 0.4892639423721669 -0.3300773751205302 0.2625191270559565 0 0 0
0.005263157894736842 0.05093485588534839 0.4106034410824282 0.1577697952435461 0 0 0
0.005263157894736842 0.3615200677608422 -0.10053639478820095 0.02654802565817887 0 0 0
0.005263157894736842 0.09678744250842101 0.13325731385972225 -0.6296418325515227 0 0 0
0.005263157894736842 0.18007670583982732 0.1144846487610512 0.18456106635346722 0 0 0
0.005263157894736842 -0.17069114720629422 0.39074111683959345 -0.14715214068762322 0 0 0
0.005263157894736842 -0.08318373019883822 0.3535151001732111 0.06768793006406058 0 0 0
0.005263157894736842 -0.3741482985570366 -0.28450717857023 0.06614802789796448 0 0 0
0.005263157894736842 0.4015901172689146 0.3047115597477808 0.007948365829335037 0 0 0
0.005263157894736842 -0.48625679535105537 0.028921745733017475 -0.2719092402382504 0 0 0
0.005263157894736842 -0.49856813890381485 0.22538991369973077 -0.12096382713667189 0 0 0
0.005263157894736842 0.662244046831193 -0.023925927077010512 -0.0228354590577183 0 0 0
0.005263157894736842 -0.07174291462720082 -0.2290791208277018 -0.3386728193683881 0 0 0
0.005263157894736842 -0.18700739888045928 0.3384819506432925 0.3441005185654537 0 0 0
0.005263157894736842 -0.014216734355429174 0.10155414136747433 -0.13909648095192062 0 0 0
0.005263157894736842 0.10391810974731328 -0.23998140619107833 -0.38507735021727885 0 0 0
0.005263157894736842 -0.3807039199678574 -0.3254036741817437 -0.292587690137317 0 0 0
0.005263157894736842 -0.5329124020963494 -0.429139420882115 0.11005009999970874 0 0 0
0.005263157894736842 0.5283363551739884 -0.14184838638378425 -0.37353524493194756 0 0 0
0.005263157894736842 -0.5676699567878325 -0.08835615074897621 0.02370967648440083 0 0 0
0.005263157894736842 -0.03578905709906473 0.4312522717504242 0.17033621099793214 0 0 0
0.005263157894736842 0.4704755002516818 0.04763883790200572 -0.16552075133301036 0 0 0
0.005263157894736842 0.006737007220225608 0.1493910185703133 -0.4824276743429486 0 0 0
0.005263157894736842 -0.04763957564313891 0.06872885250134286 -0.2883702257743639 0 0 0
0.005263157894736842 -0.06814330086896604 -0.5571994295625861 -0.18712735543785033 0 0 0
0.005263157894736842 0.14214066085586974 0.10384684603521627 0.3466777147500903 0 0 0
0.005263157894736842 0.14031543062338667 -0.40590639327902756 -0.3062994513209347 0 0 0
0.005263157894736842 0.024620405413452617 0.1627575713892756 0.36587790807098547 0 0 0
0.005263157894736842 0.175244333538518 0.45374870249744065 -0.38283623853657917 0 0 0
0.005263157894736842 0.048429237671010705 -0.19170488551159914 0.3879983892802931 0 0 0
0.005263157894736842 0.61154645356007 -0.15268214471857572 -0.16629083361128472 0 0 0
0.005263157894736842 -0.43840624846343684 0.27248045431345885 0.26295061407135467 0 0 0
0.005263157894736842 0.11507107476935573 0.28268720038380063 -0.4754996020362524 0 0 0
0.005263157894736842 -0.2556020475306588 0.2332723970895669 -0.47909124972074435 0 0 0
0.005263157894736842 0.18934041297497523 0.0395313208610674 -0.3987646446093149 0 0 0
0.005263157894736842 -0.2150764695624812 0.060982665921298314 0.556455001659024 0 0 0
0.005263157894736842 -0.10751177802184989 -0.5059133773790373 -0.12928605964245993 0 0 0
0.005263157894736842 0.17004334643439348 0.07869402501414823 -0.21890831183581722 0 0 0
0.005263157894736842 0.2981254588083345 0.30113511481449706 0.5294137457051926 0 0 0
0.005263157894736842 -0.5203820083754991 -0.08844240722925203 0.3801494376967321 0 0 0
0.005263157894736842 0.12591480579793715 -0.06760687426539416 0.40098982266424377 0 0 0
0.005263157894736842 -0.0007568937020662988 0.13738321810117365 0.159179229086521 0 0 0
0.005263157894736842 -0.057395063116062565 -0.29569379133761065 -0.011479207871194164 0 0 0
0.005263157894736842 -0.6013770057285108 -0.10349394656288474 0.08926882615931801 0 0 0
0.005263157894736842 -0.17581048169829624 -0.3203470385900033 0.5127232785537907 0 0 0
0.005263157894736842 -0.2215074079704093 0.5640444327887187 0.044700861010971406 0 0 0
0.005263157894736842 -0.44882780308625914 0.13319383886530103 -0.022764440989303445 0 0 0
0.005263157894736842 -0.22807521980381515 -0.10812390212926269 0.12554665556114777 0 0 0
0.005263157894736842 -0.6497528412231968 0.03334094337531747 0.11357965605722374 0 0 0
0.005263157894736842 -0.19893090664597812 -0.1436444385320326 0.5902055786344854 0 0 0
0.005263157894736842 0.04608874738358128 -0.23327613121735205 -0.6306656040004015 0 0 0
0.005263157894736842 0.16650304643447278 -0.1888049051989046 -0.16776510587906246 0 0 0
0.005263157894736842 -0.3930007598292431 -0.24857473846132047 -0.22673205631723256 0 0 0
0.005263157894736842 0.1581321093310313 0.14874204869005367 0.6328783780911879 0 0 0
0.005263157894736842 0.006954508575448312 0.35028587684588497 0.2613677331238524 0 0 0
0.005263157894736842 0.3067568996725505 -0.2544228084171122 0.41217081782651044 0 0 0
0.005263157894736842 0.34586330625429246 -0.4913904847989928 0.22442272498276053 0 0 0
0.005263157894736842 0.06545664538692399 0.39892844226453417 -0.19083614200376978 0 0 0
0.005263157894736842 -0.5380728908711433 0.2953395370062221 0.27901081498603625 0 0 0
0.005263157894736842 0.1951788141399752 -0.057839838768558825 0.03870841886108657 0 0 0
0.005263157894736842 0.384741678312923 0.297656411727886 0.25057532081914347 0 0 0
0.005263157894736842 -0.4191217298498699 0.3955631464982119 -0.11055740083661632 0 0 0
0.005263157894736842 -0.09832002808004814 -0.1896511352122452 0.47112329225450167 0 0 0
0.005263157894736842 -0.05718471184295528 0.17943937267822713 0.49113474278702063 0 0 0
0.005263157894736842 0.5226978607948307 -0.06675852638965699 0.4362427707383548 0 0 0
0.005263157894736842 0.5354936490361197 -0.32530101790101257 -0.19285543132560834 0 0 0
0.005263157894736842 -0.5412656299972388 -0.10256477630677889 0.41294778391957365 0 0 0
0.005263157894736842 -0.23189670963627015 0.40010974450792014 -0.04553832260507969 0 0 0
0.005263157894736842 -0.10338362668045008 -0.591282285135617 -0.04911357565944413 0 0 0
0.005263157894736842 0.14546864312897015 0.41582499458757954 0.007618564122719658 0 0 0
0.005263157894736842 -0.11539609251891209 0.5328773971744396 -0.32449671006187847 0 0 0
0.005263157894736842 -0.30246061567930227 0.3252861737445984 -0.34207526115227876 0 0 0
0.005263157894736842 -0.041757122359925784 0.448246100452797 0.001397840117361654 0 0 0
0.005263157894736842 0.43445629773715455 0.2866174049522877 -0.25401994559482277 0 0 0
0.005263157894736842 -0.007516703514007378 0.2776291849560355 0.15896663344106343 0 0 0
0.005263157894736842 -0.20155584525755793 0.3213344031939728 -0.07647057449670443 0 0 0
0.005263157894736842 0.5698019130528496 0.2656226672281802 0.2466677928846262 0 0 0
0.005263157894736842 0.2662204151842196 -0.371914086906965 -0.13871757311043395 0 0 0
0.005263157894736842 -0.12699089860197388 -0.32735474876698617 -0.5262024039952752 0 0 0
0.005263157894736842 -0.3003690621145845 0.4055897180468641 0.2947935019600717 0 0 0
0.005263157894736842 -0.4638169526991286 0.23339776884256527 -0.3681923255246729 0 0 0
0.005263157894736842 -0.2857305836966748 0.48300444669288317 -0.3659848889469462 0 0 0
0.005263157894736842 -0.4359880570712706 -0.11921671366782982 0.4653021202698558 0 0 0
0.005263157894736842 0.2765093946691207 -0.21271893683309692 -0.42118109082261423 0 0 0
0.005263157894736842 0.10361106876259521 -0.28395129280271286 0.042015441350966666 0 0 0
0.005263157894736842 -0.6266850715210388 -0.0021969375133950274 -0.09001333104668212 0 0 0
0.005263157894736842 -0.3696796082372174 0.01587073668893524 0.49126578111060926 0 0 0
0.005263157894736842 0.45572550855049243 0.1421787228891295 -0.1161575702938719 0 0 0
0.005263157894736842 0.22680646215669245 -0.31456647239224395 0.5073098469290527 0 0 0
0.005263157894736842 0.042238491072446205 -0.5041910576623033 -0.30707699239685793 0 0 0
0.005263157894736842 -0.0840140563725862 0.4171418908339907 0.06160247712187167 0 0 0
0.005263157894736842 0.19784182447554227 -0.09926807278586275 0.6518773717565771 0 0 0
0.005263157894736842 -0.1702182667034604 0.47295045732012647 -0.4683830471893547 0 0 0
0.005263157894736842 0.3632507616922472 0.33536809716157795 -0.037593700339528455 0 0 0
0.005263157894736842 -0.23233970987813277 -0.5147433870584661 -0.0901020965586244 0 0 0
0.005263157894736842 -0.614326307678917 0.2910630179204749 -0.114143812163589 0 0 0
0.005263157894736842 0.15053002981104552 -0.6002155840976303 0.04965873098608625 0 0 0
0.005263157894736842 -0.5097524221738451 0.3054231615461827 0.07890495441493438 0 0 0
0.005263157894736842 0.01295806290035328 -0.2871821958330759 -0.5325674260980077 0 0 0
0.005263157894736842 -0.17176099111004395 -0.10384750911589895 0.5507887283879427 0 0 0
0.005263157894736842 0.4899155851933657 -0.28368132826041864 0.27074243669326276 0 0 0
0.005263157894736842 0.4598434017536738 -0.05954388863349465 -0.5142608053873188 0 0 0
0.005263157894736842 -0.2598818609166219 0.19005849499583038 -0.2953663430841937 0 0 0
0.005263157894736842 -0.561002072379779 0.15248693401592947 -0.17635365592300337 0 0 0
0.005263157894736842 0.23963223893656876 -0.12841683491784475 -0.43436873773138973 0 0 0
0.005263157894736842 -0.2761971015592558 -0.13451998182797498 0.43256465291099017 0 0 0
0.005263157894736842 0.5739458414566413 0.18578086155341758 -0.3042186833402681 0 0 0
0.005263157894736842 -0.24843504571716532 0.273146176070482 0.0725915088032145 0 0 0
0.005263157894736842 -0.015031490299910967 0.20857813919200907 -0.25531058037986176 0 0 0
0.005263157894736842 -0.021280285691947277 -0.13478382033463593 0.5405241197154181 0 0 0
0.005263157894736842 -0.05546367773393247 0.23550776143173585 -0.17960693630173985 0 0 0
0.005263157894736842 0.28644288905316706 0.26418507361980964 0.30200042035951197 0 0 0
0.005263157894736842 0.026196234069579025 -0.4540551823153877 0.3471680747549798 0 0 0
0.005263157894736842 -0.32277220033772996 -0.5847148407717896 0.05927527528890617 0 0 0
0.005263157894736842 -0.19584352104439828 -0.5931933975146921 -0.28787669468366617 0 0 0
0.005263157894736842 -0.057803190954521834 -0.14477206173318674 0.6293648432123123 0 0 0
0.005263157894736842 0.26810938987592453 -0.13007951241534157 0.18089034419613106 0 0 0
0.005263157894736842 -0.34325112906036603 0.47407056022832206 0.31332285879172456 0 0 0
0.005263157894736842 -0.0975844544250875 -0.05806425236575385 -0.10282038378321719 0 0 0
0.005263157894736842 0.5395663738888056 0.4105170179759316 0.06469285412250912 0 0 0
0.005263157894736842 0.0735385646574225 -0.5874217353356483 -0.02637920074798451 0 0 0
0.005263157894736842 0.37146451537214603 -0.04105689061195346 -0.24851467286726114 0 0 0
0.005263157894736842 0.5443482941069859 0.1330983480763536 0.24578451385149877 0 0 0
0.005263157894736842 -0.12608396937007252 -0.13863272930691128 0.1310639469617182 0 0 0
0.005263157894736842 0.2505233695025851 -0.28620396615637006 -0.526387253181667 0 0 0
0.005263157894736842 0.3697855157283306 -0.050266828658942726 -0.377696442070517 0 0 0
0.005263157894736842 0.22690296008270128 -0.3264944479531381 0.518786224831711 0 0 0
0.005263157894736842 0.14565737996599043 -0.2610752401286742 0.01001923501198875 0 0 0
0.005263157894736842 0.037114233705246275 0.15505060357702136 -0.3522038155034661 0 0 0
0.005263157894736842 -0.055005243006547244 0.5838064629190464 0.04259267401158004 0 0 0
0.005263157894736842 0.1338596708324525 0.17911315373801684 0.43372934650389905 0 0 0
0.005263157894736842 0.16398207416723784 0.022766386200374734 -0.6261248051514922 0 0 0
0.005263157894736842 -0.04911791275495592 0.15080740615295776 0.04128748704591186 0 0 0
0.005263157894736842 0.29855770773185736 0.3808045944823306 0.4669335285733772 0 0 0
0.005263157894736842 0.45000704182647794 0.11245740230004297 0.36185981876334 0 0 0
0.005263157894736842 0.29782086254217816 -0.04088617666621281 0.1296057215566673 0 0 0
0.005263157894736842 -0.339475575626749 -0.3999503928589354 -0.3271351606255953 0 0 0
0.005263157894736842 0.3873540667844553 0.011510920459186846 0.3547643434085863 0 0 0
0.005263157894736842 0.00693288074310112 -0.4218991005029152 -0.010587660561439555 0 0 0
0.005263157894736842 0.4210077405098496 0.004751456544645309 0.30547337545077374 0 0 0
0.005263157894736842 0.029553672796868824 -0.20089309762957994 -0.26828425774791315 0 0 0
0.005263157894736842 0.23782986646487658 -0.29790646311949426 -0.18077028511755194 0 0 0
0.005263157894736842 0.17622414846093126 -0.22386186878821698 -0.4906994698699216 0 0 0
0.005263157894736842 0.17025210484453873 -0.10522554033874179 0.20167405210247535 0 0 0
0.005263157894736842 0.5993990549184729 0.28687914387109914 0.101636497619386 0 0 0
0.005263157894736842 -0.2009066857554402 0.42646450512413003 -0.207448794405424 0 0 0
0.005263157894736842 0.17425413552538008 0.6190426023998548 -0.015677093557662426 0 0 0
0.005263157894736842 -0.2803228483440755 0.43996133265233317 -0.3954924042565522 0 0 0
0.005263157894736842 -0.09229481339154844 -0.04309834076234559 -0.669079193526541 0 0 0
0.005263157894736842 0.1743436096007273 0.5611631044375213 0.21492807543756387 0 0 0
0.005263157894736842 -0.42353171057206196 0.3597302358684053 -0.032884001642350245 0 0 0
0.005263157894736842 0.24577035459363017 -0.34337075918147375 -0.012239761423257148 0 0 0
0.005263157894736842 0.4902236424574926 -0.18956646078041078 -0.22875539744093912 0 0 0
0.005263157894736842 0.441742226404239 -0.37047372430229675 0.1341456922649313 0 0 0
0.005263157894736842 0.11976075532490785 -0.471586474020783 -0.345089257700549 0 0 0
0.005263157894736842 -0.0015090977919424548 0.08349213449414607 -0.30575256776142745 0 0 0
