220
0
0.004545454545454545 0.4311228218891113 -0.3701883890155835 -0.08345874600946147 0 0 0
0.004545454545454545 0.4056212753129101 0.0619687422396701 0.18415211555794203 0 0 0
0.004545454545454545 0.06941518708274133 -0.3085945586412015 0.33513680798113704 0 0 0
0.004545454545454545 -0.05488350753245078 -0.4039081139902308 -0.15320441238316349 0 0 0
0.004545454545454545 -0.25624810052828056 -0.157774393020268 -0.04616278376666365 0 0 0
0.004545454545454545 0.04678819513928395 0.08693321985590588 0.6522216784434435 0 0 0
0.004545454545454545 0.3600377330296966 0.5497063229117192 0.050797960532072826 0 0 0
0.004545454545454545 0.3200657665949296 -0.05192927083235757 0.17347618942130177 0 0 0
0.004545454545454545 -0.12474325157388622 0.25218553464052024 -0.12776796213295882 0 0 0
0.004545454545454545 -0.4855870014043314 -0.26425226044818767 0.05877143693322003 0 0 0
0.004545454545454545 -0.0902457795165516 0.062306953560061405 0.24632558118575484 0 0 0
0.004545454545454545 0.3262316157092432 -0.2715971178688142 0.023851042424625404 0 0 0
0.004545454545454545 0.15209154764597954 -0.09396872444600524 -0.23096840880707928 0 0 0
0.004545454545454545 0.33331326399076966 0.13452220129500428 0.11843309809140537 0 0 0
0.004545454545454545 -0.2748470725739801 0.5018479563085091 -0.07132679037350755 0 0 0
0.004545454545454545 0.11893193523331211 0.13751504849319401 -0.6018934412703395 0 0 0
0.004545454545454545 -0.0009467182107430553 0.10578401644080124 -0.41725336170931104 0 0 0
0.004545454545454545 -0.44614461781587234 0.2097584159046926 -0.2481473903372514 0 0 0
0.004545454545454545 0.12201665335310923 -0.36203362940695566 -0.3520806913337539 0 0 0
0.004545454545454545 -0.2684758932694569 -0.031883798160168966 0.5238016009408641 0 0 0
0.004545454545454545 -0.17255103397944466 0.2839817613258783 0.5502449016824469 0 0 0
0.004545454545454545 -0.16821793113834901 0.005276066120354922 0.19118215700959412 0 0 0
0.004545454545454545 -0.48819759577584676 -0.33830207138444285 -0.2646324905857686 0 0 0
0.004545454545454545 0.27334747211148536 0.023192188612473297 0.2404179197151141 0 0 0
0.004545454545454545 -0.6071392653981829 -0.2038747230941989 0.1553865181641666 0 0 0
0.004545454545454545 -0.3895359599895853 -0.4888136053842447 -0.13701550185773353 0 0 0
0.004545454545454545 0.09640243952518394 0.3341381795996537 -0.06374492495685954 0 0 0
0.004545454545454545 0.3497914658251141 0.09410578142269461 -0.26096309653837535 0 0 0
0.004545454545454545 -0.12919699670933515 -0.2757262733344924 -0.43277991805418675 0 0 0
0.004545454545454545 -0.2084960322666204 -0.06648654212844046 0.16825075956479402 0 0 0
0.004545454545454545 -0.6603178233590744 -0.06604210248720609 -0.019078535060141084 0 0 0
0.004545454545454545 0.46093449581435725 -0.10267795030903257 -0.3735864268703997 0 0 0
0.004545454545454545 0.37857649624669715 -0.055394871238023516 -0.5335442460863659 0 0 0
0.004545454545454545 0.16653998125448968 0.43143625191859764 -0.386256329161289 0 0 0
0.004545454545454545 -0.1974400979312746 -0.12819657258133574 -0.5905004898135612 0 0 0
0.004545454545454545 0.5541710892328544 0.38375552978577265 -0.15620602666698255 0 0 0
0.004545454545454545 -0.5366001736269238 0.24397054915054717 0.3212952547913714 0 0 0
0.004545454545454545 -0.3613010140332101 0.32971220028795245 -0.30831138976639444 0 0 0
0.004545454545454545 0.1212669477065968 -0.2601721411719746 -0.4363107715551606 0 0 0
0.004545454545454545 -0.1350229307536448 0.5709059838866879 -0.13784837124793745 0 0 0
0.004545454545454545 0.5797142824253552 0.15607995457032373 0.19136728743455717 0 0 0
0.004545454545454545 0.5389994068004067 0.09622650232370822 -0.2894545183895569 0 0 0
0.004545454545454545 0.054150911436660454 0.5745297756628787 0.1863135427844838 0 0 0
0.004545454545454545 -0.05594580549224575 -0.07860689364057848 0.02689585177223212 0 0 0
0.004545454545454545 0.378272142738359 0.23833425410604603 -0.5101501112018324 0 0 0
0.004545454545454545 0.23231060810946735 -0.011840206879363793 0.34592859407550636 0 0 0
0.004545454545454545 0.195039677067815 -0.08708333280168586 0.6489927803955943 0 0 0
0.004545454545454545 -0.00643203924107499 0.40111673693666877 0.13531296511016064 0 0 0
0.004545454545454545 0.14082012822871406 -0.6139352023100701 0.2683004777116683 0 0 0
0.004545454545454545 0.29981555222853745 0.4672517901778829 -0.3254011718234687 0 0 0
0.004545454545454545 -0.49341467863654154 -0.08061924658593596 -0.3121095244850546 0 0 0
0.004545454545454545 0.057581583515645456 0.00436191135472813 -0.2543086852758069 0 0 0
0.004545454545454545 0.0009687766133597976 -0.22411569526629288 0.3514506504373667 0 0 0
0.004545454545454545 -0.35345135080398077 0.41331742921748227 0.20867284230331645 0 0 0
0.004545454545454545 0.418015702346951 -0.0976149644650557 -0.4938808239625828 0 0 0
0.004545454545454545 0.20780242273335278 -0.5388746859673321 -0.033810878983000156 0 0 0
0.004545454545454545 0.12303461825657616 -0.5518258690859195 0.21716419731788653 0 0 0
0.004545454545454545 0.044233254390954414 0.14322541565862915 0.64647058693669 0 0 0
0.004545454545454545 0.04689113284591352 -0.2850248718828352 0.473918634555965 0 0 0
0.004545454545454545 0.09721368938289841 0.49317420699230824 0.32888024285077255 0 0 0
0.004545454545454545 -0.22536190897268993 0.3240552095570878 0.2694166693393924 0 0 0
0.004545454545454545 -0.2196510120646759 0.11806601142025577 0.030261135732359792 0 0 0
0.004545454545454545 0.05914243371106823 -0.5208714057249693 0.3470579693698936 0 0 0
0.004545454545454545 0.1674271613352199 -0.24979776614890678 -0.3954737927401475 0 0 0
0.004545454545454545 -0.04885957256194608 0.45876356902271764 -0.5116397272869178 0 0 0
0.004545454545454545 -0.24236336560085533 -0.10246963090225569 -0.5599577133419243 0 0 0
0.004545454545454545 0.27795794728569245 -0.22818278770605843 -0.18856873699608837 0 0 0
0.004545454545454545 -0.21989222766901287 0.39199893999303054 0.5135520110483162 0 0 0
0.004545454545454545 -0.3795506616179462 0.1988784911350145 0.23520001312077168 0 0 0
0.004545454545454545 -0.3122755541381722 -0.07715367762866455 -0.5436333606072419 0 0 0
0.004545454545454545 0.30172240484231605 -0.08398634284801572 -0.5377155577725956 0 0 0
0.004545454545454545 0.459118162730853 0.4472509548188129 0.0007418658111690377 0 0 0
0.004545454545454545 0.05950246648613878 -0.2288395297481712 -0.6044300691040599 0 0 0
0.004545454545454545 -0.3572828416921908 0.46551829819716783 -0.08005183084569129 0 0 0
0.004545454545454545 -0.3695120147191548 0.12797823044773393 -0.31760367410289736 0 0 0
0.004545454545454545 -0.12416158635287934 0.4028004194956722 0.19893318576316246 0 0 0
0.004545454545454545 -0.18708250751300332 0.023723489477194243 0.24096679132414692 0 0 0
0.004545454545454545 0.3238649814154424 0.009521625719887452 -0.013086815071209871 0 0 0
0.004545454545454545 -0.22415075407924576 -0.4167199188191904 -0.26809318458259185 0 0 0
0.004545454545454545 -0.19044620004775567 0.5334451118939096 0.2520615739625782 0 0 0
0.004545454545454545 0.1927786442871574 0.21075605175160436 -0.5468426103418373 0 0 0
0.004545454545454545 0.4785375032454951 -0.017628534743522273 0.3750421916620345 0 0 0
0.004545454545454545 -0.02178718319941969 -0.07599084872724235 0.1204962925677227 0 0 0
0.004545454545454545 -0.07370374332850956 -0.1792497164039588 -0.023259657911513104 0 0 0
0.004545454545454545 -0.3447557460249174 0.3985176086256203 -0.2051901371991803 0 0 0
0.004545454545454545 -0.1077023290246497 -0.20019730960200177 -0.42044940473543674 0 0 0
0.004545454545454545 -0.24412083279588045 0.5253335669457961 0.13194966095651983 0 0 0
0.004545454545454545 -0.11450575036767031 -0.39023931810546253 -0.06057328617722552 0 0 0
0.004545454545454545 -0.39860562035091535 -0.2410410185736142 0.2530545139361563 0 0 0
0.004545454545454545 0.1244504778494335 -0.25639696029192943 0.1795346367379962 0 0 0
0.004545454545454545 -0.5558842703710467 0.19815040826985816 0.0786607242500998 0 0 0
0.004545454545454545 -0.1021703498314843 -0.5756642572872785 -0.26575610995500254 0 0 0
0.004545454545454545 -0.2602636261500472 0.2883295279599101 0.020975625536076625 0 0 0
0.004545454545454545 0.1832571649132606 0.40836283853562527 -0.34728560879864784 0 0 0
0.004545454545454545 0.16859101216412192 0.21353583463315462 0.11301996953384985 0 0 0
0.004545454545454545 -0.2937335706829436 -0.5663724988058376 -0.12466874686816945 0 0 0
0.004545454545454545 0.051829620777677096 0.359969492393929 -0.4693925779140482 0 0 0
0.004545454545454545 -0.3444919699924472 -0.12548881378122279 -0.3718762218378713 0 0 0
0.004545454545454545 0.6452070778504239 0.06437798699059036 0.05649282034381661 0 0 0
0.004545454545454545 0.06638994382524377 0.09261998780809655 0.5084393811282403 0 0 0
0.004545454545454545 0.3193420084255122 -0.42264432924510753 0.3042330941096872 0 0 0
0.004545454545454545 0.5054403009510285 -0.23874957033045116 -0.3313979895718601 0 0 0
0.004545454545454545 0.20031100784523848 -0.30181378570582257 -0.5779869293083274 0 0 0
0.004545454545454545 -0.5063460695706944 0.293824820324503 0.16321215875806894 0 0 0
0.004545454545454545 -0.3973536722402399 0.4218260435439012 0.3058578598046721 0 0 0
0.004545454545454545 0.448498320019227 -0.4801689271592964 0.21233262661990246 0 0 0
0.004545454545454545 -0.0887115000326832 0.5299666775908979 0.4141985949928596 0 0 0
0.004545454545454545 0.38283440784230394 -0.1040445323567128 0.29724279161380573 0 0 0
0.004545454545454545 -0.24875945936876964 -0.418257539013255 0.33493335126882157 0 0 0
0.004545454545454545 -0.0026230461631453457 0.5913224769390356 -0.2595697574715509 0 0 0
0.004545454545454545 -0.025896122026725955 -0.3902940052954936 0.2013891331360868 0 0 0
0.004545454545454545 0.07260748400987461 -0.5369566206179579 0.14319325221066512 0 0 0
0.004545454545454545 -0.35251695074988915 -0.016258512735435323 0.2479339874855014 0 0 0
0.004545454545454545 0.41334049153615515 0.2023377703737699 0.023894959970977125 0 0 0
0.004545454545454545 -0.07476266110428013 0.000706737592913627 -0.33383966848171764 0 0 0
0.004545454545454545 -0.047309723461915636 -0.14426594766263331 0.43479761256364285 0 0 0
0.004545454545454545 0.39221968835134174 0.13134353374405147 -0.3107354656897494 0 0 0
0.004545454545454545 -0.16015285062834345 0.1930035056962133 0.4159316210894472 0 0 0
0.004545454545454545 0.02203061574266831 -0.5476242985214358 0.024019819709433794 0 0 0
0.004545454545454545 0.0011220333391979622 -0.5698838897160912 -0.14449796856644329 0 0 0
0.004545454545454545 -0.16669919611021625 -0.33328096847787525 -0.2028378110092599 0 0 0
0.004545454545454545 -0.12046240234036347 0.34244815229640824 0.37089396308812517 0 0 0
0.004545454545454545 -0.46999095897650117 -0.21954077709487724 -0.33446239546621886 0 0 0
0.004545454545454545 -0.5171857193784718 0.05655001067840845 -0.32121389096050734 0 0 0
0.004545454545454545 0.15483199325940344 0.29503903798102893 -0.27255772722927085 0 0 0
0.004545454545454545 0.12068562245024195 -0.4045130596223539 -0.23705313242918274 0 0 0
0.004545454545454545 0.5551127194315345 0.12377218702689671 -0.2929655232084783 0 0 0
0.004545454545454545 -0.0779406718175574 0.5729990348982321 0.07528192040526176 0 0 0
0.004545454545454545 0.03377247193164543 -0.4596506505922339 -0.43017038267804486 0 0 0
0.004545454545454545 -0.011995912293601512 0.3533876920574423 0.1413862576194059 0 0 0
0.004545454545454545 -0.449013296895684 -0.3059467259676689 0.22799209706665266 0 0 0
0.004545454545454545 0.046369486919010224 -0.03421597228148944 -0.13506945424310776 0 0 0
0.004545454545454545 0.15022202679704755 0.056032984752791774 0.4235984117033187 0 0 0
0.004545454545454545 -0.05882983452678372 0.08454146374915592 0.645344288698696 0 0 0
0.004545454545454545 0.028830809609404276 -0.52702082768733 -0.04594694370014531 0 0 0
0.004545454545454545 -0.06599451669144901 -0.14019859327863135 -0.00047302191313463774 0 0 0
0.004545454545454545 0.26029535759250527 -0.25689887035452025 -0.5370811200092335 0 0 0
0.004545454545454545 0.024203974676260294 0.249303505478552 0.6321007169260335 0 0 0
0.004545454545454545 -0.042045708681748166 0.06530679692209616 -0.034947007221793586 0 0 0
0.004545454545454545 -0.02416623032785082 -0.6743929425328191 -0.10632513349772589 0 0 0
0.004545454545454545 -0.45729415883335706 0.05766507320747705 -0.1057821312734532 0 0 0
0.004545454545454545 -0.04870297775376789 -0.3620824372685888 0.055251245822506484 0 0 0
0.004545454545454545 0.11408078190382344 -0.044240064170952824 -0.2655676067565199 0 0 0
0.004545454545454545 -0.35521575734755273 0.1304612436902141 -0.04088728302524772 0 0 0
0.004545454545454545 0.09965741738015298 -0.07588737802694163 -0.3589437145143597 0 0 0
0.004545454545454545 0.09622293887088908 0.223330805194811 -0.30104986197838157 0 0 0
0.004545454545454545 0.44359621114999237 0.23975601816818476 0.38583849879685655 0 0 0
0.004545454545454545 0.2718442209667071 0.4685115441413796 -0.37200597746064196 0 0 0
0.004545454545454545 0.5035475078206264 -0.020516690019300916 0.20981834560916265 0 0 0
0.004545454545454545 0.15102391962171985 -0.08755254552849416 0.36686373244084247 0 0 0
0.004545454545454545 -0.2593883998265269 -0.4019798718670474 0.35294246552935526 0 0 0
0.004545454545454545 0.08573617302885854 0.4529533360989553 -0.16801157593939284 0 0 0
0.004545454545454545 0.41209745075236187 -0.4969446371232523 0.1457459891652436 0 0 0
0.004545454545454545 0.31989016056782743 0.10636391086550298 -0.46557509617396303 0 0 0
0.004545454545454545 0.018768896482420135 -0.30967489017817673 0.3317072017098872 0 0 0
0.004545454545454545 0.23573739049892178 -0.5640692331689384 0.007261209643368782 0 0 0
0.004545454545454545 -0.07058386149785059 -0.12404664932879574 -0.5178181410154403 0 0 0
0.004545454545454545 0.468713277838431 -0.12519259131189348 -0.4022177298016427 0 0 0
0.004545454545454545 -0.09864585780992116 0.2915246679195099 0.3203888211594537 0 0 0
0.004545454545454545 -0.15884722263820183 0.058846258819008804 -0.32922769955179165 0 0 0
0.004545454545454545 0.40729982067077175 -0.1375955080045396 0.21704941736119965 0 0 0
0.004545454545454545 0.21192232288445925 0.36866004912710504 0.42770125938451825 0 0 0
0.004545454545454545 0.22132854670809934 -0.1413593087156274 0.6365782934253564 0 0 0
0.004545454545454545 -0.6240983690729489 -0.015017791724761127 0.2769915748015171 0 0 0
0.004545454545454545 0.40458522817018755 0.01790273154980444 0.5301572432945868 0 0 0
0.004545454545454545 -0.3388309610502594 0.14563386646941762 0.09601832520103694 0 0 0
0.004545454545454545 -0.5308674017941888 0.04535960050556712 -0.12345792219452893 0 0 0
0.004545454545454545 -0.19524415511901674 -0.12681896308979956 -0.5066265083955339 0 0 0
0.004545454545454545 -0.25113031245365086 -0.17203161604324 0.5376227958215892 0 0 0
0.004545454545454545 0.1881989779213505 0.10616541656978844 -0.3523852805049013 0 0 0
0.004545454545454545 -0.1292398941236196 0.11566089657083946 -0.3570984016485315 0 0 0
0.004545454545454545 -0.15127395562577178 0.5701913571501018 -0.013807836965428652 0 0 0
0.004545454545454545 -0.2292548820529435 -0.5507166313850156 -0.31476254484135774 0 0 0
0.004545454545454545 -0.02376013043807061 -0.16519066761498777 0.5941806685444811 0 0 0
0.004545454545454545 -0.3335457692003053 -0.1927989823374044 -0.12955174072906353 0 0 0
0.004545454545454545 0.19962249029772433 -0.14415534763305832 0.45904307510485143 0 0 0
0.004545454545454545 -0.6040988049643196 -0.1359157563509617 0.11176273215351774 0 0 0
0.004545454545454545 0.1089769717698923 -0.31504974966453164 0.5186383491279333 0 0 0
0.004545454545454545 0.054977704419005166 -0.3982577655864105 0.08038246597083658 0 0 0
0.004545454545454545 -0.21430655512837563 0.5865977316440953 0.021310819333853186 0 0 0
0.004545454545454545 0.16951471598571557 0.11731827925143842 -0.4695520932836107 0 0 0
0.004545454545454545 0.35771949070309683 -0.2319343138064221 0.4044447597005513 0 0 0
0.004545454545454545 -0.5714655129150394 0.10599542962640102 0.07102659473519557 0 0 0
0.004545454545454545 0.5337573760288088 -0.31905447865112746 -0.03298037250413882 0 0 0
0.004545454545454545 -0.2091458756324178 -0.4299402449218982 -0.23560355295200874 0 0 0
0.004545454545454545 -0.11719919112391744 0.3136326376816245 -0.2815579473781524 0 0 0
0.004545454545454545 -0.20080732305701465 0.43824298524090705 0.16209650158374006 0 0 0
0.004545454545454545 0.10213231140307377 0.5315322426931417 -0.2128340846204688 0 0 0
0.004545454545454545 0.20023039475096852 -0.3380171730785999 0.09740867017754391 0 0 0
0.004545454545454545 0.13131204565719626 0.5912809204015602 0.14819532488134082 0 0 0
0.004545454545454545 -0.07117864689193212 0.5987013137734448 0.2144153884695399 0 0 0
0.004545454545454545 -0.14877759557265452 -0.48767096098796203 0.06552893058124469 0 0 0
0.004545454545454545 0.3213785986386566 -0.4997669621437876 0.07564086825810935 0 0 0
0.004545454545454545 0.22509818907763507 0.389940548713727 0.28737508769126896 0 0 0
0.004545454545454545 -0.3677791074557193 -0.09741337010177113 0.4929112455813943 0 0 0
0.004545454545454545 0.00263019666524118 -0.18553235375359783 0.6518872767672106 0 0 0
0.004545454545454545 -0.033095081658356694 -0.30557284906253346 -0.03130196538110656 0 0 0
0.004545454545454545 -0.28226135291883425 -0.08861130153913949 0.30804264107335977 0 0 0
0.004545454545454545 -0.06257088068182144 -0.5290076279968099 -0.16737613754449365 0 0 0
0.004545454545454545 0.05851986446698511 0.11456199944660894 0.37211857972037216 0 0 0
0.004545454545454545 0.4009274910199052 0.23001005618814518 0.42896606738868526 0 0 0
0.004545454545454545 0.33403980537391575 0.21037219328070492 0.21232766604905906 0 0 0
0.004545454545454545 0.06135572468358054 0.32687978025076847 -0.35780013183420567 0 0 0
0.004545454545454545 -0.15668677605017442 -0.029755071825110883 -0.086353588642931 0 0 0
0.004545454545454545 -0.30027699905360855 -0.17377833090816452 -0.08604348290157289 0 0 0
0.004545454545454545 -0.0416620204556171 0.13882546314788263 0.07206056261901837 0 0 0
0.004545454545454545 0.28048085395122185 -0.3657379607358322 -0.4276017705334007 0 0 0
0.004545454545454545 -0.5031870611730509 -0.4397545275902635 0.08417351290324314 0 0 0
0.004545454545454545 -0.5645761446478101 0.06563247976318431 0.09031612799190919 0 0 0
0.004545454545454545 0.2092876580909165 0.3366681024528878 -0.5605722573380005 0 0 0
0.004545454545454545 0.09372256687818953 0.032449306286106816 0.08477389895214878 0 0 0
0.004545454545454545 -0.356587303476613 -0.08453363983885558 -0.2892196414815698 0 0 0
0.004545454545454545 -0.4096983056669615 -0.4492736706009327 -0.050818672285445836 0 0 0
0.004545454545454545 0.2570714578728917 0.14425407751929886 0.22905108835862542 0 0 0
0.004545454545454545 -0.15835764183198447 -0.08687645739145605 0.5125400662472082 0 0 0
0.004545454545454545 -0.30159841834144346 0.2861989495883801 -0.4583818230552513 0 0 0
0.004545454545454545 0.46320964785186686 -0.13118340513441987 -0.21128592553485895 0 0 0
0.004545454545454545 -0.11250857489174806 0.11893627503350829 -0.27733045786386695 0 0 0
0.004545454545454545 0.36904378974276186 0.07134192295751836 -0.05510385457892633 0 0 0
0.004545454545454545 0.3035028292444147 -0.07374484130535222 0.4545959174265952 0 0 0
