240
0
0.004166666666666667 0.5095717322859246 0.22294276687337075 0.30796064325815664 0 0 0
0.004166666666666667 0.5723643181489568 -0.07327167999515903 -0.19602126314418525 0 0 0
0.004166666666666667 -0.3882667061074828 0.2163416440445836 0.5315187409131314 0 0 0
0.004166666666666667 -0.17280726958463435 0.1358833510082036 0.6016346446760448 0 0 0
0.004166666666666667 0.34460906320032064 0.3611999818528915 0.20634326032617992 0 0 0
0.004166666666666667 -0.42184535261878625 -0.017365142006889815 -0.29946781074053486 0 0 0
0.004166666666666667 -0.1438537778280414 0.5559890497705715 0.21925774033241074 0 0 0
0.004166666666666667 0.5182916604588474 0.31104176515922827 -0.1494972098612304 0 0 0
0.004166666666666667 -0.25497937655358693 0.04103073334506628 0.3776596825931296 0 0 0
0.004166666666666667 0.0827512501295243 0.2195115668415985 -0.09369445055194536 0 0 0
0.004166666666666667 0.07521920370731744 -0.16912481402514024 -0.14124012158630458 0 0 0
0.004166666666666667 0.00968616635849561 -0.11599505262495671 0.5482682920597088 0 0 0
0.004166666666666667 0.18381387645480696 -0.2159330688118228 0.42256643138902633 0 0 0
0.004166666666666667 -0.28954351047381494 0.5420481049922051 -0.19546151550733074 0 0 0
0.004166666666666667 -0.35597414205726285 -0.1973497061661303 -0.05789088611311153 0 0 0
0.004166666666666667 -0.23380439250134807 -0.08362163250486002 -0.5293334263012951 0 0 0
0.004166666666666667 -0.08251419699907996 -0.11099620409544941 -0.6144625329547257 0 0 0
0.004166666666666667 -0.25965272044103793 -0.33273324117377423 0.3689373071884386 0 0 0
0.004166666666666667 0.1334809058391126 -0.3297652310292356 -0.4337430650113392 0 0 0
0.004166666666666667 -0.5129300441655363 -0.30597775299838165 -0.14766203835746008 0 0 0
0.004166666666666667 0.2908044821110665 0.3502028429872108 -0.10020165292936924 0 0 0
0.004166666666666667 -0.14052368293674208 -0.39005949511325755 -0.07451886771109034 0 0 0
0.004166666666666667 -0.43211952660798675 -0.1275809830687251 -0.30153081112582003 0 0 0
0.004166666666666667 0.45965353768195605 -0.10823294854449562 -0.009239104920299805 0 0 0
0.004166666666666667 0.5378700733293724 -0.047521035691430125 -0.34125672252118483 0 0 0
0.004166666666666667 0.14336434597851994 -0.19746832620950033 -0.6157159218207707 0 0 0
0.004166666666666667 0.28638146411240345 -0.27120135628243963 0.5533223074036766 0 0 0
0.004166666666666667 -0.1652403081246676 0.024157869575734205 0.1576051589673562 0 0 0
0.004166666666666667 -0.21114968800737177 -0.0005041578518457381 0.2702081292060395 0 0 0
0.004166666666666667 -0.6012811506954582 0.07353612730100381 -0.017953362296206293 0 0 0
0.004166666666666667 -0.1467129354714771 -0.38881262335799655 0.22922483197521284 0 0 0
0.004166666666666667 0.39617105028229016 -0.09297447240905554 -0.27231876817624673 0 0 0
0.004166666666666667 0.1879132366046387 -0.34738964902889863 0.18822344535889537 0 0 0
0.004166666666666667 0.3821560008994023 -0.037211865369871575 0.06512278941112068 0 0 0
0.004166666666666667 0.09311745762713095 0.39461698050497046 -0.19676038829387263 0 0 0
0.004166666666666667 -0.040677897106205715 0.4408750969786039 0.1365946951520745 0 0 0
0.004166666666666667 0.2425785873702352 0.12293607451735139 0.09061106485910565 0 0 0
0.004166666666666667 -0.3620419966790845 -0.196454549915953 -0.25164098922216505 0 0 0
0.004166666666666667 -0.25891521836539033 0.5187046053504115 0.2712076423483228 0 0 0
0.004166666666666667 -0.0755028814470104 0.5088634355136931 0.13688768260348233 0 0 0
0.004166666666666667 -0.4067968274244839 0.39636921154645927 -0.140319744335442 0 0 0
0.004166666666666667 0.04953410388147038 -0.15089827771572134 -0.37728210049956296 0 0 0
0.004166666666666667 -0.5909424143493376 -0.05062921316122161 -0.3085041105978031 0 0 0
0.004166666666666667 -0.5080347386280935 0.11860880440517077 -0.35227151713316823 0 0 0
0.004166666666666667 0.08702866567827415 0.0111223830336718 0.6251783048235142 0 0 0
0.004166666666666667 0.027630307008009506 -0.019698462503682772 0.6766440948395883 0 0 0
0.004166666666666667 -0.4276804011335851 0.2246533388601262 0.3268341289781395 0 0 0
0.004166666666666667 0.5920641273170009 0.12231056661162325 -0.25073185555609395 0 0 0
0.004166666666666667 -0.3501123551023545 0.047485242514569474 0.4731106801510133 0 0 0
0.004166666666666667 0.14205863242443104 -0.3754353050573794 0.16082426545702364 0 0 0
0.004166666666666667 -0.3065005507777712 -0.17251439176330427 0.3277394568687846 0 0 0
0.004166666666666667 0.17256404799417677 -0.2626883696053219 -0.19686501167205428 0 0 0
0.004166666666666667 -0.3410191139169667 0.16857519912044722 0.23365643790483254 0 0 0
0.004166666666666667 0.06733798911971586 0.06668184452915457 -0.29684088188553515 0 0 0
0.004166666666666667 0.3372751215120283 0.32017375183160723 0.061275472136186636 0 0 0
0.004166666666666667 0.22231186455118987 -0.3877644317418899 -0.1290654615063323 0 0 0
0.004166666666666667 0.09479462491260343 -0.4695600323315647 -0.43273931367882157 0 0 0
0.004166666666666667 -0.3984885547121378 0.3449066047693724 -0.17775370218843656 0 0 0
0.004166666666666667 -0.12423752563342026 -0.5476092286802974 0.2382714352884927 0 0 0
0.004166666666666667 0.07806340217699267 -0.11043125510238348 -0.22039193391894166 0 0 0
0.004166666666666667 0.35794119205144814 0.2147044636272544 0.23176760171443145 0 0 0
0.004166666666666667 -0.027953730991594546 -0.16437669281581896 0.12269423994515721 0 0 0
0.004166666666666667 -0.3041097233657538 -0.029028172177131606 0.5371950523381797 0 0 0
0.004166666666666667 -0.12714493228439003 -0.18283023888127609 0.552794333444109 0 0 0
0.004166666666666667 0.4965220808187928 -0.16468445265522452 -0.11690076042692513 0 0 0
0.004166666666666667 -0.2378355951388097 -0.09769335316668613 -0.007252389622559026 0 0 0
0.004166666666666667 0.35906303299491193 -0.0979899803631109 0.4772322402549217 0 0 0
0.004166666666666667 0.08750910069326147 -0.2692966257626198 0.4090408262051566 0 0 0
0.004166666666666667 0.173208622341252 0.34509399263214396 0.29233326890406625 0 0 0
0.004166666666666667 -0.3720207914964005 -0.044266496110906314 0.395504090325952 0 0 0
0.004166666666666667 -0.6187242673208033 -0.13277691599008765 0.22065601390934483 0 0 0
0.004166666666666667 0.32240865732789165 -0.08128803117352451 0.06468058857970826 0 0 0
0.004166666666666667 0.3727004221168856 0.36503006072348887 -0.2528040112357794 0 0 0
0.004166666666666667 0.21909910456290052 0.317512097975091 -0.39744526366088934 0 0 0
0.004166666666666667 -0.1525966663969069 -0.260339524349072 -0.4065887878779285 0 0 0
0.004166666666666667 -0.36688771083720084 0.031774473052366504 0.5224307550699218 0 0 0
0.004166666666666667 -0.0750229870819754 0.39163276588923984 0.29360773807609425 0 0 0
0.004166666666666667 -0.1603019172925995 -0.40817614918275064 0.18769869459588356 0 0 0
0.004166666666666667 0.29596656717089276 0.5819566191513722 0.04494712447214962 0 0 0
0.004166666666666667 0.11924344673793366 -0.18521038937236828 0.5969529094922067 0 0 0
0.004166666666666667 0.30363396418138366 0.4272170849123656 -0.2494356890326729 0 0 0
0.004166666666666667 0.2663601466046469 0.08103398867432088 0.09923033881259286 0 0 0
0.004166666666666667 -0.33289413591320205 0.22257538765643525 -0.5282256147672991 0 0 0
0.004166666666666667 0.34060892096517853 0.03439875632067685 0.451842244873798 0 0 0
0.004166666666666667 0.42991416945689254 0.0016337918513441945 -0.39591856428491307 0 0 0
0.004166666666666667 -0.20897919571924006 0.5566109648861366 -0.17627638521211814 0 0 0
0.004166666666666667 -0.24355642176053846 0.15451485187444405 -0.08448128218410972 0 0 0
0.004166666666666667 0.05037862635819825 -0.18392866072639322 -0.297969993138866 0 0 0
0.004166666666666667 0.15167953422417435 0.15382137888624012 0.1479415235720209 0 0 0
0.004166666666666667 -0.2620511253061591 -0.23891711865429827 -0.0016770159059389708 0 0 0
0.004166666666666667 0.47774754178759377 0.20289204881047987 -0.2562985708584574 0 0 0
0.004166666666666667 -0.5471872617134289 -0.1404737101069379 -0.08448204258350209 0 0 0
0.004166666666666667 0.3387056953652314 -0.5583013679066334 0.10824532500067034 0 0 0
0.004166666666666667 0.3340676247788793 -0.36785576451527213 0.42413872917673334 0 0 0
0.004166666666666667 0.39889450748385613 0.2342967435286577 -0.052351122236340676 0 0 0
0.004166666666666667 0.4106871415311071 -0.11531211381552532 -0.21620580012665494 0 0 0
0.004166666666666667 -0.1180767973649096 0.3312503470990556 -0.48356971767203444 0 0 0
0.004166666666666667 -0.21369246365466876 0.22040138625998337 -0.07215832192955851 0 0 0
0.004166666666666667 -0.10124173392172392 -0.648260585869067 0.08517285165573402 0 0 0
0.004166666666666667 0.3893129257978916 0.20254975819727972 0.49913103953322546 0 0 0
0.004166666666666667 -0.28084752579828925 -0.1531822363072649 0.34179245613729947 0 0 0
0.004166666666666667 0.3945846219234024 0.006110395380218326 0.566901759827577 0 0 0
0.004166666666666667 -0.5087055696758486 0.32365128137731475 -0.01282478513582879 0 0 0
0.004166666666666667 0.3836305620573975 -0.003905107162785918 0.09584481726037747 0 0 0
0.004166666666666667 0.11177677523948859 0.38335142752836343 -0.2625937227154087 0 0 0
0.004166666666666667 0.4349448812556527 -0.3007594213453666 -0.3248804176452284 0 0 0
0.004166666666666667 0.3160151519965517 0.09261969063912101 -0.3325233022520262 0 0 0
0.004166666666666667 0.23774550104815315 0.24473254576414166 -0.5726429537503308 0 0 0
0.004166666666666667 -0.28063589275141065 -0.14700564404847397 0.20888596874904874 0 0 0
0.004166666666666667 0.508483975479261 -0.0007997643889418553 -0.3778682829891661 0 0 0
0.004166666666666667 -0.506149747066249 0.32425160685891946 0.11540930551281825 0 0 0
0.004166666666666667 0.04949640563593406 -0.30413016655358766 -0.3077626918923531 0 0 0
0.004166666666666667 -0.2588220468812151 0.3231776154799003 -0.11757020645947408 0 0 0
0.004166666666666667 0.06486648655516032 -0.17443726400729848 -0.49185238138934373 0 0 0
0.004166666666666667 -0.21003413072559676 -0.3241053664344699 0.4748333895184169 0 0 0
0.004166666666666667 -0.10541296491051332 -0.38911784312309744 -0.15006271875483615 0 0 0
0.004166666666666667 0.4362489114508174 -0.11173396287401084 -0.33728351996974465 0 0 0
0.004166666666666667 -0.098425330438661 0.28593041259499175 0.28910323061727855 0 0 0
0.004166666666666667 0.4728465888930654 0.2797031640682922 0.3768944389851727 0 0 0
0.004166666666666667 -0.30062009123057415 -0.4301217219240238 0.3227679334097017 0 0 0
0.004166666666666667 -0.5922415260304907 0.12019174957231907 -0.2703958258829596 0 0 0
0.004166666666666667 0.23891498679789339 0.2270170678584349 -0.5558267774807598 0 0 0
0.004166666666666667 -0.276311625488579 0.2892742690565183 0.30291485007799107 0 0 0
0.004166666666666667 0.045066574618900124 -0.48266683853996645 -0.16049892889232412 0 0 0
0.004166666666666667 -0.06374040430772367 0.08311202462001736 -0.32474729009102965 0 0 0
0.004166666666666667 -0.3122494062693574 -0.5577212582130852 -0.013214356762618574 0 0 0
0.004166666666666667 -0.14671708986047752 0.066308172418672 -0.08773733791695146 0 0 0
0.004166666666666667 0.06083417927474544 0.4151557592336756 0.3642867517316549 0 0 0
0.004166666666666667 0.09374689103229579 -0.30938790187651005 -0.09820087462681149 0 0 0
0.004166666666666667 -0.4022282577263516 0.12108508155954693 0.15824329790525576 0 0 0
0.004166666666666667 -0.07813280977704797 -0.20692496507466726 0.5069364786743673 0 0 0
0.004166666666666667 -0.46386625219635663 -0.4104252487379202 0.0028085119512091996 0 0 0
0.004166666666666667 -0.16971018922045356 -0.1966004586378371 -0.28303191424241186 0 0 0
0.004166666666666667 -0.1384930790829664 -0.25943077358557154 -0.23918480580300275 0 0 0
0.004166666666666667 0.08876365990970683 0.5541871696694513 -0.03723303700806863 0 0 0
0.004166666666666667 -0.19743678958429736 -0.28220658051902464 0.05994020612575482 0 0 0
0.004166666666666667 0.15578603681144979 -0.14473581114480602 -0.34993890658360566 0 0 0
0.004166666666666667 0.47560912559680196 -0.08105619212008143 -0.14230246276932415 0 0 0
0.004166666666666667 0.5086642637125964 -0.36341434657099203 -0.06930831110048852 0 0 0
0.004166666666666667 -0.32496254736947694 -0.005955164267407702 -0.03149464161010188 0 0 0
0.004166666666666667 0.4529274631956476 0.2854827448523567 -0.3110015999543901 0 0 0
0.004166666666666667 0.2411537590735177 0.4079420694715622 0.2461350427062365 0 0 0
0.004166666666666667 -0.07010180513533502 -0.27789389135281567 0.47228434490048604 0 0 0
0.004166666666666667 -0.42880941697490527 -0.05243273284903154 -0.37119537774743827 0 0 0
0.004166666666666667 0.07449494641521764 0.18212943032090373 -0.2671316877671566 0 0 0
0.004166666666666667 -0.027902436968318626 0.09689559532347504 -0.26971501107788126 0 0 0
0.004166666666666667 -0.0009409084996644234 0.22447722902083952 -0.21536332103879324 0 0 0
0.004166666666666667 -0.5849146357192306 0.023948585040703515 0.258701574302395 0 0 0
0.004166666666666667 -0.016605093125589273 0.11367414363622129 -0.20981506856173035 0 0 0
0.004166666666666667 -0.09937181348265847 0.055403469236829574 -0.2685873869563278 0 0 0
0.004166666666666667 0.06517738603227928 0.24777352531165034 0.3145858982203443 0 0 0
0.004166666666666667 -0.5944034851516704 -0.31930375164772284 0.0788721860601959 0 0 0
0.004166666666666667 -0.37092375098474967 -0.1313565236084279 0.44414316202189774 0 0 0
0.004166666666666667 0.4384589802552905 -0.43349927339637384 0.030737263617550813 0 0 0
0.004166666666666667 -0.617348916050849 0.21921846704849177 -0.11277308422545522 0 0 0
0.004166666666666667 -0.3004333276001912 -0.05249527734680733 0.061878774157133574 0 0 0
0.004166666666666667 0.13308318438124994 0.38938925276790787 -0.5264795410652081 0 0 0
0.004166666666666667 0.38259353826749015 -0.011625052585290898 -0.2536424301993821 0 0 0
0.004166666666666667 0.27258184407325686 0.017126119466781758 -0.4600895969634407 0 0 0
0.004166666666666667 -0.029135908830039307 0.47676354964791384 0.38042144432984737 0 0 0
0.004166666666666667 -0.28770547074579916 0.057472951503467366 0.4452971445065011 0 0 0
0.004166666666666667 0.3446780031548617 0.027650630506629786 -0.052540683830761055 0 0 0
0.004166666666666667 0.50789539621051 -0.0019453106632677246 -0.3065638596914349 0 0 0
0.004166666666666667 0.059949318083316674 -0.20579620711546767 -0.5485559689281498 0 0 0
0.004166666666666667 -0.20036572533834587 -0.13055813858797338 -0.017674350665288194 0 0 0
0.004166666666666667 -0.21049914591041397 0.3073571498717923 -0.14976253536195488 0 0 0
0.004166666666666667 0.3957791329326866 0.12209268099365418 -0.32247304383752945 0 0 0
0.004166666666666667 0.40991417236828126 -0.000975974026922862 -0.5027984627115004 0 0 0
0.004166666666666667 -0.08696062126677305 0.5092341495877533 -0.2457861852487454 0 0 0
0.004166666666666667 0.03737204544038525 -0.3487386467034745 -0.40729479799475926 0 0 0
0.004166666666666667 -0.31989490871759485 -0.129017872924617 0.46798023507860104 0 0 0
0.004166666666666667 -0.3361758031599835 0.3720642571900259 -0.1006508298593859 0 0 0
0.004166666666666667 -0.43637792046408813 0.43885191952150504 -0.271514382366692 0 0 0
0.004166666666666667 0.10635489562667093 0.21860095852492065 0.09046324780406528 0 0 0
0.004166666666666667 0.5106929416834678 -0.1620773536886471 -0.4104209105363804 0 0 0
0.004166666666666667 0.3536802433819763 0.23781466031556006 -0.168286473891245 0 0 0
0.004166666666666667 0.04077255138006442 0.12209728335404035 0.3345003742210392 0 0 0
0.004166666666666667 0.2859755948318126 0.5250213315955988 0.28983679335445195 0 0 0
0.004166666666666667 -0.07876543689441537 -0.29604653821373866 -0.37369269217504775 0 0 0
0.004166666666666667 -0.0663694365946002 0.10048161494246625 -0.20563269218921526 0 0 0
0.004166666666666667 -0.2890721601525575 -0.31020278777421956 0.08150039685578768 0 0 0
0.004166666666666667 0.08817393739403637 -0.039655156780987084 0.22685347644039122 0 0 0
0.004166666666666667 -0.22504946998841685 0.32102710692325975 -0.5207692427887786 0 0 0
0.004166666666666667 0.23916450790284877 0.6255166543170281 0.1373263592287972 0 0 0
0.004166666666666667 0.08192312218973795 0.6173420316244099 -0.054561608482180925 0 0 0
0.004166666666666667 0.4635201683950013 -0.41360372126944145 -0.06083128875745452 0 0 0
0.004166666666666667 0.5569881196252696 0.09458360709967088 0.056836225265832145 0 0 0
0.004166666666666667 -0.42043018329364495 0.0030488673957170943 -0.11243129383206467 0 0 0
0.004166666666666667 0.5493600171194187 0.11030144757268633 0.20312494649055318 0 0 0
0.004166666666666667 -0.47888774820886926 0.1215571429882332 0.3506972271620001 0 0 0
0.004166666666666667 -0.1747125998131132 -0.33106418952271827 0.1051106877111272 0 0 0
0.004166666666666667 0.09913434746599398 -0.1527345434335972 -0.31104027033224346 0 0 0
0.004166666666666667 0.4278972564679448 0.5083018817302342 -0.18975848991856203 0 0 0
0.004166666666666667 0.014559534416297879 0.08881830093463478 0.6061979602604589 0 0 0
0.004166666666666667 0.09049909787713799 0.08709298955701883 0.44257541306894455 0 0 0
0.004166666666666667 0.18220714685816938 0.11777591975810554 0.4476800875975091 0 0 0
0.004166666666666667 -0.08363065847159544 -0.24723363096533923 -0.6198661738776184 0 0 0
0.004166666666666667 0.47037334824798827 -0.46020943458130925 -0.13808756533599045 0 0 0
0.004166666666666667 0.07652993819534872 0.3511060768682713 0.5762939664913815 0 0 0
0.004166666666666667 0.4341219934164801 -0.206688768421891 -0.15669196702129531 0 0 0
0.004166666666666667 0.14996513607794762 0.042855834275676144 -0.6616953417611985 0 0 0
0.004166666666666667 -0.28654512212993555 -0.38257508008581576 -0.30565898230428096 0 0 0
0.004166666666666667 -0.2115807126840974 -0.4333272262136758 0.4561450784225871 0 0 0
0.004166666666666667 0.06854721870032954 0.5346596701447427 -0.07192012001702157 0 0 0
0.004166666666666667 0.5235369228515764 0.11927129502394661 0.2980863503747255 0 0 0
0.004166666666666667 0.3440308502339523 0.08329500082869253 0.5105239534927307 0 0 0
0.004166666666666667 0.2633278201700626 0.47775327378298094 0.03912722079105654 0 0 0
0.004166666666666667 0.5878838909048566 0.22151435049201654 -0.019641183449693535 0 0 0
0.004166666666666667 -0.25001573153092327 0.05841487383019629 -0.6124937128844794 0 0 0
0.004166666666666667 0.25932850353220216 0.34095435202282565 -0.14602312734626227 0 0 0
0.004166666666666667 -0.4860272853793674 0.0527252486933385 0.46823872108689446 0 0 0
0.004166666666666667 -0.11670339560820676 0.03669800376422165 -0.6789077789007509 0 0 0
0.004166666666666667 0.0902339971348555 0.036330110090675764 0.42391335941526187 0 0 0
0.004166666666666667 0.25577579961062713 -0.3000606539204938 0.2429973355101337 0 0 0
0.004166666666666667 0.2037658651605402 -0.26561602623628583 0.22689296123508862 0 0 0
0.004166666666666667 0.17790930481207923 0.1318094098241381 -0.5092330018979065 0 0 0
0.004166666666666667 0.14627125904205326 -0.21043511949102078 0.014188684196879119 0 0 0
0.004166666666666667 -0.5976559318657239 0.17318847662889444 0.22489158058862968 0 0 0
0.004166666666666667 -0.3563112439837305 0.0818243017746104 0.16556418486117477 0 0 0
0.004166666666666667 -0.08782108613600187 0.3971523330467965 -0.48204491788158793 0 0 0
0.004166666666666667 0.3736373271490399 -0.06564083873215643 0.05399419378781163 0 0 0
0.004166666666666667 0.38789184105641167 -0.4566759418612935 -0.23944605060474128 0 0 0
0.004166666666666667 -0.5148326091295244 0.11223871949723706 0.2601452260719003 0 0 0
0.004166666666666667 0.370327985925849 0.05132788295977225 -0.08324406612300347 0 0 0
0.004166666666666667 0.3130788748629265 -0.4383117519276847 0.14424326793663775 0 0 0
0.004166666666666667 -0.46731875040116905 -0.3309361660547052 0.16958995813587505 0 0 0
0.004166666666666667 0.1843099591034304 0.004996835725652849 0.5538706428982549 0 0 0
0.004166666666666667 -0.030614898301581234 0.4480225212219101 -0.24885550250872213 0 0 0
0.004166666666666667 0.21236230018925578 0.21241949717959815 0.614901991767261 0 0 0
0.004166666666666667 -0.4158809234816249 -0.4361190098762953 -0.22261647580070154 0 0 0
0.004166666666666667 0.3094536114521255 -0.5576189363770185 -0.16671656542081692 0 0 0
0.004166666666666667 -0.27740153139488033 -0.040798633559154675 0.5782867418429902 0 0 0
0.004166666666666667 0.14870305034390535 0.14730653788783182 0.5208329570512862 0 0 0
0.004166666666666667 0.27466971114438715 0.22791345440328314 0.21521966079325927 0 0 0
0.004166666666666667 0.11547122280992633 0.2712289365834055 0.10326652448565118 0 0 0
0.004166666666666667 0.5049551330755222 0.4508736361052886 0.0008870355224654295 0 0 0
0.004166666666666667 -0.0839131886171729 -0.2903407009983438 0.47336402598666955 0 0 0
0.004166666666666667 0.19783152908432478 0.2944690945662351 -0.542778985455796 0 0 0
0.004166666666666667 0.41782996422729524 -0.3971358813994608 0.27148180113948495 0 0 0
0.004166666666666667 -0.43948836617643006 0.22600334630053887 -0.4706933701926661 0 0 0
