850
0
0.001176470588235294 -0.43349123913615095 0.12837926944334016 0.4656859373562594 0 0 0
0.001176470588235294 -0.331102351050147 -0.32159239264327466 -0.16929262897384934 0 0 0
0.001176470588235294 0.09835921960770411 0.49657035454235 -0.11528504745843753 0 0 0
0.001176470588235294 0.17051824695714377 -0.42397624065534106 -0.20991605234880698 0 0 0
0.001176470588235294 -0.42719563173503583 0.19074726661285255 0.09684829764448342 0 0 0
0.001176470588235294 -0.006094237011241442 -0.31692420532068605 0.5270764628861431 0 0 0
0.001176470588235294 0.40343637267801696 0.17128512569413468 -0.41756097461526837 0 0 0
0.001176470588235294 -0.04325060992446713 -0.05309953605351574 0.5660421006979438 0 0 0
0.001176470588235294 0.2205579453285634 0.3065913544406308 0.5479352334601233 0 0 0
0.001176470588235294 -0.08567512104821062 -0.26167695975173716 0.585337062765293 0 0 0
0.001176470588235294 0.26875858286654075 -0.3961378151918281 0.042196807634983756 0 0 0
0.001176470588235294 -0.29857105570547093 0.29559885908201916 0.2141865593713952 0 0 0
0.001176470588235294 -0.2871652772956033 -0.038271032134128906 0.6194359435257876 0 0 0
0.001176470588235294 -0.2358888265173797 -0.03791884933546349 0.51985056095029 0 0 0
0.001176470588235294 0.44584088650229853 -0.494437396764797 -0.16327968975118318 0 0 0
0.001176470588235294 0.08831399960840014 -0.41157691319533624 -0.2666008254828738 0 0 0
0.001176470588235294 -0.11240680328114418 -0.22363026616975282 0.4871955632853944 0 0 0
0.001176470588235294 -0.38235371193639256 -0.4340123094916417 0.2195756921077141 0 0 0
0.001176470588235294 -0.5290343984050527 -0.13587639525068018 0.15807955723870426 0 0 0
0.001176470588235294 0.08754735334689362 -0.4522130505085474 -0.36580922008687317 0 0 0
0.001176470588235294 -0.2575824906986375 -0.11192782034839655 0.017562238845643043 0 0 0
0.001176470588235294 -0.16624591560022992 -0.13693128514436828 0.3687376480667818 0 0 0
0.001176470588235294 -0.30729146088383896 -0.4012685944279425 -0.4613684843208163 0 0 0
0.001176470588235294 -0.02837417669977222 0.2950419031738335 -0.4479668489467055 0 0 0
0.001176470588235294 -0.14003380244417407 0.13927645994387797 0.26204125975688153 0 0 0
0.001176470588235294 0.046578446546593266 -0.4300614114047141 0.0651013691362064 0 0 0
0.001176470588235294 0.28357444025968975 0.48734464019949586 -0.02815831984462847 0 0 0
0.001176470588235294 0.2647713357147547 -0.5549860866741627 0.18654660632673223 0 0 0
0.001176470588235294 0.3409371881169779 -0.26767839578118247 0.31357712816672273 0 0 0
0.001176470588235294 0.25504959053085513 -0.39239739441481175 -0.3395117441413312 0 0 0
0.001176470588235294 -0.30124195439845963 0.09217587994778785 -0.4401910154805865 0 0 0
0.001176470588235294 0.11473189059997865 -0.2245082285404088 -0.5264744189339168 0 0 0
0.001176470588235294 -0.004300136756951539 -0.44127157775411474 0.44919206840024556 0 0 0
0.001176470588235294 -0.3275551731531422 -0.28158616303394746 0.37927998485270104 0 0 0
0.001176470588235294 0.3457075102198067 -0.4103550480268996 -0.375508405348297 0 0 0
0.001176470588235294 -0.3629028888144653 -0.15806303707499314 -0.4885088214623235 0 0 0
0.001176470588235294 0.055621210629414705 -0.13790347076110845 -0.3871329412256687 0 0 0
0.001176470588235294 0.19170882926418395 0.23167007019485958 -0.2470591806640364 0 0 0
0.001176470588235294 0.34419550363424406 0.33959670420269633 -0.28292129604585947 0 0 0
0.001176470588235294 0.11600061097262857 -0.05720222465963685 0.0893888510011225 0 0 0
0.001176470588235294 -0.20121040974232385 -0.08575005472345087 -0.30193609008177713 0 0 0
0.001176470588235294 0.2769083135638009 -0.17089577997404784 0.3155997484977475 0 0 0
0.001176470588235294 0.00729299848634935 0.2778655494348559 -0.5486409701119732 0 0 0
0.001176470588235294 -0.012874254567664863 0.40458707251738596 0.25470851949037865 0 0 0
0.001176470588235294 0.33379886137994996 0.38276106157359185 -0.31192652863900083 0 0 0
0.001176470588235294 0.030425481103217536 -0.13143793418406943 0.6737162466736955 0 0 0
0.001176470588235294 -0.2732782004801234 0.20254334732628262 0.15996527103433666 0 0 0
0.001176470588235294 -0.12340159833417139 -0.22199597944320812 -0.09561061816798294 0 0 0
0.001176470588235294 -0.09822379741364827 -0.4866964133390977 -0.06303723457635282 0 0 0
0.001176470588235294 0.0049357019764895505 -0.0305284468587669 -0.24518954144066982 0 0 0
0.001176470588235294 0.05709047969768445 -0.33048519137981736 -0.5947627061362998 0 0 0
0.001176470588235294 -0.21471059008409202 -0.5593709587755838 -0.07239053734532609 0 0 0
0.001176470588235294 0.024182597242742625 0.24796020315399125 -0.19657540792037276 0 0 0
0.001176470588235294 0.23572344278195193 -0.08569032798025396 0.07924033957912356 0 0 0
0.001176470588235294 0.3936124732289611 -0.37829328638834725 0.18828668345819385 0 0 0
0.001176470588235294 -0.1475847296485916 0.16161533023124278 0.06448846265454602 0 0 0
0.001176470588235294 0.41702585012873744 -0.3417468235650727 0.14613596616606436 0 0 0
0.001176470588235294 0.346487121139219 0.13309528536754425 0.06278993375313564 0 0 0
0.001176470588235294 0.024759901859676647 -0.3218342631767809 -0.33894560967833487 0 0 0
0.001176470588235294 0.05836542205891209 0.5528511481229141 -0.3327239568302845 0 0 0
0.001176470588235294 0.053585897926814875 -0.40514751733268145 -0.1404239227761289 0 0 0
0.001176470588235294 -0.2820020182296123 0.10253442698620409 -0.09482041498622809 0 0 0
0.001176470588235294 -0.38622849484318084 -0.5132568090762807 -0.15674563814264308 0 0 0
0.001176470588235294 0.0072808626439673126 -0.540548011687545 0.18312754572803702 0 0 0
0.001176470588235294 -0.1451115617531851 0.02291137529960946 0.5808172520572025 0 0 0
0.001176470588235294 0.2551941411962844 -0.47278349802650554 -0.373289723380395 0 0 0
0.001176470588235294 0.5360389878514369 -0.08291965770066101 -0.15054398521441295 0 0 0
0.001176470588235294 -0.17011491615715874 0.23987321321351882 0.3953303605662124 0 0 0
0.001176470588235294 -0.36930612921177575 0.08648602571214783 -0.40298074294617386 0 0 0
0.001176470588235294 0.3991951184114433 -0.2322547783099164 -0.23946041699864523 0 0 0
0.001176470588235294 0.09318198834968085 0.4110125973675722 -0.5306351116608412 0 0 0
0.001176470588235294 -0.16939829500641462 -0.5786288648587353 0.05455178702907725 0 0 0
0.001176470588235294 0.4227574804637816 -0.32055482793751067 -0.28263507989362724 0 0 0
0.001176470588235294 -0.11553250454262198 0.059886837452756234 0.13495182842554154 0 0 0
0.001176470588235294 -0.3355698774756138 -0.37062090558278504 -0.46317068316911264 0 0 0
0.001176470588235294 0.17589837077327533 -0.21958402556218337 -0.4891335883713801 0 0 0
0.001176470588235294 0.2261949482112402 0.2754833370276792 -0.13256826597000712 0 0 0
0.001176470588235294 0.18938571237212914 0.6491641356366005 -0.11527110683520157 0 0 0
0.001176470588235294 -0.4868985102673121 -0.1845380788501856 0.17594988611199794 0 0 0
0.001176470588235294 0.0286350631462863 -0.17112020402880518 0.2651413701005823 0 0 0
0.001176470588235294 0.5514859556199944 0.047151499597515786 0.0862772820288913 0 0 0
0.001176470588235294 -0.36421609084741574 0.4255763085421214 0.40245109463187434 0 0 0
0.001176470588235294 -0.5004736127809183 0.34545388408746736 0.2858564251625328 0 0 0
0.001176470588235294 -0.5588241117649941 0.16813522449784868 0.2477233073536439 0 0 0
0.001176470588235294 0.037157467702159976 0.1077511983599388 0.4962406244265728 0 0 0
0.001176470588235294 0.11291714113513418 0.4838757443976593 -0.07755467427301901 0 0 0
0.001176470588235294 0.6446641327472937 -0.02321689411353949 0.15984738993674516 0 0 0
0.001176470588235294 -0.48390696907429825 0.1858989536252174 0.37108403321171946 0 0 0
0.001176470588235294 0.07369342965095747 -0.23321602431996957 0.34177791278155994 0 0 0
0.001176470588235294 0.44702346095708484 0.18611246267701892 -0.1919284683925405 0 0 0
0.001176470588235294 -0.03468307323465969 0.10373800838757907 -0.1827504251027355 0 0 0
0.001176470588235294 0.23468376257490714 0.31545060029978966 -0.3999061832575553 0 0 0
0.001176470588235294 -0.0003839612116717022 0.6724141368694392 -0.14050388416010887 0 0 0
0.001176470588235294 -0.5807110697291846 -0.0045801603899784105 0.286694179245737 0 0 0
0.001176470588235294 -0.2729162619148909 -0.46180814926433966 0.17763501555463443 0 0 0
0.001176470588235294 -0.19768167076294818 0.07650279511992915 0.4000315578371672 0 0 0
0.001176470588235294 0.06380339558295642 -0.10345037360741514 -0.676767005787211 0 0 0
0.001176470588235294 0.1242972477429913 -0.27190526094443446 0.5026180683182632 0 0 0
0.001176470588235294 -0.03634156571105708 -0.4232427848575872 0.5181901834720738 0 0 0
0.001176470588235294 -0.5809956736227271 0.26438831443514005 -0.02105178168475251 0 0 0
0.001176470588235294 0.09842874441471965 -0.5599677072430322 -0.1893951846642871 0 0 0
0.001176470588235294 -0.5385206560457538 -0.37536459150672147 0.22196004124087743 0 0 0
0.001176470588235294 -0.13604181466406107 -0.3495677114502926 0.42664050635517375 0 0 0
0.001176470588235294 0.00863810428583301 0.17955451109516204 -0.1888474909840897 0 0 0
0.001176470588235294 0.36309506925067747 -0.4155242985555091 0.18744432903837402 0 0 0
0.001176470588235294 0.23547493390249266 -0.057605132716262525 0.2966657451064435 0 0 0
0.001176470588235294 0.5630393458507049 0.1661774323358018 -0.04654631138716629 0 0 0
0.001176470588235294 0.568334597951074 0.12413476887452642 0.07793573174273621 0 0 0
0.001176470588235294 -0.1306849241385235 0.3822196179491654 -0.3732488680511207 0 0 0
0.001176470588235294 0.21785714314397678 -0.4159870023981614 0.047025628162656485 0 0 0
0.001176470588235294 0.4740319935899656 -0.21456585137554085 -0.21718387275954032 0 0 0
0.001176470588235294 -0.46503390424424335 0.06721569739727257 0.3037014155015144 0 0 0
0.001176470588235294 -0.23868718846500167 0.31922053602340744 0.09882812423394971 0 0 0
0.001176470588235294 0.12107527991230402 0.3549985532238794 -0.2282139792779171 0 0 0
0.001176470588235294 -0.2515892674919207 -0.11240901646348694 0.4038049439481667 0 0 0
0.001176470588235294 0.28946750341756156 -0.18039617398527852 0.10622093950072803 0 0 0
0.001176470588235294 -0.14474374581867794 0.439820523395299 -0.4155358960098809 0 0 0
0.001176470588235294 -0.6305741141835118 0.2787936522980738 0.03127288040008811 0 0 0
0.001176470588235294 -0.5367551783698952 -0.3438567184188395 -0.18393078344795621 0 0 0
0.001176470588235294 -0.14398221622569485 0.07627157210859088 -0.1281474594026898 0 0 0
0.001176470588235294 0.16256063074325555 -0.07075673142959082 0.45955738912327826 0 0 0
0.001176470588235294 0.10044576872063558 0.5966107727072113 -0.11969389803671113 0 0 0
0.001176470588235294 0.6268046067807366 0.11902020884370916 -0.27131106877439065 0 0 0
0.001176470588235294 0.06557730783725267 0.07096432464501576 -0.2987182319370685 0 0 0
0.001176470588235294 -0.02837555234392636 -0.6298615906850639 0.0890280491914466 0 0 0
0.001176470588235294 -0.40278697491075693 0.14955825307463536 -0.5168949127545096 0 0 0
0.001176470588235294 0.27399302047697977 -0.3938333788814952 0.0736395970340048 0 0 0
0.001176470588235294 0.142016522620567 -0.08150096475736238 -0.03736460022471406 0 0 0
0.001176470588235294 -0.10503941117500921 0.26313336322202846 0.504606501693717 0 0 0
0.001176470588235294 -0.09926512102338458 -0.2959978684720632 -0.48065295756941556 0 0 0
0.001176470588235294 0.24704432659593342 -0.05080880791761665 -0.5667598758995624 0 0 0
0.001176470588235294 0.6699705128880015 0.04673703514803841 -0.15712398532538172 0 0 0
0.001176470588235294 0.11696788721601825 -0.25217926897703963 0.18462275545038348 0 0 0
0.001176470588235294 0.5137340289826503 0.11356995586560517 -0.3596526577261888 0 0 0
0.001176470588235294 0.32211662187114404 0.26596144552763984 -0.3814578493457238 0 0 0
0.001176470588235294 -0.08997518187164713 0.4930623390783679 0.15601322249495136 0 0 0
0.001176470588235294 0.1468360659971027 -0.5447637709233248 0.2347015012769023 0 0 0
0.001176470588235294 0.512484236720466 -0.21880917380682013 -0.35680995325998943 0 0 0
0.001176470588235294 -0.09178168578654043 0.07919238726586142 -0.057872575247672836 0 0 0
0.001176470588235294 0.0855329840497518 0.17421484272508936 0.2848207918074694 0 0 0
0.001176470588235294 -0.518753974824044 0.27125583286044425 -0.26622265409223983 0 0 0
0.001176470588235294 -0.18531151789880104 0.13341004994870748 0.0936105150340329 0 0 0
0.001176470588235294 0.2242390907479269 -0.22980996662703576 -0.2799369527864089 0 0 0
0.001176470588235294 0.17076869292136357 -0.21266015742457128 -0.07787519250907135 0 0 0
0.001176470588235294 -0.20931295471375366 -0.0900340920410096 -0.04699831722694923 0 0 0
0.001176470588235294 -0.0009053510784494186 -0.4458030043463796 -0.516494437259584 0 0 0
0.001176470588235294 0.35376797017221495 -0.2065935477902574 0.17745099173893553 0 0 0
0.001176470588235294 0.49421313667644823 0.05396714487112649 -0.12730365504360275 0 0 0
0.001176470588235294 0.36841720989351284 -0.3185201367488251 -0.22447626766889467 0 0 0
0.001176470588235294 0.09863583250649641 0.09191713562110457 0.050106049194831054 0 0 0
0.001176470588235294 0.10397064698490628 0.25487315601252675 0.2637459643382402 0 0 0
0.001176470588235294 0.006176037824170027 0.3297866870544537 -0.08070765143315375 0 0 0
0.001176470588235294 0.0732148035695138 0.46184666398262414 -0.27682902050308406 0 0 0
0.001176470588235294 -0.2567989736505177 0.2857038592607417 0.24477613811450022 0 0 0
0.001176470588235294 0.5425625545724798 0.012017972876605535 0.19994454961616295 0 0 0
0.001176470588235294 0.16902103265468124 0.3571395742034677 -0.22247183162382414 0 0 0
0.001176470588235294 0.510306402250266 0.4265171007325209 0.0559902895374559 0 0 0
0.001176470588235294 0.0621000280104642 -0.40305599333678893 -0.26401624799320456 0 0 0
0.001176470588235294 -0.09780476213539292 -0.2743288952368466 0.5870392009316227 0 0 0
0.001176470588235294 -0.11435713240642857 -0.3149362610247657 0.5438304277414654 0 0 0
0.001176470588235294 0.14069665838191428 0.25588704206869933 0.45240807095614477 0 0 0
0.001176470588235294 -0.19055958590985667 -0.31353318500934807 -0.487208596504987 0 0 0
0.001176470588235294 0.11872270248639707 0.10891628782885455 0.2390037663326184 0 0 0
0.001176470588235294 0.3870156854696724 -0.1736255471151601 0.10339964614106592 0 0 0
0.001176470588235294 0.4912997095541586 0.38292001803532105 -0.08150132327217222 0 0 0
0.001176470588235294 -0.025936242075249655 -0.25273089906353446 -0.12174102750445011 0 0 0
0.001176470588235294 0.4106905538122727 -0.3330549249969218 0.2476798066940069 0 0 0
0.001176470588235294 -0.12213934332664413 -0.09111711747933346 0.21883284856684232 0 0 0
0.001176470588235294 -0.5073225445584543 0.3364516342527823 -0.05191046552550199 0 0 0
0.001176470588235294 0.0036110327340779513 0.4533595087119988 0.05522597064723319 0 0 0
0.001176470588235294 -0.009876992615834893 0.4474499627822367 0.4715805007926058 0 0 0
0.001176470588235294 -0.12016902943593034 0.6237980390539057 0.25561233692226093 0 0 0
0.001176470588235294 -0.49216991154370265 0.024918281186492978 0.08272258847630784 0 0 0
0.001176470588235294 -0.2187299734042766 -0.01706387498007762 -0.3400667447685252 0 0 0
0.001176470588235294 0.22814754625303624 -0.1938505631585371 -0.4686653849714153 0 0 0
0.001176470588235294 -0.5577761476149662 -0.10967622035104924 -0.36133533299931764 0 0 0
0.001176470588235294 0.06319435522903812 0.38592571080255134 0.012581531960124749 0 0 0
0.001176470588235294 0.01864707085081061 -0.5073317441226244 -0.08420772868761017 0 0 0
0.001176470588235294 -0.3252692320182876 -0.1164491278648423 0.5296763357600915 0 0 0
0.001176470588235294 -0.08173025056485857 0.22243513604775986 -0.2408791584902628 0 0 0
0.001176470588235294 -0.06093130896123303 0.14207410609608032 0.36313319468229743 0 0 0
0.001176470588235294 -0.375480930116809 0.030765487696859696 -0.5663537002649287 0 0 0
0.001176470588235294 0.6298818354705712 0.178789872260623 0.1386673855674167 0 0 0
0.001176470588235294 0.277459893416611 0.3937461978123471 0.21144772541759957 0 0 0
0.001176470588235294 -0.24236404898308397 0.12074585532879234 0.4348059566912393 0 0 0
0.001176470588235294 -0.3904135320986975 -0.16560807063598285 0.44619044423526105 0 0 0
0.001176470588235294 0.5846602777545091 0.1279575333589439 0.19160982298750304 0 0 0
0.001176470588235294 -0.03927288258493018 0.11771477493681995 -0.004896367531691271 0 0 0
0.001176470588235294 0.1674494927022784 0.4482134844270761 0.026965551559769013 0 0 0
0.001176470588235294 0.05884222799255921 0.38032037025588383 -0.21520882838957184 0 0 0
0.001176470588235294 0.032674561115876695 0.08838228213403823 0.5543741137625707 0 0 0
0.001176470588235294 0.06757196021613446 -0.2721468422534843 -0.18961453869407094 0 0 0
0.001176470588235294 0.4061322655938929 0.03598165246947522 -0.5396255687435455 0 0 0
0.001176470588235294 0.1945660217420918 0.051493554421258234 -0.1705379204979191 0 0 0
0.001176470588235294 0.1587642024335923 -0.0008985536315791065 0.15851032361576683 0 0 0
0.001176470588235294 -0.5281947280636105 0.04406787227164351 0.07003696913581771 0 0 0
0.001176470588235294 -0.03867990462786921 -0.18907315977139813 -0.25938704001802104 0 0 0
0.001176470588235294 -0.27882837732734816 0.24677736611326193 -0.11086735291778907 0 0 0
0.001176470588235294 -0.3464469718215906 0.2452704153705952 0.5240008938011329 0 0 0
0.001176470588235294 -0.046572802731643444 -0.03353741213435964 -0.025438467073044438 0 0 0
0.001176470588235294 -0.2629217554982371 0.006345300542515049 0.2962156990395538 0 0 0
0.001176470588235294 -0.4666528387262876 0.08749129429979519 -0.43382765290982367 0 0 0
0.001176470588235294 -0.2670230223551129 0.174978726667541 0.2078635998137553 0 0 0
0.001176470588235294 0.08438797758229488 0.05535070122873662 0.4613757061435443 0 0 0
0.001176470588235294 -0.3674368523342555 -0.3197900958992782 -0.18072795053535168 0 0 0
0.001176470588235294 -0.09470072867496886 -0.18610934417187805 0.04650204817187012 0 0 0
0.001176470588235294 -0.040231446320009065 0.04069350984278382 0.2330462638661357 0 0 0
0.001176470588235294 0.0661797411809825 -0.5906306015376683 -0.13148307354152342 0 0 0
0.001176470588235294 -0.1028473061092029 -0.17888134712365275 0.18471774654538603 0 0 0
0.001176470588235294 0.2558607291564806 -0.12891993831263257 0.1828766262587104 0 0 0
0.001176470588235294 -0.3556343118950061 -0.34184567980510366 -0.13185903343008182 0 0 0
0.001176470588235294 0.011657770271019918 0.21194303393062802 0.15701691607640192 0 0 0
0.001176470588235294 0.4070767604418568 0.16958028597345987 -0.04052324456056481 0 0 0
0.001176470588235294 -0.06213832079361095 -0.07956953319050487 -0.2470533008949698 0 0 0
0.001176470588235294 0.030725475256181432 0.27061173819902956 0.1977922936113582 0 0 0
0.001176470588235294 0.01711461318289697 0.026221130669430468 -0.05845405841727501 0 0 0
0.001176470588235294 0.004417108687667968 0.17694670161208073 -0.40444035598247924 0 0 0
0.001176470588235294 -0.5532411182697047 -0.11923778132526476 -0.1144890244089226 0 0 0
0.001176470588235294 0.24638542900107716 0.04579857237105486 0.04660455020473445 0 0 0
0.001176470588235294 -0.1821679745363588 -0.47540937349425866 -0.1115118348991181 0 0 0
0.001176470588235294 0.1090060149731166 -0.15566344797572473 0.3353811369632557 0 0 0
0.001176470588235294 -0.27232011745341317 0.20898488540223567 0.48608793895206953 0 0 0
0.001176470588235294 -0.061177546475264216 -0.0616495762850895 0.630269443062862 0 0 0
0.001176470588235294 0.48858481413410637 -0.26047868329212276 -0.3996535445560912 0 0 0
0.001176470588235294 0.18517128826661663 0.09680928810570813 0.31404806102570876 0 0 0
0.001176470588235294 -0.47763312271321545 0.45166174038145046 0.18393128346080767 0 0 0
0.001176470588235294 -0.09339135888952975 -0.1852106543331591 0.20060152681548676 0 0 0
0.001176470588235294 -0.3876773895486993 0.25309259034535503 -0.34111257742180623 0 0 0
0.001176470588235294 -0.25333657032488593 -0.25730828410755574 0.5592292822229449 0 0 0
0.001176470588235294 0.13799696806452896 0.09304359206745974 -0.3681361220791632 0 0 0
0.001176470588235294 -0.5367643415183541 0.09579226519175203 0.01831419145377589 0 0 0
0.001176470588235294 -0.10705464359551518 -0.22089118230785554 0.1291772033781382 0 0 0
0.001176470588235294 0.333774839696876 0.05504933131991616 -0.504025272885394 0 0 0
0.001176470588235294 -0.4066704447237251 -0.13586125368192825 0.29486948624010495 0 0 0
0.001176470588235294 -0.2544305904996886 -0.27683115122563223 -0.04082527160376635 0 0 0
0.001176470588235294 -0.6616997042650627 0.1893695445973789 -0.031189193665709925 0 0 0
0.001176470588235294 -0.21091448317297776 -0.4990869589324803 -0.205051075416524 0 0 0
0.001176470588235294 -0.22546646729628286 -0.095045166059227 -0.4013286669912552 0 0 0
0.001176470588235294 0.23473213048270333 0.32183680654935526 0.12466148447424637 0 0 0
0.001176470588235294 0.47947230523150725 0.44336293601460136 0.10482607539535714 0 0 0
0.001176470588235294 0.4407217363071667 -0.25640649591526643 0.035619230489113654 0 0 0
0.001176470588235294 0.02232616019314412 0.40142860988757434 -0.17794735060278327 0 0 0
0.001176470588235294 0.13112783679809029 -0.09247973213195447 0.2588903220413574 0 0 0
0.001176470588235294 0.12380654658736033 0.2228798738787616 0.2557616997553925 0 0 0
0.001176470588235294 -0.24666431150205823 -0.13255978275424923 0.5069137454604258 0 0 0
0.001176470588235294 0.10244908324437461 0.07081614739125533 -0.007292210440150101 0 0 0
0.001176470588235294 -0.23808568625516366 0.13327244140471045 0.6333438751631901 0 0 0
0.001176470588235294 0.30683842327374317 -0.0041849683530941935 0.08700368241800638 0 0 0
0.001176470588235294 0.1588995479789035 -0.17590407428446603 -0.04226163839109563 0 0 0
0.001176470588235294 0.4250324758604617 0.2238386543637693 0.4557539113731452 0 0 0
0.001176470588235294 0.09980700181907547 0.4946884461138799 -0.4112122056646975 0 0 0
0.001176470588235294 0.05872503600150476 -0.46043914154375104 -0.11490676151171836 0 0 0
0.001176470588235294 0.06791149328495823 0.20598679559277122 -0.09766021528896152 0 0 0
0.001176470588235294 0.17623772470400498 -0.482186077007529 -0.16892761364385395 0 0 0
0.001176470588235294 -0.23372533775498386 -0.47399353838696845 0.14735253561750492 0 0 0
0.001176470588235294 0.1442980228753629 0.3346428940624581 0.09831206600175468 0 0 0
0.001176470588235294 0.25622178666227813 0.2767308233879979 0.516366303128027 0 0 0
0.001176470588235294 0.529490897949616 0.059328786061913066 -0.3452395449948209 0 0 0
0.001176470588235294 0.5553697168818837 -0.1965422353418715 0.09634966255850343 0 0 0
0.001176470588235294 -0.1034146502796624 -0.572666194635223 -0.30489774152958843 0 0 0
0.001176470588235294 -0.5025328746300108 -0.396964002813277 0.18320894115670852 0 0 0
0.001176470588235294 0.21716211993628934 0.10832521484127276 -0.5068962208992341 0 0 0
0.001176470588235294 0.5814647617179595 -0.19693913680897707 0.13543813315203335 0 0 0
0.001176470588235294 0.472884828888987 -0.2640470270369822 -0.08368581509597231 0 0 0
0.001176470588235294 0.2656056907163381 0.050117772895713064 -0.018570850930736123 0 0 0
0.001176470588235294 0.41744750748108667 -0.33591507281931454 0.0474601309484124 0 0 0
0.001176470588235294 0.3179117101467956 -0.5747051567173637 0.07537565849557432 0 0 0
0.001176470588235294 0.5819116291008235 -0.2077883102896583 0.30369342036849484 0 0 0
0.001176470588235294 0.1228219297874156 -0.18908562861842315 0.04464818237595642 0 0 0
0.001176470588235294 0.31170058392162037 -0.42164915324521146 0.2125478978605286 0 0 0
0.001176470588235294 -0.0886971332550686 0.31517014412105454 0.16404554053423856 0 0 0
0.001176470588235294 -0.1037813559714261 0.34915968626347743 -0.006803461456648037 0 0 0
0.001176470588235294 -0.25902118786816025 0.4602176813820956 -0.380538228388193 0 0 0
0.001176470588235294 -0.4908748900769491 -0.07335923398356158 0.10028344637221598 0 0 0
0.001176470588235294 0.20046290166508693 0.4454237513628191 -0.03635848752469211 0 0 0
0.001176470588235294 0.6674549253846968 -0.01759338151662693 0.0629102796317863 0 0 0
0.001176470588235294 -0.2742584397432698 0.4286119927478832 -0.09197231750016557 0 0 0
0.001176470588235294 -0.21627679858204596 0.21257632346899122 -0.014672803526536394 0 0 0
0.001176470588235294 0.1347294764583642 -0.013680251559530239 -0.6045916655646673 0 0 0
0.001176470588235294 -0.23765766842043395 -0.5470731552858028 -0.000731738979229833 0 0 0
0.001176470588235294 -0.33893675736482026 -0.20028470914646548 0.21192835671010568 0 0 0
0.001176470588235294 0.6678980737958101 0.01779973917056351 0.053578412993839176 0 0 0
0.001176470588235294 -0.41050871983789533 -0.2992906511831458 -0.39650645511784965 0 0 0
0.001176470588235294 -0.227670100026564 -0.2738851636960616 -0.3109609932810434 0 0 0
0.001176470588235294 0.26392523376910415 -0.5727161722475681 0.20725082683066856 0 0 0
0.001176470588235294 0.2815550787525922 0.04638996738767848 0.50946095488538 0 0 0
0.001176470588235294 -0.2509349087977166 -0.11300258798425862 0.11776147884246485 0 0 0
0.001176470588235294 -0.2840107788686525 0.1517565518477685 -0.3825620469363439 0 0 0
0.001176470588235294 0.3961999514743965 0.50371376452866 -0.11204474078414402 0 0 0
0.001176470588235294 -0.17055812442145707 -0.1374213967563784 0.031109173462959893 0 0 0
0.001176470588235294 -0.4551227950299258 0.13475557916033165 -0.4744141063670739 0 0 0
0.001176470588235294 -0.1415033235760436 0.18414576607231503 -0.3596360171133903 0 0 0
0.001176470588235294 0.07200763034062882 0.13369690629930767 -0.4539939731827474 0 0 0
0.001176470588235294 -0.028304742301309884 -0.11162085668236044 -0.14373314668698306 0 0 0
0.001176470588235294 -0.45582441699942433 0.16597621674638563 0.04875518277098291 0 0 0
0.001176470588235294 -0.17714315032418265 0.013271865619313447 -0.055772700287151575 0 0 0
0.001176470588235294 0.10243117366994738 -0.5509894154921583 0.21457449926098482 0 0 0
0.001176470588235294 -0.31698757231876673 0.5009917655335965 0.3431105975083612 0 0 0
0.001176470588235294 -0.2338029684765552 0.42235177130518203 0.0008019971098216978 0 0 0
0.001176470588235294 0.021527654064465756 -0.07332435127113585 0.44576308611845694 0 0 0
0.001176470588235294 0.14694271767590725 -0.3881657179992878 0.10350446411254074 0 0 0
0.001176470588235294 0.11964547770893338 0.2890300143245588 -0.2676853924583234 0 0 0
0.001176470588235294 0.3564669101885173 -0.5341101369959489 0.1759742762368916 0 0 0
0.001176470588235294 0.35860974140957386 -0.24722279268943215 0.06061677128608966 0 0 0
0.001176470588235294 0.4852391179281798 0.08173286754394563 -0.3837775020312756 0 0 0
0.001176470588235294 -0.13771072702467727 0.15783204170477466 -0.3988015948909622 0 0 0
0.001176470588235294 -0.2737880223637912 0.5730170927480902 0.03440167261115989 0 0 0
0.001176470588235294 0.39753162806434905 -0.09062708987857805 0.2966443680745607 0 0 0
0.001176470588235294 0.3621707435654565 0.3489302437464192 0.427449223366015 0 0 0
0.001176470588235294 -0.25379181829167985 -0.3549491585083248 0.5113503633934048 0 0 0
0.001176470588235294 0.09171898879385858 -0.3568580427293657 -0.5510183409395284 0 0 0
0.001176470588235294 0.29195182588996665 -0.44256173408349453 0.2701921309452229 0 0 0
0.001176470588235294 -0.2003537768722614 -0.24176453180330731 -0.45263513941718425 0 0 0
0.001176470588235294 0.3100311300189414 0.3878180048482552 -0.10752611093421587 0 0 0
0.001176470588235294 0.1903253900675041 -0.06855165103588053 0.3642690405604552 0 0 0
0.001176470588235294 -0.22534883616274212 -0.40571888622435454 0.5031785737086881 0 0 0
0.001176470588235294 0.4167829617405037 -0.2654609499559238 0.30025933026351026 0 0 0
0.001176470588235294 0.4715586031896534 -0.19622552072881524 -0.4437741100986857 0 0 0
0.001176470588235294 -0.16700071488518672 -0.16228519181116263 0.1791210468043654 0 0 0
0.001176470588235294 0.21031449278402753 -0.3863423855633568 -0.28062410501555723 0 0 0
0.001176470588235294 -0.23951522277439571 -0.02812369522514092 0.1483549043521509 0 0 0
0.001176470588235294 0.1861872601099512 -0.1763273829718567 0.17823825120168177 0 0 0
0.001176470588235294 0.22042598396840743 0.5777690881266121 -0.1324999581254574 0 0 0
0.001176470588235294 -0.16958972130834973 0.19190003495484942 0.3301515078816414 0 0 0
0.001176470588235294 -0.3395496375236785 -0.12232979753489603 0.24743005136462223 0 0 0
0.001176470588235294 -0.40803452660025 -0.049858197131221055 0.06506355697353852 0 0 0
0.001176470588235294 -0.07216686140427662 -0.22605764440603932 -0.15207170190117583 0 0 0
0.001176470588235294 -0.4330505893954841 -0.22689778795799545 -0.34053598431934357 0 0 0
0.001176470588235294 0.2703466903157644 -0.448308273836045 -0.2329486119077608 0 0 0
0.001176470588235294 -0.2567373331407053 0.0439126529565928 -0.4076626315358559 0 0 0
0.001176470588235294 0.5799619919525428 0.13497291964726188 0.06316735723333534 0 0 0
0.001176470588235294 0.4901540267854657 -0.22487958412101483 0.24722159957189074 0 0 0
0.001176470588235294 -0.5299679760048981 0.15279130050340953 0.11371750237818797 0 0 0
0.001176470588235294 -0.0648032371393732 0.26867738974496164 0.6007018670351337 0 0 0
0.001176470588235294 -0.26940776355727086 0.2030692150816137 -0.35177443720077656 0 0 0
0.001176470588235294 0.42042089121953535 0.5127997565828293 -0.14583304205038428 0 0 0
0.001176470588235294 0.10489597186489359 -0.057437971506945 0.6820147966819363 0 0 0
0.001176470588235294 -0.47421995043775417 -0.028115886361374014 0.06138951493262078 0 0 0
0.001176470588235294 -0.18590357380264935 -0.5825850396547397 -0.1408341888471873 0 0 0
0.001176470588235294 0.2785512676327818 -0.4633581926799357 0.3542540961626745 0 0 0
0.001176470588235294 -0.33994488937261225 -0.061339254607765945 0.01589342172629841 0 0 0
0.001176470588235294 -0.02116618036428818 0.5543747973645621 -0.2594404580959646 0 0 0
0.001176470588235294 -0.18983541587285999 -0.0250082864247878 0.07802442197296137 0 0 0
0.001176470588235294 0.14790602782552997 -0.23502714122280058 0.20591335634934485 0 0 0
0.001176470588235294 -0.15094781038513547 0.5517154085544249 -0.12425538357370304 0 0 0
0.001176470588235294 0.4207543694655587 -0.4188467509893137 -0.26054223093500706 0 0 0
0.001176470588235294 -0.3899445730886539 -0.2903465073428217 0.1943874078321659 0 0 0
0.001176470588235294 0.017568461894581347 -0.274786162035496 0.14784352718676702 0 0 0
0.001176470588235294 -0.35644777930293464 0.2492625245102624 -0.2129652554798029 0 0 0
0.001176470588235294 -0.45293739944788125 -0.3013314190497795 -0.3108083080270928 0 0 0
0.001176470588235294 -0.26848771276002603 0.07078311760457769 0.10210140093735633 0 0 0
0.001176470588235294 0.2859722122671645 -0.07465189967990309 0.2596279822585556 0 0 0
0.001176470588235294 0.2985036066749781 0.03266248255033504 0.46285562254545376 0 0 0
0.001176470588235294 0.504002855949861 -0.01633662479061313 0.3230195034281257 0 0 0
0.001176470588235294 -0.2110096805967654 -0.5978054260966534 0.010961404488463682 0 0 0
0.001176470588235294 -0.19321086531217502 0.5644952712850929 0.03209070276259863 0 0 0
0.001176470588235294 0.18718333310276725 -0.3463160652488008 -0.46878355541468714 0 0 0
0.001176470588235294 0.0280569219055504 -0.35398822717897616 0.45023600996792085 0 0 0
0.001176470588235294 0.02808671429749559 -0.2578828643897685 -0.5641484863192068 0 0 0
0.001176470588235294 0.232984390985473 0.4020572158934848 0.031950001220564135 0 0 0
0.001176470588235294 -0.13069380974194342 -0.2245478339506049 0.339450882098489 0 0 0
0.001176470588235294 0.38118441037228745 0.16327825735161383 -0.14726575707932424 0 0 0
0.001176470588235294 0.3486474683301054 0.368146545016298 0.35977052240960006 0 0 0
0.001176470588235294 0.32866480846536333 -0.3896679034813978 -0.18227479468685162 0 0 0
0.001176470588235294 -0.33225363109727546 -0.2154145393042644 -0.0641002930012512 0 0 0
0.001176470588235294 -0.41691090610649745 -0.38883458466543636 0.02082425501731094 0 0 0
0.001176470588235294 -0.19744556742850639 0.08725431743274971 -0.3294813854038965 0 0 0
0.001176470588235294 0.4900239705375382 0.08578947147893815 0.2358129160766546 0 0 0
0.001176470588235294 -0.10162921974473553 -0.31776592082273813 -0.2089827314204447 0 0 0
0.001176470588235294 -0.1018817285639935 -0.24753529886717668 -0.2957162207823995 0 0 0
0.001176470588235294 0.2009431369529919 -0.31844690474189075 -0.4170799174690125 0 0 0
0.001176470588235294 0.19279584872086836 0.32133360484416046 -0.5132577349344247 0 0 0
0.001176470588235294 0.563175336586496 -0.17907515183228415 0.27024506241551316 0 0 0
0.001176470588235294 -0.2676589523351518 0.5304762464539305 0.16828898202479284 0 0 0
0.001176470588235294 0.32942800553410406 0.3983434929073146 -0.2628195327249507 0 0 0
0.001176470588235294 -0.08489761246140347 -0.15587385224506822 -0.665008248812261 0 0 0
0.001176470588235294 0.1524610099416822 -0.3172784429629579 -0.1467436851181909 0 0 0
0.001176470588235294 0.060562221133544425 0.017197686371647956 0.6869202899676022 0 0 0
0.001176470588235294 -0.40799502470956395 -0.1396099776677998 0.2962423573898364 0 0 0
0.001176470588235294 0.06470854353441015 -0.3527128947542611 -0.4581256031418588 0 0 0
0.001176470588235294 -0.32408927254823305 0.3349174359616328 -0.30897756508806173 0 0 0
0.001176470588235294 0.23092608396413855 -0.4997518261035652 0.13619130001277188 0 0 0
0.001176470588235294 -0.37853051694699635 -0.3949721796807748 0.2765139887485212 0 0 0
0.001176470588235294 0.5602812870513659 0.13181208318608267 -0.10856391856186544 0 0 0
0.001176470588235294 -0.3394876720134731 -0.5419126275396089 0.08729474659625454 0 0 0
0.001176470588235294 -0.20872574917459064 0.12757974846584336 -0.5900427163714519 0 0 0
0.001176470588235294 -0.4865584105285431 0.07324028750450384 -0.22619355202228209 0 0 0
0.001176470588235294 0.2483519644908386 -0.56182407444447 -0.21247294378123321 0 0 0
0.001176470588235294 -0.38254544941078705 -0.13093450977582397 0.01863761269005475 0 0 0
0.001176470588235294 0.1756060118930169 0.08489230318224265 0.13642762643513656 0 0 0
0.001176470588235294 0.4015495017792953 -0.012918237184601255 0.1314045080752396 0 0 0
0.001176470588235294 -0.09266989001806097 -0.4572297213156123 -0.1378671000848254 0 0 0
0.001176470588235294 0.003326013817619903 0.576013488467589 -0.2638787810362977 0 0 0
0.001176470588235294 -0.1559940635675827 -0.4506973459421823 0.36746525407966324 0 0 0
0.001176470588235294 0.3879055441572864 0.49783932976425993 -0.20077580486093244 0 0 0
0.001176470588235294 0.613150877810475 -0.10129341974789687 0.0628108245663105 0 0 0
0.001176470588235294 0.06042172351518922 0.22465002854882282 -0.5170079532042078 0 0 0
0.001176470588235294 -0.10310921729646262 -0.533319193862781 -0.42561068354405795 0 0 0
0.001176470588235294 0.21935899701712766 0.10565548404329324 -0.607287336109185 0 0 0
0.001176470588235294 -0.5846706226094279 -0.0742327038036122 0.07806688109333174 0 0 0
0.001176470588235294 0.11692804411604134 0.5128480466830403 0.4059783893782458 0 0 0
0.001176470588235294 0.10136466813971615 0.08349452497374955 -0.06952892327079538 0 0 0
0.001176470588235294 -0.0930849742791431 0.301119080852664 0.25263259243175556 0 0 0
0.001176470588235294 0.1701914270091822 -0.0827242142781962 0.6470427544604145 0 0 0
0.001176470588235294 0.518712610855041 -0.29163605733395104 0.11435924042204242 0 0 0
0.001176470588235294 0.21794359353328077 0.4339798085142264 -0.2787415758036244 0 0 0
0.001176470588235294 0.39961012012044245 -0.25679727155259513 0.26461077112694803 0 0 0
0.001176470588235294 0.27166818610826454 0.5138559905605786 -0.10118686847768188 0 0 0
0.001176470588235294 -0.15211511240981485 0.20753159221685136 -0.2777909874992126 0 0 0
0.001176470588235294 0.033352115819409556 0.41322720402732466 -0.2298913137182889 0 0 0
0.001176470588235294 -0.635138149484577 -0.275770974933217 -0.00775511781482952 0 0 0
0.001176470588235294 -0.40790498605331166 -0.05109095303940621 -0.47769743629268785 0 0 0
0.001176470588235294 0.45210107374128533 -0.28602631966473974 -0.30533000570341085 0 0 0
0.001176470588235294 -0.02719910715641613 0.3015813316409439 -0.05156044493281696 0 0 0
0.001176470588235294 -0.35722714251947907 0.1748649293249341 0.29245424125092656 0 0 0
0.001176470588235294 0.3389458706070438 -0.4724591024177776 0.2133321862852799 0 0 0
0.001176470588235294 -0.14834358317534763 -0.2773888157245812 -0.36321998847896947 0 0 0
0.001176470588235294 -0.17013105595072917 -0.4584797014493455 0.07886540047810969 0 0 0
0.001176470588235294 -0.0716824107463101 -0.0075039545651222 -0.5353413740711711 0 0 0
0.001176470588235294 -0.09358262441051216 0.3042519840840772 -0.3773447128088725 0 0 0
0.001176470588235294 0.024801393628220682 0.08332851710110527 0.47782445860832906 0 0 0
0.001176470588235294 0.5461493763818392 -0.21070370987826348 -0.302169791962238 0 0 0
0.001176470588235294 -0.43092838527198524 0.32209212722640873 0.32975062139805483 0 0 0
0.001176470588235294 0.14403033318403394 -0.5908824348468468 -0.06570555290776593 0 0 0
0.001176470588235294 -0.26957222611258 0.1614892777004363 0.1741058941920727 0 0 0
0.001176470588235294 -0.5035434465221289 0.09192676604982053 -0.18861510157593395 0 0 0
0.001176470588235294 0.44264256835728605 -0.005908704663246011 0.5250765626364565 0 0 0
0.001176470588235294 -0.20163031432144382 -0.3299639015695179 -0.18882939842072144 0 0 0
0.001176470588235294 0.44850250103645445 -0.34773036453264483 -0.08521216910657427 0 0 0
0.001176470588235294 -0.13586043729676073 0.27094805470217803 -0.03858598095343767 0 0 0
0.001176470588235294 0.4601440189521445 -0.23792157227089022 0.23507497793455792 0 0 0
0.001176470588235294 0.22982334785320876 -0.5476819344269666 0.2817337579659866 0 0 0
0.001176470588235294 0.08417929036287146 0.38117372088491625 -0.03567650390954061 0 0 0
0.001176470588235294 -0.1559539036846051 0.06874675557571046 0.6367077400278364 0 0 0
0.001176470588235294 -0.0941361558402084 0.09638444398587047 0.18855053764783403 0 0 0
0.001176470588235294 -0.24389582199559423 0.16659605592336924 -0.0236399148126107 0 0 0
0.001176470588235294 0.11385427240013599 0.3710826303513542 -0.4266552154598041 0 0 0
0.001176470588235294 0.004902317301655249 -0.4200017335284351 -0.3423970556849967 0 0 0
0.001176470588235294 -0.42105859579631305 0.12628584554737446 0.07959960400256422 0 0 0
0.001176470588235294 0.08525467221827773 -0.05452055072870129 0.35852040011055947 0 0 0
0.001176470588235294 -0.35237733455263986 -0.23575728353886324 -0.41081106103431414 0 0 0
0.001176470588235294 -0.08592497808893938 0.43719907737622143 0.34892258231967693 0 0 0
0.001176470588235294 0.3642420730522942 -0.06573751384083583 0.4993075240662484 0 0 0
0.001176470588235294 -0.15867913856301874 0.20754951665426413 -0.29686644094124115 0 0 0
0.001176470588235294 -0.1103183946524571 -0.16749579005437953 0.5713403094409719 0 0 0
0.001176470588235294 -0.2098318130330386 0.29281640824101623 0.5210835993109094 0 0 0
0.001176470588235294 0.5668348806911256 -0.14896201663063557 0.14921456278153827 0 0 0
0.001176470588235294 0.5275946712180624 0.08757043686704265 0.10796377538868335 0 0 0
0.001176470588235294 -0.32187454124020715 -0.3618165189116575 0.2625762252565145 0 0 0
0.001176470588235294 -0.37020730159320464 -0.21637967672071162 0.43665738438503104 0 0 0
0.001176470588235294 0.08683252848560145 0.21055469529263177 -0.29045513693764485 0 0 0
0.001176470588235294 -0.04832612936138141 -0.21000957280020968 -0.5341545888310123 0 0 0
0.001176470588235294 0.5013654166192271 0.13749611564906944 -0.2611166206013747 0 0 0
0.001176470588235294 0.2791653976134949 -0.28112012887357585 0.5153983834482149 0 0 0
0.001176470588235294 -0.4355408712090192 -0.004523166244789065 -0.531634738856656 0 0 0
0.001176470588235294 0.5701246100295917 -0.012440608858208324 0.2216648063678651 0 0 0
0.001176470588235294 0.035241631981807735 -0.39369977288457253 0.46272306014473297 0 0 0
0.001176470588235294 -0.08173223387288131 -0.13376792692859135 0.15998941821138285 0 0 0
0.001176470588235294 0.5518119349639191 0.0021531294275126014 0.3541113530521083 0 0 0
0.001176470588235294 -0.22730207151725781 0.6125684176079049 -0.14165579943598267 0 0 0
0.001176470588235294 0.24791783749131818 -0.10322131788470544 0.603781463753997 0 0 0
0.001176470588235294 0.41668018992220063 0.16433840821011714 -0.1546504615783315 0 0 0
0.001176470588235294 -0.11817914220777737 0.38482918368377966 0.0559724902629438 0 0 0
0.001176470588235294 -0.46983361620671066 0.263724008963679 -0.19088159155009898 0 0 0
0.001176470588235294 -0.007369542348768656 -0.6607648257176794 0.14417146125755795 0 0 0
0.001176470588235294 0.6184958360159624 -0.15761728694981672 -0.08110183899410478 0 0 0
0.001176470588235294 0.3620106851423006 -0.36175600031389193 0.3607150171981685 0 0 0
0.001176470588235294 -0.07422647004671898 0.2600650103959364 -0.25431772806703573 0 0 0
0.001176470588235294 0.56369756267873 -0.0023635311870537673 0.08999529267670048 0 0 0
0.001176470588235294 0.11481150256663965 -0.2372796628566691 -0.4899938569476464 0 0 0
0.001176470588235294 0.3085716116464997 -0.36458257372379294 0.0019346093787002104 0 0 0
0.001176470588235294 0.26357887572206445 -0.3901634217960169 0.24449921667786736 0 0 0
0.001176470588235294 0.4896965617416967 -0.4223131908300593 0.058353443038756836 0 0 0
0.001176470588235294 -0.31672545321924167 0.31148898727937163 0.15426224360257915 0 0 0
0.001176470588235294 0.3001029618208899 -0.10755320579231861 0.2532322876923045 0 0 0
0.001176470588235294 -0.5648891616945192 -0.06711117999709418 0.10848100889611548 0 0 0
0.001176470588235294 0.012325170689678134 -0.20368893849362346 -0.12913156457395253 0 0 0
0.001176470588235294 0.02722578608387686 -0.26412230197917075 0.3253270748951471 0 0 0
0.001176470588235294 -0.5137214100550533 -0.27076985918944163 0.0509979158402869 0 0 0
0.001176470588235294 -0.31134347061886514 -0.06321393241815178 -0.3474148595504345 0 0 0
0.001176470588235294 0.18713079640996777 -0.18422479741818282 0.3179386328577148 0 0 0
0.001176470588235294 0.3360532878805672 0.3891751031874906 -0.4068387818236168 0 0 0
0.001176470588235294 0.20047368521532175 -0.05585178419298694 -0.23958546286933363 0 0 0
0.001176470588235294 0.40384663533876264 0.23621222634717834 -0.10050059813401732 0 0 0
0.001176470588235294 -0.22878439018516578 -0.4441591681391571 0.13096594280394233 0 0 0
0.001176470588235294 -0.4090576384667285 0.40397071755425995 -0.244346600289037 0 0 0
0.001176470588235294 0.45422409871151087 0.30638748234646757 -0.33429334323551846 0 0 0
0.001176470588235294 -0.10458649888703934 0.436628837704091 0.32790213178132105 0 0 0
0.001176470588235294 0.03145785114172954 0.3189595907217864 0.46569248490876575 0 0 0
0.001176470588235294 -0.08324320056287073 0.6088642580583046 -0.06331763337773966 0 0 0
0.001176470588235294 -0.19994907937598014 -0.6561591273706214 0.07519320712797216 0 0 0
0.001176470588235294 0.20855178805302396 0.49699917748716554 -0.007847665322746174 0 0 0
0.001176470588235294 0.5462559153197017 -0.027741782775265594 -0.4092312253613814 0 0 0
0.001176470588235294 0.3181055847392179 0.0937748456693086 -0.11657856756430877 0 0 0
0.001176470588235294 -0.056444117599989116 -0.4276432327770399 0.14534466911195199 0 0 0
0.001176470588235294 0.4285226401956582 -0.08383522840372133 -0.20116976482915283 0 0 0
0.001176470588235294 -0.09613648791768684 0.14275204917193027 0.6471908776672674 0 0 0
0.001176470588235294 0.4923318659129504 0.27840768349138956 0.1212926040143625 0 0 0
0.001176470588235294 -0.2664077826864261 -0.001802191116377009 0.28452786479883396 0 0 0
0.001176470588235294 0.4676056189348546 -0.1938941624315859 0.05457546442181179 0 0 0
0.001176470588235294 0.5897315993639042 0.15250428814131337 -0.0062640290217286475 0 0 0
0.001176470588235294 0.1787633127056594 0.19267677857327342 -0.4505512055406402 0 0 0
0.001176470588235294 0.3107119305883513 -0.2692465003045228 0.2619675223320978 0 0 0
0.001176470588235294 0.27863230631519903 -0.15963388898312247 0.07903842585688964 0 0 0
0.001176470588235294 -0.5218306567020995 0.019388035764206984 0.24754525525076654 0 0 0
0.001176470588235294 0.42514804840866066 0.03170067421580869 -0.05483323577044095 0 0 0
0.001176470588235294 -0.32889989218168925 -0.5771796545768286 -0.11978781102820142 0 0 0
0.001176470588235294 0.36111039029092834 0.48615665147671727 -0.15783835521777637 0 0 0
0.001176470588235294 -0.2560696090789756 0.21691716529102423 -0.4746939670738205 0 0 0
0.001176470588235294 -0.11579937630145078 -0.3370848431266464 -0.20956854915585138 0 0 0
0.001176470588235294 0.24912964671580523 0.204039374708249 -0.18339676926571227 0 0 0
0.001176470588235294 -0.11472530447632957 0.2085912152998062 -0.5062912033402709 0 0 0
0.001176470588235294 0.4189342844919594 0.4247650635261194 -0.13634293207961284 0 0 0
0.001176470588235294 -0.4506469920277792 0.34046831804392846 0.0350891115173577 0 0 0
0.001176470588235294 0.05688455931083853 -0.09852170297308674 -0.07365900193818728 0 0 0
0.001176470588235294 0.12777436649876456 0.44326518897019984 -0.20552086047165377 0 0 0
0.001176470588235294 -0.21667155449983372 -0.3917653209846119 0.23596647510035143 0 0 0
0.001176470588235294 -0.042087153675802354 0.4642269296810226 -0.0008639584563652756 0 0 0
0.001176470588235294 0.30274421682109537 -0.027993388366971617 0.5213083079148355 0 0 0
0.001176470588235294 0.1678994475576163 -0.12664404080394942 -0.027609015060046767 0 0 0
0.001176470588235294 -0.23042398684149082 -0.339151677675939 0.4740937600307117 0 0 0
0.001176470588235294 -0.3798647738741391 -0.5251116068379856 0.07540384712549938 0 0 0
0.001176470588235294 0.02952395468122698 0.3707485691594516 -0.0802924349517193 0 0 0
0.001176470588235294 -0.2117863396076247 -0.006853792344553538 0.11660099866417059 0 0 0
0.001176470588235294 -0.39604113222644555 -0.13866064368254513 -0.5066261887511495 0 0 0
0.001176470588235294 0.25297590778528045 -0.4416417324456925 0.4178081893603409 0 0 0
0.001176470588235294 0.23552940528802932 0.0723323941241127 -0.15103799920239347 0 0 0
0.001176470588235294 -0.48974434810211653 0.17236630975008155 0.34451531005831304 0 0 0
0.001176470588235294 0.09135848010072939 0.3383136379231701 0.4524008147786598 0 0 0
0.001176470588235294 0.4263658061041231 0.025642706429075256 -0.023840757211134423 0 0 0
0.001176470588235294 -0.24391736610428544 -0.29961936967698205 0.25217908148653206 0 0 0
0.001176470588235294 -0.11728061950902478 0.4017891778056472 0.21086900430098945 0 0 0
0.001176470588235294 -0.32948047962196264 0.05078032154701538 -0.516005065712611 0 0 0
0.001176470588235294 -0.1328964395359379 0.5665026376886843 0.2926794560509281 0 0 0
0.001176470588235294 -0.17027765037061404 -0.1345326987133966 0.11495951818638865 0 0 0
0.001176470588235294 0.02772709811984866 0.5225128722171761 -0.03026410960301964 0 0 0
0.001176470588235294 -0.2572936856365008 0.08780940399026271 -0.08418974188241445 0 0 0
0.001176470588235294 0.3848866071156768 -0.014232710979949393 0.1456090081504447 0 0 0
0.001176470588235294 -0.4379416673842831 0.2440595430626907 0.4343891683540435 0 0 0
0.001176470588235294 0.1744142167758819 0.49554893954316775 -0.3832329617748631 0 0 0
0.001176470588235294 0.3830651098742876 0.43067668159387035 -0.23652417027199205 0 0 0
0.001176470588235294 0.19725473299410584 0.32431591755643846 -0.31528117491963675 0 0 0
0.001176470588235294 0.27421233117578375 0.21438077426693836 -0.3497201832252191 0 0 0
0.001176470588235294 -0.4278869553897264 0.3816600709941953 -0.06732724046110407 0 0 0
0.001176470588235294 0.3095293129745046 -0.24779706416039868 0.45326628359184257 0 0 0
0.001176470588235294 -0.05441219229369311 0.07638910694966064 0.12528938613263527 0 0 0
0.001176470588235294 -0.06811531559369748 -0.10748412219928602 -0.13591761595359667 0 0 0
0.001176470588235294 0.20977033831989841 0.3944402095542719 0.029338278659029254 0 0 0
0.001176470588235294 -0.5291478255731864 0.29947352316870307 -0.08567180283716716 0 0 0
0.001176470588235294 -0.18746650560196856 -0.2405443306090211 -0.5929387720777638 0 0 0
0.001176470588235294 0.1655588208749227 0.3007147650718821 0.47876191849943456 0 0 0
0.001176470588235294 0.4106350179623183 0.24749125037856537 0.11459353515725618 0 0 0
0.001176470588235294 -0.2862984196807649 0.33818363410640445 -0.41941627205678417 0 0 0
0.001176470588235294 0.2714038598872226 0.23658296434197715 0.5459224541928677 0 0 0
0.001176470588235294 -0.4657393445805349 0.184446027866179 0.3437964083173336 0 0 0
0.001176470588235294 -0.4479003284666511 -0.516960134343847 -0.10513966179813697 0 0 0
0.001176470588235294 -0.14704033835296912 0.0429862341630254 0.567313099751546 0 0 0
0.001176470588235294 0.5188084454317147 0.35183344722597193 0.01720552289011768 0 0 0
0.001176470588235294 -0.0005766380527971731 -0.5904199453030814 -0.2617259799676311 0 0 0
0.001176470588235294 0.3584043965189891 0.3182384843266411 0.2055730389020338 0 0 0
0.001176470588235294 0.08925171891850787 -0.33101684070109855 0.2995795562898801 0 0 0
0.001176470588235294 0.20494528360030542 0.21601990441034039 -0.5783167098815016 0 0 0
0.001176470588235294 -0.007357243937429069 -0.6204561392855251 0.0006858309061233882 0 0 0
0.001176470588235294 0.25966883936393487 -0.07208430167438197 0.4594629036950937 0 0 0
0.001176470588235294 0.4757368816147565 0.18423990287217012 -0.2661791702846025 0 0 0
0.001176470588235294 -0.49149411798091797 0.19043143835029352 0.32097324480924444 0 0 0
0.001176470588235294 0.6058033483725218 -0.23971907366127237 0.15093491664274022 0 0 0
0.001176470588235294 0.13016103719353633 -0.6033201854752931 -0.19794406108976134 0 0 0
0.001176470588235294 0.4909664854997381 0.04687694738427123 -0.15002969188120388 0 0 0
0.001176470588235294 -0.17196405923955776 -0.544247809189996 0.31562523263790493 0 0 0
0.001176470588235294 -0.142187557293353 -0.2042701533932648 0.6283522792190549 0 0 0
0.001176470588235294 0.03668064067275928 0.10984943932966454 0.5299138686552525 0 0 0
0.001176470588235294 -0.608197756146732 -0.03065024833600421 0.23947432115737682 0 0 0
0.001176470588235294 -0.2815396005652454 0.5128320489367517 -0.267147042048167 0 0 0
0.001176470588235294 -0.12005324484355105 0.600821258412331 0.28523261426338953 0 0 0
0.001176470588235294 -0.46634968329451404 -0.013774517119879804 -0.37745857476681294 0 0 0
0.001176470588235294 -0.08577255598840233 0.21805267892746855 0.2933307974602346 0 0 0
0.001176470588235294 0.1645641073283214 0.0638653709757973 -0.14618789665917 0 0 0
0.001176470588235294 -0.24166009945348074 -0.5560391071878015 -0.12210037470592673 0 0 0
0.001176470588235294 -0.11926176989340269 -0.036490849685258876 -0.5133552026219861 0 0 0
0.001176470588235294 0.20270210512823855 0.23295610610546333 0.13942301944887556 0 0 0
0.001176470588235294 0.5119523106667411 -0.18104435293884852 0.04962840781726271 0 0 0
0.001176470588235294 -0.17970475572528485 0.047077579808733165 -0.5988136283907655 0 0 0
0.001176470588235294 0.33280342949131947 -0.3459698967056206 -0.3212726188424845 0 0 0
0.001176470588235294 -0.3119925065246474 0.43792451596400206 -0.4346990818202585 0 0 0
0.001176470588235294 0.10782210926913569 0.2189784532580747 -0.49141590303558813 0 0 0
0.001176470588235294 -0.05689148642764297 -0.04378058300978489 -0.32265134232212717 0 0 0
0.001176470588235294 0.23954175744475717 -0.4590972971445827 0.41331182064314737 0 0 0
0.001176470588235294 -0.11617554691142688 0.05421194599345532 -0.5209865706493565 0 0 0
0.001176470588235294 -0.04959010287821493 0.15428103980156663 0.6334606484095491 0 0 0
0.001176470588235294 -0.34954496676613156 0.23041618444149126 -0.18649842968106947 0 0 0
0.001176470588235294 -0.07294490337409985 0.5139485230287533 0.11627558486485996 0 0 0
0.001176470588235294 0.2747846611955446 0.5338221375189237 -0.2479916314256994 0 0 0
0.001176470588235294 0.3183028563985082 -0.10598426937162692 -0.19490424416199925 0 0 0
0.001176470588235294 -0.24473656269760716 0.17332834269559444 0.36430644782792976 0 0 0
0.001176470588235294 -0.26777559579070387 -0.19598214966281427 -0.3786564788443579 0 0 0
0.001176470588235294 -0.44768900101138553 -0.05012947507826046 -0.4698523804333904 0 0 0
0.001176470588235294 -0.4088066890728066 0.5164371344138508 -0.11789802847564965 0 0 0
0.001176470588235294 0.2707098947155453 -0.09330604760103918 0.4053447848125454 0 0 0
0.001176470588235294 -0.5268550350502352 -0.0016261896004016963 -0.3171662135607828 0 0 0
0.001176470588235294 -0.4757623020818288 0.10640294048642363 0.26555500674185645 0 0 0
0.001176470588235294 0.3304471179495548 0.42888515042464936 -0.15615960135211937 0 0 0
0.001176470588235294 0.34146804524438407 0.5365560638405326 0.18185563218083978 0 0 0
0.001176470588235294 -0.1569162914962174 -0.05444017805019751 0.5544079957469242 0 0 0
0.001176470588235294 -0.3607626411513564 -0.05485144849583653 -0.3612040143857655 0 0 0
0.001176470588235294 0.189422687042168 -0.06723449497104651 -0.3567309798353084 0 0 0
0.001176470588235294 0.1594811482586055 -0.548286976235525 0.18571164543530785 0 0 0
0.001176470588235294 -0.5184954494449083 0.44094667896102774 -0.11228259216678489 0 0 0
0.001176470588235294 -0.002304788280364632 -0.4712537967493307 0.24631999036692764 0 0 0
0.001176470588235294 -0.17430936065845568 0.05445212180801919 -0.6509091400436564 0 0 0
0.001176470588235294 -0.15332583064079047 0.05301115703920962 -0.669899315025197 0 0 0
0.001176470588235294 0.5140593041333826 -0.09092316406784925 0.02435445930114364 0 0 0
0.001176470588235294 -0.4105662479927069 -0.09462348936320565 0.43764989521200254 0 0 0
0.001176470588235294 0.24060251152148487 -0.5846909580250428 -0.22111667183110612 0 0 0
0.001176470588235294 0.5648168707619189 0.09549797025381802 0.19430393538275395 0 0 0
0.001176470588235294 0.30178474162289154 0.44070394122767714 -0.25851183516728404 0 0 0
0.001176470588235294 0.016718296285560652 0.16772413975995706 -0.5898148378404389 0 0 0
0.001176470588235294 0.41925465876044715 0.06578903971848997 0.2090411136152368 0 0 0
0.001176470588235294 0.2546730071824227 -0.3942085439581813 0.4141679191537731 0 0 0
0.001176470588235294 -0.652185995806249 0.20876631801940526 0.06906800156415843 0 0 0
0.001176470588235294 0.1949747059856671 0.2936992790730203 -0.4260341759263412 0 0 0
0.001176470588235294 -0.3786707138620897 0.2936218293616099 0.23777824702136707 0 0 0
0.001176470588235294 0.19137311932711326 0.33891168638237956 0.05914923859473908 0 0 0
0.001176470588235294 0.13282764604506678 0.46696017032475756 -0.128620037974073 0 0 0
0.001176470588235294 -0.0085484876960843 -0.44700855871630585 0.19745021706717603 0 0 0
0.001176470588235294 -0.31618540900495956 0.25362639403872905 -0.003566522750480811 0 0 0
0.001176470588235294 -0.19712286391502223 0.44662573712901904 -0.4521152122374061 0 0 0
0.001176470588235294 -0.07770520375332016 0.5078575791525226 0.09103793305585144 0 0 0
0.001176470588235294 -0.4759572394836402 -0.48722052654897585 -0.01914896973657493 0 0 0
0.001176470588235294 0.043604474238689926 0.43876820295699337 -0.055762090721529545 0 0 0
0.001176470588235294 -0.176791999966658 0.6310309050229785 0.14402130796846277 0 0 0
0.001176470588235294 0.507311754742564 -0.2820205538906306 -0.06735744611379778 0 0 0
0.001176470588235294 0.266879071481587 -0.3115909185201982 0.49186458453404286 0 0 0
0.001176470588235294 -0.23607668182819505 0.033080662709660945 0.355849923817316 0 0 0
0.001176470588235294 -0.0021478379387888757 0.21057534175645376 -0.4743013611277905 0 0 0
0.001176470588235294 -0.5079925194695679 -0.02917142520296847 -0.42645606962986654 0 0 0
0.001176470588235294 0.2584844158390096 0.2982326218543069 -0.15422424220684047 0 0 0
0.001176470588235294 -0.24304775888817856 -0.12673406328595493 0.472934430373729 0 0 0
0.001176470588235294 0.4553214871956459 0.12472359830182492 -0.48501411965066804 0 0 0
0.001176470588235294 0.3746508843580097 0.563637027057299 -0.09083682814469488 0 0 0
0.001176470588235294 0.2682546663387506 -0.4484514725018133 0.03434772333855011 0 0 0
0.001176470588235294 0.2084997240801284 -0.2575840967096175 -0.0350060473418005 0 0 0
0.001176470588235294 0.06814013448105123 -0.22762505792154397 0.3445511803130409 0 0 0
0.001176470588235294 -0.5003731117900654 -0.2351194275341654 -0.041324329824748755 0 0 0
0.001176470588235294 0.17706619252060693 0.15262132152375002 0.20349155848704542 0 0 0
0.001176470588235294 -0.446860762820574 -0.24672523572687644 -0.12669232155422863 0 0 0
0.001176470588235294 -0.16768490198674443 -0.39267076675296586 -0.4230913110871122 0 0 0
0.001176470588235294 -0.08829877348420194 -0.2334173157479468 -0.2123459962256259 0 0 0
0.001176470588235294 0.060477961425972004 0.14165025371555084 0.3710044255142684 0 0 0
0.001176470588235294 -0.4984704336189555 0.20869391317999603 0.3604050807174634 0 0 0
0.001176470588235294 0.3497734891171557 0.301208786222466 0.22505400769567158 0 0 0
0.001176470588235294 -0.08130488926771527 -0.0478839601940678 0.586245900138061 0 0 0
0.001176470588235294 -0.17250351536241476 -0.3904089700298484 0.10848889560567777 0 0 0
0.001176470588235294 -0.16987160664909473 0.42831269341633915 0.08971422738267508 0 0 0
0.001176470588235294 -0.1969760026802765 -0.1390645863030709 0.5629302817058529 0 0 0
0.001176470588235294 0.43903931367210797 0.46903666259242954 0.22627706833811712 0 0 0
0.001176470588235294 0.03312179283256998 0.3066428966166272 -0.19321635791109704 0 0 0
0.001176470588235294 -0.2971488031502147 0.08060232258857132 -0.4347175387264624 0 0 0
0.001176470588235294 0.27438431937647745 0.12418559198701501 0.4829396846561042 0 0 0
0.001176470588235294 -0.39624305926218556 -0.35172398727409726 0.2741136076911185 0 0 0
0.001176470588235294 -0.012778147852429804 0.30025759038185557 0.013467075493477601 0 0 0
0.001176470588235294 0.2635133255768681 -0.04981081309669781 -0.6033241984676379 0 0 0
0.001176470588235294 0.0430252363135702 0.011573691921132424 -0.41975052290429077 0 0 0
0.001176470588235294 -0.08870329816764679 -0.022815280110290173 -0.16210962148721195 0 0 0
0.001176470588235294 -0.5201676733222883 -0.2686546174951128 0.055962403565212135 0 0 0
0.001176470588235294 -0.2221894743306842 0.39524206062598416 0.10655200284907643 0 0 0
0.001176470588235294 0.41456271380246507 0.39631389646998666 -0.22426991667897064 0 0 0
0.001176470588235294 -0.2418148028187814 -0.163400985518997 -0.24372640842113083 0 0 0
0.001176470588235294 -0.5474865419512587 -0.0291448068317573 -0.22705079139994186 0 0 0
0.001176470588235294 0.3852743263982171 -0.271735276891481 -0.43900056754952405 0 0 0
0.001176470588235294 0.4195589993558285 0.5016059991126439 -0.13618540498166518 0 0 0
0.001176470588235294 0.066714140641668 0.03836080953412304 0.23095426093306437 0 0 0
0.001176470588235294 0.5896664023438167 -0.11371335359258204 -0.33556806694077973 0 0 0
0.001176470588235294 0.34456951815631387 -0.29315767499208767 -0.2146241137099834 0 0 0
0.001176470588235294 0.1895209284043569 0.5799828871893604 0.1737221817997461 0 0 0
0.001176470588235294 0.3324497370227046 0.311194057170979 -0.19764758880148614 0 0 0
0.001176470588235294 0.520305349341415 -0.04900914621710629 -0.08025277552995987 0 0 0
0.001176470588235294 0.4536114547495629 -0.12955748635945466 -0.014064966997575484 0 0 0
0.001176470588235294 -0.19133400152067687 0.22187371598441208 -0.19310855566840376 0 0 0
0.001176470588235294 0.41365966885579925 -0.4688886445184466 0.00450642284860409 0 0 0
0.001176470588235294 0.09729152505970787 0.106692862213616 0.492250506017597 0 0 0
0.001176470588235294 0.2888462892910799 -0.22112929682274482 -0.1868866719985895 0 0 0
0.001176470588235294 0.2453434306648949 0.10491652830070713 0.260697493614234 0 0 0
0.001176470588235294 0.11957383878016285 -0.25794940205565897 -0.4230197863163518 0 0 0
0.001176470588235294 -0.059362874465932546 -0.38272859733740944 -0.007284158686775393 0 0 0
0.001176470588235294 -0.1672758550361007 0.47940081118916733 0.25784013348309487 0 0 0
0.001176470588235294 0.3865021184257806 0.12314158611742237 -0.4452427608768336 0 0 0
0.001176470588235294 -0.004807694292729932 0.6296035498238914 -0.11221659466929078 0 0 0
0.001176470588235294 0.05732956921786953 0.01235020059781747 0.6035870897495985 0 0 0
0.001176470588235294 0.09888598369774343 0.04141951203475864 -0.1399935934054801 0 0 0
0.001176470588235294 -0.18450322804644534 -0.04889016371514448 -0.6536415941091657 0 0 0
0.001176470588235294 0.09961953634449644 0.21548196020636598 -0.5314032068062117 0 0 0
0.001176470588235294 0.27441895943703054 -0.41777989617966205 0.2292293572079681 0 0 0
0.001176470588235294 0.21818770687582845 0.12341283678696037 -0.6037498357083748 0 0 0
0.001176470588235294 -0.31907002217814956 -0.4131230213768006 -0.28761151081543707 0 0 0
0.001176470588235294 -0.09617064881708498 0.6379008844264331 -0.12877308985398456 0 0 0
0.001176470588235294 0.26234068851258996 -0.48254990641381873 0.14328106843246421 0 0 0
0.001176470588235294 -0.10087793607533271 -0.2497847898299433 -0.297417924339728 0 0 0
0.001176470588235294 -0.5576960126664748 0.0023956136438769665 0.05602244941541058 0 0 0
0.001176470588235294 0.30692333090860724 -0.38992394562443455 0.04115470206212577 0 0 0
0.001176470588235294 -0.1637940960760403 -0.14716536026080718 -0.41631243165719134 0 0 0
0.001176470588235294 0.06970140079724861 -0.5391613061995076 0.36087605944684864 0 0 0
0.001176470588235294 -0.2718997587901623 0.11531016541794786 0.5746129444082956 0 0 0
0.001176470588235294 -0.10056825921191621 -0.3264710507787399 0.1807043900359191 0 0 0
0.001176470588235294 -0.06661932123400116 -0.5209628256417168 -0.054755771756960475 0 0 0
0.001176470588235294 0.42742918207880765 -0.24194690224104504 0.17617819631029097 0 0 0
0.001176470588235294 0.20003892845974278 0.5840268903420535 -0.1667434887456294 0 0 0
0.001176470588235294 -0.1868659931277433 0.16096002520756716 -0.03924731656710753 0 0 0
0.001176470588235294 0.44772646678204164 -0.30512767301501725 -0.2562051878799281 0 0 0
0.001176470588235294 -0.402358389459608 0.17482507999966646 0.319109776279288 0 0 0
0.001176470588235294 -0.44760374193499014 0.1517109474559534 -0.4292600402542089 0 0 0
0.001176470588235294 -0.10944700036235624 0.08524525610575992 0.5737153867830689 0 0 0
0.001176470588235294 -0.19118420636476982 -0.40307757301851116 0.22662165623574573 0 0 0
0.001176470588235294 0.594012228446354 -0.21882025469689248 -0.254573804720837 0 0 0
0.001176470588235294 0.15716979710611073 0.6422513355713808 -0.132123562516398 0 0 0
0.001176470588235294 -0.29098111582385433 -0.09967563200630436 0.2106642165100081 0 0 0
0.001176470588235294 -0.30756008121067674 -0.4843586007490036 0.007528677581806589 0 0 0
0.001176470588235294 -0.10302534712622681 0.2784704863388778 0.3731363066361964 0 0 0
0.001176470588235294 0.17785172918175324 0.44087611672804783 -0.28280519601799226 0 0 0
0.001176470588235294 0.0026578257432738617 0.31061243474986583 0.3281378614676564 0 0 0
0.001176470588235294 -0.22254624414202356 0.5024129890732515 -0.07484674815271201 0 0 0
0.001176470588235294 -0.4255897014160502 0.22935019316060667 0.31846810454079455 0 0 0
0.001176470588235294 -0.531176368694017 -0.1745780261255754 0.18148377072646607 0 0 0
0.001176470588235294 -0.02631691624949044 0.479158413969299 0.17247292624910035 0 0 0
0.001176470588235294 -0.4588468811628134 0.07023362544053743 -0.04734699936842133 0 0 0
0.001176470588235294 -0.15005379281506903 -0.33594636084812735 0.40412364489778474 0 0 0
0.001176470588235294 0.35960139162944643 -0.04187387371869353 -0.2787604256702787 0 0 0
0.001176470588235294 0.227820505300988 -0.37330886633122756 0.2726086941832313 0 0 0
0.001176470588235294 -0.1385821644304331 0.43108707262256596 0.38397061812462036 0 0 0
0.001176470588235294 -0.2938182114777836 0.23898964362949762 -0.15332760971839604 0 0 0
0.001176470588235294 0.00040358176759350663 0.03489960649094364 0.5827383173667424 0 0 0
0.001176470588235294 -0.3296057165076164 -0.5717010822258564 0.08276962389267921 0 0 0
0.001176470588235294 -0.0050070892216977116 -0.3091612697175045 0.3314366502286869 0 0 0
0.001176470588235294 0.1827426769566381 -0.17918102420105955 0.4375224516169493 0 0 0
0.001176470588235294 -0.18974435230385067 0.07829242761265497 0.3257866769645248 0 0 0
0.001176470588235294 0.03636331687921824 0.5724376627434068 0.1696677067222421 0 0 0
0.001176470588235294 -0.5177649293361678 -0.4182447864311965 0.023510704150909674 0 0 0
0.001176470588235294 0.09944393217747906 -0.6257724779113782 -0.18590589134289912 0 0 0
0.001176470588235294 -0.2589273225209443 0.2660717860856299 0.5293508363938797 0 0 0
0.001176470588235294 -0.17306930971279388 -0.1265572841879617 -0.127627859200625 0 0 0
0.001176470588235294 0.32763348113162366 0.22520575130845846 0.32124299531296663 0 0 0
0.001176470588235294 0.5404494072264988 0.1554978971890259 0.2050067708005999 0 0 0
0.001176470588235294 0.46637608355509386 0.4466567804409536 0.2251351334546973 0 0 0
0.001176470588235294 -0.15536691788134724 0.019288516633298426 0.2670888156392903 0 0 0
0.001176470588235294 0.1779165167062258 0.40498602907577136 -0.2872618980591593 0 0 0
0.001176470588235294 -0.014346291970136975 0.23301025095576736 0.4765459984493667 0 0 0
0.001176470588235294 0.380048683738992 -0.25160260942259727 -0.29093102204820187 0 0 0
0.001176470588235294 -0.11677410623076073 0.1668621048514104 0.5880843494794356 0 0 0
0.001176470588235294 0.21310410385153156 -0.4331875414442628 0.07807405583614473 0 0 0
0.001176470588235294 -0.3117541589266368 0.10555621564421762 -0.4558890075809464 0 0 0
0.001176470588235294 0.2123729656244608 -0.09908269043164111 0.3486710090694586 0 0 0
0.001176470588235294 0.09066695928652777 -0.404922422298815 0.3906261201448207 0 0 0
0.001176470588235294 -0.14701993848357003 -0.6120708291307575 0.19946538155743979 0 0 0
0.001176470588235294 -0.5359526174960243 -0.36966996862856405 -0.16049165691236353 0 0 0
0.001176470588235294 0.4158761635217843 0.2803366692725397 -0.24009869023933506 0 0 0
0.001176470588235294 0.0814875070373396 -0.3798422453073107 -0.42520867003050705 0 0 0
0.001176470588235294 0.46969537386882093 -0.4528048264523315 0.21680776519800665 0 0 0
0.001176470588235294 0.5293098083516493 0.00707231061433576 -0.07025087433586813 0 0 0
0.001176470588235294 -0.3489669103657164 0.07580204931316345 0.4592403941166067 0 0 0
0.001176470588235294 0.06928410157138892 0.018514948691520282 -0.24655739550366604 0 0 0
0.001176470588235294 -0.12711896923531585 0.22882773165888257 -0.5468302978997246 0 0 0
0.001176470588235294 0.09557929408899135 0.09399624833583688 0.13436714417736081 0 0 0
0.001176470588235294 0.42707578705468335 -0.029711466072335026 -0.3824700904833777 0 0 0
0.001176470588235294 0.2556208642293838 -0.4224460419673557 -0.4120701201646633 0 0 0
0.001176470588235294 -0.20987145731527937 0.3272995995933163 0.2914962332610468 0 0 0
0.001176470588235294 -0.43448634672583075 -0.20383182228123398 -0.20217514701775816 0 0 0
0.001176470588235294 -0.2851987635036719 0.25413943858716326 -0.44553778790703313 0 0 0
0.001176470588235294 -0.10888371953873999 -0.06619658621307767 0.4156471807675281 0 0 0
0.001176470588235294 -0.3304764682607022 0.05593964555180256 -0.24195515314496438 0 0 0
0.001176470588235294 0.40140150426977966 -0.07480178208705644 -0.2080508620489442 0 0 0
0.001176470588235294 -0.19336241287142644 0.2884908481335426 -0.32053507621374716 0 0 0
0.001176470588235294 0.4722692650943655 -0.1653691476388163 0.2409441843995322 0 0 0
0.001176470588235294 0.05880754541474322 -0.5416055948888836 0.3736000086798939 0 0 0
0.001176470588235294 -0.30774308724859584 -0.12534961632546446 0.10253703595555083 0 0 0
0.001176470588235294 0.12831524027112115 0.26180029579303 -0.32806540483544644 0 0 0
0.001176470588235294 0.08331737755465422 -0.24072719236852605 0.5041065058885807 0 0 0
0.001176470588235294 0.1569579412623158 -0.0626794748052824 0.33514160266956966 0 0 0
0.001176470588235294 0.3342810244407551 0.2574533644068536 -0.3456618828071692 0 0 0
0.001176470588235294 -0.1776956380360991 0.21982535726911426 -0.1559877476451588 0 0 0
0.001176470588235294 0.3449915862041769 -0.17420729322828654 0.05535677522457211 0 0 0
0.001176470588235294 0.34132543358196565 0.466505916586275 0.17405739853402705 0 0 0
0.001176470588235294 -0.2536817466302232 0.290015116622 -0.403292528629879 0 0 0
0.001176470588235294 0.11936524410128681 -0.013439078750923955 -0.5369074557326793 0 0 0
0.001176470588235294 0.22108325494419806 0.23155246451821665 0.0886813495771351 0 0 0
0.001176470588235294 0.25937736551464113 0.2814640174426942 -0.1835650592957801 0 0 0
0.001176470588235294 -0.4096144508013712 0.03323592543880405 -0.40786444373910946 0 0 0
0.001176470588235294 0.008716061091497964 -0.32126331971054495 -0.4391483944722791 0 0 0
0.001176470588235294 -0.30590491812379966 0.3215655324231051 -0.2305645485618691 0 0 0
0.001176470588235294 -0.07667187722936154 -0.09664862322014317 -0.5273629664784903 0 0 0
0.001176470588235294 0.06893031579135882 0.10269737302170567 -0.6294743961819816 0 0 0
0.001176470588235294 0.042080911267105454 0.08433008540675734 -0.49919435362639586 0 0 0
0.001176470588235294 0.2445901803588695 -0.21481502589110646 0.36021157582319846 0 0 0
0.001176470588235294 0.36219169152615105 -0.4992133932817246 0.00068368358672483 0 0 0
0.001176470588235294 -0.06176986305152751 0.5988927207838448 0.3118620345168438 0 0 0
0.001176470588235294 0.37806802627974445 0.26675288858484736 -0.2026387631845282 0 0 0
0.001176470588235294 -0.16327731449308153 0.37491773413335644 -0.3201585252950517 0 0 0
0.001176470588235294 -0.1169218099454416 0.5613118662215799 0.015046331695433887 0 0 0
0.001176470588235294 -0.21456445665730897 0.15202382457877586 0.034872456067777675 0 0 0
0.001176470588235294 0.03017109501260203 0.1216298215241754 0.3114609447901743 0 0 0
0.001176470588235294 -0.3826903040939204 -0.07611154981453826 0.07626623332136047 0 0 0
0.001176470588235294 -0.29813610674991214 0.2593604650865143 -0.13796448289180385 0 0 0
0.001176470588235294 0.35525956511351814 -0.46976194647422737 -0.08664157367886846 0 0 0
0.001176470588235294 -0.09331325637137595 0.3816542460911935 -0.16624693241836247 0 0 0
0.001176470588235294 0.5652722125947334 0.03757558375587897 0.011237524876219524 0 0 0
0.001176470588235294 0.25739619090199395 0.19597603323408222 -0.5257872761971666 0 0 0
0.001176470588235294 0.5048318281512937 0.2980458355162896 -0.028285596761759464 0 0 0
0.001176470588235294 0.22500571391119323 0.6198671742733094 0.0011678744662674831 0 0 0
0.001176470588235294 0.534469457302514 0.22972912191273473 0.24763178224192953 0 0 0
0.001176470588235294 -0.14460867107204273 0.03757140096639148 0.20321086430395482 0 0 0
0.001176470588235294 -0.06494805481767628 0.23556229873733223 -0.6119452936468097 0 0 0
0.001176470588235294 -0.14478432771649163 -0.21812088447562758 0.24055111473829674 0 0 0
0.001176470588235294 -0.35908414377893777 0.20175893744552528 0.2843669138975298 0 0 0
0.001176470588235294 0.30891755482154165 -0.491398583195971 -0.10936006970045276 0 0 0
0.001176470588235294 0.5183072809705328 0.2865573769484193 -0.046835180415888626 0 0 0
0.001176470588235294 0.09202903524273325 -0.2566578548576156 0.07365635227409599 0 0 0
0.001176470588235294 -0.5343398362682434 0.3487832183921162 -0.2495184845841421 0 0 0
0.001176470588235294 -0.22314363530650344 0.20232671799536908 -0.2715453813721043 0 0 0
0.001176470588235294 0.18884168547465863 0.23366709030071783 -0.3070903695001688 0 0 0
0.001176470588235294 -0.018961018293972235 -0.14818067118308545 -0.5762401999352269 0 0 0
0.001176470588235294 -0.2253052239891356 -0.20035523338081868 -0.5322735769729943 0 0 0
0.001176470588235294 -0.38255246583817837 0.22715207446407693 -0.14382110948830604 0 0 0
0.001176470588235294 -0.48129084213803486 -0.20749997941077294 -0.37751677723112836 0 0 0
0.001176470588235294 -0.2194853753795699 0.14830209985711093 0.3064633710974009 0 0 0
0.001176470588235294 0.1658323868427672 -0.4073740266941309 -0.15372931958217528 0 0 0
0.001176470588235294 -0.5607478689706472 -0.38664440686976465 0.008822476385367614 0 0 0
0.001176470588235294 -0.45375625415536036 -0.4749654859952183 0.12086027833182054 0 0 0
0.001176470588235294 0.4136153138641122 -0.014381678108031 -0.5353124861264865 0 0 0
0.001176470588235294 0.18518507997755684 0.24085303913087355 0.36802630424567645 0 0 0
0.001176470588235294 -0.1519511257663483 -0.2421611368829104 0.06975607494382954 0 0 0
0.001176470588235294 -0.3821366838331914 -0.38388510571463724 -0.12970983867104444 0 0 0
0.001176470588235294 0.026059765153000448 0.6459754614874682 -0.12376050843574034 0 0 0
0.001176470588235294 -0.06375096597797596 0.19454821693239308 -0.468589288104351 0 0 0
0.001176470588235294 0.4577091512852756 0.12338227008701938 0.17679387799302615 0 0 0
0.001176470588235294 -0.6122560897188714 0.006712759597031922 -0.3002868823844475 0 0 0
0.001176470588235294 0.004223994986290092 0.06641402251006091 0.2778400715982042 0 0 0
0.001176470588235294 -0.042423213048954404 -0.4321710649154209 0.45547049502131837 0 0 0
0.001176470588235294 0.13356395453425957 -0.15754320107456773 0.030308865307097123 0 0 0
0.001176470588235294 0.22003448860378175 -0.007233415386481013 -0.3815800891582592 0 0 0
0.001176470588235294 0.22449885715268886 0.4799100013834254 -0.3526900777539193 0 0 0
0.001176470588235294 -0.1585776410093619 0.2924899791642651 -0.4285631813093688 0 0 0
0.001176470588235294 -0.4105424259198765 -0.3168745714475228 -0.3836864238306085 0 0 0
0.001176470588235294 0.2791027211252995 0.4447216663921945 -0.3481532668413963 0 0 0
0.001176470588235294 -0.20114468773009458 0.04931078834082386 -0.5462529643519425 0 0 0
0.001176470588235294 -0.06933322629023148 -0.12309127871125287 -0.4636742508261351 0 0 0
0.001176470588235294 0.18641355937175946 0.13616134587285023 -0.44879717708061234 0 0 0
0.001176470588235294 -0.08884417999327138 -0.5196816807132423 -0.40960947869701303 0 0 0
0.001176470588235294 0.09566961576001501 -0.06537248691595965 -0.28262784774906036 0 0 0
0.001176470588235294 0.6165615653390297 -0.27825629378374883 -0.06262909558396029 0 0 0
0.001176470588235294 0.2553031358291258 0.5365338257652894 -0.08069651388519256 0 0 0
0.001176470588235294 -0.48092497953531727 -0.3095986999090918 0.38643409379219007 0 0 0
