580
0
0.0017241379310344827 0.44228814540149375 0.39884646484019687 -0.2686519563756604 0 0 0
0.0017241379310344827 0.2799418263713963 0.13453988649163032 0.0737317119936741 0 0 0
0.0017241379310344827 -0.10145159168112786 -0.18189226698319771 0.473594735817922 0 0 0
0.0017241379310344827 0.4092841691488412 -0.024711418778711892 0.14877444466299888 0 0 0
0.0017241379310344827 0.1076621711676331 -0.4994503230699058 -0.15373315036853683 0 0 0
0.0017241379310344827 0.05745831502453794 -0.20031140468785386 0.06928668272052753 0 0 0
0.0017241379310344827 -0.26333295796494566 0.5434033530982764 0.16751938117727683 0 0 0
0.0017241379310344827 -0.21531639160886248 0.30998548454571057 0.09722112233822026 0 0 0
0.0017241379310344827 0.26788954833205303 -0.36262742295919526 -0.4119146418053918 0 0 0
0.0017241379310344827 0.13897695125114218 -0.33925563142490506 0.0639787832995378 0 0 0
0.0017241379310344827 -0.22493803394656783 0.4380802170199112 0.19440965798874393 0 0 0
0.0017241379310344827 -0.0003934372740369179 0.46028155143323424 0.4657807972721844 0 0 0
0.0017241379310344827 0.01250464192722877 -0.4988562553218708 0.474563672989154 0 0 0
0.0017241379310344827 0.5203599309192323 -0.31085759860632195 -0.2900256156410443 0 0 0
0.0017241379310344827 -0.35015911790409504 0.41850314026027335 0.28495129291041205 0 0 0
0.0017241379310344827 0.42951950777576214 0.007708083814493718 0.46694043748748015 0 0 0
0.0017241379310344827 -0.197350488109195 -0.37643410158731777 -0.14838044318753327 0 0 0
0.0017241379310344827 0.10046858718708625 0.5341103023865478 0.12793210079574616 0 0 0
0.0017241379310344827 -0.21408358789732362 0.24450450274027377 -0.5379109780416105 0 0 0
0.0017241379310344827 -0.12326055776591303 -0.320819002396985 -0.34587075701940606 0 0 0
0.0017241379310344827 -0.3792867168119276 0.4156328162460614 -0.3639241883670404 0 0 0
0.0017241379310344827 0.357101905826584 0.09805861010318255 -0.31696594878962914 0 0 0
0.0017241379310344827 0.10108035030986147 -0.35949916434874857 -0.20053478629096877 0 0 0
0.0017241379310344827 0.4230695364925935 -0.33926516365333836 0.38021777725563893 0 0 0
0.0017241379310344827 0.4731056466145876 0.0418778522162499 0.08939619110809346 0 0 0
0.0017241379310344827 -0.2980545427687457 -0.014351936935003974 0.3543227462838558 0 0 0
0.0017241379310344827 0.3557390801556099 -0.3847709126372843 -0.3777427224847136 0 0 0
0.0017241379310344827 0.13349043044174164 -0.39069818638865234 -0.4176917798438729 0 0 0
0.0017241379310344827 0.4983688684538185 0.021961310833613232 -0.32895621866263264 0 0 0
0.0017241379310344827 -0.4613300503177234 -0.22510800072475812 -0.3220327153558248 0 0 0
0.0017241379310344827 0.22630838606907364 -0.00854276793231705 0.2815333487075668 0 0 0
0.0017241379310344827 0.27273674207565896 0.48288248468613415 -0.4089466708721136 0 0 0
0.0017241379310344827 -0.3181720236145398 -0.40763812123072457 -0.33646373992280604 0 0 0
0.0017241379310344827 -0.23974932510021055 -0.604271007454519 0.1957434366459009 0 0 0
0.0017241379310344827 0.0011908768226860703 -0.40605145050218566 0.11272681999472602 0 0 0
0.0017241379310344827 0.24389856129122753 -0.23907404295591833 0.5589906504796722 0 0 0
0.0017241379310344827 0.0036474151182493354 0.28815154019930167 -0.42296816691261935 0 0 0
0.0017241379310344827 0.16625119781585243 -0.03870163965231122 -0.42317389751226053 0 0 0
0.0017241379310344827 0.23700707699784543 -0.12934919115563068 0.5858078489988671 0 0 0
0.0017241379310344827 0.5906484176163991 -0.05606993890666023 -0.057091965521066185 0 0 0
0.0017241379310344827 0.37959320485940895 0.061309677909095535 -0.060637214471777404 0 0 0
0.0017241379310344827 -0.02374015164254614 0.38943947383632116 -0.14033434825609778 0 0 0
0.0017241379310344827 0.20309463524358753 -0.06620430173935454 -0.37819590293078587 0 0 0
0.0017241379310344827 0.44239695866867446 0.41452738481143697 0.07240830935122086 0 0 0
0.0017241379310344827 0.4306555429293948 0.4257679803928445 -0.05977164429667845 0 0 0
0.0017241379310344827 0.0840179946318648 0.1039679222983565 0.3093524388174255 0 0 0
0.0017241379310344827 0.4998568955213476 0.12008895957094137 0.23836167476810532 0 0 0
0.0017241379310344827 -0.15574627848145942 0.23931714892737288 -0.22263180296593563 0 0 0
0.0017241379310344827 -0.43156233621683565 0.3214791417297839 0.09401959433192844 0 0 0
0.0017241379310344827 0.04836270819016591 -0.2245486306194089 0.00227605354754894 0 0 0
0.0017241379310344827 -0.13486656348413115 0.4936581789777396 0.1621011369334247 0 0 0
0.0017241379310344827 0.2321122336844711 -0.470173205755292 -0.3671428582847075 0 0 0
0.0017241379310344827 0.47495073898137885 0.34075339243637065 0.3369311914072529 0 0 0
0.0017241379310344827 0.15748517720490554 -0.3063277405236857 -0.5730652822827064 0 0 0
0.0017241379310344827 0.34276042383359673 0.11022435213072654 -0.018060527678198803 0 0 0
0.0017241379310344827 -0.40377397767326884 0.3756786151863208 -0.2720871017510617 0 0 0
0.0017241379310344827 0.4542238371997389 0.22863894490077355 -0.37569796842917197 0 0 0
0.0017241379310344827 -0.0517027577844926 0.22075779748937657 0.05734281388857144 0 0 0
0.0017241379310344827 -0.48925734976918045 -0.09213094737603147 -0.4331467703787187 0 0 0
0.0017241379310344827 0.3896763293960489 0.5064387001616262 0.053346835823192607 0 0 0
0.0017241379310344827 0.13614347711197758 0.3745092318581924 -0.2854176591627484 0 0 0
0.0017241379310344827 0.43695218782097284 -0.3208356690623351 0.4058592267377763 0 0 0
0.0017241379310344827 0.26989668020531954 0.2856740509847221 -0.29885104622334063 0 0 0
0.0017241379310344827 0.270816441532213 -0.28031521741584775 -0.46848474133667345 0 0 0
0.0017241379310344827 0.3192671424899645 -0.41279245461113556 -0.24058158468494462 0 0 0
0.0017241379310344827 -0.22849942016714261 -0.19945926684662046 -0.46304382417114004 0 0 0
0.0017241379310344827 -0.39637816320338704 -0.14414148018457684 0.1287602856007423 0 0 0
0.0017241379310344827 -0.01533631157890627 -0.30673156392381207 0.5000852660520482 0 0 0
0.0017241379310344827 0.49772307176148295 -0.36313340805668043 0.07038376352870458 0 0 0
0.0017241379310344827 -0.4307809888792129 -0.36178788495996583 0.25198074702636886 0 0 0
0.0017241379310344827 -0.5308387179034133 -0.3801028930004935 -0.1867941526123628 0 0 0
0.0017241379310344827 -0.2022974435399243 -0.17841455816613527 0.368658484249026 0 0 0
0.0017241379310344827 -0.18943591960394401 0.4002452153215576 -0.34653339896543456 0 0 0
0.0017241379310344827 0.4697814864960976 -0.23993654994050012 -0.16177897689538828 0 0 0
0.0017241379310344827 0.30926372048525574 0.37770147482070454 0.23122105056258385 0 0 0
0.0017241379310344827 0.4841369408772679 0.15929213473900958 -0.4650293569151435 0 0 0
0.0017241379310344827 -0.503156690497636 -0.2261307845196007 -0.1733148335225168 0 0 0
0.0017241379310344827 0.22812518732204703 0.2819813606274149 0.575056096158325 0 0 0
0.0017241379310344827 -0.02504756022965488 -0.0426312739851201 0.026525409422436027 0 0 0
0.0017241379310344827 -0.3768363286611047 -0.1965465817287064 0.5390224475503689 0 0 0
0.0017241379310344827 0.06652843588157707 0.018657971878189662 0.08769200470270333 0 0 0
0.0017241379310344827 0.10282563975691261 0.5513208756505346 -0.21466460786603958 0 0 0
0.0017241379310344827 0.05215694224681368 0.11895850777201253 -0.2486219705183204 0 0 0
0.0017241379310344827 0.3439387956429682 0.3910236301173086 0.19225520980833982 0 0 0
0.0017241379310344827 -0.2626995314230782 0.2653061385292575 0.5722729669928716 0 0 0
0.0017241379310344827 0.28201426944488717 0.40905056379534827 0.1231001102608812 0 0 0
0.0017241379310344827 -0.2861460847869397 -0.4601065219554043 -0.36817089566438316 0 0 0
0.0017241379310344827 -0.019726054630587696 0.028918856054671597 -0.4436705016750778 0 0 0
0.0017241379310344827 -0.2264758085736674 -0.12592463374407092 0.22111506269878142 0 0 0
0.0017241379310344827 0.14324270795566518 0.6003509971571344 -0.05998461891694745 0 0 0
0.0017241379310344827 -0.2347927378722503 0.2759971625879162 0.5181049565421959 0 0 0
0.0017241379310344827 -0.12958626510262844 0.48736329081122104 -0.06851021800442725 0 0 0
0.0017241379310344827 0.4162130979579465 -0.03210761879682381 0.5297646744780166 0 0 0
0.0017241379310344827 0.37543946566274433 -0.24587620003172622 0.3676994870406182 0 0 0
0.0017241379310344827 0.09784644405924355 0.09049425072704603 -0.568272755473062 0 0 0
0.0017241379310344827 0.1825400005630286 -0.33433947368503886 0.4106152020626051 0 0 0
0.0017241379310344827 0.45863462808312677 0.4278912769577982 0.2759517287442439 0 0 0
0.0017241379310344827 -0.140829486628587 -0.3245759056038745 0.42442824594861367 0 0 0
0.0017241379310344827 0.0991874599029889 0.10415104021059954 -0.14378724543256177 0 0 0
0.0017241379310344827 0.16867305899894838 -0.05676151355850248 0.47466359680748993 0 0 0
0.0017241379310344827 0.17872794306350753 0.5625653526617533 -0.161719389263846 0 0 0
0.0017241379310344827 0.059856252262699826 -0.028914717342393505 -0.11518387670976576 0 0 0
0.0017241379310344827 -0.2116987588979861 0.07908033401350714 0.3875926678310115 0 0 0
0.0017241379310344827 -0.31670762487311077 0.11470366405806141 0.5132419594932445 0 0 0
0.0017241379310344827 0.055309282065320986 0.09450758050936318 -0.6045719096215094 0 0 0
0.0017241379310344827 0.05381407231622793 0.612272989353445 0.06721826700293501 0 0 0
0.0017241379310344827 0.40396321682644265 0.30338742521131906 -0.20539073754468243 0 0 0
0.0017241379310344827 -0.506280354425561 0.12974301200637264 -0.3777906476733293 0 0 0
0.0017241379310344827 -0.08081225028208555 -0.2810658244188696 0.1606057861046945 0 0 0
0.0017241379310344827 0.4965335479232432 -0.2233621900107721 -0.19117088072122107 0 0 0
0.0017241379310344827 -0.2898645060928657 -0.5943942498518182 -0.006131149149107942 0 0 0
0.0017241379310344827 0.23022415225180015 0.37151731017200335 0.45638896326286926 0 0 0
0.0017241379310344827 -0.28294963352807506 -0.233918553807869 0.11140325941735915 0 0 0
0.0017241379310344827 0.05217646702913827 -0.21933671474592034 -0.13048627408035574 0 0 0
0.0017241379310344827 0.3300845922274579 -0.5371533509504518 -0.28821836298783754 0 0 0
0.0017241379310344827 0.39701404241367666 0.4664377732202446 0.2319329848971413 0 0 0
0.0017241379310344827 0.3889735771492742 0.24887518347657722 -0.32795170082706976 0 0 0
0.0017241379310344827 -0.1931552439894922 -0.1817964028843487 0.41020679303941104 0 0 0
0.0017241379310344827 0.2151302511019219 -0.005985535157079916 0.47121303023811745 0 0 0
0.0017241379310344827 0.4589231576933915 0.3432542444456536 -0.10754599965640367 0 0 0
0.0017241379310344827 -0.06954513069585944 -0.012548798777997104 -0.46451632323516995 0 0 0
0.0017241379310344827 0.2962172763836963 -0.18566504388325278 -0.23457658490111308 0 0 0
0.0017241379310344827 0.5057832767780615 0.15590586433318984 -0.1947927874484989 0 0 0
0.0017241379310344827 -0.4166184844419983 0.21931724416377268 0.36033058734429424 0 0 0
0.0017241379310344827 0.18922816414855764 0.04760583445747612 0.21335752382141462 0 0 0
0.0017241379310344827 -0.3226117780839587 -0.06029552476845031 -0.47621070748781885 0 0 0
0.0017241379310344827 -0.6329720055159253 0.0010439805140620955 0.004446493835488424 0 0 0
0.0017241379310344827 -0.04008404576257592 0.5791464279680871 0.1014756551048973 0 0 0
0.0017241379310344827 0.6263245170315257 0.23487333554547704 -0.05033819795885646 0 0 0
0.0017241379310344827 -0.11330004402799351 0.24774398888829197 0.5477799225368419 0 0 0
0.0017241379310344827 0.17627622452479874 0.1382280137890806 -0.5546686355691411 0 0 0
0.0017241379310344827 -0.13192819604013678 -0.5330846913879612 0.3003059194495066 0 0 0
0.0017241379310344827 0.08151611104166052 -0.5669750521278554 0.11735831392216563 0 0 0
0.0017241379310344827 -0.31998902196634565 -0.2840406229431999 0.18731209810725144 0 0 0
0.0017241379310344827 0.2518104360428316 -0.5950525577267185 -0.22007572416342996 0 0 0
0.0017241379310344827 0.0970623430927259 0.0958358113314338 -0.4932341228647856 0 0 0
0.0017241379310344827 -0.3739752084810979 0.5658572241484693 0.08473747713789205 0 0 0
0.0017241379310344827 -0.462447331922983 0.07499851349163907 -0.377605745218209 0 0 0
0.0017241379310344827 -0.6375449688733048 -0.04712890690285765 -0.16948283997787067 0 0 0
0.0017241379310344827 -0.25328020462579776 -0.43177237698020093 -0.2083495464610163 0 0 0
0.0017241379310344827 0.114311856673525 -0.2037628724372923 0.45514497192914816 0 0 0
0.0017241379310344827 -0.43499027340029334 0.16512382897035588 -0.3328085319956768 0 0 0
0.0017241379310344827 0.0023184938973185368 -0.2183566093268405 0.22942166534033603 0 0 0
0.0017241379310344827 0.5571034701955262 -0.33973897620906085 0.20968337248198146 0 0 0
0.0017241379310344827 -0.017380274292721373 -0.5506897368770054 -0.0008648807163963567 0 0 0
0.0017241379310344827 -0.5401382477937785 -0.33671573822282574 -0.26172108328741783 0 0 0
0.0017241379310344827 0.2841755305484168 -0.11797558806194532 0.23808034335817563 0 0 0
0.0017241379310344827 0.15275500335625902 -0.3222935716555395 -0.2929226629636878 0 0 0
0.0017241379310344827 -0.12652825436033627 0.07679490090167161 0.3948157448859772 0 0 0
0.0017241379310344827 0.05252560035727874 -0.09101233055710324 0.11822838650321202 0 0 0
0.0017241379310344827 -0.047221358124712697 -0.030150920451305862 -0.5036919779256942 0 0 0
0.0017241379310344827 -0.05700269090077134 0.035334048421149566 0.04444656072855357 0 0 0
0.0017241379310344827 0.059518292350442 -0.5398213822690211 0.4185071885086894 0 0 0
0.0017241379310344827 0.21824420632083769 0.13556722654185693 -0.19160580973935668 0 0 0
0.0017241379310344827 0.31034942090566603 0.28554716071003583 0.30259866564831756 0 0 0
0.0017241379310344827 0.06546598741734319 0.03273005966323565 -0.19890798685643785 0 0 0
0.0017241379310344827 0.3284057523568811 -0.05685328222663651 -0.4546427208987139 0 0 0
0.0017241379310344827 0.23653998464106846 -0.4515084206263398 -0.37494484887064866 0 0 0
0.0017241379310344827 -0.12070625056096118 0.10125709975669647 0.2434887519552637 0 0 0
0.0017241379310344827 -0.32952436167016635 -0.5494166123864155 0.0021919878609972083 0 0 0
0.0017241379310344827 -0.2284066605606454 -0.2903119901344701 -0.23752437633111573 0 0 0
0.0017241379310344827 -0.2182462348152429 0.609341083727561 0.23548309230497466 0 0 0
0.0017241379310344827 -0.039709046947967584 -0.32010815090251565 -0.5773167883811005 0 0 0
0.0017241379310344827 0.47797029199678875 -0.11125456097561381 -0.022999541153901706 0 0 0
0.0017241379310344827 -0.5174810533427817 -0.28231931971859175 0.2150556149512241 0 0 0
0.0017241379310344827 0.10103035295516799 -0.3426610478752155 -0.20779407809210726 0 0 0
0.0017241379310344827 -0.10033326555766126 -0.3190536219566957 0.41809235388271904 0 0 0
0.0017241379310344827 -0.540362330006907 0.37940142054854314 0.006594302239793816 0 0 0
0.0017241379310344827 0.12928514915717934 0.143049095950059 0.49907471428756744 0 0 0
0.0017241379310344827 0.25853405172132776 0.266208555791613 -0.5448439856611182 0 0 0
0.0017241379310344827 0.39983264203591934 -0.21810732728231175 0.3756321328739328 0 0 0
0.0017241379310344827 0.0805607916549008 -0.28667373435851917 -0.3276216225511859 0 0 0
0.0017241379310344827 -0.25388119073074067 -0.10381213762983074 0.11358266375404297 0 0 0
0.0017241379310344827 -0.13367996440694233 -0.31059622446090523 -0.28586510492796063 0 0 0
0.0017241379310344827 0.293591332648502 0.36330740847138626 0.42113276243358105 0 0 0
0.0017241379310344827 -0.12545807284499774 -0.10792890125917114 0.18732185364040846 0 0 0
0.0017241379310344827 0.12476072814267834 0.31038594089128646 -0.543176786665591 0 0 0
0.0017241379310344827 -0.5852881473407068 0.08651360929532577 -0.3415788756864095 0 0 0
0.0017241379310344827 0.5650086607349387 -0.1838047020206518 -0.06976038422567592 0 0 0
0.0017241379310344827 0.26362556352422895 0.1006199566287643 0.3822113178058917 0 0 0
0.0017241379310344827 0.20809642725551053 -0.5814731962665309 0.18503800119452926 0 0 0
0.0017241379310344827 -0.17525282624911168 0.5371665923881991 0.3607759661037427 0 0 0
0.0017241379310344827 0.20673735258286982 0.3421017021487845 0.3751347267103857 0 0 0
0.0017241379310344827 -0.5359994619461542 -0.267325722125706 0.08345131865176073 0 0 0
0.0017241379310344827 0.07207594457555579 -0.35867356557432306 0.14832051986248232 0 0 0
0.0017241379310344827 -0.2762373440046659 -0.4205600662880273 0.01907012624738167 0 0 0
0.0017241379310344827 0.39084483246753976 0.014861301988326097 0.03235878778866915 0 0 0
0.0017241379310344827 -0.6031291671117058 0.05070346202420872 0.1374098200214611 0 0 0
0.0017241379310344827 0.10762849963904197 0.12347085846257745 -0.03722874640476031 0 0 0
0.0017241379310344827 0.20304870904246283 -0.5297158523786653 -0.2585406486215083 0 0 0
0.0017241379310344827 0.11019675200096142 0.45630814680179915 -0.37860048207159885 0 0 0
0.0017241379310344827 -0.16657150759784534 0.5320904259079448 -0.0998547096072488 0 0 0
0.0017241379310344827 0.10714363146195167 0.05713200273817755 -0.27477316946557484 0 0 0
0.0017241379310344827 0.1199026708678924 0.32556754626198786 0.5285704136983151 0 0 0
0.0017241379310344827 0.07110582869364346 0.1797770749383633 0.06394382266496107 0 0 0
0.0017241379310344827 0.017084770830854468 -0.3771539655617252 -0.4520649177773881 0 0 0
0.0017241379310344827 0.6336695742837279 0.0970722717459946 0.0779865932840887 0 0 0
0.0017241379310344827 -0.32607343918822146 -0.18705540521637518 -0.22627909405095817 0 0 0
0.0017241379310344827 -0.20900157616503745 -0.24379454761956332 -0.3670321081460262 0 0 0
0.0017241379310344827 0.2767812299154979 0.3483247792142509 0.478323815569763 0 0 0
0.0017241379310344827 0.10771994415127419 0.44017472121694745 -0.0184286282962156 0 0 0
0.0017241379310344827 0.392896520966907 0.2275386432183967 0.1111056687647409 0 0 0
0.0017241379310344827 -0.19275081200858055 -0.025585873974083396 0.5645563321843148 0 0 0
0.0017241379310344827 0.06868002157650352 -0.6254464319745711 0.06941080513340306 0 0 0
0.0017241379310344827 0.5948564713722178 -0.11391173964049593 -0.011045690741678499 0 0 0
0.0017241379310344827 0.08243861032932877 0.6654452223459737 0.09856998549921397 0 0 0
0.0017241379310344827 0.1341093603555072 -0.29347748077587155 -0.571279453771154 0 0 0
0.0017241379310344827 0.13304606712037834 -0.04458111048883698 -0.502992910344753 0 0 0
0.0017241379310344827 0.21880227907976027 0.17602065906536876 0.18687464719590788 0 0 0
0.0017241379310344827 -0.2736601723529436 0.45752056325973317 -0.20506896788472823 0 0 0
0.0017241379310344827 -0.0695243901909834 -0.472917286656543 0.35044642318602837 0 0 0
0.0017241379310344827 -0.06948405411025427 0.30061324804533424 0.037554810092865605 0 0 0
0.0017241379310344827 0.3567302948610942 -0.4303331028742826 -0.4102176617986709 0 0 0
0.0017241379310344827 0.3108379908183677 0.4817757040955607 -0.2965005644997899 0 0 0
0.0017241379310344827 0.47449926906621576 -0.34938757502719164 -0.0903910713774326 0 0 0
0.0017241379310344827 0.08637248030462086 0.4231126087983409 0.17421399247499916 0 0 0
0.0017241379310344827 -0.27012133347199985 -0.5163687383112168 0.07421317651171787 0 0 0
0.0017241379310344827 0.2188437103560379 0.020532717648448724 0.4973768784537597 0 0 0
0.0017241379310344827 -0.14957727767858112 0.5106427489426331 0.213453266513587 0 0 0
0.0017241379310344827 0.2744166423515155 -0.535227237690224 0.11240505349947176 0 0 0
0.0017241379310344827 -0.5987846329232989 0.08247113333105636 0.08848046773073785 0 0 0
0.0017241379310344827 -0.205301951542405 -0.2747371361296277 -0.20374515463849968 0 0 0
0.0017241379310344827 0.0981839462063025 0.5069463948967925 0.21898500366701865 0 0 0
0.0017241379310344827 0.45667196352699424 0.28753671018965626 0.32886109097231125 0 0 0
0.0017241379310344827 0.3630077836171156 -0.2695196670778323 0.1675351290569059 0 0 0
0.0017241379310344827 -0.22804817629984106 0.36197423519836947 -0.44240077815265794 0 0 0
0.0017241379310344827 0.017371586674804415 -0.1554588875909734 -0.18208539465033644 0 0 0
0.0017241379310344827 0.31341800070440445 -0.09220987988826887 0.2563705912615838 0 0 0
0.0017241379310344827 0.0806529158254756 -0.45791147955367906 -0.05766358636938498 0 0 0
0.0017241379310344827 -0.032989236692824504 0.13028084732534853 -0.6286675970489849 0 0 0
0.0017241379310344827 -0.04319893091781447 -0.6639440736042983 -0.18490399578382705 0 0 0
0.0017241379310344827 -0.0659420512646416 -0.4282469813780311 -0.46716988702116813 0 0 0
0.0017241379310344827 0.21429811108736413 -0.5995601833653691 -0.021831915218000594 0 0 0
0.0017241379310344827 -0.3932026555566317 0.22155386523308532 -0.10572437062156796 0 0 0
0.0017241379310344827 -0.21563634617655406 0.4736318494456831 0.3842576446588571 0 0 0
0.0017241379310344827 -0.04277682827103811 0.3446729847954045 -0.14820215794603792 0 0 0
0.0017241379310344827 0.019391742926910545 -0.1906015210749935 -0.5204808701068137 0 0 0
0.0017241379310344827 -0.2643802362899821 0.5071134689312268 -0.3187176028105005 0 0 0
0.0017241379310344827 -0.2277522010652052 -0.02221457963397836 0.07535149575882423 0 0 0
0.0017241379310344827 0.01308215426558457 0.43790727494414566 0.4331194049621826 0 0 0
0.0017241379310344827 0.3296635939819048 0.45599104740741625 0.06143178605455322 0 0 0
0.0017241379310344827 -0.27283112686263955 -0.15353985235741502 0.010199428121107164 0 0 0
0.0017241379310344827 -0.39587589039043114 -0.45451021196337305 0.3350708257716817 0 0 0
0.0017241379310344827 -0.21821063802573218 0.025740368279775674 -0.332043085352598 0 0 0
0.0017241379310344827 0.1166631781424205 -0.2624207544328771 -0.05776663249696003 0 0 0
0.0017241379310344827 0.5282282956640455 0.017256317310488004 0.254410856866651 0 0 0
0.0017241379310344827 -0.5650776097113129 -0.3625829655522421 0.1168048168978341 0 0 0
0.0017241379310344827 -0.317125491956076 0.19940083745841944 0.3470113202530134 0 0 0
0.0017241379310344827 0.28598648738630006 -0.36281879181470617 -0.4992209900248324 0 0 0
0.0017241379310344827 -0.4780589374759134 0.41885698418312234 0.2766585990003982 0 0 0
0.0017241379310344827 -0.04013389948181458 0.46446175150326274 -0.13184680555565342 0 0 0
0.0017241379310344827 0.3622683884309619 -0.1663534764269556 0.5331806445881179 0 0 0
0.0017241379310344827 -0.4840631882351577 0.33811737546612486 0.015252315066548703 0 0 0
0.0017241379310344827 -0.05725343528944329 0.40919570123800386 0.5421663595489693 0 0 0
0.0017241379310344827 -0.29251800733437877 0.26016565536300235 0.19742123783424242 0 0 0
0.0017241379310344827 -0.16701689267747183 -0.2549358737638075 -0.37357831477596865 0 0 0
0.0017241379310344827 -0.4736493553700877 -0.19264276795219928 0.3749245307071533 0 0 0
0.0017241379310344827 -0.6346324425042499 0.03359670792711585 0.021841816710763004 0 0 0
0.0017241379310344827 0.6000706711668555 0.2027556928494806 0.16720280938691326 0 0 0
0.0017241379310344827 0.12353774100336729 -0.19319852927522874 0.19847359770464865 0 0 0
0.0017241379310344827 -0.14546000843680557 0.3755434549238368 -0.4383303198373962 0 0 0
0.0017241379310344827 -0.4285503868032997 0.33330929216685123 0.39369867465530095 0 0 0
0.0017241379310344827 0.6284444723248526 0.06486614769168753 -0.059511606001886416 0 0 0
0.0017241379310344827 0.045444215835865304 0.07089801854430029 0.41549698065475493 0 0 0
0.0017241379310344827 0.33959750803717154 0.33749909515556864 -0.17510507430332253 0 0 0
0.0017241379310344827 0.3888426328190955 -0.085058877236699 -0.19912408598032624 0 0 0
0.0017241379310344827 0.6163373882243856 0.26302815354557596 -0.033993768692564146 0 0 0
0.0017241379310344827 -0.009452127694087988 -0.10117067898687873 0.2522549523272718 0 0 0
0.0017241379310344827 0.4495001554393436 0.10892639917080366 -0.4225844240012741 0 0 0
0.0017241379310344827 0.5393386499551418 0.11643898318026237 -0.1347316631750608 0 0 0
0.0017241379310344827 -0.33459664326773797 -0.46669890453191953 0.1333297335537098 0 0 0
0.0017241379310344827 -0.056255391616470383 0.1810136591083622 0.4147449361131767 0 0 0
0.0017241379310344827 0.1668994216555538 -0.4840343386985925 -0.3086347677526737 0 0 0
0.0017241379310344827 -0.40426963365569507 -0.419273854227597 -0.050579249132886896 0 0 0
0.0017241379310344827 0.004313955183185655 0.025704766456686002 0.21896863971375707 0 0 0
0.0017241379310344827 -0.3515518901463824 0.07056987424960451 0.37339717008305623 0 0 0
0.0017241379310344827 -0.3849038997290844 -0.0891418660028302 -0.2728510189703574 0 0 0
0.0017241379310344827 0.0025029470262417242 -0.10383466964735474 0.14818655917905832 0 0 0
0.0017241379310344827 0.035479233911222804 -0.49036685412586273 0.09585662041044914 0 0 0
0.0017241379310344827 0.1911676434325292 -0.35809739057752843 -0.25120869377589283 0 0 0
0.0017241379310344827 0.3710879645911403 -0.07806095308758747 0.36942928379671225 0 0 0
0.0017241379310344827 -0.34875146014867076 -0.08090448706796591 -0.22526199471753214 0 0 0
0.0017241379310344827 0.42279581071528727 0.03388273667057534 -0.1716891121472714 0 0 0
0.0017241379310344827 -0.4402420629521337 0.09473801325274425 -0.37272604990261066 0 0 0
0.0017241379310344827 -0.30627410049926396 -0.008126375185836917 -0.5019988009748275 0 0 0
0.0017241379310344827 -0.6079705459524367 -0.0202191208309882 -0.12822522549117668 0 0 0
0.0017241379310344827 0.0725672097853262 -0.512301735677997 -0.1141122780017096 0 0 0
0.0017241379310344827 -0.15707124769089845 -0.2733384608176706 -0.2747398566011067 0 0 0
0.0017241379310344827 0.019319479418197363 0.14271413766434235 0.06499123114965501 0 0 0
0.0017241379310344827 0.26351816516470994 0.09911506626617356 -0.3402244450327575 0 0 0
0.0017241379310344827 0.405922188972771 0.2553155556878054 0.0022420085564996066 0 0 0
0.0017241379310344827 0.6420929451843758 -0.02174094675235568 0.08936635502524716 0 0 0
0.0017241379310344827 -0.38878928167785126 0.3518236541801561 -0.21587624759083768 0 0 0
0.0017241379310344827 0.12307419433539096 0.17329886317195456 -0.5951429741567871 0 0 0
0.0017241379310344827 0.045268498349267265 0.3241150730042553 0.35826888259910267 0 0 0
0.0017241379310344827 0.002910801406958011 0.6883138407048593 -0.04595463563068179 0 0 0
0.0017241379310344827 -0.2958632920785922 0.13936780203640323 0.29514441492923693 0 0 0
0.0017241379310344827 0.4900021825317828 0.22481755544654064 0.23524920581397288 0 0 0
0.0017241379310344827 -0.13965112865508444 0.04156435566485629 -0.3950321640831927 0 0 0
0.0017241379310344827 0.4955404135142099 0.25126717432391854 -0.07481911820993278 0 0 0
0.0017241379310344827 0.16041220915655963 -0.1324295537857276 0.3152384267264051 0 0 0
0.0017241379310344827 0.2326943409735439 0.42878166089681163 0.22535749990577356 0 0 0
0.0017241379310344827 0.004251439443950142 -0.03974844336289673 -0.6202692984114951 0 0 0
0.0017241379310344827 0.4918592037812456 0.0011842496456177527 -0.4181714466471584 0 0 0
0.0017241379310344827 0.409459138851155 -0.014539793113550848 0.19730674357324915 0 0 0
0.0017241379310344827 0.27844118560745557 -0.1309991375245498 -0.3558421437586 0 0 0
0.0017241379310344827 0.2782788579796807 -0.16642895557070173 -0.5040757648667425 0 0 0
0.0017241379310344827 -0.3339657895565713 0.1683752339729436 0.08043458468700632 0 0 0
0.0017241379310344827 -0.1690328152713615 0.06602906907605242 -0.5331833957485942 0 0 0
0.0017241379310344827 -0.2945637857312405 -0.04831974397398632 0.22056412369297407 0 0 0
0.0017241379310344827 -0.30654262326580883 0.07615722651153005 -0.1911131378494785 0 0 0
0.0017241379310344827 -0.1853472016707667 -0.13580505916010369 -0.14500854516729042 0 0 0
0.0017241379310344827 -0.12850364510465428 0.4212331829506376 0.5170094186209074 0 0 0
0.0017241379310344827 -0.018735630475507938 0.03971704137949921 0.5025105577255434 0 0 0
0.0017241379310344827 0.22452791134438238 0.6095447399911205 -0.2338160406418306 0 0 0
0.0017241379310344827 0.12187519571416237 -0.3385950179617909 -0.5269709749848933 0 0 0
0.0017241379310344827 -0.0542602582044444 0.020604255081726194 0.08996302213773325 0 0 0
0.0017241379310344827 0.3267444511327385 0.4117221798882728 -0.18569899451894625 0 0 0
0.0017241379310344827 0.2085000872569588 -0.3554721007310106 0.2184386060476819 0 0 0
0.0017241379310344827 -0.1484212850336552 0.57191090635031 -0.20232433017789703 0 0 0
0.0017241379310344827 0.15843850535166376 -0.36119193148276946 0.5344915186706239 0 0 0
0.0017241379310344827 0.16967562399892117 0.5539078670072236 0.32523860139243815 0 0 0
0.0017241379310344827 -0.459215174604097 0.3818429637850605 -0.24608596923195178 0 0 0
0.0017241379310344827 -0.04572178937433241 -0.4297062980973451 0.22590252192859517 0 0 0
0.0017241379310344827 -0.6441630943191261 0.08811558316415141 -0.1176828732997467 0 0 0
0.0017241379310344827 0.37128853233850384 0.05069806782536905 -0.4727575406251492 0 0 0
0.0017241379310344827 0.44910624945307165 -0.2162591377764324 -0.16422401794883026 0 0 0
0.0017241379310344827 -0.038840958997565136 0.11644017075823665 -0.48205357529455123 0 0 0
0.0017241379310344827 -0.06941412858485846 -0.15314922818032667 -0.30483426720506934 0 0 0
0.0017241379310344827 -0.5090226594874077 0.1925134522642772 -0.0009211488790440819 0 0 0
0.0017241379310344827 0.42613074435407516 -0.26219697759413074 0.3823440588020695 0 0 0
0.0017241379310344827 0.5086566382841116 -0.22647887576130507 -0.05666733605172285 0 0 0
0.0017241379310344827 -0.47623184917120537 0.09025774718343899 -0.24719118414296037 0 0 0
0.0017241379310344827 0.39418786468194733 -0.13601894870800527 0.23957604336357186 0 0 0
0.0017241379310344827 0.1739017136375925 -0.2887307307692002 -0.21650550005528008 0 0 0
0.0017241379310344827 -0.3998765166233057 0.007790538340896728 0.31041079002514005 0 0 0
0.0017241379310344827 0.21681512824756727 0.6144137354216329 -0.052422765689880066 0 0 0
0.0017241379310344827 -0.19576247047075723 -0.06000234072752439 -0.23311763917974143 0 0 0
0.0017241379310344827 -0.18095859747823415 -0.20086605731912 0.18597925905296533 0 0 0
0.0017241379310344827 -0.1651343203758313 -0.4770080496029566 0.3945889846796343 0 0 0
0.0017241379310344827 -0.30052558511530403 -0.11079225434807384 0.15820313067822536 0 0 0
0.0017241379310344827 0.32095633288980346 0.07295377434868168 -0.2769053955445658 0 0 0
0.0017241379310344827 -0.5854500969117836 -0.05588778538398867 0.10947074774694869 0 0 0
0.0017241379310344827 0.2710769768119893 0.5616706883089265 -0.05872885450300405 0 0 0
0.0017241379310344827 0.08961852306240488 0.07011688936703865 -0.5323138139831944 0 0 0
0.0017241379310344827 0.392249315771433 0.3383868681740152 -0.4435346692018616 0 0 0
0.0017241379310344827 -0.49625120671579304 0.4314057256485059 -0.014506882328696237 0 0 0
0.0017241379310344827 0.010273323460149628 0.32512784081650603 -0.2506495430163445 0 0 0
0.0017241379310344827 0.059595503325994253 0.14148099893446625 0.6353139052317842 0 0 0
0.0017241379310344827 -0.07626852331558209 0.5437576781789089 0.22741117675331482 0 0 0
0.0017241379310344827 0.16939186704273113 -0.27606001843822187 0.31208222329891094 0 0 0
0.0017241379310344827 -0.13042970883577518 -0.052145959044647146 0.4031677975315947 0 0 0
0.0017241379310344827 0.4654073455830301 -0.20119520692766618 -0.1365131688830493 0 0 0
0.0017241379310344827 -0.10921138756724896 -0.17853505929102198 0.5657907420382765 0 0 0
0.0017241379310344827 -0.285726067709973 -0.19092354358214506 -0.2674495927747618 0 0 0
0.0017241379310344827 0.0159401351546414 0.19833068161081452 0.21789014928031006 0 0 0
0.0017241379310344827 0.011265132660789972 0.15556112659868165 0.5072314719398852 0 0 0
0.0017241379310344827 0.12630601805331335 -0.08749065371020771 -0.3141581700824167 0 0 0
0.0017241379310344827 0.1843946325499072 0.6436800193148381 0.04186639097500826 0 0 0
0.0017241379310344827 0.2800662997082474 0.4407604493426724 0.26967614147336605 0 0 0
0.0017241379310344827 -0.009393520735275995 -0.05976997376718035 -0.4319551504124157 0 0 0
0.0017241379310344827 -0.2708167982772464 0.18543514458744575 -0.33875246194500735 0 0 0
0.0017241379310344827 -0.05273919317036428 0.6399057010956547 -0.1575871572664162 0 0 0
0.0017241379310344827 0.44663357704889906 0.4409277615498418 0.19421706869995675 0 0 0
0.0017241379310344827 -0.05773480741589957 0.3706095767162399 -0.36982389903108076 0 0 0
0.0017241379310344827 -0.2764840587760257 -0.08514785988055922 -0.1848071731101661 0 0 0
0.0017241379310344827 0.2842574208853814 0.33707095815671695 0.0379263929969303 0 0 0
0.0017241379310344827 0.2019381836457427 -0.41175634499136143 0.3139675422423349 0 0 0
0.0017241379310344827 -0.19096830509725526 -0.4564200665264656 0.10316866860964775 0 0 0
0.0017241379310344827 0.6224653966838641 0.13400040994887927 -0.1752044539040671 0 0 0
0.0017241379310344827 0.3337084653443945 0.025521407005670158 -0.022168223817834 0 0 0
0.0017241379310344827 0.4539473639373228 0.08260628095217562 -0.4357657145749402 0 0 0
0.0017241379310344827 -0.04090465249096354 0.00798781076978124 0.2745654981416845 0 0 0
0.0017241379310344827 -0.32636180620337174 0.041050725999008525 -0.5536088538503532 0 0 0
0.0017241379310344827 -0.12323938423702456 0.005803446175499579 0.5102905675803762 0 0 0
0.0017241379310344827 0.09324953350402096 0.36939166763557557 -0.27468552167132587 0 0 0
0.0017241379310344827 0.07419594919770058 -0.04859436738354195 -0.08540210647344022 0 0 0
0.0017241379310344827 0.08436255229124501 -0.30992273243350316 0.03186712068477398 0 0 0
0.0017241379310344827 -0.06141047696375898 0.5060211516178321 0.1467228027154385 0 0 0
0.0017241379310344827 -0.23297624276753431 0.17421377722317485 0.6148207309914288 0 0 0
0.0017241379310344827 -0.21985826823367044 0.5271992493901657 -0.04277804891024802 0 0 0
0.0017241379310344827 0.004582829471267276 -0.27413806184683864 0.1916362026129013 0 0 0
0.0017241379310344827 -0.16965002679695732 0.34324397006856744 0.3778855868296223 0 0 0
0.0017241379310344827 -0.4553474904705359 0.46907731773595224 0.19744330887339534 0 0 0
0.0017241379310344827 0.4901847225755831 0.4836757639825771 0.05741114694834428 0 0 0
0.0017241379310344827 0.6495296398128858 0.22627070173228342 -0.06227841069060486 0 0 0
0.0017241379310344827 0.10204633699244264 -0.4361590045346041 0.1313198338565951 0 0 0
0.0017241379310344827 -0.46564417689043563 -0.15632730172483256 0.3799333435039424 0 0 0
0.0017241379310344827 -0.1805279989802926 0.29369954554307387 -0.0581503616150492 0 0 0
0.0017241379310344827 0.2958802808496395 0.28494620814962723 -0.3640416688141097 0 0 0
0.0017241379310344827 0.15689673480044022 -0.06575344904449874 -0.27033402056286365 0 0 0
0.0017241379310344827 0.36015957617146727 0.5103312167840455 0.29561190390534714 0 0 0
0.0017241379310344827 0.42231882806445475 0.04794717864328126 0.2673951703487829 0 0 0
0.0017241379310344827 -0.30507503287204274 0.37658233811039604 0.48104811748779713 0 0 0
0.0017241379310344827 -0.04385419668258612 0.050843027268722474 0.6216206557958476 0 0 0
0.0017241379310344827 -0.3883796067071573 0.25547431013132127 -0.27037808488647724 0 0 0
0.0017241379310344827 -0.3758921742710005 -0.3128779752876884 0.23913389950017777 0 0 0
0.0017241379310344827 0.48787133694024615 -0.20722720878329254 -0.16138141390631483 0 0 0
0.0017241379310344827 -0.11610936607693134 -0.5421888957028125 -0.20330803594557106 0 0 0
0.0017241379310344827 -0.13273274448657776 -0.4642461214678866 -0.10257437558889393 0 0 0
0.0017241379310344827 0.08070643328470092 0.1283811036790706 0.2385003632325064 0 0 0
0.0017241379310344827 0.06332596564470618 0.5596740681180963 -0.29873956913828137 0 0 0
0.0017241379310344827 -0.05947916157345907 -0.5664371997603429 -0.06113155445211797 0 0 0
0.0017241379310344827 -0.46869875143916345 0.2918331928742196 -0.23124782410905242 0 0 0
0.0017241379310344827 0.4113137335399347 -0.4000353219971383 0.3663117356341077 0 0 0
0.0017241379310344827 -0.21569327042125122 -0.4021681602569552 0.01192258081487611 0 0 0
0.0017241379310344827 -0.025001496050927257 -0.5277082418063507 -0.2578546611996358 0 0 0
0.0017241379310344827 0.42460572358042614 -0.25552475662495594 -0.3295479485480149 0 0 0
0.0017241379310344827 -0.10857566147257468 0.3680360422178262 -0.29180524234291516 0 0 0
0.0017241379310344827 0.09539645419348287 0.3138628101665909 0.25689537597920076 0 0 0
0.0017241379310344827 0.3413670446446065 -0.04033251638073286 0.06973829457589881 0 0 0
0.0017241379310344827 0.017992659276865806 0.14996591806133525 -0.2163214148384636 0 0 0
0.0017241379310344827 0.11777203028442114 0.285701412087666 0.054746165810989525 0 0 0
0.0017241379310344827 -0.1804770532499362 -0.05711700315200972 0.40706794029903737 0 0 0
0.0017241379310344827 -0.19690315168311887 -0.047930759981547784 0.0777782882509877 0 0 0
0.0017241379310344827 0.07990078338825439 -0.14482235883398775 -0.4735415352898942 0 0 0
0.0017241379310344827 0.1447576761599014 0.3050526294257649 -0.24540088075587232 0 0 0
0.0017241379310344827 -0.32529365283310124 -0.3221524304892911 -0.40797737012336566 0 0 0
0.0017241379310344827 -0.3593955219829325 -0.05356316368890671 -0.3858040934011493 0 0 0
0.0017241379310344827 0.39745967745499367 -0.22158946434396318 -0.2009472771335404 0 0 0
0.0017241379310344827 -0.26350783731953403 0.1976085723246951 0.5815523243832312 0 0 0
0.0017241379310344827 -0.13072492379106496 0.31875322457092387 -0.36372728188557496 0 0 0
0.0017241379310344827 0.13826215356547963 -0.293352228359269 0.46621991714346084 0 0 0
0.0017241379310344827 -0.3863867054247474 -0.23102027034709488 0.45835196792281707 0 0 0
0.0017241379310344827 0.07919766389336233 0.3604173029299 0.2488102273201058 0 0 0
0.0017241379310344827 0.0632637335032334 0.002737353109342203 -0.4714561753685801 0 0 0
0.0017241379310344827 0.5196493035547142 -0.392806383696406 -0.10139933011947096 0 0 0
0.0017241379310344827 -0.6060596409218809 -0.11348293306259752 -0.02057477763767011 0 0 0
0.0017241379310344827 -0.458132322645864 0.4358656856625157 -0.08687580651124997 0 0 0
0.0017241379310344827 0.3321417912789676 0.35176321626689716 -0.07287263837066003 0 0 0
0.0017241379310344827 -0.13779060814559985 -0.20505045135629024 0.27264593928990727 0 0 0
0.0017241379310344827 -0.28936601079448765 -0.5125510046323914 -0.14052571410225917 0 0 0
0.0017241379310344827 -0.06910266864171254 -0.3977573517616523 -0.30318582944015554 0 0 0
0.0017241379310344827 0.021597971519451094 -0.13105339582423708 -0.15351517386906713 0 0 0
0.0017241379310344827 0.38554693305814774 -0.4927855791666299 0.25943016934087787 0 0 0
0.0017241379310344827 0.24751153184262514 0.00880423791249239 -0.3565886387578708 0 0 0
0.0017241379310344827 -0.24299854189412556 0.4529549997202975 -0.05412116750662327 0 0 0
0.0017241379310344827 -0.15481752256437448 -0.3177145051615723 -0.044684141154917874 0 0 0
0.0017241379310344827 0.10743922786684351 -0.03339720881308443 -0.2367108544121378 0 0 0
0.0017241379310344827 0.1653437085985974 -0.45000848862007464 0.19963112103456157 0 0 0
0.0017241379310344827 -0.04215026549803942 0.10068071695460998 -0.5925054642252032 0 0 0
0.0017241379310344827 -0.03609352920028166 0.2599015292738271 0.0010863634165693033 0 0 0
0.0017241379310344827 -0.3157356941527955 -0.4975535141772511 0.09787417093475638 0 0 0
0.0017241379310344827 0.07591638135306926 0.0047057233085974655 -0.18516691087139184 0 0 0
0.0017241379310344827 -0.26042395631799353 0.36398060155566875 0.4066780614669921 0 0 0
0.0017241379310344827 0.12701796565743617 -0.23005508582180714 -0.6284914328260975 0 0 0
0.0017241379310344827 0.4178396370998446 -0.38668256982751564 0.10795300421074862 0 0 0
0.0017241379310344827 0.4274915178868751 0.38269252164796375 -0.38524255009706293 0 0 0
0.0017241379310344827 -0.3712052702759219 0.4757366140026033 0.30850011473585726 0 0 0
0.0017241379310344827 0.5344285099647063 0.26626430004356566 -0.26151704183531366 0 0 0
0.0017241379310344827 0.03256946110460967 -0.0733563033580289 -0.5670821030092154 0 0 0
0.0017241379310344827 -0.137529567804346 -0.5930686434830366 0.22261691296557962 0 0 0
0.0017241379310344827 -0.00684411696375562 0.4796695613651078 -0.24436275674504113 0 0 0
0.0017241379310344827 0.028593392081195365 0.3794417873171314 -0.10285217689303776 0 0 0
0.0017241379310344827 0.08326048135117975 -0.12403504493740879 -0.37903804714243994 0 0 0
0.0017241379310344827 0.4350774625012388 -0.025524684582853008 0.43266243848444613 0 0 0
0.0017241379310344827 -0.3390474598888794 0.11731723002546161 -0.3579435323034538 0 0 0
0.0017241379310344827 0.13372172334149107 0.263038671977766 -0.527467133550044 0 0 0
0.0017241379310344827 -0.2629385379801593 -0.5686846917779107 -0.19119523884759723 0 0 0
0.0017241379310344827 0.06846251864027947 0.2482842088559462 0.0450854916561632 0 0 0
0.0017241379310344827 -0.4568778988768428 -0.27243892338386505 -0.17474060220967652 0 0 0
0.0017241379310344827 -0.05145958655909403 0.2506918852877147 0.2622138518926176 0 0 0
0.0017241379310344827 -0.04938541068508278 -0.4873871002151256 0.004227632072644506 0 0 0
0.0017241379310344827 0.16011832897469394 0.38731816700378413 -0.3208528828046053 0 0 0
0.0017241379310344827 0.22254426323837778 0.4680120361995927 -0.4094510174516192 0 0 0
0.0017241379310344827 -0.5139266395417618 -0.3508429854303303 -0.2038398255953048 0 0 0
0.0017241379310344827 0.3623221401927289 -0.5358783706556183 -0.2237882243308667 0 0 0
0.0017241379310344827 -0.33194552015340717 -0.31522046151956534 0.09172229884392327 0 0 0
0.0017241379310344827 -0.48777983807310027 0.009929756862607162 -0.16660732043600768 0 0 0
0.0017241379310344827 -0.01794412125330796 -0.47244703015558015 0.23548342026856994 0 0 0
0.0017241379310344827 0.061885776411661916 -0.22679240554669863 0.3279501088756924 0 0 0
0.0017241379310344827 0.0009908676304007794 0.14623415985400298 -0.2355675923416112 0 0 0
0.0017241379310344827 -0.016036904018237427 -0.13797399219066525 -0.0200537749049316 0 0 0
0.0017241379310344827 0.34512654271210014 -0.26851980897856975 0.22257351732019806 0 0 0
0.0017241379310344827 -0.4264362241559229 -0.2907214941306051 0.38954839551863807 0 0 0
0.0017241379310344827 0.37454402789149843 0.28965909475802365 -0.023530869375735126 0 0 0
0.0017241379310344827 0.29887256356466646 -0.45132496428725283 0.4067258347460893 0 0 0
0.0017241379310344827 0.5186908462579736 -0.364301375342077 0.07900447443924812 0 0 0
0.0017241379310344827 0.26346451403216575 0.33241688171061595 0.3519560982788186 0 0 0
0.0017241379310344827 -0.235225043072601 0.14413643832246428 -0.32405144764639304 0 0 0
0.0017241379310344827 -0.23054912788726328 0.14423638444411416 -0.4981479614920016 0 0 0
0.0017241379310344827 0.22683011898286812 0.1960271939977961 -0.48946116365041914 0 0 0
0.0017241379310344827 0.3664646067394396 0.2985657853333886 0.07857229997011196 0 0 0
0.0017241379310344827 0.1287550830518209 -0.4189601746283143 -0.15893689005142064 0 0 0
0.0017241379310344827 0.13739130763625446 0.24665517923603786 0.014760551366834365 0 0 0
0.0017241379310344827 0.07065933566056598 -0.2786154078993328 0.3156874895252161 0 0 0
0.0017241379310344827 0.10182991456320879 -0.4213820155019466 -0.2007791041044482 0 0 0
0.0017241379310344827 -0.2674451371167047 0.49524198268344916 0.09093079064739785 0 0 0
0.0017241379310344827 0.18238224613789822 0.5060561263949486 0.06021853833889816 0 0 0
0.0017241379310344827 -0.16392362252325435 -0.5345043321561377 -0.022754478654646405 0 0 0
0.0017241379310344827 0.02917811807030171 0.13092462101969293 0.6375336966889952 0 0 0
0.0017241379310344827 0.382437802776141 -0.3881091776630869 -0.11833994594985447 0 0 0
0.0017241379310344827 -0.11716009625423171 -0.12248391267222385 0.0944245657490017 0 0 0
0.0017241379310344827 0.1157053431377038 -0.33280180716172303 -0.11383607979760235 0 0 0
0.0017241379310344827 0.3188055915525401 0.25310553519046713 0.39949847781941317 0 0 0
0.0017241379310344827 -0.2627688093892252 -0.42219104448421707 0.41423705958945456 0 0 0
0.0017241379310344827 0.0802214487130311 -0.28322125134785164 0.5469611823608698 0 0 0
0.0017241379310344827 -0.06148829884842861 0.04220319953717752 0.3576733439757277 0 0 0
0.0017241379310344827 -0.3177506856925456 0.296568646488893 -0.29334099090973836 0 0 0
0.0017241379310344827 0.29180500496713035 0.34430082786054683 -0.4487005326900229 0 0 0
0.0017241379310344827 0.06142746107653322 0.15988266848114072 -0.17577330563944052 0 0 0
0.0017241379310344827 -0.20037642813078585 -0.3126370342119406 -0.49899033896004164 0 0 0
0.0017241379310344827 0.09396900823483623 -0.21783110256776697 -0.3819028556480152 0 0 0
0.0017241379310344827 -0.25796993434097704 -0.5310278708245927 0.010998402951689213 0 0 0
0.0017241379310344827 -0.05545589080987972 0.24793505178414554 -0.5161000470149846 0 0 0
0.0017241379310344827 0.03557505583746128 0.32625368293955626 -0.6027398723710274 0 0 0
0.0017241379310344827 0.3642242460313148 0.05017259347993727 -0.2110204275733509 0 0 0
0.0017241379310344827 0.05500312613600019 0.3458750598341652 0.07685934237116203 0 0 0
0.0017241379310344827 0.10934095254147995 0.03909728282766427 0.047006206545379556 0 0 0
0.0017241379310344827 0.4259578375991997 0.1195669252006355 -0.5117661307957628 0 0 0
0.0017241379310344827 -0.06387186256050888 0.47778246964408394 -0.4427448343256209 0 0 0
0.0017241379310344827 0.17914594390934277 -0.24166711440407465 0.4123860192449029 0 0 0
0.0017241379310344827 0.3971015358342699 0.005953678383487071 -0.19356320768485186 0 0 0
0.0017241379310344827 0.24666319895727318 0.1446124059933075 -0.011688020672328657 0 0 0
0.0017241379310344827 -0.082206600769011 0.007207147526825653 0.3532342940969353 0 0 0
0.0017241379310344827 -0.35818853619650964 0.31940479619648315 0.4969674887804239 0 0 0
0.0017241379310344827 -0.318350356133306 0.5474325139692265 0.02762675916702625 0 0 0
0.0017241379310344827 0.6417291695736528 0.11284852554524877 -0.055030681584711014 0 0 0
0.0017241379310344827 -0.06619241782909101 -0.6277021482479844 -0.010667687182215821 0 0 0
0.0017241379310344827 0.37174286565000303 0.5766779953734551 -0.06034011723420534 0 0 0
0.0017241379310344827 -0.47697687500105995 -0.09893959473049932 -0.1789126852187498 0 0 0
0.0017241379310344827 0.03055152858788031 -0.45881159456388715 -0.5123370563424147 0 0 0
0.0017241379310344827 0.2841027408884962 -0.09209208156306516 0.0738725555842732 0 0 0
0.0017241379310344827 0.04635055306539226 -0.2189037520317846 0.039370915021354605 0 0 0
0.0017241379310344827 -0.207339759852662 0.408950666724246 0.2168625987441727 0 0 0
0.0017241379310344827 0.03187244677547488 -0.12149417639127541 0.45233875634738807 0 0 0
0.0017241379310344827 -0.3529154115169589 0.08898419412015739 -0.5300426312175366 0 0 0
0.0017241379310344827 -0.5645538546460829 -0.03230175199150008 0.09482946125009575 0 0 0
0.0017241379310344827 0.14883829802131152 -0.39577206638759577 0.12095007586964053 0 0 0
0.0017241379310344827 0.3105954642482049 0.21013958237201566 0.22635919646901823 0 0 0
0.0017241379310344827 -0.09424930534686758 0.42748550029159194 -0.5229703714137619 0 0 0
0.0017241379310344827 0.1297612898727526 0.35738155838863833 -0.29527694303045265 0 0 0
0.0017241379310344827 0.36448424607825514 -0.026115501807008393 0.20142100420059694 0 0 0
0.0017241379310344827 -0.00692927017296364 -0.29115609576895796 0.25128057205907606 0 0 0
0.0017241379310344827 -0.6162551186229469 -0.1383345602349697 -0.023334820184198093 0 0 0
0.0017241379310344827 0.182227754550671 -0.5606219484790822 0.11951861867523465 0 0 0
0.0017241379310344827 -0.028422165910181537 -0.29391216112095186 -0.30877364715432126 0 0 0
0.0017241379310344827 0.049190425499272036 0.2679450776700455 0.15316449609699778 0 0 0
0.0017241379310344827 0.21453475699038166 0.1596490321570688 0.34633912413591117 0 0 0
0.0017241379310344827 -0.4478796826939786 -0.3695296789655219 -0.24441830343529328 0 0 0
0.0017241379310344827 0.07953303096130519 -0.01448911941913466 0.5903963734254463 0 0 0
0.0017241379310344827 0.1861603043662918 0.02738110221598619 -0.17001677200557724 0 0 0
0.0017241379310344827 -0.1124742461211053 0.4492863851129655 -0.1292376707942505 0 0 0
0.0017241379310344827 0.15227794214192988 0.1281710116857805 0.04763621543837862 0 0 0
0.0017241379310344827 -0.1670866290292048 0.6337653898037661 -0.17024978114734646 0 0 0
0.0017241379310344827 0.5324126199005156 0.02037482522002452 -0.1592768729466647 0 0 0
0.0017241379310344827 0.49709773348612507 -0.29509193202841716 -0.17842912974899694 0 0 0
0.0017241379310344827 -0.16468844366285515 -0.15462250085637766 -0.3797800292116 0 0 0
0.0017241379310344827 -0.11752418808858565 0.06176244655698006 -0.11437566420012418 0 0 0
0.0017241379310344827 0.2859259843887999 0.38553185856458694 -0.2953648078330491 0 0 0
0.0017241379310344827 0.39210977802866726 0.1595734878457859 -0.04604319277384809 0 0 0
0.0017241379310344827 0.1738396381911312 -0.4403479008764313 0.030379332037902062 0 0 0
0.0017241379310344827 0.4594196990745613 0.11678551183419723 0.42982316255306946 0 0 0
0.0017241379310344827 0.6274352433868317 0.22411471908619873 -0.14342416340817613 0 0 0
0.0017241379310344827 -0.4244999479452588 -0.4085708458550061 -0.21562129810612465 0 0 0
0.0017241379310344827 -0.2916277657851521 0.3988661011764922 -0.17523065135406 0 0 0
0.0017241379310344827 -0.28097368101062015 0.3608589308283329 -0.42231562571698456 0 0 0
0.0017241379310344827 -0.2758753919455901 -0.325559503398508 0.260062376168392 0 0 0
0.0017241379310344827 0.2927418991305231 0.5840975455305407 -0.0342708679178377 0 0 0
0.0017241379310344827 -0.4960379804478148 0.35966196613527934 0.13444009411156024 0 0 0
0.0017241379310344827 0.27554341442698965 -0.1567955405035232 -0.004596801364543562 0 0 0
0.0017241379310344827 -0.43502216971692614 0.3186329282475285 -0.21745648522913705 0 0 0
0.0017241379310344827 -0.16557421517597654 0.3467902947700737 -0.47881842026725596 0 0 0
0.0017241379310344827 0.1986033461967183 -0.32097225080681574 -0.5413800066357143 0 0 0
0.0017241379310344827 -0.08311479896475837 -0.11808323030919896 0.2528901783444478 0 0 0
0.0017241379310344827 0.26297375452712707 0.0641405330569665 0.00573716072526443 0 0 0
0.0017241379310344827 0.18382109889819356 -0.5482820653630232 0.057827168867527805 0 0 0
0.0017241379310344827 0.1217862634817038 -0.3016894018662764 -0.36120332689960033 0 0 0
0.0017241379310344827 -0.23156068485241102 0.005854245623767118 0.0528007074423292 0 0 0
0.0017241379310344827 0.2839236222406889 -0.12326593332907597 0.041627080170009184 0 0 0
0.0017241379310344827 -0.002149924358342911 0.6096684405412612 0.04674679336302715 0 0 0
0.0017241379310344827 -0.3784925133427633 -0.3212684732850159 -0.23331069325714543 0 0 0
0.0017241379310344827 0.27299599409569636 0.31668924643463764 -0.4973551615166793 0 0 0
0.0017241379310344827 -0.224576592762676 0.14810473297953197 -0.20149281016346915 0 0 0
0.0017241379310344827 -0.14195381157327544 -0.2519959718082783 0.3385156486213279 0 0 0
0.0017241379310344827 0.14628900953208748 0.4045050411304684 -0.4531152430566779 0 0 0
0.0017241379310344827 -0.37587500690170933 0.013599548582641627 0.10658473231585865 0 0 0
0.0017241379310344827 0.2958322487650579 0.5295807295440231 -0.29836287566772823 0 0 0
0.0017241379310344827 -0.08698123919578479 -0.17057318650509914 -0.16295286957478117 0 0 0
0.0017241379310344827 0.005588225200514382 -0.3090223883929927 -0.28550789288410733 0 0 0
